   0.0000000e+00   9.8191661e-01  -5.0773285e-02
   1.6000000e-02   9.8444309e-01   5.5789778e-02
   3.2000000e-02   9.8434672e-01   2.2144049e-02
   4.8000000e-02   9.2410624e-01   4.2869826e-02
   6.4000000e-02   9.7462821e-01   3.1157353e-02
   8.0000000e-02   9.8662688e-01  -7.8011298e-03
   9.6000000e-02   1.0071147e+00  -1.5948061e-02
   1.1200000e-01   9.5400452e-01  -1.2525516e-02
   1.2800000e-01   1.0174730e+00  -3.5568673e-02
   1.4400000e-01   1.0267185e+00  -3.3248896e-02
   1.6000000e-01   9.6119742e-01   4.5025668e-02
   1.7600000e-01   9.3707444e-01  -3.7802405e-02
   1.9200000e-01   9.5165729e-01  -8.3987214e-03
   2.0800000e-01   1.0319815e+00  -3.8479073e-04
   2.2400000e-01   9.9589249e-01   1.2496987e-02
   2.4000000e-01   9.9503823e-01   8.6725797e-02
   2.5600000e-01   9.5726429e-01   1.6090401e-02
   2.7200000e-01   1.0300862e+00   1.0226645e-01
   2.8800000e-01   9.6149087e-01  -2.7846254e-02
   3.0400000e-01   1.0310155e+00  -3.4206749e-02
   3.2000000e-01   1.0756973e+00   4.2472520e-02
   3.3600000e-01   1.0017998e+00  -1.8291578e-02
   3.5200000e-01   1.0127001e+00   1.1800508e-02
   3.6800000e-01   9.5837873e-01   1.8402892e-02
   3.8400000e-01   9.6483079e-01  -3.3190206e-02
   4.0000000e-01   1.0977726e+00   1.5864014e-02
   4.1600000e-01   9.3038513e-01  -1.4484333e-02
   4.3200000e-01   9.4755258e-01  -5.5370750e-02
   4.4800000e-01   9.8521231e-01   5.1144807e-02
   4.6400000e-01   1.0194717e+00  -1.7773089e-02
   4.8000000e-01   9.5456063e-01   3.9702835e-02
   4.9600000e-01   9.8606056e-01  -5.3255961e-02
   5.1200000e-01   9.9232514e-01  -3.1029035e-02
   5.2800000e-01   9.3929607e-01   2.7181679e-02
   5.4400000e-01   9.9227231e-01   1.5387629e-02
   5.6000000e-01   9.8260399e-01   2.4274114e-02
   5.7600000e-01   9.1834061e-01  -9.7093114e-03
   5.9200000e-01   9.6671580e-01   4.0635775e-02
   6.0800000e-01   9.7844983e-01   2.0420751e-02
   6.2400000e-01   9.4647478e-01   6.0020156e-02
   6.4000000e-01   1.0382750e+00   6.5140518e-03
   6.5600000e-01   9.7870818e-01   3.4450770e-02
   6.7200000e-01   9.6710337e-01   5.0553583e-03
   6.8800000e-01   9.4978147e-01   5.9801050e-02
   7.0400000e-01   9.5952012e-01   2.2679266e-02
   7.2000000e-01   8.7890871e-01  -1.0516130e-02
   7.3600000e-01   9.4067485e-01  -5.4015573e-02
   7.5200000e-01   9.0944408e-01   2.0696017e-02
   7.6800000e-01   9.3792783e-01   1.3602967e-02
   7.8400000e-01   8.6962342e-01  -1.3697348e-02
   8.0000000e-01   8.9814254e-01  -5.8315726e-02
   8.1600000e-01   8.6255373e-01   2.5142943e-02
   8.3200000e-01   9.4042924e-01  -1.1715059e-02
   8.4800000e-01   8.4930613e-01   1.3402447e-02
   8.6400000e-01   8.4433125e-01   4.4029649e-02
   8.8000000e-01   9.0957127e-01  -2.1208979e-02
   8.9600000e-01   9.2165988e-01   6.5562486e-03
   9.1200000e-01   8.4695368e-01  -3.3262899e-02
   9.2800000e-01   8.4708902e-01   2.9545272e-02
   9.4400000e-01   8.8357084e-01   1.6199956e-02
   9.6000000e-01   8.5063121e-01   4.0602918e-02
   9.7600000e-01   8.2570766e-01  -1.6137222e-02
   9.9200000e-01   9.3391291e-01   2.4592020e-02
   1.0080000e+00   9.3517249e-01  -2.8277764e-02
   1.0240000e+00   8.8852764e-01   5.2148559e-02
   1.0400000e+00   8.4824952e-01  -2.6571062e-02
   1.0560000e+00   8.1242807e-01  -6.9382737e-02
   1.0720000e+00   8.3117810e-01  -2.4087180e-02
   1.0880000e+00   8.7691489e-01   5.1450913e-02
   1.1040000e+00   8.2647495e-01   8.4280978e-03
   1.1200000e+00   7.8800979e-01   8.2639386e-03
   1.1360000e+00   8.5707268e-01  -1.5096029e-03
   1.1520000e+00   8.2657679e-01  -7.0781174e-03
   1.1680000e+00   8.2937240e-01  -1.8610517e-02
   1.1840000e+00   8.4292868e-01   1.6107637e-02
   1.2000000e+00   8.3267688e-01   3.2642962e-03
   1.2160000e+00   8.7012390e-01  -1.5325863e-02
   1.2320000e+00   7.4876462e-01  -4.2767481e-02
   1.2480000e+00   8.2969959e-01   4.6984862e-02
   1.2640000e+00   8.1372259e-01  -5.2624715e-03
   1.2800000e+00   7.5953725e-01  -1.9681682e-03
   1.2960000e+00   8.4496310e-01  -3.2227527e-04
   1.3120000e+00   8.3653111e-01   3.7371709e-02
   1.3280000e+00   7.9315321e-01  -4.4104594e-02
   1.3440000e+00   8.0260314e-01  -2.6999404e-02
   1.3600000e+00   7.7989700e-01   2.5614694e-02
   1.3760000e+00   7.4818414e-01  -3.4229143e-02
   1.3920000e+00   7.6892977e-01  -3.2964940e-02
   1.4080000e+00   7.9515113e-01  -1.3551232e-02
   1.4240000e+00   7.4755724e-01  -4.5206442e-02
   1.4400000e+00   6.7999844e-01  -1.9129920e-02
   1.4560000e+00   8.1213915e-01   6.7956503e-03
   1.4720000e+00   6.8648065e-01   3.0271507e-02
   1.4880000e+00   7.6901993e-01   4.9202789e-02
   1.5040000e+00   7.4331666e-01  -6.3589285e-02
   1.5200000e+00   6.8654685e-01  -4.4891100e-02
   1.5360000e+00   7.5322555e-01  -3.1905665e-02
   1.5520000e+00   7.8447582e-01   2.1040253e-02
   1.5680000e+00   7.5989645e-01  -7.2892625e-03
   1.5840000e+00   7.5556962e-01   3.2615172e-02
   1.6000000e+00   7.6725503e-01   2.8352065e-03
   1.6160000e+00   6.9779796e-01  -8.9293985e-02
   1.6320000e+00   7.1588692e-01  -1.9363960e-02
   1.6480000e+00   7.3778364e-01   9.8787202e-03
   1.6640000e+00   7.5423981e-01   6.2118596e-02
   1.6800000e+00   7.4653279e-01  -7.6931154e-02
   1.6960000e+00   6.9932112e-01   6.2740139e-02
   1.7120000e+00   7.1914590e-01  -6.3425655e-02
   1.7280000e+00   7.0274943e-01  -8.2304024e-03
   1.7440000e+00   7.2413531e-01   2.7917795e-02
   1.7600000e+00   6.6983739e-01  -5.1392853e-02
   1.7760000e+00   6.9530218e-01  -1.9867062e-02
   1.7920000e+00   7.4288200e-01   2.8300866e-02
   1.8080000e+00   6.6633638e-01  -4.8609144e-02
   1.8240000e+00   6.4603230e-01  -2.8210363e-04
   1.8400000e+00   7.3139695e-01   4.6357720e-02
   1.8560000e+00   6.4968317e-01  -9.1183399e-03
   1.8720000e+00   6.6462974e-01   5.0899397e-02
   1.8880000e+00   6.9611725e-01  -5.2913227e-02
   1.9040000e+00   7.2567352e-01   5.6484116e-02
   1.9200000e+00   6.7753404e-01  -7.2891465e-02
   1.9360000e+00   6.6440904e-01  -2.5561726e-02
   1.9520000e+00   6.3072407e-01  -1.1997989e-02
   1.9680000e+00   6.2013475e-01   1.8780583e-02
   1.9840000e+00   6.8865070e-01  -7.6587852e-02
   2.0000000e+00   6.6295806e-01  -2.9743094e-02
   2.0160000e+00   6.1604671e-01   4.7907010e-02
   2.0320000e+00   6.2094607e-01  -2.1372684e-02
   2.0480000e+00   6.2021156e-01  -3.9681620e-02
   2.0640000e+00   6.8928845e-01   3.1212751e-02
   2.0800000e+00   6.3441493e-01   5.0385164e-03
   2.0960000e+00   6.3374657e-01   3.3933177e-02
   2.1120000e+00   7.0219896e-01  -3.2869146e-02
   2.1280000e+00   6.3206567e-01   2.3099384e-02
   2.1440000e+00   6.9357244e-01  -2.2553751e-02
   2.1600000e+00   6.5285891e-01   2.1283562e-02
   2.1760000e+00   6.8441211e-01  -3.0701772e-02
   2.1920000e+00   6.3312098e-01  -7.8883795e-02
   2.2080000e+00   6.9009728e-01  -3.0380786e-02
   2.2240000e+00   6.3177133e-01  -3.1068879e-02
   2.2400000e+00   6.1270042e-01   1.2152465e-02
   2.2560000e+00   6.4264076e-01   4.8539538e-02
   2.2720000e+00   6.0744981e-01   3.1743181e-02
   2.2880000e+00   5.9909377e-01   2.1301132e-02
   2.3040000e+00   5.9353437e-01  -1.9055303e-02
   2.3200000e+00   6.2827410e-01   2.0530363e-02
   2.3360000e+00   6.4457857e-01  -3.5250728e-02
   2.3520000e+00   5.9742566e-01   3.8286034e-02
   2.3680000e+00   6.2976014e-01  -6.9361003e-03
   2.3840000e+00   6.2488036e-01  -4.5791572e-03
   2.4000000e+00   6.2724831e-01  -8.3569149e-02
   2.4160000e+00   6.7362306e-01   2.3177410e-02
   2.4320000e+00   5.9627260e-01   2.0555624e-02
   2.4480000e+00   5.5374906e-01  -2.2008521e-02
   2.4640000e+00   6.6617946e-01  -3.9547330e-02
   2.4800000e+00   6.1582487e-01   2.7147420e-02
   2.4960000e+00   6.0305492e-01  -3.5192340e-02
   2.5120000e+00   6.5500398e-01  -2.8623629e-02
   2.5280000e+00   6.8065500e-01   2.6511699e-02
   2.5440000e+00   6.4024138e-01   2.0130279e-02
   2.5600000e+00   5.7108434e-01  -4.3092577e-02
   2.5760000e+00   6.5262550e-01  -1.5444282e-02
   2.5920000e+00   5.0504395e-01   1.7994632e-02
   2.6080000e+00   6.2027481e-01  -2.0491992e-02
   2.6240000e+00   5.9103678e-01   3.5673678e-02
   2.6400000e+00   5.9797428e-01  -4.5760450e-02
   2.6560000e+00   5.4787952e-01  -4.8614019e-02
   2.6720000e+00   6.2324503e-01  -2.8497746e-03
   2.6880000e+00   5.5432249e-01   2.4014651e-03
   2.7040000e+00   5.7145356e-01  -1.8363295e-02
   2.7200000e+00   6.3707170e-01  -2.5072639e-02
   2.7360000e+00   6.0852155e-01   1.2847416e-02
   2.7520000e+00   5.5764330e-01  -3.2462154e-02
   2.7680000e+00   5.8950511e-01   2.5929766e-02
   2.7840000e+00   6.0189458e-01  -4.1915696e-03
   2.8000000e+00   6.2962079e-01  -3.1189156e-02
   2.8160000e+00   6.0700114e-01   3.7830617e-02
   2.8320000e+00   5.7217753e-01  -1.0379829e-02
   2.8480000e+00   5.9595896e-01  -1.2377506e-02
   2.8640000e+00   5.4733390e-01  -6.6924289e-02
   2.8800000e+00   5.8147963e-01  -4.8657884e-02
   2.8960000e+00   6.0813093e-01   1.8401556e-02
   2.9120000e+00   5.9542876e-01   1.5300479e-03
   2.9280000e+00   4.8904558e-01  -3.7904823e-02
   2.9440000e+00   6.2862820e-01  -3.5009672e-03
   2.9600000e+00   6.1206822e-01  -5.7862147e-02
   2.9760000e+00   5.3771181e-01  -1.0591526e-02
   2.9920000e+00   5.6258535e-01  -3.4642930e-02
   3.0080000e+00   5.6549082e-01   8.2909953e-03
   3.0240000e+00   5.7141919e-01   3.8479129e-02
   3.0400000e+00   6.2193588e-01  -4.1480899e-02
   3.0560000e+00   5.2267002e-01  -1.6943510e-02
   3.0720000e+00   5.7991293e-01   8.1522228e-03
   3.0880000e+00   6.2387620e-01  -2.9911377e-02
   3.1040000e+00   6.0963648e-01  -3.8694406e-03
   3.1200000e+00   6.0448934e-01   8.0537863e-03
   3.1360000e+00   5.1809755e-01  -1.5309250e-02
   3.1520000e+00   6.4400237e-01   5.0263914e-02
   3.1680000e+00   5.8108395e-01  -4.1233105e-02
   3.1840000e+00   5.2516458e-01  -2.7120813e-02
   3.2000000e+00   5.3778930e-01   2.3793688e-02
   3.2160000e+00   6.5654134e-01   2.5251123e-02
   3.2320000e+00   5.6354148e-01   1.5663164e-02
   3.2480000e+00   5.9255673e-01   4.7667476e-02
   3.2640000e+00   5.3003445e-01  -9.8783679e-03
   3.2800000e+00   5.4487956e-01  -1.8598726e-02
   3.2960000e+00   5.9618877e-01   4.1239433e-03
   3.3120000e+00   6.1136683e-01   3.4290361e-03
   3.3280000e+00   6.0422607e-01  -5.5189283e-02
   3.3440000e+00   5.4042465e-01  -1.2652712e-02
   3.3600000e+00   5.0416516e-01  -6.1847719e-03
   3.3760000e+00   5.3646663e-01  -3.9768086e-03
   3.3920000e+00   5.3007115e-01   4.6952998e-02
   3.4080000e+00   5.5823325e-01  -1.3370878e-02
   3.4240000e+00   5.4105100e-01   6.1871692e-02
   3.4400000e+00   5.4729262e-01  -6.9607218e-03
   3.4560000e+00   4.9255940e-01   3.2069858e-02
   3.4720000e+00   5.8298658e-01  -4.0041690e-02
   3.4880000e+00   5.4753254e-01   1.0543328e-02
   3.5040000e+00   5.9459930e-01   5.7226790e-02
   3.5200000e+00   5.3815250e-01  -1.4442161e-02
   3.5360000e+00   5.8389426e-01   2.7163809e-02
   3.5520000e+00   5.3015871e-01   4.3281086e-02
   3.5680000e+00   5.8176849e-01  -3.3140811e-02
   3.5840000e+00   5.4974994e-01  -1.5737458e-02
   3.6000000e+00   5.5290248e-01   1.1074742e-02
   3.6160000e+00   5.4731402e-01  -9.2918190e-03
   3.6320000e+00   5.4989812e-01   2.9586338e-02
   3.6480000e+00   5.3000880e-01   3.2351960e-02
   3.6640000e+00   5.5005116e-01   2.0061042e-02
   3.6800000e+00   6.1703506e-01   1.3179819e-02
   3.6960000e+00   5.6469001e-01  -9.0274021e-02
   3.7120000e+00   5.8057655e-01   2.5612667e-03
   3.7280000e+00   5.3609862e-01  -3.3041264e-02
   3.7440000e+00   5.9333262e-01   3.6209515e-02
   3.7600000e+00   5.5384041e-01  -5.2523783e-02
   3.7760000e+00   5.7475590e-01  -6.9996006e-02
   3.7920000e+00   5.7609549e-01   1.0959688e-02
   3.8080000e+00   5.8263415e-01  -3.0345026e-02
   3.8240000e+00   5.8473223e-01   5.3073220e-02
   3.8400000e+00   6.0816774e-01  -2.2865720e-02
   3.8560000e+00   5.6828413e-01  -4.0472149e-03
   3.8720000e+00   5.2659055e-01   1.7169343e-02
   3.8880000e+00   5.2819827e-01   7.0865861e-03
   3.9040000e+00   5.9180067e-01  -2.0373143e-02
   3.9200000e+00   5.2166462e-01  -4.4627090e-03
   3.9360000e+00   5.1879108e-01  -4.5134567e-03
   3.9520000e+00   5.6420361e-01  -7.0284210e-03
   3.9680000e+00   5.6997805e-01  -2.2481221e-02
   3.9840000e+00   5.9993096e-01   8.3191294e-03
   4.0000000e+00   6.0043290e-01   1.0132872e-03
   4.0160000e+00   5.8748828e-01  -5.1797455e-02
   4.0320000e+00   5.5849157e-01  -4.8103418e-03
   4.0480000e+00   5.3361449e-01  -2.7820107e-02
   4.0640000e+00   5.9465078e-01  -7.8894482e-02
   4.0800000e+00   5.9669220e-01  -7.1763360e-03
   4.0960000e+00   6.1317521e-01  -2.7733045e-02
   4.1120000e+00   6.2050475e-01   2.0416455e-03
   4.1280000e+00   5.2836400e-01   3.3876432e-02
   4.1440000e+00   5.6840671e-01   1.9070427e-02
   4.1600000e+00   5.5821799e-01  -1.6963665e-02
   4.1760000e+00   5.7310180e-01  -1.3541109e-02
   4.1920000e+00   5.4642195e-01   4.2369709e-02
   4.2080000e+00   5.5698770e-01  -1.1109119e-02
   4.2240000e+00   5.4089825e-01  -2.3999795e-02
   4.2400000e+00   5.4406293e-01   7.3160099e-03
   4.2560000e+00   5.0710012e-01   3.3827231e-02
   4.2720000e+00   5.4927512e-01   3.3800436e-02
   4.2880000e+00   5.0683498e-01  -4.2269587e-03
   4.3040000e+00   5.7279870e-01  -5.5138383e-03
   4.3200000e+00   5.4719697e-01   1.5574872e-02
   4.3360000e+00   5.6758880e-01  -8.7547518e-02
   4.3520000e+00   5.3456869e-01   4.5274870e-02
   4.3680000e+00   5.9592541e-01  -4.8117646e-02
   4.3840000e+00   5.4516606e-01  -6.2536208e-02
   4.4000000e+00   5.1582638e-01  -3.1138645e-03
   4.4160000e+00   5.8765615e-01  -3.6270661e-02
   4.4320000e+00   5.2619670e-01   5.4499345e-02
   4.4480000e+00   6.1876890e-01  -3.0518241e-04
   4.4640000e+00   6.0672311e-01   9.6008884e-02
   4.4800000e+00   5.7673859e-01   2.7617494e-02
   4.4960000e+00   5.7747669e-01   2.1468423e-02
   4.5120000e+00   5.6895821e-01   2.0710646e-02
   4.5280000e+00   5.4869090e-01  -6.1618470e-03
   4.5440000e+00   6.0841079e-01   3.6537705e-03
   4.5600000e+00   5.5653413e-01  -4.1417286e-02
   4.5760000e+00   6.5129268e-01   1.7259549e-02
   4.5920000e+00   5.2893772e-01  -7.9068508e-03
   4.6080000e+00   4.9780197e-01  -1.7705258e-02
   4.6240000e+00   5.6976895e-01  -4.2229939e-02
   4.6400000e+00   5.5741753e-01   1.0400739e-02
   4.6560000e+00   5.8346359e-01   1.0946213e-02
   4.6720000e+00   5.5596313e-01  -4.1675123e-02
   4.6880000e+00   5.4094440e-01   1.1297267e-03
   4.7040000e+00   5.7858501e-01  -3.1953796e-02
   4.7200000e+00   5.9097450e-01  -7.2967951e-03
   4.7360000e+00   5.9988640e-01   5.3474094e-02
   4.7520000e+00   5.9111316e-01   1.5255210e-02
   4.7680000e+00   5.1815251e-01  -1.3602115e-02
   4.7840000e+00   5.5571539e-01  -7.2440610e-03
   4.8000000e+00   6.0444342e-01   2.3074516e-02
   4.8160000e+00   5.4463927e-01   2.0582447e-02
   4.8320000e+00   5.1346088e-01   2.4728685e-02
   4.8480000e+00   5.0889065e-01  -6.0789827e-02
   4.8640000e+00   5.7113644e-01  -6.0943778e-03
   4.8800000e+00   5.8718925e-01   2.9085753e-02
   4.8960000e+00   5.8269460e-01  -5.6570236e-04
   4.9120000e+00   5.7859789e-01   1.4235768e-02
   4.9280000e+00   5.9516862e-01  -1.9126912e-02
   4.9440000e+00   5.3317994e-01   3.8486828e-02
   4.9600000e+00   5.0420166e-01   2.3717236e-02
   4.9760000e+00   5.7976018e-01   2.1386046e-02
   4.9920000e+00   5.4125272e-01   1.6769090e-02
   5.0080000e+00   5.5141224e-01  -9.3508469e-04
   5.0240000e+00   5.6390098e-01  -1.2086508e-02
   5.0400000e+00   5.8276808e-01   1.1145892e-01
   5.0560000e+00   4.8124753e-01  -5.6982170e-02
   5.0720000e+00   5.3534010e-01  -2.8526801e-02
   5.0880000e+00   5.4642305e-01  -3.1543543e-02
   5.1040000e+00   5.8060206e-01   6.5893725e-02
   5.1200000e+00   5.9641432e-01  -1.6446210e-02
   5.1360000e+00   6.1130120e-01   1.6962557e-02
   5.1520000e+00   5.7812010e-01   3.8364317e-02
   5.1680000e+00   5.8644816e-01   1.6502711e-02
   5.1840000e+00   5.9385245e-01  -2.6352398e-02
   5.2000000e+00   5.4502568e-01   1.9425899e-02
   5.2160000e+00   5.4481726e-01   7.0215661e-02
   5.2320000e+00   5.3169367e-01  -9.4367456e-02
   5.2480000e+00   5.4220193e-01   2.3939043e-02
   5.2640000e+00   5.9942479e-01   1.3028226e-02
   5.2800000e+00   4.9125036e-01  -1.7492980e-02
   5.2960000e+00   5.1153661e-01  -1.1862500e-02
   5.3120000e+00   6.1637728e-01  -2.3860620e-02
   5.3280000e+00   5.3360309e-01  -2.7090102e-02
   5.3440000e+00   5.8630151e-01  -2.0683006e-02
   5.3600000e+00   6.1056910e-01  -2.3680205e-02
   5.3760000e+00   5.4892179e-01  -6.1565384e-02
   5.3920000e+00   5.3026305e-01   5.4810226e-03
   5.4080000e+00   6.0985132e-01  -4.9433472e-02
   5.4240000e+00   6.2374212e-01   4.9881058e-02
   5.4400000e+00   5.3624117e-01  -2.5621372e-02
   5.4560000e+00   5.1581738e-01   1.6539327e-02
   5.4720000e+00   5.8413251e-01   4.1571554e-02
   5.4880000e+00   5.1285919e-01  -5.7984651e-02
   5.5040000e+00   5.7031048e-01  -3.4350096e-02
   5.5200000e+00   5.5228869e-01  -5.3879334e-02
   5.5360000e+00   5.4713114e-01  -2.6419224e-03
   5.5520000e+00   6.1644204e-01   4.0107896e-04
   5.5680000e+00   5.6763069e-01  -1.0045556e-01
   5.5840000e+00   5.9098738e-01   5.3663886e-02
   5.6000000e+00   5.3476821e-01   1.5643259e-02
   5.6160000e+00   6.1201278e-01   2.2669170e-02
   5.6320000e+00   5.0270559e-01   2.3619748e-02
   5.6480000e+00   5.5309000e-01  -2.6388652e-02
   5.6640000e+00   5.6242658e-01   2.8747354e-04
   5.6800000e+00   5.6948909e-01  -4.1982928e-02
   5.6960000e+00   6.3476652e-01  -3.9194048e-02
   5.7120000e+00   6.2956318e-01  -1.0486829e-02
   5.7280000e+00   6.0457374e-01  -3.3586510e-02
   5.7440000e+00   5.3153817e-01   7.8545906e-03
   5.7600000e+00   5.6054053e-01  -4.3158575e-02
   5.7760000e+00   5.3265668e-01   1.4331315e-02
   5.7920000e+00   5.2193541e-01  -4.8919332e-02
   5.8080000e+00   5.9815464e-01   1.1627063e-03
   5.8240000e+00   5.1400288e-01   5.6937791e-02
   5.8400000e+00   5.9741884e-01  -1.4320179e-02
   5.8560000e+00   5.5045851e-01   1.8983125e-02
   5.8720000e+00   5.7753605e-01  -4.5087805e-03
   5.8880000e+00   5.4095712e-01   3.8333226e-02
   5.9040000e+00   5.1311798e-01   4.2942757e-04
   5.9200000e+00   4.8870371e-01  -1.6165592e-02
   5.9360000e+00   5.2394047e-01  -4.8901340e-02
   5.9520000e+00   6.1358221e-01   5.8446420e-02
   5.9680000e+00   5.1823277e-01  -4.9619676e-02
   5.9840000e+00   5.6335534e-01  -3.3433988e-02
   6.0000000e+00   5.5848647e-01  -2.8667902e-03
   6.0160000e+00   5.1814110e-01  -2.2667257e-02
   6.0320000e+00   5.9784582e-01   9.8196400e-02
   6.0480000e+00   4.8608842e-01   5.6474439e-02
   6.0640000e+00   5.9984248e-01   5.3517183e-02
   6.0800000e+00   4.9172211e-01  -1.2213845e-02
   6.0960000e+00   6.0675290e-01  -4.9296069e-02
   6.1120000e+00   5.5308032e-01  -3.0551615e-02
   6.1280000e+00   5.5150349e-01   1.8986225e-03
   6.1440000e+00   5.8020001e-01   7.8329443e-03
   6.1600000e+00   5.0861135e-01   2.6039204e-02
   6.1760000e+00   5.2820365e-01  -4.1414126e-02
   6.1920000e+00   5.3822822e-01   1.7915638e-02
   6.2080000e+00   5.8872887e-01  -2.2942759e-02
   6.2240000e+00   5.9128178e-01  -1.1318416e-01
   6.2400000e+00   5.5810534e-01  -6.5379287e-02
   6.2560000e+00   5.6457808e-01   9.2321788e-03
   6.2720000e+00   5.7318630e-01   2.7842360e-02
   6.2880000e+00   5.4713371e-01  -3.7181635e-02
   6.3040000e+00   5.4475071e-01  -1.2625986e-02
   6.3200000e+00   6.3038599e-01   1.0729095e-02
   6.3360000e+00   5.1224851e-01   7.3705724e-02
   6.3520000e+00   6.0301708e-01   2.0175400e-02
   6.3680000e+00   5.1097751e-01   8.8398818e-03
   6.3840000e+00   5.8331473e-01  -2.6436023e-02
   6.4000000e+00   5.7019870e-01  -1.2449015e-02
   6.4160000e+00   5.6673833e-01  -1.4088663e-03
   6.4320000e+00   5.4582563e-01  -3.4077478e-03
   6.4480000e+00   5.4663555e-01  -3.7111998e-02
   6.4640000e+00   5.7987186e-01   1.1050704e-03
   6.4800000e+00   5.7702267e-01  -2.2902583e-02
   6.4960000e+00   5.7186822e-01   2.0953602e-02
   6.5120000e+00   5.3567144e-01   1.0126674e-02
   6.5280000e+00   5.9645457e-01   2.3944347e-02
   6.5440000e+00   5.8663926e-01  -2.1243956e-03
   6.5600000e+00   5.3425484e-01   3.2602976e-02
   6.5760000e+00   6.2551138e-01  -1.8754750e-02
   6.5920000e+00   5.4005189e-01   5.9100151e-03
   6.6080000e+00   5.2622424e-01  -2.8552171e-02
   6.6240000e+00   5.5466225e-01  -2.6317365e-02
   6.6400000e+00   5.5340505e-01  -7.0204373e-02
   6.6560000e+00   5.5551918e-01   2.9307224e-02
   6.6720000e+00   5.3441146e-01  -1.2722387e-02
   6.6880000e+00   5.5122118e-01   1.6991287e-02
   6.7040000e+00   5.6667862e-01   1.9222366e-02
   6.7200000e+00   5.9068313e-01  -4.3322252e-02
   6.7360000e+00   5.6133433e-01   1.0970337e-02
   6.7520000e+00   4.8667958e-01  -7.8448304e-03
   6.7680000e+00   5.3687665e-01  -3.4104997e-02
   6.7840000e+00   5.3932380e-01  -1.9765587e-02
   6.8000000e+00   5.2206742e-01  -2.4863452e-02
   6.8160000e+00   5.7233081e-01   1.2229349e-02
   6.8320000e+00   6.0398396e-01  -7.3076138e-03
   6.8480000e+00   6.0130644e-01   5.8973879e-03
   6.8640000e+00   5.9116161e-01   2.7899484e-02
   6.8800000e+00   5.4426751e-01   2.5616066e-02
   6.8960000e+00   5.7664789e-01   7.7474028e-02
   6.9120000e+00   5.6540424e-01   1.5696753e-02
   6.9280000e+00   5.4458191e-01  -6.2964416e-02
   6.9440000e+00   5.1903497e-01  -5.2934821e-03
   6.9600000e+00   5.2187725e-01  -3.3312590e-02
   6.9760000e+00   5.4030461e-01   6.1160868e-02
   6.9920000e+00   5.5697043e-01   3.4318262e-02
   7.0080000e+00   5.2592628e-01  -3.8954441e-02
   7.0240000e+00   5.5715100e-01  -1.5425481e-02
   7.0400000e+00   5.6258781e-01  -1.4723282e-02
   7.0560000e+00   5.1011389e-01  -1.7147678e-03
   7.0720000e+00   6.2421147e-01   8.2212170e-02
   7.0880000e+00   5.9094134e-01   1.8962957e-02
   7.1040000e+00   5.7194382e-01   2.1896272e-02
   7.1200000e+00   5.0855524e-01  -5.1258772e-02
   7.1360000e+00   6.4836898e-01   1.8257301e-02
   7.1520000e+00   5.7540310e-01   1.9069628e-02
   7.1680000e+00   5.8571917e-01   3.8555027e-02
   7.1840000e+00   5.8632267e-01  -2.9634256e-02
   7.2000000e+00   5.5355849e-01  -1.9634252e-02
   7.2160000e+00   5.0517627e-01   3.7931979e-02
   7.2320000e+00   5.9978469e-01   3.4630796e-02
   7.2480000e+00   5.2729360e-01   4.7213496e-02
   7.2640000e+00   5.2561402e-01  -4.2301821e-02
   7.2800000e+00   5.5638774e-01  -1.4345325e-02
   7.2960000e+00   6.1330780e-01   2.2789842e-02
   7.3120000e+00   6.1648379e-01   9.2830018e-03
   7.3280000e+00   5.9574949e-01  -7.2908541e-02
   7.3440000e+00   5.8142735e-01  -3.0280786e-02
   7.3600000e+00   5.0866004e-01   4.6270769e-03
   7.3760000e+00   6.1129156e-01   3.1519212e-02
   7.3920000e+00   5.7060829e-01  -4.6466225e-03
   7.4080000e+00   5.4539611e-01   4.1409116e-02
   7.4240000e+00   5.3785075e-01   3.8014338e-02
   7.4400000e+00   5.6553476e-01   3.4096069e-03
   7.4560000e+00   5.2969409e-01  -2.9690337e-03
   7.4720000e+00   5.8566480e-01  -6.8892536e-02
   7.4880000e+00   4.9503445e-01   1.3366371e-02
   7.5040000e+00   6.2220320e-01  -7.3594634e-02
   7.5200000e+00   5.4793521e-01  -2.3569668e-02
   7.5360000e+00   6.0413457e-01   1.4994744e-02
   7.5520000e+00   5.5534536e-01   3.8224251e-02
   7.5680000e+00   5.9510791e-01   2.8015440e-02
   7.5840000e+00   5.1721281e-01  -1.4254356e-02
   7.6000000e+00   5.2392448e-01   1.7553820e-02
   7.6160000e+00   5.2813564e-01   2.1652757e-02
   7.6320000e+00   5.7086642e-01   4.4548140e-02
   7.6480000e+00   5.6323440e-01   2.4358409e-02
   7.6640000e+00   5.7333102e-01  -1.0549061e-02
   7.6800000e+00   5.2852534e-01  -2.0273344e-02
   7.6960000e+00   5.0552096e-01   4.9632455e-02
   7.7120000e+00   5.5477365e-01  -9.6974682e-03
   7.7280000e+00   5.9926002e-01   3.9304787e-03
   7.7440000e+00   5.4653940e-01   4.5468701e-03
   7.7600000e+00   5.2570597e-01   3.2035708e-02
   7.7760000e+00   5.4977461e-01   3.5574589e-02
   7.7920000e+00   5.4327208e-01   2.7740623e-03
   7.8080000e+00   5.6062317e-01   2.4851871e-03
   7.8240000e+00   5.8070795e-01  -5.4361007e-04
   7.8400000e+00   4.4020688e-01   1.6106426e-02
   7.8560000e+00   5.0951606e-01   3.2536740e-02
   7.8720000e+00   5.7270991e-01  -8.0276236e-02
   7.8880000e+00   5.4355916e-01  -6.3731031e-02
   7.9040000e+00   5.7043557e-01   1.4333517e-02
   7.9200000e+00   5.3500189e-01   3.4643407e-04
   7.9360000e+00   5.9114364e-01  -4.2733066e-02
   7.9520000e+00   5.4207424e-01  -2.4000738e-02
   7.9680000e+00   5.9312154e-01   3.0621434e-02
   7.9840000e+00   5.5379591e-01   2.7780105e-02
   8.0000000e+00   5.0048434e-01  -6.4289068e-02
   8.0160000e+00   5.5560431e-01  -5.0536965e-02
   8.0320000e+00   5.6855618e-01  -2.7660334e-02
   8.0480000e+00   5.4027536e-01  -3.3611685e-02
   8.0640000e+00   5.1789790e-01   4.1404264e-03
   8.0800000e+00   5.6398640e-01  -4.5369538e-02
   8.0960000e+00   6.0005234e-01  -3.4052240e-03
   8.1120000e+00   5.1463246e-01   1.0624082e-01
   8.1280000e+00   5.6083154e-01   2.5005174e-02
   8.1440000e+00   6.0001599e-01  -5.3184808e-02
   8.1600000e+00   5.9062792e-01  -2.6405138e-02
   8.1760000e+00   5.7017249e-01  -3.8170666e-02
   8.1920000e+00   5.6248144e-01  -1.5393087e-03
   8.2080000e+00   5.5381456e-01  -9.9342994e-03
   8.2240000e+00   5.2931853e-01  -2.4635857e-02
   8.2400000e+00   5.2348013e-01  -1.0568354e-02
   8.2560000e+00   5.1651108e-01   1.2914341e-02
   8.2720000e+00   5.2047194e-01  -1.2060648e-02
   8.2880000e+00   5.8792963e-01   3.1507265e-02
   8.3040000e+00   5.1806046e-01  -2.4155900e-02
   8.3200000e+00   5.8514019e-01  -4.5405100e-03
   8.3360000e+00   4.9087426e-01  -3.6621584e-02
   8.3520000e+00   5.3121439e-01   6.0636012e-03
   8.3680000e+00   5.1403624e-01  -3.0305950e-02
   8.3840000e+00   5.5451859e-01  -1.3426557e-02
   8.4000000e+00   5.3576247e-01  -1.6518121e-02
   8.4160000e+00   5.6723349e-01  -1.8462937e-02
   8.4320000e+00   5.5755720e-01   5.1982189e-02
   8.4480000e+00   5.6797874e-01   2.1803531e-02
   8.4640000e+00   5.3258338e-01   2.9741932e-03
   8.4800000e+00   5.4342820e-01  -1.3557762e-02
   8.4960000e+00   5.4638495e-01  -2.5078610e-02
   8.5120000e+00   5.8063480e-01   2.0894030e-02
   8.5280000e+00   5.6006869e-01  -3.7013302e-02
   8.5440000e+00   5.4409048e-01   8.7181883e-04
   8.5600000e+00   5.4635428e-01   4.7023546e-02
   8.5760000e+00   5.8967453e-01   7.7436638e-02
   8.5920000e+00   5.9595623e-01  -1.7603608e-02
   8.6080000e+00   4.9097326e-01   5.2764730e-02
   8.6240000e+00   5.4278069e-01   3.5262481e-02
   8.6400000e+00   5.4116466e-01  -1.0572027e-02
   8.6560000e+00   5.7015086e-01   3.5041552e-02
   8.6720000e+00   5.6122399e-01   1.0477825e-02
   8.6880000e+00   4.7947401e-01  -2.1303488e-02
   8.7040000e+00   5.5884231e-01   3.0684531e-02
   8.7200000e+00   5.4866949e-01  -3.2379637e-02
   8.7360000e+00   5.1645882e-01  -1.3643901e-03
   8.7520000e+00   4.9582680e-01   6.9738894e-03
   8.7680000e+00   5.3140778e-01   3.0247866e-02
   8.7840000e+00   4.9602335e-01   2.9578491e-02
   8.8000000e+00   5.4163092e-01  -5.2248191e-02
   8.8160000e+00   5.4954348e-01  -5.4589513e-02
   8.8320000e+00   5.3664109e-01   1.1934479e-03
   8.8480000e+00   4.9312471e-01  -1.2879927e-02
   8.8640000e+00   5.1422766e-01  -2.8534725e-02
   8.8800000e+00   5.5183952e-01   2.7145002e-02
   8.8960000e+00   5.3885923e-01   1.8257573e-04
   8.9120000e+00   5.4134399e-01  -1.1127038e-02
   8.9280000e+00   5.3583687e-01  -2.7418998e-02
   8.9440000e+00   5.7071197e-01   2.9925635e-02
   8.9600000e+00   4.9631542e-01   1.6661384e-02
   8.9760000e+00   5.1049299e-01  -2.3548852e-02
   8.9920000e+00   5.8692894e-01   4.4450119e-02
   9.0080000e+00   5.6711896e-01  -4.6094596e-03
   9.0240000e+00   5.9217043e-01  -2.0533086e-02
   9.0400000e+00   5.3488846e-01  -1.1152158e-02
   9.0560000e+00   4.6621334e-01  -5.3334071e-02
   9.0720000e+00   5.0335306e-01   3.7635154e-02
   9.0880000e+00   5.2421170e-01   3.5937790e-02
   9.1040000e+00   5.7540528e-01  -7.2547882e-02
   9.1200000e+00   5.5017862e-01  -7.5124912e-02
   9.1360000e+00   5.6681882e-01   9.6712303e-02
   9.1520000e+00   5.7105937e-01  -8.2402140e-03
   9.1680000e+00   5.1618505e-01  -4.9087816e-02
   9.1840000e+00   5.3158877e-01   3.7196767e-03
   9.2000000e+00   5.9687954e-01  -3.7810084e-02
   9.2160000e+00   5.0899397e-01  -2.5320394e-02
   9.2320000e+00   5.2826580e-01   5.1629143e-02
   9.2480000e+00   4.7123107e-01  -3.7802580e-02
   9.2640000e+00   4.8616936e-01  -1.1169060e-02
   9.2800000e+00   6.1559658e-01  -1.6043626e-02
   9.2960000e+00   5.3690244e-01   8.0634561e-02
   9.3120000e+00   5.1185101e-01  -5.1193338e-02
   9.3280000e+00   5.0887667e-01  -4.6095162e-02
   9.3440000e+00   5.3248193e-01   2.3844485e-02
   9.3600000e+00   5.2993766e-01  -5.5981718e-02
   9.3760000e+00   5.1524797e-01   4.3693422e-02
   9.3920000e+00   4.8910709e-01  -4.6348930e-02
   9.4080000e+00   4.7922739e-01  -3.7615546e-02
   9.4240000e+00   5.3053751e-01   4.2494754e-02
   9.4400000e+00   5.2498508e-01   4.4243379e-02
   9.4560000e+00   5.5532907e-01  -3.4524032e-02
   9.4720000e+00   5.4639673e-01  -1.6044593e-02
   9.4880000e+00   5.3437988e-01  -7.2137238e-03
   9.5040000e+00   5.5374167e-01   4.5701063e-02
   9.5200000e+00   4.8579702e-01   1.5761879e-03
   9.5360000e+00   5.1943859e-01  -2.5995173e-02
   9.5520000e+00   5.7929474e-01  -1.0472942e-02
   9.5680000e+00   5.2474024e-01   2.4638833e-02
   9.5840000e+00   5.2615558e-01  -1.1324395e-02
   9.6000000e+00   4.9466889e-01   3.3495649e-02
   9.6160000e+00   5.3115397e-01   6.6112939e-02
   9.6320000e+00   4.8582463e-01  -1.1889937e-02
   9.6480000e+00   5.7326407e-01   4.3390658e-03
   9.6640000e+00   5.2509614e-01  -1.1603490e-02
   9.6800000e+00   5.2095435e-01  -1.9815043e-02
   9.6960000e+00   5.2847444e-01   4.8033517e-02
   9.7120000e+00   4.8152788e-01  -5.3941877e-02
   9.7280000e+00   5.4236311e-01   1.7025919e-03
   9.7440000e+00   5.8539949e-01   1.2416029e-02
   9.7600000e+00   5.5686434e-01   1.1883575e-02
   9.7760000e+00   4.8341033e-01   1.7155110e-03
   9.7920000e+00   5.3623207e-01   8.5693346e-03
   9.8080000e+00   5.4980582e-01  -5.1675136e-02
   9.8240000e+00   4.9175004e-01  -5.1655558e-02
   9.8400000e+00   5.3515730e-01   7.4905684e-02
   9.8560000e+00   4.9556743e-01  -4.5685257e-02
   9.8720000e+00   5.4274959e-01  -8.1157257e-02
   9.8880000e+00   5.3748935e-01  -5.5018166e-02
   9.9040000e+00   5.4628390e-01  -1.4936483e-02
   9.9200000e+00   4.7655504e-01   1.3271529e-03
   9.9360000e+00   4.8842860e-01  -2.9551700e-02
   9.9520000e+00   5.4455862e-01  -3.9457680e-02
   9.9680000e+00   5.2321009e-01   1.4210389e-02
   9.9840000e+00   4.8358961e-01   1.3379437e-02
   1.0000000e+01   4.7380320e-01  -2.6031639e-02
   1.0016000e+01   5.4605157e-01   1.0940882e-02
   1.0032000e+01   4.9962274e-01   5.8950884e-03
   1.0048000e+01   5.4015347e-01   1.5567023e-03
   1.0064000e+01   5.0895930e-01  -1.1045485e-02
   1.0080000e+01   5.4075840e-01  -3.5764128e-02
   1.0096000e+01   5.0851992e-01  -4.9296976e-02
   1.0112000e+01   5.2823722e-01  -2.6967505e-02
   1.0128000e+01   4.5469465e-01   2.1685066e-02
   1.0144000e+01   5.3845035e-01   3.4371036e-02
   1.0160000e+01   5.1173294e-01   2.4924487e-02
   1.0176000e+01   5.1318494e-01  -1.7347376e-02
   1.0192000e+01   5.4955845e-01  -2.7530985e-02
   1.0208000e+01   5.0006993e-01  -1.1829503e-02
   1.0224000e+01   5.3791546e-01   5.2967312e-02
   1.0240000e+01   4.5924315e-01   5.7074612e-03
   1.0256000e+01   5.1081111e-01  -3.2573622e-02
   1.0272000e+01   5.1252107e-01   2.8171544e-02
   1.0288000e+01   5.1600811e-01  -1.0954174e-02
   1.0304000e+01   5.0188484e-01   2.3460693e-02
   1.0320000e+01   5.1161514e-01  -4.2253760e-02
   1.0336000e+01   5.1584672e-01  -2.3768495e-03
   1.0352000e+01   4.6069906e-01  -4.9674215e-03
   1.0368000e+01   4.9816700e-01  -8.4294901e-05
   1.0384000e+01   5.3707868e-01   5.1621258e-02
   1.0400000e+01   5.2795877e-01   5.2523586e-03
   1.0416000e+01   4.8679488e-01   3.6403229e-02
   1.0432000e+01   5.4046623e-01   7.5443004e-02
   1.0448000e+01   4.7673583e-01  -1.0034091e-02
   1.0464000e+01   5.8059937e-01   2.5937144e-02
   1.0480000e+01   5.0455946e-01  -1.0988509e-01
   1.0496000e+01   4.8373175e-01  -1.9325585e-02
   1.0512000e+01   5.1428996e-01  -2.9821453e-03
   1.0528000e+01   5.2632045e-01   4.6213757e-02
   1.0544000e+01   5.6811708e-01  -6.9694949e-02
   1.0560000e+01   5.4564055e-01   6.0584231e-02
   1.0576000e+01   4.8070797e-01  -1.4228250e-02
   1.0592000e+01   5.1144813e-01   1.5833366e-02
   1.0608000e+01   5.0599998e-01   6.6696731e-02
   1.0624000e+01   4.8869932e-01  -2.1982849e-02
   1.0640000e+01   5.8523299e-01   5.7528471e-03
   1.0656000e+01   5.0659505e-01  -2.9294967e-02
   1.0672000e+01   5.3569056e-01   3.6882010e-02
   1.0688000e+01   5.0240917e-01   2.7771663e-02
   1.0704000e+01   4.4252588e-01  -4.8831868e-02
   1.0720000e+01   5.3842835e-01  -3.7917513e-02
   1.0736000e+01   5.3836913e-01   2.4954007e-03
   1.0752000e+01   4.8671510e-01   1.4674586e-02
   1.0768000e+01   5.5223419e-01   1.5816189e-03
   1.0784000e+01   4.9490100e-01  -2.1265960e-02
   1.0800000e+01   5.5076718e-01  -9.1120762e-03
   1.0816000e+01   4.8274888e-01   2.1519073e-02
   1.0832000e+01   5.1954613e-01  -7.8369740e-02
   1.0848000e+01   5.3746637e-01   3.0569813e-03
   1.0864000e+01   4.5253391e-01  -2.7380692e-02
   1.0880000e+01   5.3209948e-01   1.6466330e-02
   1.0896000e+01   4.7403977e-01   1.4038651e-02
   1.0912000e+01   5.2923929e-01  -3.6032513e-02
   1.0928000e+01   4.7168204e-01   3.5603576e-02
   1.0944000e+01   4.7170701e-01   8.6302053e-03
   1.0960000e+01   4.7819994e-01  -2.7547925e-02
   1.0976000e+01   5.5764012e-01  -7.7687658e-03
   1.0992000e+01   5.1583272e-01   8.9374970e-03
   1.1008000e+01   5.1857216e-01  -1.3050666e-02
   1.1024000e+01   5.3162321e-01  -2.5330224e-03
   1.1040000e+01   4.4648038e-01   5.0387777e-03
   1.1056000e+01   5.4451473e-01   4.1509689e-02
   1.1072000e+01   5.5525770e-01  -1.5761123e-02
   1.1088000e+01   4.7138686e-01  -2.1520648e-02
   1.1104000e+01   5.1960109e-01  -3.3173370e-02
   1.1120000e+01   4.5068235e-01  -3.6170310e-02
   1.1136000e+01   5.1354897e-01   2.9392231e-02
   1.1152000e+01   4.7481659e-01  -4.4396065e-02
   1.1168000e+01   5.0152755e-01   1.9453562e-02
   1.1184000e+01   4.7261887e-01   4.8729688e-02
   1.1200000e+01   5.2510086e-01   1.7600184e-02
   1.1216000e+01   5.1306321e-01   4.7367534e-03
   1.1232000e+01   4.5428840e-01  -2.4577356e-02
   1.1248000e+01   5.0971852e-01  -4.9242272e-03
   1.1264000e+01   4.6945229e-01  -3.3225630e-02
   1.1280000e+01   4.9228291e-01  -8.5065179e-03
   1.1296000e+01   4.8192547e-01   5.9724659e-02
   1.1312000e+01   4.8140234e-01   2.2215068e-02
   1.1328000e+01   4.5640920e-01  -1.4916133e-02
   1.1344000e+01   4.7235915e-01  -2.2101601e-02
   1.1360000e+01   5.2322050e-01  -3.9714618e-02
   1.1376000e+01   5.0757041e-01  -3.4901572e-03
   1.1392000e+01   4.7603851e-01  -4.1925187e-02
   1.1408000e+01   5.4666886e-01  -5.0864140e-02
   1.1424000e+01   4.8158029e-01  -2.8375453e-02
   1.1440000e+01   4.2195915e-01  -1.7353078e-02
   1.1456000e+01   4.7658310e-01   1.0284335e-02
   1.1472000e+01   4.8752300e-01   9.7702748e-02
   1.1488000e+01   5.0914684e-01   7.8095872e-03
   1.1504000e+01   5.3227434e-01  -3.3774985e-02
   1.1520000e+01   4.8567874e-01  -9.4632606e-03
   1.1536000e+01   4.6606220e-01   5.7362801e-02
   1.1552000e+01   5.3853596e-01   9.8230431e-03
   1.1568000e+01   4.8630599e-01  -2.0663605e-02
   1.1584000e+01   5.4900876e-01   3.1498619e-02
   1.1600000e+01   5.4778101e-01  -2.0858192e-02
   1.1616000e+01   4.6988742e-01  -1.0864945e-02
   1.1632000e+01   4.9266943e-01   2.4029185e-02
   1.1648000e+01   4.9167431e-01   2.3332022e-02
   1.1664000e+01   4.7825962e-01  -4.4710138e-02
   1.1680000e+01   5.0953143e-01  -1.7721004e-02
   1.1696000e+01   4.3184044e-01  -3.7764572e-02
   1.1712000e+01   5.4851652e-01   2.5236336e-02
   1.1728000e+01   5.1119056e-01   1.4596243e-02
   1.1744000e+01   5.8281149e-01   8.3316714e-03
   1.1760000e+01   4.4981279e-01   4.9082154e-02
   1.1776000e+01   4.4158472e-01   1.1917695e-02
   1.1792000e+01   4.5480137e-01  -2.1266472e-03
   1.1808000e+01   4.5194348e-01  -1.8068668e-02
   1.1824000e+01   4.9626301e-01  -6.7690361e-02
   1.1840000e+01   4.6997346e-01   2.4681157e-02
   1.1856000e+01   5.0213085e-01  -2.1632808e-02
   1.1872000e+01   4.8335221e-01  -6.0483820e-02
   1.1888000e+01   4.3365314e-01  -2.5330014e-02
   1.1904000e+01   4.6477131e-01   1.5370019e-02
   1.1920000e+01   5.1837831e-01   4.1042923e-02
   1.1936000e+01   5.4301651e-01  -2.1274084e-03
   1.1952000e+01   5.1233399e-01  -8.7665751e-03
   1.1968000e+01   4.7102317e-01  -2.8582561e-02
   1.1984000e+01   4.6321927e-01   6.1323697e-03
   1.2000000e+01   5.0590037e-01   9.2664505e-03
   1.2016000e+01   4.6961445e-01  -1.7263274e-05
   1.2032000e+01   5.7557869e-01   4.7629925e-02
   1.2048000e+01   4.7761613e-01   3.1585914e-03
   1.2064000e+01   4.1773873e-01   2.3023500e-02
   1.2080000e+01   4.8925675e-01   3.4463512e-02
   1.2096000e+01   4.6275545e-01  -3.5767295e-02
   1.2112000e+01   3.8112165e-01   5.4394160e-02
   1.2128000e+01   4.4335175e-01   1.4903902e-02
   1.2144000e+01   4.8374170e-01   4.5691421e-02
   1.2160000e+01   4.5596390e-01  -1.5421059e-02
   1.2176000e+01   4.8548564e-01  -2.6780241e-02
   1.2192000e+01   4.4633407e-01   2.4768291e-02
   1.2208000e+01   4.6999529e-01  -1.9704409e-02
   1.2224000e+01   4.6327311e-01  -3.1011398e-03
   1.2240000e+01   4.5143320e-01  -4.8793268e-02
   1.2256000e+01   4.3212767e-01   5.8100302e-02
