   0.0000000e+00   1.0108093e+00   1.4499048e-03
   1.6000000e-02   9.9238217e-01   1.6691903e-03
   3.2000000e-02   9.4894876e-01   7.3872397e-03
   4.8000000e-02   9.6758710e-01  -3.1279167e-02
   6.4000000e-02   9.8232454e-01   2.3511351e-02
   8.0000000e-02   9.8952226e-01   3.6375388e-03
   9.6000000e-02   1.0079503e+00  -1.4677806e-02
   1.1200000e-01   9.8935573e-01   2.2365570e-02
   1.2800000e-01   1.0033656e+00   5.8701232e-02
   1.4400000e-01   9.6842505e-01  -1.8240104e-02
   1.6000000e-01   1.0145411e+00   1.0676694e-02
   1.7600000e-01   1.0101045e+00   3.5815960e-02
   1.9200000e-01   1.0271836e+00   5.0707760e-02
   2.0800000e-01   1.0025267e+00   4.3514916e-03
   2.2400000e-01   9.9651617e-01  -1.1597630e-02
   2.4000000e-01   9.9921035e-01   1.0708770e-02
   2.5600000e-01   1.0080363e+00   1.4138606e-02
   2.7200000e-01   9.9721239e-01   4.5776413e-04
   2.8800000e-01   9.6663833e-01   1.3498608e-02
   3.0400000e-01   1.0166406e+00   9.7291578e-03
   3.2000000e-01   9.9037880e-01  -1.0557432e-02
   3.3600000e-01   9.7287298e-01  -1.7662693e-02
   3.5200000e-01   1.0152854e+00   6.4531329e-04
   3.6800000e-01   9.7482120e-01   2.2784272e-02
   3.8400000e-01   1.0013795e+00  -1.9087495e-02
   4.0000000e-01   9.7125451e-01   8.4765982e-03
   4.1600000e-01   9.6440503e-01  -2.3405017e-02
   4.3200000e-01   9.9501230e-01   1.0396568e-02
   4.4800000e-01   9.6922413e-01   1.4478241e-02
   4.6400000e-01   9.6033890e-01  -1.4185867e-02
   4.8000000e-01   1.0041347e+00   9.8923680e-03
   4.9600000e-01   9.4615845e-01  -4.2948178e-02
   5.1200000e-01   9.7484386e-01  -1.4717457e-02
   5.2800000e-01   9.2228655e-01  -1.2958055e-02
   5.4400000e-01   9.8203009e-01  -1.9154376e-02
   5.6000000e-01   9.7219824e-01  -6.1561350e-03
   5.7600000e-01   9.8788532e-01   1.4004325e-02
   5.9200000e-01   9.4552301e-01   1.4899022e-02
   6.0800000e-01   9.5877971e-01  -2.1705096e-02
   6.2400000e-01   9.3715024e-01   1.5740224e-02
   6.4000000e-01   9.7970284e-01  -2.0228500e-02
   6.5600000e-01   9.5666594e-01  -1.8423712e-02
   6.7200000e-01   9.7796401e-01   1.7679358e-02
   6.8800000e-01   9.7532056e-01  -4.9350108e-03
   7.0400000e-01   9.5138335e-01   3.2013928e-02
   7.2000000e-01   9.5410220e-01   3.9840412e-03
   7.3600000e-01   9.9120547e-01   8.9408149e-03
   7.5200000e-01   9.6970342e-01   1.2007387e-02
   7.6800000e-01   9.4473392e-01  -1.1358885e-02
   7.8400000e-01   9.2569125e-01   1.6483939e-02
   8.0000000e-01   9.1916578e-01  -8.7647635e-03
   8.1600000e-01   9.5586472e-01   2.5644348e-02
   8.3200000e-01   9.7267285e-01  -5.4070833e-02
   8.4800000e-01   9.3226582e-01   4.7497577e-02
   8.6400000e-01   9.2346615e-01   2.7274115e-02
   8.8000000e-01   9.3876186e-01  -1.4644114e-02
   8.9600000e-01   9.2680881e-01  -6.5648869e-03
   9.1200000e-01   9.4156892e-01  -3.8340607e-03
   9.2800000e-01   8.9262564e-01   8.9801902e-03
   9.4400000e-01   9.1481767e-01  -1.7808498e-02
   9.6000000e-01   8.9965846e-01   2.1450951e-02
   9.7600000e-01   8.9875936e-01   1.1060063e-02
   9.9200000e-01   8.7247382e-01  -1.8061575e-02
   1.0080000e+00   9.3534920e-01  -1.2985093e-02
   1.0240000e+00   9.1114728e-01  -1.3574779e-02
   1.0400000e+00   8.8201412e-01   1.8433825e-03
   1.0560000e+00   9.2759288e-01  -9.2522996e-03
   1.0720000e+00   8.3924773e-01  -5.3133963e-02
   1.0880000e+00   8.8635439e-01  -1.1625530e-02
   1.1040000e+00   8.9002752e-01   1.3672671e-02
   1.1200000e+00   9.4309986e-01  -3.9852276e-02
   1.1360000e+00   8.6248388e-01  -1.1926321e-02
   1.1520000e+00   8.5191450e-01  -5.1413115e-03
   1.1680000e+00   8.9785767e-01   2.1822432e-02
   1.1840000e+00   8.7852181e-01   3.0279738e-02
   1.2000000e+00   8.9841821e-01   5.1908714e-03
   1.2160000e+00   8.7553656e-01  -1.0661388e-02
   1.2320000e+00   8.7125863e-01   2.2864965e-02
   1.2480000e+00   8.4968262e-01   8.2719426e-03
   1.2640000e+00   8.8986454e-01   5.7218339e-02
   1.2800000e+00   8.4511382e-01   2.9175644e-02
   1.2960000e+00   8.8227056e-01   2.8657448e-02
   1.3120000e+00   8.9389662e-01  -3.0239130e-03
   1.3280000e+00   8.6665072e-01  -2.0590230e-02
   1.3440000e+00   8.3824768e-01   4.4044779e-03
   1.3600000e+00   8.5206200e-01   9.3012395e-03
   1.3760000e+00   8.7289208e-01  -1.9965790e-02
   1.3920000e+00   8.0843642e-01   3.0720520e-02
   1.4080000e+00   8.3382636e-01  -3.2089994e-03
   1.4240000e+00   8.5820370e-01  -4.2306633e-02
   1.4400000e+00   8.3207345e-01  -2.8322273e-02
   1.4560000e+00   8.4084108e-01  -3.3977961e-04
   1.4720000e+00   8.1924820e-01   4.7970981e-02
   1.4880000e+00   8.3264319e-01   3.1818883e-02
   1.5040000e+00   8.3531076e-01  -1.1727458e-02
   1.5200000e+00   8.4327734e-01  -4.9846977e-03
   1.5360000e+00   8.2333409e-01  -2.3504208e-02
   1.5520000e+00   8.0252413e-01   1.5705030e-02
   1.5680000e+00   8.2164247e-01  -5.3630457e-03
   1.5840000e+00   7.8575712e-01   1.0148786e-02
   1.6000000e+00   8.5735325e-01  -5.5995500e-03
   1.6160000e+00   8.0678653e-01   7.2515443e-03
   1.6320000e+00   7.8305509e-01   1.6762825e-02
   1.6480000e+00   8.2349736e-01   1.9798935e-02
   1.6640000e+00   7.7348064e-01   2.2914542e-02
   1.6800000e+00   7.8007103e-01  -4.6863837e-02
   1.6960000e+00   8.3157655e-01  -1.1368383e-02
   1.7120000e+00   7.9144359e-01   4.3641705e-02
   1.7280000e+00   7.8586406e-01   1.5790048e-02
   1.7440000e+00   7.4761607e-01  -8.3890325e-04
   1.7600000e+00   7.8089539e-01   2.9130686e-02
   1.7760000e+00   7.5084469e-01  -2.7072502e-02
   1.7920000e+00   7.5156039e-01  -3.3939267e-02
   1.8080000e+00   8.1234916e-01   6.3918774e-03
   1.8240000e+00   7.8956123e-01  -3.5314931e-03
   1.8400000e+00   7.3826782e-01   3.8128611e-03
   1.8560000e+00   7.7351822e-01   2.9328029e-02
   1.8720000e+00   7.8045253e-01  -5.6995654e-03
   1.8880000e+00   7.5964387e-01   3.3843887e-02
   1.9040000e+00   8.0170170e-01  -1.1408137e-02
   1.9200000e+00   7.7865379e-01   3.3103221e-03
   1.9360000e+00   7.9705392e-01   2.6094657e-02
   1.9520000e+00   7.4982416e-01  -6.5790837e-03
   1.9680000e+00   7.7609042e-01   6.1938209e-03
   1.9840000e+00   7.8646805e-01  -2.9711858e-03
   2.0000000e+00   7.6019967e-01  -4.7372532e-02
   2.0160000e+00   7.6658935e-01   5.2907641e-02
   2.0320000e+00   7.9799500e-01  -3.5190051e-02
   2.0480000e+00   7.6207268e-01  -2.8830230e-02
   2.0640000e+00   7.4416879e-01  -3.8359918e-02
   2.0800000e+00   7.4748514e-01  -1.4615319e-02
   2.0960000e+00   8.0233323e-01  -2.1403136e-02
   2.1120000e+00   7.4694669e-01  -1.8072397e-02
   2.1280000e+00   7.1254602e-01   1.4649906e-03
   2.1440000e+00   7.2548953e-01  -2.0870385e-02
   2.1600000e+00   7.4778654e-01   1.1103841e-02
   2.1760000e+00   7.3749833e-01   2.3646729e-03
   2.1920000e+00   7.9630044e-01   7.8973846e-03
   2.2080000e+00   7.1492368e-01  -2.8331986e-02
   2.2240000e+00   7.6515798e-01   1.5187619e-03
   2.2400000e+00   7.2494857e-01  -2.5315943e-03
   2.2560000e+00   7.3845900e-01   1.6168891e-02
   2.2720000e+00   7.5530622e-01   3.7812482e-04
   2.2880000e+00   7.1848205e-01  -7.5070258e-03
   2.3040000e+00   7.5971867e-01  -1.4924412e-02
   2.3200000e+00   7.4733730e-01   2.1932353e-02
   2.3360000e+00   7.2610634e-01  -1.6820040e-02
   2.3520000e+00   7.3527704e-01   1.3704933e-02
   2.3680000e+00   7.4810481e-01  -1.1236314e-02
   2.3840000e+00   7.5034476e-01   3.0535379e-02
   2.4000000e+00   7.3146497e-01   5.3753024e-02
   2.4160000e+00   7.1611828e-01   8.7852323e-04
   2.4320000e+00   6.9308161e-01   2.2979742e-02
   2.4480000e+00   7.3138456e-01   1.5642948e-02
   2.4640000e+00   7.5007998e-01  -1.5078082e-02
   2.4800000e+00   7.5673602e-01   2.1345107e-02
   2.4960000e+00   7.0959649e-01   5.3337672e-02
   2.5120000e+00   6.7156331e-01  -3.5325247e-02
   2.5280000e+00   7.3933563e-01  -4.8203524e-03
   2.5440000e+00   7.4014327e-01   1.2483915e-02
   2.5600000e+00   7.0667106e-01  -1.6864027e-02
   2.5760000e+00   7.3109787e-01  -8.4002055e-03
   2.5920000e+00   7.3088319e-01   1.1097830e-02
   2.6080000e+00   7.2730465e-01   3.2851484e-02
   2.6240000e+00   6.9711347e-01  -8.6865118e-04
   2.6400000e+00   6.9638387e-01   2.2395912e-02
   2.6560000e+00   7.3908669e-01   1.3105827e-02
   2.6720000e+00   7.0474038e-01   1.4265908e-03
   2.6880000e+00   7.0497586e-01  -7.7818574e-04
   2.7040000e+00   6.9775419e-01   8.7573642e-03
   2.7200000e+00   7.3266329e-01  -2.8903211e-02
   2.7360000e+00   6.6810646e-01  -6.5668151e-03
   2.7520000e+00   6.9135050e-01   5.1228537e-03
   2.7680000e+00   6.7972926e-01   5.4759796e-02
   2.7840000e+00   7.3473226e-01  -2.6244972e-03
   2.8000000e+00   6.7139730e-01   8.7195450e-03
   2.8160000e+00   6.9030510e-01  -9.4982671e-03
   2.8320000e+00   7.2146623e-01  -2.5551373e-02
   2.8480000e+00   7.3808118e-01  -3.3007907e-02
   2.8640000e+00   7.2207816e-01   1.9487047e-02
   2.8800000e+00   7.1982988e-01  -6.0339035e-02
   2.8960000e+00   6.9911017e-01   6.1768309e-03
   2.9120000e+00   6.8528370e-01   1.4399049e-02
   2.9280000e+00   6.8086281e-01   2.9766463e-02
   2.9440000e+00   6.8991938e-01  -8.9615516e-03
   2.9600000e+00   6.8211502e-01  -2.3151576e-02
   2.9760000e+00   7.2062871e-01   1.8452639e-02
   2.9920000e+00   7.0503291e-01  -5.3089200e-03
   3.0080000e+00   6.8203481e-01   3.6221720e-02
   3.0240000e+00   7.1470844e-01   1.2466268e-02
   3.0400000e+00   6.6516784e-01   1.2410516e-02
   3.0560000e+00   6.8520365e-01  -4.7772930e-03
   3.0720000e+00   7.1367586e-01  -3.2622609e-02
   3.0880000e+00   6.6562109e-01  -1.1030513e-02
   3.1040000e+00   6.5702481e-01  -2.9682928e-02
   3.1200000e+00   6.7698925e-01  -4.7883581e-02
   3.1360000e+00   6.7618105e-01   3.4584631e-03
   3.1520000e+00   6.7575102e-01  -1.0335412e-02
   3.1680000e+00   6.4561190e-01   7.7740837e-03
   3.1840000e+00   6.7239361e-01   6.1672579e-03
   3.2000000e+00   7.0204294e-01   6.5317047e-03
   3.2160000e+00   6.6673663e-01   1.0248835e-02
   3.2320000e+00   6.7762110e-01   9.2249525e-03
   3.2480000e+00   6.6120591e-01   4.8127052e-02
   3.2640000e+00   6.9276618e-01   3.5106730e-03
   3.2800000e+00   6.9988628e-01   7.4448276e-03
   3.2960000e+00   6.8268856e-01  -1.6828629e-02
   3.3120000e+00   6.7872332e-01  -5.1087901e-03
   3.3280000e+00   6.8476334e-01  -5.5654270e-03
   3.3440000e+00   7.2240194e-01   7.6480362e-03
   3.3600000e+00   6.7038834e-01  -7.1616564e-03
   3.3760000e+00   6.8919888e-01   3.5525667e-03
   3.3920000e+00   7.2358575e-01  -1.8685035e-02
   3.4080000e+00   6.6235766e-01   6.9489377e-03
   3.4240000e+00   6.5849975e-01   2.2575720e-02
   3.4400000e+00   6.5846270e-01  -6.7151925e-03
   3.4560000e+00   6.9393716e-01   1.7330359e-04
   3.4720000e+00   6.7342276e-01  -4.4068213e-03
   3.4880000e+00   6.6712125e-01  -2.3160978e-03
   3.5040000e+00   6.6574822e-01   1.4307621e-02
   3.5200000e+00   6.6128421e-01   3.5956915e-03
   3.5360000e+00   6.5919377e-01   7.5742556e-03
   3.5520000e+00   6.4093413e-01   7.2003588e-03
   3.5680000e+00   7.0626245e-01  -2.3914697e-02
   3.5840000e+00   6.2878806e-01   3.9316512e-03
   3.6000000e+00   6.2545754e-01   2.5102987e-02
   3.6160000e+00   6.7036385e-01  -1.8173276e-02
   3.6320000e+00   6.5008469e-01   2.0008874e-02
   3.6480000e+00   6.4018925e-01  -1.2646945e-02
   3.6640000e+00   6.6657759e-01  -2.8850353e-02
   3.6800000e+00   6.5391666e-01  -4.6329391e-05
   3.6960000e+00   6.8182625e-01  -3.0397843e-03
   3.7120000e+00   6.4856351e-01   1.0494121e-02
   3.7280000e+00   6.5793742e-01   1.1746417e-03
   3.7440000e+00   6.4408515e-01  -8.3574460e-03
   3.7600000e+00   6.5831511e-01  -7.6815793e-03
   3.7760000e+00   6.6856769e-01  -4.8029731e-03
   3.7920000e+00   6.2548303e-01   2.2960370e-02
   3.8080000e+00   6.3892158e-01   2.7364538e-02
   3.8240000e+00   6.5454747e-01   1.3392017e-02
   3.8400000e+00   6.4656909e-01   2.9690305e-02
   3.8560000e+00   6.6650276e-01  -7.7224508e-03
   3.8720000e+00   7.1052681e-01  -1.5100950e-02
   3.8880000e+00   6.1450156e-01  -1.0803600e-02
   3.9040000e+00   6.6551082e-01  -5.5081893e-03
   3.9200000e+00   6.5468688e-01   2.8799046e-02
   3.9360000e+00   6.4230234e-01   3.1325720e-02
   3.9520000e+00   6.6259522e-01  -6.6521830e-03
   3.9680000e+00   6.2598777e-01  -3.2890601e-02
   3.9840000e+00   6.5391709e-01   1.0706303e-02
   4.0000000e+00   6.6361836e-01   2.2898386e-02
   4.0160000e+00   6.2202236e-01   2.5466602e-02
   4.0320000e+00   6.5287427e-01  -2.3189055e-02
   4.0480000e+00   6.2490182e-01  -1.5992233e-02
   4.0640000e+00   6.6514063e-01   1.2462006e-03
   4.0800000e+00   6.5420811e-01  -4.5625956e-03
   4.0960000e+00   6.4722299e-01   8.8386745e-03
   4.1120000e+00   6.3965476e-01   5.8076207e-03
   4.1280000e+00   6.5380281e-01   5.0760918e-02
   4.1440000e+00   6.3830381e-01   1.9072912e-02
   4.1600000e+00   6.4515999e-01  -2.3122710e-03
   4.1760000e+00   6.6378357e-01  -1.3270361e-02
   4.1920000e+00   6.1820557e-01   4.0803231e-02
   4.2080000e+00   6.3262184e-01   9.7071904e-04
   4.2240000e+00   6.5530009e-01  -2.3858124e-02
   4.2400000e+00   6.8038824e-01  -2.2139796e-02
   4.2560000e+00   6.5510160e-01  -1.1728260e-02
   4.2720000e+00   6.0440142e-01   1.3314128e-03
   4.2880000e+00   5.8177235e-01  -3.3314615e-02
   4.3040000e+00   6.4167432e-01   3.7854554e-03
   4.3200000e+00   6.3499468e-01  -3.3990380e-02
   4.3360000e+00   6.0577489e-01   2.8236754e-03
   4.3520000e+00   6.4055974e-01   2.3686137e-02
   4.3680000e+00   6.2941206e-01   2.6966787e-03
   4.3840000e+00   6.1321219e-01  -2.2054937e-02
   4.4000000e+00   6.3405873e-01   3.6549983e-02
   4.4160000e+00   6.2329328e-01  -2.2572131e-02
   4.4320000e+00   6.3609644e-01   1.4341448e-02
   4.4480000e+00   6.0691627e-01   3.9812235e-03
   4.4640000e+00   6.5764899e-01   1.5450743e-02
   4.4800000e+00   6.2887036e-01  -3.6920422e-02
   4.4960000e+00   6.5522040e-01  -1.3634013e-02
   4.5120000e+00   6.1159062e-01  -1.7145378e-02
   4.5280000e+00   6.3001640e-01  -3.6560006e-02
   4.5440000e+00   5.9446812e-01   1.0893416e-03
   4.5600000e+00   6.3850772e-01   5.0266571e-03
   4.5760000e+00   6.0024025e-01   3.0499004e-02
   4.5920000e+00   6.3815371e-01  -6.2226415e-03
   4.6080000e+00   6.1298458e-01   1.7409757e-02
   4.6240000e+00   6.6171262e-01   4.9953923e-03
   4.6400000e+00   6.2732484e-01  -1.0306229e-02
   4.6560000e+00   6.5580196e-01  -2.2519669e-02
   4.6720000e+00   6.2968921e-01  -3.1011213e-02
   4.6880000e+00   6.3176712e-01  -8.5643640e-03
   4.7040000e+00   5.9882022e-01   2.9635425e-02
   4.7200000e+00   5.9150780e-01   3.3761534e-02
   4.7360000e+00   5.8588547e-01  -1.0057349e-02
   4.7520000e+00   6.3218454e-01   9.5358657e-04
   4.7680000e+00   6.0818535e-01  -1.7229429e-02
   4.7840000e+00   6.0578961e-01   2.2398629e-02
   4.8000000e+00   6.0686534e-01  -3.1282568e-03
   4.8160000e+00   6.1191627e-01   1.5021099e-02
   4.8320000e+00   6.3773363e-01   9.8101955e-03
   4.8480000e+00   6.4057400e-01   4.3135975e-03
   4.8640000e+00   6.4537293e-01  -2.1272458e-02
   4.8800000e+00   6.5175245e-01  -3.4201673e-02
   4.8960000e+00   6.2099872e-01  -4.7002335e-03
   4.9120000e+00   6.3208962e-01   4.0212425e-02
   4.9280000e+00   6.3928952e-01  -4.5637543e-02
   4.9440000e+00   6.5122639e-01  -1.3007439e-02
   4.9600000e+00   6.3848248e-01  -1.2695390e-02
   4.9760000e+00   6.5037365e-01  -2.0382012e-04
   4.9920000e+00   6.0890408e-01   3.5034336e-02
   5.0080000e+00   5.8529321e-01  -2.1449195e-03
   5.0240000e+00   6.3073013e-01  -9.0579980e-03
   5.0400000e+00   6.5238716e-01  -2.7913473e-02
   5.0560000e+00   6.2662679e-01   1.5848617e-06
   5.0720000e+00   6.2436443e-01  -1.2210178e-02
   5.0880000e+00   6.3877376e-01   4.8414522e-02
   5.1040000e+00   6.1677994e-01   9.8488812e-03
   5.1200000e+00   6.0265831e-01   1.7711607e-02
   5.1360000e+00   6.2897908e-01   7.1240277e-03
   5.1520000e+00   6.3044155e-01   1.7714159e-02
   5.1680000e+00   6.2210436e-01  -6.9653035e-03
   5.1840000e+00   6.2873626e-01   6.3386845e-03
   5.2000000e+00   6.3231279e-01   4.2621397e-02
   5.2160000e+00   6.2412742e-01  -2.4352218e-02
   5.2320000e+00   6.1134444e-01   3.8250842e-02
   5.2480000e+00   6.2091678e-01  -2.6704338e-03
   5.2640000e+00   6.1892464e-01   1.4038612e-02
   5.2800000e+00   5.8461789e-01   4.1683373e-02
   5.2960000e+00   6.2004248e-01  -9.0029210e-03
   5.3120000e+00   6.1495185e-01   2.0824441e-02
   5.3280000e+00   6.3138300e-01   1.0492483e-02
   5.3440000e+00   6.4235251e-01  -3.7222626e-03
   5.3600000e+00   6.0568859e-01   4.5980615e-02
   5.3760000e+00   5.7307940e-01   2.9129129e-02
   5.3920000e+00   6.1034134e-01   2.5039242e-02
   5.4080000e+00   6.2503812e-01   3.3288173e-02
   5.4240000e+00   6.2113830e-01  -2.3250565e-05
   5.4400000e+00   6.3104355e-01  -3.6754099e-03
   5.4560000e+00   5.9944216e-01  -2.8699721e-02
   5.4720000e+00   6.2275937e-01  -2.4804606e-02
   5.4880000e+00   6.3616125e-01  -3.6849877e-02
   5.5040000e+00   5.6051846e-01   4.8686636e-03
   5.5200000e+00   6.3526573e-01   1.4376059e-02
   5.5360000e+00   6.3116982e-01   2.1571657e-03
   5.5520000e+00   6.5799387e-01  -1.5301905e-02
   5.5680000e+00   6.0106550e-01  -5.0787547e-04
   5.5840000e+00   6.3918147e-01  -1.4462533e-02
   5.6000000e+00   6.0201377e-01  -1.6675964e-02
   5.6160000e+00   5.8612824e-01   3.2838825e-02
   5.6320000e+00   6.2674179e-01  -1.5720298e-02
   5.6480000e+00   5.9758348e-01   2.1886246e-02
   5.6640000e+00   5.7341749e-01   1.6807356e-02
   5.6800000e+00   6.0158199e-01   7.2488190e-03
   5.6960000e+00   6.2737817e-01  -2.7469119e-02
   5.7120000e+00   5.9239579e-01  -7.9678524e-03
   5.7280000e+00   5.7670840e-01   1.8057285e-03
   5.7440000e+00   5.7943862e-01  -1.9891328e-02
   5.7600000e+00   6.2580652e-01   9.5159527e-03
   5.7760000e+00   5.6942187e-01  -3.0074187e-02
   5.7920000e+00   6.2253264e-01   1.3663350e-02
   5.8080000e+00   5.9253518e-01   2.1453984e-02
   5.8240000e+00   6.0454011e-01  -5.1030871e-03
   5.8400000e+00   6.0283535e-01   3.0975426e-02
   5.8560000e+00   5.9861817e-01   3.1006146e-02
   5.8720000e+00   6.2167748e-01  -2.1919897e-02
   5.8880000e+00   6.1423690e-01   2.7161834e-02
   5.9040000e+00   5.9727343e-01   2.4070143e-02
   5.9200000e+00   5.6243536e-01   7.2489128e-03
   5.9360000e+00   5.8703809e-01   1.9111675e-02
   5.9520000e+00   5.8869442e-01   1.6489903e-02
   5.9680000e+00   6.0632757e-01  -8.1632447e-03
   5.9840000e+00   6.2681613e-01   7.8391372e-03
   6.0000000e+00   6.2991319e-01  -1.2799870e-02
   6.0160000e+00   5.8066619e-01   7.9997578e-03
   6.0320000e+00   6.4116028e-01   1.5743273e-02
   6.0480000e+00   5.9950933e-01  -3.9448394e-02
   6.0640000e+00   6.0986045e-01  -1.0655282e-02
   6.0800000e+00   5.7997631e-01   8.5766415e-05
   6.0960000e+00   5.6848110e-01   8.1365797e-03
   6.1120000e+00   6.0995724e-01   1.0888456e-02
   6.1280000e+00   6.0082049e-01  -3.6556488e-02
   6.1440000e+00   6.3087487e-01  -1.2134767e-03
   6.1600000e+00   5.8467496e-01   5.0267770e-02
   6.1760000e+00   6.1738533e-01   6.4757560e-03
   6.1920000e+00   6.2177378e-01  -2.4480146e-02
   6.2080000e+00   5.5646839e-01   3.3893682e-02
   6.2240000e+00   6.0929518e-01  -3.6240763e-02
   6.2400000e+00   5.6441668e-01  -3.4862213e-02
   6.2560000e+00   6.4049977e-01  -8.4755939e-03
   6.2720000e+00   5.7830267e-01  -5.0152266e-02
   6.2880000e+00   6.0973126e-01   1.4161098e-02
   6.3040000e+00   5.5563008e-01   1.9123022e-02
   6.3200000e+00   6.2138876e-01   1.6526369e-02
   6.3360000e+00   6.0140759e-01  -4.9423567e-03
   6.3520000e+00   5.8623866e-01  -1.2929477e-02
   6.3680000e+00   6.0547532e-01   1.9846792e-03
   6.3840000e+00   5.3714529e-01   2.8794929e-03
   6.4000000e+00   6.0925963e-01   6.2183238e-03
   6.4160000e+00   6.0470021e-01   1.7175925e-02
   6.4320000e+00   6.0018352e-01  -1.2111789e-02
   6.4480000e+00   5.6234497e-01   3.9062875e-02
   6.4640000e+00   6.1448586e-01  -1.9422900e-02
   6.4800000e+00   6.0854942e-01  -1.1854655e-02
   6.4960000e+00   5.7307213e-01  -2.8423323e-02
   6.5120000e+00   5.6587721e-01   1.5310077e-02
   6.5280000e+00   5.8776676e-01  -2.0845194e-02
   6.5440000e+00   5.7618244e-01   3.9175057e-02
   6.5600000e+00   5.6368325e-01  -7.2405377e-03
   6.5760000e+00   5.6948769e-01  -2.3018279e-02
   6.5920000e+00   5.4810620e-01   7.5387165e-03
   6.6080000e+00   5.8619308e-01   4.6661314e-02
   6.6240000e+00   5.9651110e-01   5.3942546e-03
   6.6400000e+00   5.8026411e-01  -2.4977894e-02
   6.6560000e+00   5.6644589e-01   3.2955481e-03
   6.6720000e+00   6.2255072e-01  -9.7312123e-03
   6.6880000e+00   5.9543024e-01  -7.2322847e-04
   6.7040000e+00   6.2304883e-01  -2.3743439e-02
   6.7200000e+00   5.9637942e-01   8.7259363e-03
   6.7360000e+00   6.1139961e-01   4.1432560e-02
   6.7520000e+00   5.5161602e-01  -1.5970158e-02
   6.7680000e+00   5.7620495e-01   1.6567845e-02
   6.7840000e+00   5.7506483e-01   1.0188801e-02
   6.8000000e+00   5.6668980e-01   2.3811030e-02
   6.8160000e+00   5.5862791e-01  -1.5032021e-03
   6.8320000e+00   5.7330779e-01   8.0644957e-04
   6.8480000e+00   5.8264345e-01   1.5480176e-02
   6.8640000e+00   6.0176350e-01   2.2542685e-02
   6.8800000e+00   5.7714983e-01  -1.4056832e-02
   6.8960000e+00   5.8166386e-01  -4.0354387e-03
   6.9120000e+00   6.0323235e-01  -3.5134191e-02
   6.9280000e+00   6.0435150e-01  -1.8450745e-03
   6.9440000e+00   5.8227997e-01  -2.7376800e-02
   6.9600000e+00   5.6652988e-01  -9.3813933e-03
   6.9760000e+00   5.7024549e-01   2.7297830e-02
   6.9920000e+00   5.5524279e-01  -2.9293893e-02
   7.0080000e+00   6.0680896e-01  -2.0403440e-04
   7.0240000e+00   5.6202666e-01  -1.2919057e-02
   7.0400000e+00   5.5686971e-01  -1.6054711e-02
   7.0560000e+00   5.5674793e-01  -2.1425305e-02
   7.0720000e+00   6.0182009e-01  -3.6629853e-03
   7.0880000e+00   5.6646406e-01  -1.6947645e-02
   7.1040000e+00   5.5384109e-01  -2.1981541e-02
   7.1200000e+00   5.9403102e-01   6.0353061e-03
   7.1360000e+00   5.9104872e-01  -3.5422193e-02
   7.1520000e+00   6.0170996e-01  -1.3754804e-02
   7.1680000e+00   5.6654244e-01  -1.9588138e-02
   7.1840000e+00   5.3993350e-01  -6.9859228e-03
   7.2000000e+00   5.5633023e-01   4.9503576e-03
   7.2160000e+00   5.8478827e-01  -1.5993003e-02
   7.2320000e+00   5.8813810e-01   2.8386435e-02
   7.2480000e+00   5.7022994e-01  -2.3770271e-02
   7.2640000e+00   5.7222415e-01   1.7935067e-02
   7.2800000e+00   5.4298856e-01   5.0474561e-03
   7.2960000e+00   5.6196844e-01   1.8899844e-03
   7.3120000e+00   5.7218317e-01   1.5705612e-02
   7.3280000e+00   6.0345223e-01   1.4391667e-02
   7.3440000e+00   5.9067448e-01   1.6331511e-02
   7.3600000e+00   5.8053752e-01  -6.5045176e-03
   7.3760000e+00   5.6994581e-01   1.3146739e-02
   7.3920000e+00   5.8162638e-01   2.8017735e-02
   7.4080000e+00   5.6145903e-01   2.4504759e-04
   7.4240000e+00   6.1308025e-01  -8.3669535e-03
   7.4400000e+00   5.5176513e-01  -1.8856375e-02
   7.4560000e+00   5.7267065e-01   3.0545209e-02
   7.4720000e+00   5.8759811e-01  -8.5869228e-03
   7.4880000e+00   5.9577475e-01   9.2162507e-03
   7.5040000e+00   5.5751932e-01  -2.2883315e-02
   7.5200000e+00   5.8527380e-01  -5.6360919e-03
   7.5360000e+00   6.0334735e-01   1.1084469e-02
   7.5520000e+00   5.8754118e-01  -1.8143237e-02
   7.5680000e+00   5.9021413e-01   2.3676984e-02
   7.5840000e+00   5.6847513e-01   1.5719154e-02
   7.6000000e+00   5.9903393e-01  -2.8993765e-02
   7.6160000e+00   5.8583138e-01  -6.6382980e-03
   7.6320000e+00   5.2696486e-01   1.9587492e-03
   7.6480000e+00   5.8381962e-01   1.9432863e-03
   7.6640000e+00   5.6698987e-01  -3.2970053e-03
   7.6800000e+00   5.4742182e-01  -4.6492568e-02
   7.6960000e+00   5.5387000e-01   5.4459089e-03
   7.7120000e+00   5.9150124e-01   1.3887374e-02
   7.7280000e+00   5.7464788e-01   5.2460390e-03
   7.7440000e+00   5.7821786e-01  -5.7864573e-03
   7.7600000e+00   5.5413039e-01   2.9803803e-02
   7.7760000e+00   5.2562899e-01  -2.3283056e-02
   7.7920000e+00   5.6379321e-01  -1.8313023e-02
   7.8080000e+00   5.7725928e-01   3.4207380e-02
   7.8240000e+00   5.4247172e-01  -1.4101216e-02
   7.8400000e+00   5.3409927e-01   1.1983158e-02
   7.8560000e+00   5.6767242e-01   1.4247441e-02
   7.8720000e+00   5.9314314e-01  -3.0173945e-02
   7.8880000e+00   5.4304206e-01  -7.4005669e-03
   7.9040000e+00   5.8016298e-01   1.3149298e-02
   7.9200000e+00   5.9407707e-01   1.1886741e-02
   7.9360000e+00   5.5075597e-01  -6.8961595e-03
   7.9520000e+00   5.6513123e-01   4.4734511e-03
   7.9680000e+00   5.6209069e-01   3.8120268e-02
   7.9840000e+00   5.4424050e-01   4.4812396e-02
   8.0000000e+00   5.6264307e-01   9.6860070e-03
   8.0160000e+00   5.8949020e-01  -1.0227233e-02
   8.0320000e+00   5.3977448e-01  -2.2689767e-03
   8.0480000e+00   5.3838593e-01  -1.2809098e-02
   8.0640000e+00   5.8687527e-01   2.0583348e-02
   8.0800000e+00   5.9843546e-01   9.7029760e-03
   8.0960000e+00   5.5721660e-01   1.8623815e-02
   8.1120000e+00   5.6499948e-01  -3.2848494e-02
   8.1280000e+00   5.8753336e-01   3.0107214e-02
   8.1440000e+00   5.7608450e-01   1.2908635e-02
   8.1600000e+00   5.1861243e-01   1.0770472e-02
   8.1760000e+00   5.6706817e-01   7.0303959e-03
   8.1920000e+00   5.8302169e-01   6.2350106e-03
   8.2080000e+00   5.7262398e-01   6.8573169e-03
   8.2240000e+00   5.6348615e-01  -6.2466819e-03
   8.2400000e+00   5.2672718e-01   8.1211014e-04
   8.2560000e+00   5.4281705e-01  -1.1489171e-02
   8.2720000e+00   5.7038724e-01  -1.4400601e-02
   8.2880000e+00   5.6040097e-01  -6.7122162e-03
   8.3040000e+00   5.4146630e-01  -5.1623168e-03
   8.3200000e+00   5.6095222e-01  -5.4375820e-03
   8.3360000e+00   5.3334512e-01  -3.2273270e-02
   8.3520000e+00   5.3611425e-01  -1.8321634e-02
   8.3680000e+00   5.4411681e-01   1.5665603e-02
   8.3840000e+00   5.6495295e-01  -1.9052993e-03
   8.4000000e+00   5.7005577e-01   6.1686932e-03
   8.4160000e+00   5.5941134e-01  -2.0845117e-03
   8.4320000e+00   5.3297607e-01  -2.5036536e-03
   8.4480000e+00   5.6425712e-01   3.5440507e-02
   8.4640000e+00   5.7433434e-01   2.2039675e-02
   8.4800000e+00   5.7588012e-01   9.4382139e-03
   8.4960000e+00   5.2345497e-01  -1.8985593e-02
   8.5120000e+00   5.3748253e-01  -3.8216721e-02
   8.5280000e+00   5.7433279e-01   2.0627414e-02
   8.5440000e+00   5.5120971e-01  -1.4540707e-02
   8.5600000e+00   5.2479502e-01   1.2642070e-02
   8.5760000e+00   5.4553942e-01   2.6410907e-02
   8.5920000e+00   5.3159701e-01   8.3358878e-03
   8.6080000e+00   5.5492346e-01   2.1042515e-02
   8.6240000e+00   5.5244334e-01  -1.3974355e-02
   8.6400000e+00   5.4583541e-01   1.0506807e-02
   8.6560000e+00   5.4913343e-01  -2.7051380e-03
   8.6720000e+00   5.4352410e-01  -3.3491831e-03
   8.6880000e+00   5.2148351e-01  -2.0072009e-02
   8.7040000e+00   5.9369404e-01  -8.5582590e-03
   8.7200000e+00   5.8212542e-01   3.6354238e-02
   8.7360000e+00   5.8655229e-01  -6.7504090e-02
   8.7520000e+00   5.3201803e-01   8.2679014e-03
   8.7680000e+00   5.4917532e-01   1.8164946e-02
   8.7840000e+00   5.5055841e-01  -7.8619758e-03
   8.8000000e+00   5.2191751e-01  -2.8813844e-02
   8.8160000e+00   5.2682594e-01  -4.8705002e-04
   8.8320000e+00   5.4318297e-01   2.1971019e-02
   8.8480000e+00   5.5497587e-01   2.7209428e-02
   8.8640000e+00   5.3382915e-01  -1.5791906e-03
   8.8800000e+00   5.4164124e-01  -3.8469879e-02
   8.8960000e+00   5.6536837e-01  -2.1121995e-03
   8.9120000e+00   5.5607378e-01   8.8425798e-03
   8.9280000e+00   5.5194381e-01  -2.8268208e-02
   8.9440000e+00   5.9404033e-01   1.3434352e-03
   8.9600000e+00   5.6694040e-01  -1.3048154e-03
   8.9760000e+00   6.0294468e-01  -1.1813034e-02
   8.9920000e+00   5.7911032e-01  -1.4479143e-02
   9.0080000e+00   5.5574235e-01   2.5990914e-02
   9.0240000e+00   5.5330037e-01   4.0160389e-03
   9.0400000e+00   5.2974647e-01   1.0553349e-02
   9.0560000e+00   5.6416821e-01   3.0821751e-02
   9.0720000e+00   5.6754573e-01   3.8539255e-03
   9.0880000e+00   5.1076254e-01  -2.0402759e-02
   9.1040000e+00   5.4059290e-01   8.6825429e-03
   9.1200000e+00   5.3866932e-01  -2.9431466e-02
   9.1360000e+00   5.8571174e-01  -3.2090767e-02
   9.1520000e+00   5.7013609e-01  -5.5457827e-03
   9.1680000e+00   5.2048691e-01  -4.7887447e-03
   9.1840000e+00   5.6280123e-01   2.3627048e-02
   9.2000000e+00   5.3342764e-01  -8.0356575e-03
   9.2160000e+00   5.3317764e-01  -4.3210786e-02
   9.2320000e+00   5.6838499e-01   2.6177518e-02
   9.2480000e+00   5.5495753e-01   3.9950745e-03
   9.2640000e+00   5.0920443e-01   4.5786650e-03
   9.2800000e+00   5.2278676e-01  -1.8912320e-02
   9.2960000e+00   5.4443788e-01   1.0249442e-02
   9.3120000e+00   5.6589224e-01   5.8016398e-02
   9.3280000e+00   5.4137656e-01  -8.2718275e-03
   9.3440000e+00   5.4665437e-01  -1.5514370e-02
   9.3600000e+00   5.4975525e-01   2.2812704e-02
   9.3760000e+00   5.2210508e-01   3.2646063e-03
   9.3920000e+00   5.5624177e-01   7.9535147e-03
   9.4080000e+00   5.3383685e-01   1.7182613e-02
   9.4240000e+00   5.3187746e-01   1.1856889e-02
   9.4400000e+00   5.6324709e-01   1.2173484e-02
   9.4560000e+00   5.3180941e-01  -3.7006473e-02
   9.4720000e+00   5.8993073e-01   1.4204964e-02
   9.4880000e+00   5.3434802e-01   2.5327088e-02
   9.5040000e+00   5.9147038e-01  -2.5003629e-02
   9.5200000e+00   5.3578706e-01  -4.3959544e-02
   9.5360000e+00   5.9146330e-01  -1.0537300e-02
   9.5520000e+00   5.3507418e-01  -3.7326890e-02
   9.5680000e+00   5.1768684e-01   1.1067536e-02
   9.5840000e+00   5.6866647e-01   3.1002655e-02
   9.6000000e+00   5.0635525e-01   2.7616353e-02
   9.6160000e+00   5.4967394e-01   2.4932398e-02
   9.6320000e+00   5.2056405e-01  -9.3342840e-03
   9.6480000e+00   5.0046712e-01   3.9361535e-02
   9.6640000e+00   4.9631106e-01   2.9806488e-02
   9.6800000e+00   5.3061917e-01   1.6871151e-02
   9.6960000e+00   5.6884486e-01  -6.9542417e-03
   9.7120000e+00   5.1484817e-01  -2.5533059e-03
   9.7280000e+00   5.2897915e-01   5.4245917e-02
   9.7440000e+00   5.4381956e-01   1.5088334e-02
   9.7600000e+00   5.3998054e-01   3.2458477e-02
   9.7760000e+00   5.0537061e-01  -9.0561610e-03
   9.7920000e+00   4.9289101e-01  -1.7601871e-03
   9.8080000e+00   5.4784164e-01   8.8168627e-03
   9.8240000e+00   4.9225031e-01  -5.6544925e-03
   9.8400000e+00   5.1593473e-01   2.8135036e-02
   9.8560000e+00   5.2818804e-01   2.4653518e-02
   9.8720000e+00   5.0629121e-01  -2.2515536e-03
   9.8880000e+00   5.3975150e-01   4.1019828e-03
   9.9040000e+00   5.2271988e-01   2.8707295e-02
   9.9200000e+00   5.1329328e-01  -1.2476778e-02
   9.9360000e+00   5.3445351e-01  -1.6560756e-03
   9.9520000e+00   5.3682210e-01   1.3261300e-02
   9.9680000e+00   5.3155525e-01  -8.0777417e-03
   9.9840000e+00   5.2291632e-01  -2.0712710e-02
   1.0000000e+01   5.2984244e-01   1.3482775e-02
   1.0016000e+01   5.4264657e-01   8.5178110e-03
   1.0032000e+01   5.5331719e-01   3.1990188e-03
   1.0048000e+01   5.3075420e-01   1.0124307e-02
   1.0064000e+01   5.4193076e-01  -6.2908059e-03
   1.0080000e+01   4.9845134e-01  -1.0501642e-02
   1.0096000e+01   5.4180159e-01   4.1125783e-02
   1.0112000e+01   5.2399129e-01  -2.8960699e-02
   1.0128000e+01   5.3477674e-01  -1.8812387e-02
   1.0144000e+01   5.1736865e-01   1.0172129e-02
   1.0160000e+01   5.4601732e-01   2.5258131e-02
   1.0176000e+01   5.6242361e-01   2.8947036e-02
   1.0192000e+01   5.1397646e-01   5.1717183e-03
   1.0208000e+01   5.5292715e-01   6.1982653e-03
   1.0224000e+01   5.5785263e-01  -2.8662279e-02
   1.0240000e+01   5.4159211e-01   8.2809682e-03
   1.0256000e+01   5.2150405e-01  -2.9170219e-02
   1.0272000e+01   5.1217222e-01   1.0753238e-02
   1.0288000e+01   5.5199401e-01   3.4795069e-02
   1.0304000e+01   5.1910035e-01  -3.4813085e-02
   1.0320000e+01   5.3196252e-01   4.7001678e-03
   1.0336000e+01   5.3733600e-01   4.2126488e-02
   1.0352000e+01   5.3509333e-01   2.9283756e-02
   1.0368000e+01   5.5006772e-01   4.6558867e-03
   1.0384000e+01   5.0618626e-01  -1.2169563e-02
   1.0400000e+01   5.3059538e-01  -1.3398508e-02
   1.0416000e+01   5.5198059e-01   5.7999419e-03
   1.0432000e+01   5.4212856e-01   1.5547882e-03
   1.0448000e+01   5.1804240e-01  -8.2984609e-04
   1.0464000e+01   4.8976115e-01  -1.4193030e-02
   1.0480000e+01   5.1065727e-01  -2.4862004e-03
   1.0496000e+01   5.2509005e-01  -1.4211710e-02
   1.0512000e+01   5.2123156e-01   1.2170160e-02
   1.0528000e+01   5.2422178e-01  -1.9223537e-02
   1.0544000e+01   5.3827375e-01   6.9170934e-03
   1.0560000e+01   4.9044251e-01  -1.5749572e-03
   1.0576000e+01   4.6803307e-01   3.4878473e-02
   1.0592000e+01   5.0658393e-01  -3.0372750e-02
   1.0608000e+01   4.8835640e-01   2.0219185e-03
   1.0624000e+01   5.1081226e-01   1.7491732e-04
   1.0640000e+01   5.4191673e-01   2.7612156e-02
   1.0656000e+01   4.9138532e-01   1.2856306e-02
   1.0672000e+01   4.5600363e-01   3.5613767e-02
   1.0688000e+01   5.6118826e-01   3.4536770e-02
   1.0704000e+01   5.2687215e-01  -1.2935733e-02
   1.0720000e+01   5.3172282e-01  -2.1553959e-03
   1.0736000e+01   5.5906852e-01   3.2691974e-03
   1.0752000e+01   5.0648819e-01  -1.7694684e-02
   1.0768000e+01   5.1119310e-01  -2.0740733e-02
   1.0784000e+01   5.1858124e-01   3.9191691e-02
   1.0800000e+01   5.3505387e-01   1.6089808e-02
   1.0816000e+01   4.9794410e-01   1.1156306e-02
   1.0832000e+01   4.8849782e-01   2.9109350e-03
   1.0848000e+01   5.3822977e-01   2.3276819e-02
   1.0864000e+01   4.9677491e-01  -1.5827682e-02
   1.0880000e+01   5.1747708e-01  -1.4934417e-02
   1.0896000e+01   4.8189279e-01  -7.4320998e-03
   1.0912000e+01   5.0472756e-01  -4.4975693e-03
   1.0928000e+01   4.8687286e-01   4.8051251e-03
   1.0944000e+01   5.3165860e-01   2.5558211e-02
   1.0960000e+01   4.7758713e-01  -4.0199914e-03
   1.0976000e+01   5.0525185e-01  -2.1744420e-02
   1.0992000e+01   4.9875511e-01   1.0079819e-02
   1.1008000e+01   5.1680009e-01  -9.8587169e-03
   1.1024000e+01   5.2205571e-01   2.5852182e-02
   1.1040000e+01   4.8781279e-01   4.4998688e-03
   1.1056000e+01   5.1904621e-01   4.2926403e-02
   1.1072000e+01   4.8924038e-01   4.3234535e-02
   1.1088000e+01   5.0210938e-01  -1.3707263e-02
   1.1104000e+01   4.8044210e-01   9.3779564e-03
   1.1120000e+01   5.1635511e-01   3.2040598e-02
   1.1136000e+01   4.8818727e-01  -5.5345022e-02
   1.1152000e+01   5.3038198e-01  -2.9860528e-03
   1.1168000e+01   5.3734039e-01  -4.9329837e-03
   1.1184000e+01   4.9475741e-01  -8.5540228e-03
   1.1200000e+01   4.8499795e-01  -4.3021210e-03
   1.1216000e+01   4.8014193e-01  -1.5612737e-03
   1.1232000e+01   4.9377625e-01  -7.7856790e-03
   1.1248000e+01   4.5648640e-01  -1.2323988e-02
   1.1264000e+01   5.4314920e-01  -3.0620327e-02
   1.1280000e+01   5.0243116e-01  -1.7218430e-02
   1.1296000e+01   4.5036011e-01   1.0529937e-02
   1.1312000e+01   4.6450476e-01  -2.1072056e-02
   1.1328000e+01   4.9965329e-01  -3.4733776e-03
   1.1344000e+01   4.6524947e-01   1.1913612e-02
   1.1360000e+01   5.1513685e-01  -1.1166782e-02
   1.1376000e+01   5.0312072e-01   2.0495376e-02
   1.1392000e+01   5.5277531e-01   2.7761528e-02
   1.1408000e+01   5.1585569e-01   5.0439567e-03
   1.1424000e+01   4.9477477e-01  -8.9221264e-03
   1.1440000e+01   5.2455190e-01   1.2311472e-02
   1.1456000e+01   4.9771080e-01   1.0866710e-02
   1.1472000e+01   4.8192316e-01  -2.5024376e-02
   1.1488000e+01   5.2051332e-01   2.5874751e-02
   1.1504000e+01   4.7809401e-01   4.0145921e-02
   1.1520000e+01   5.1098372e-01   3.2283667e-02
   1.1536000e+01   5.0870074e-01   3.9203810e-02
   1.1552000e+01   5.1097411e-01   1.9182853e-02
   1.1568000e+01   4.7655503e-01   7.6175938e-03
   1.1584000e+01   4.5839111e-01   6.9992300e-03
   1.1600000e+01   4.7408124e-01   5.4303359e-03
   1.1616000e+01   5.1513129e-01   9.8234708e-03
   1.1632000e+01   4.7629286e-01   6.2787588e-03
   1.1648000e+01   4.6177806e-01   4.8545707e-02
   1.1664000e+01   4.8997016e-01  -3.4153762e-02
   1.1680000e+01   4.6935972e-01   1.5070114e-02
   1.1696000e+01   4.8525263e-01  -4.5557493e-02
   1.1712000e+01   4.6944317e-01  -6.1644612e-03
   1.1728000e+01   5.2296905e-01  -2.2643870e-02
   1.1744000e+01   4.8693864e-01  -2.1258694e-03
   1.1760000e+01   4.8237706e-01   6.9707373e-03
   1.1776000e+01   4.6855167e-01   1.8086846e-02
   1.1792000e+01   4.9414033e-01  -2.4718594e-02
   1.1808000e+01   4.5259094e-01  -2.6990522e-03
   1.1824000e+01   5.0562539e-01  -3.6787603e-03
   1.1840000e+01   5.3384070e-01   2.6455621e-02
   1.1856000e+01   4.7046215e-01  -1.0330072e-02
   1.1872000e+01   4.8067391e-01   4.2323455e-03
   1.1888000e+01   4.7765677e-01  -3.7361055e-03
   1.1904000e+01   4.8596435e-01  -1.1329138e-02
   1.1920000e+01   4.5100324e-01   5.1407558e-03
   1.1936000e+01   4.6717426e-01  -6.7768598e-03
   1.1952000e+01   4.8550046e-01   1.1670894e-02
   1.1968000e+01   4.7986273e-01   2.8136037e-03
   1.1984000e+01   4.8030132e-01   1.7347980e-02
   1.2000000e+01   4.7011084e-01  -6.7417827e-03
   1.2016000e+01   5.2227418e-01   2.2725346e-02
   1.2032000e+01   4.8199554e-01   9.8387293e-03
   1.2048000e+01   5.2463186e-01   2.4132016e-02
   1.2064000e+01   4.7199906e-01   3.4382425e-02
   1.2080000e+01   5.0641254e-01  -5.2606886e-03
   1.2096000e+01   4.8586379e-01  -1.5399334e-02
   1.2112000e+01   5.2904164e-01  -1.3633552e-02
   1.2128000e+01   4.8970827e-01  -1.6492480e-03
   1.2144000e+01   4.2245242e-01  -2.4490608e-02
   1.2160000e+01   5.3206662e-01   3.7675913e-03
   1.2176000e+01   4.5719020e-01   1.3715836e-03
   1.2192000e+01   4.5740032e-01  -1.8605708e-02
   1.2208000e+01   4.7570165e-01   1.2619487e-02
   1.2224000e+01   4.7193069e-01  -2.3417929e-02
   1.2240000e+01   4.7415987e-01  -1.1291241e-02
   1.2256000e+01   4.5572504e-01  -1.6077743e-02
