   0.0000000e+00   9.5185164e-01   2.3183310e-02
   1.6000000e-02   9.3065036e-01   3.2154510e-02
   3.2000000e-02   8.8710034e-01  -2.2208028e-02
   4.8000000e-02   9.3449967e-01  -1.5067089e-02
   6.4000000e-02   9.0758183e-01   6.6738165e-03
   8.0000000e-02   9.5667952e-01   3.0080432e-02
   9.6000000e-02   9.2936403e-01   9.3438312e-03
   1.1200000e-01   9.8189965e-01  -3.0063849e-02
   1.2800000e-01   9.7200219e-01   2.9812467e-03
   1.4400000e-01   9.3310138e-01   9.5893822e-03
   1.6000000e-01   9.7078882e-01   1.5138103e-02
   1.7600000e-01   9.9998460e-01  -1.2206180e-02
   1.9200000e-01   8.9727976e-01   1.5767731e-02
   2.0800000e-01   1.0061554e+00   4.9817388e-02
   2.2400000e-01   1.0162064e+00  -2.7368921e-02
   2.4000000e-01   9.6967949e-01  -1.3279165e-02
   2.5600000e-01   9.8037091e-01   1.6766598e-02
   2.7200000e-01   1.0062685e+00  -4.6964333e-02
   2.8800000e-01   1.0071272e+00  -5.7759969e-04
   3.0400000e-01   9.9946439e-01  -1.1554323e-02
   3.2000000e-01   9.9027009e-01   9.6006614e-03
   3.3600000e-01   9.8937412e-01   2.1376018e-02
   3.5200000e-01   9.3471061e-01  -5.7307740e-03
   3.6800000e-01   1.0048053e+00  -3.4948579e-02
   3.8400000e-01   9.5995006e-01  -2.7554735e-02
   4.0000000e-01   9.4484622e-01   1.2217338e-02
   4.1600000e-01   9.7510019e-01  -3.8553531e-02
   4.3200000e-01   9.2763527e-01   8.0881198e-03
   4.4800000e-01   9.2498381e-01  -4.7889931e-03
   4.6400000e-01   9.5104166e-01   3.1887724e-02
   4.8000000e-01   9.4443970e-01  -5.5714773e-03
   4.9600000e-01   9.0156030e-01  -3.8870649e-03
   5.1200000e-01   9.0341885e-01   5.0119739e-02
   5.2800000e-01   9.2110790e-01   5.2903499e-03
   5.4400000e-01   8.8037028e-01   1.1841416e-02
   5.6000000e-01   9.0088530e-01   2.6202850e-02
   5.7600000e-01   8.4721294e-01  -2.8471751e-02
   5.9200000e-01   9.0910799e-01  -4.1999823e-02
   6.0800000e-01   8.5315858e-01  -3.4135243e-03
   6.2400000e-01   8.6107641e-01  -2.2974560e-02
   6.4000000e-01   8.5715580e-01   3.5810796e-03
   6.5600000e-01   8.8413312e-01   8.9400366e-03
   6.7200000e-01   8.6275824e-01   3.1163916e-02
   6.8800000e-01   8.2425814e-01  -1.3934450e-02
   7.0400000e-01   8.6798178e-01  -2.6488495e-03
   7.2000000e-01   8.4108275e-01   3.4173030e-02
   7.3600000e-01   8.1492943e-01   2.5154927e-02
   7.5200000e-01   7.5870543e-01   6.4740119e-03
   7.6800000e-01   8.0209360e-01   1.6250246e-03
   7.8400000e-01   8.0432234e-01   1.6387442e-03
   8.0000000e-01   7.8562662e-01  -1.5869878e-02
   8.1600000e-01   8.4994122e-01   3.0729751e-02
   8.3200000e-01   8.2537877e-01   2.9790567e-02
   8.4800000e-01   8.1206440e-01   3.4745666e-02
   8.6400000e-01   8.1891186e-01  -3.5500341e-02
   8.8000000e-01   7.4145903e-01   1.0247639e-02
   8.9600000e-01   7.7671208e-01  -1.6428687e-02
   9.1200000e-01   7.0947859e-01   4.2128921e-02
   9.2800000e-01   7.0617758e-01   5.8393339e-02
   9.4400000e-01   7.9104562e-01   7.2877149e-03
   9.6000000e-01   7.6745639e-01   5.3742902e-02
   9.7600000e-01   7.5450672e-01   1.9525644e-02
   9.9200000e-01   7.4412411e-01  -2.1297271e-02
   1.0080000e+00   7.2767158e-01  -8.6066074e-03
   1.0240000e+00   7.5224473e-01  -2.9837538e-02
   1.0400000e+00   6.9350850e-01  -1.5687788e-02
   1.0560000e+00   7.6771323e-01  -1.5595600e-02
   1.0720000e+00   7.0470178e-01  -1.9150222e-02
   1.0880000e+00   6.7886722e-01   1.7323287e-02
   1.1040000e+00   7.3443855e-01   1.5241378e-02
   1.1200000e+00   6.8424910e-01  -2.3811630e-03
   1.1360000e+00   7.4692645e-01   2.4586064e-02
   1.1520000e+00   6.9563265e-01   4.3532809e-03
   1.1680000e+00   7.1779180e-01  -5.2825150e-03
   1.1840000e+00   7.0784613e-01   1.0353177e-02
   1.2000000e+00   7.1283485e-01  -1.0802027e-02
   1.2160000e+00   7.2556654e-01  -7.8330027e-03
   1.2320000e+00   7.0323100e-01   1.8343901e-02
   1.2480000e+00   6.6903906e-01  -2.5358558e-02
   1.2640000e+00   6.8948276e-01  -3.6204737e-02
   1.2800000e+00   6.9141335e-01   3.1353161e-02
   1.2960000e+00   7.4038457e-01   1.9806331e-02
   1.3120000e+00   7.0072037e-01  -1.3561893e-02
   1.3280000e+00   6.6602166e-01   1.8257068e-02
   1.3440000e+00   7.2543254e-01  -8.9631442e-03
   1.3600000e+00   7.3395515e-01   5.4707290e-03
   1.3760000e+00   6.6705220e-01   2.7972172e-02
   1.3920000e+00   6.7733594e-01   3.7393153e-02
   1.4080000e+00   6.7996916e-01   3.6168859e-04
   1.4240000e+00   6.5459183e-01   4.5473038e-05
   1.4400000e+00   6.8034405e-01  -7.7693553e-03
   1.4560000e+00   7.2110939e-01  -4.4846396e-03
   1.4720000e+00   6.4861939e-01   4.0643300e-02
   1.4880000e+00   6.6948473e-01  -1.0285047e-02
   1.5040000e+00   6.8364381e-01   1.3191810e-02
   1.5200000e+00   7.0739773e-01   1.9893280e-02
   1.5360000e+00   6.8741590e-01  -8.8064864e-03
   1.5520000e+00   6.7803263e-01   1.0688210e-02
   1.5680000e+00   6.8692099e-01   2.2867172e-02
   1.5840000e+00   6.8302098e-01  -9.1843270e-03
   1.6000000e+00   6.8287669e-01  -5.8677308e-02
   1.6160000e+00   6.7009069e-01   1.3022936e-02
   1.6320000e+00   6.5098723e-01  -2.2385019e-02
   1.6480000e+00   6.8554182e-01  -2.2618355e-02
   1.6640000e+00   6.6094938e-01  -3.9605311e-02
   1.6800000e+00   5.9932382e-01   1.1743742e-02
   1.6960000e+00   6.7213488e-01  -2.1524616e-02
   1.7120000e+00   6.7652131e-01  -3.1749378e-02
   1.7280000e+00   6.4769178e-01   3.4155761e-03
   1.7440000e+00   6.6895045e-01   6.3742359e-02
   1.7600000e+00   6.8334217e-01  -1.6979552e-02
   1.7760000e+00   6.6159791e-01   4.1083044e-03
   1.7920000e+00   6.2579017e-01   4.1717261e-02
   1.8080000e+00   6.2347902e-01   4.1760524e-02
   1.8240000e+00   6.0372507e-01   1.9312448e-02
   1.8400000e+00   6.1554345e-01  -7.2949755e-02
   1.8560000e+00   6.5159623e-01   3.0204932e-02
   1.8720000e+00   6.6901204e-01  -3.7002816e-02
   1.8880000e+00   6.4999389e-01   2.7862010e-02
   1.9040000e+00   6.7636949e-01  -2.3560811e-02
   1.9200000e+00   6.5754563e-01  -2.6527658e-02
   1.9360000e+00   5.9957034e-01  -3.2510793e-02
   1.9520000e+00   6.4528121e-01   2.8381546e-02
   1.9680000e+00   6.0131246e-01   5.3211238e-02
   1.9840000e+00   6.1373121e-01  -1.3942504e-02
   2.0000000e+00   7.1434449e-01   1.8352555e-02
   2.0160000e+00   6.3170831e-01  -4.8443412e-03
   2.0320000e+00   6.4318141e-01   1.6088721e-02
   2.0480000e+00   6.5337380e-01  -2.5191309e-02
   2.0640000e+00   5.9802918e-01  -3.3136191e-02
   2.0800000e+00   5.8388802e-01   6.9691444e-03
   2.0960000e+00   6.4434377e-01  -2.9086035e-02
   2.1120000e+00   6.5695123e-01  -2.0346104e-04
   2.1280000e+00   6.4188945e-01   1.0157925e-02
   2.1440000e+00   6.2342722e-01  -1.7209779e-02
   2.1600000e+00   6.0440626e-01  -3.6061532e-02
   2.1760000e+00   6.1532275e-01  -8.7037703e-02
   2.1920000e+00   6.4683202e-01   1.0978879e-02
   2.2080000e+00   6.2244452e-01  -1.6588734e-02
   2.2240000e+00   6.3383700e-01   2.1630099e-03
   2.2400000e+00   6.1211319e-01  -1.6776050e-02
   2.2560000e+00   6.5559976e-01   6.4009943e-03
   2.2720000e+00   6.2263709e-01  -2.6607374e-02
   2.2880000e+00   6.3038429e-01  -2.1589278e-02
   2.3040000e+00   5.9419104e-01  -3.8266030e-02
   2.3200000e+00   6.1102706e-01  -2.0766358e-02
   2.3360000e+00   6.3688465e-01   1.8699778e-02
   2.3520000e+00   6.1465505e-01   1.3409174e-02
   2.3680000e+00   6.4623734e-01   1.9780611e-04
   2.3840000e+00   6.3760743e-01  -2.0846819e-02
   2.4000000e+00   6.1699502e-01  -1.7069925e-03
   2.4160000e+00   5.7233327e-01  -2.3033810e-02
   2.4320000e+00   6.5478822e-01  -9.8689653e-03
   2.4480000e+00   6.1032179e-01  -1.4092539e-02
   2.4640000e+00   6.3369342e-01  -1.1231908e-02
   2.4800000e+00   5.8974930e-01   3.7940282e-02
   2.4960000e+00   5.8264265e-01   1.9327069e-02
   2.5120000e+00   6.2176472e-01  -7.3061889e-02
   2.5280000e+00   6.0700644e-01  -7.9597996e-03
   2.5440000e+00   6.3500880e-01  -9.5481899e-04
   2.5600000e+00   6.6696173e-01  -5.0421531e-03
   2.5760000e+00   5.7769214e-01  -3.9117304e-02
   2.5920000e+00   6.3737326e-01   4.2358324e-02
   2.6080000e+00   6.0911770e-01  -1.1012324e-02
   2.6240000e+00   5.9569333e-01   1.7321332e-02
   2.6400000e+00   6.2977426e-01   2.0786271e-02
   2.6560000e+00   6.5304501e-01   2.7283114e-02
   2.6720000e+00   6.4967395e-01   1.0606121e-02
   2.6880000e+00   5.5848927e-01   1.8812787e-02
   2.7040000e+00   6.1087362e-01  -2.4808906e-03
   2.7200000e+00   6.2109826e-01  -2.3681068e-02
   2.7360000e+00   5.9619954e-01   1.5405985e-02
   2.7520000e+00   6.0722273e-01   3.3757089e-03
   2.7680000e+00   6.3512988e-01   6.1603917e-03
   2.7840000e+00   5.8639572e-01   4.3598352e-02
   2.8000000e+00   5.9829851e-01   4.5985901e-03
   2.8160000e+00   6.1947054e-01   3.8744232e-03
   2.8320000e+00   5.9004529e-01  -6.3846621e-03
   2.8480000e+00   6.0277468e-01   5.1457393e-02
   2.8640000e+00   5.7595027e-01  -4.0247876e-02
   2.8800000e+00   5.8360531e-01  -6.6672588e-02
   2.8960000e+00   6.7119252e-01   2.3236461e-02
   2.9120000e+00   5.9652587e-01  -5.7403728e-02
   2.9280000e+00   5.9268804e-01   3.0906873e-02
   2.9440000e+00   6.7437622e-01  -2.3709140e-02
   2.9600000e+00   5.8080513e-01   2.8600138e-02
   2.9760000e+00   6.9896760e-01   3.4044385e-02
   2.9920000e+00   6.1894705e-01  -4.0840531e-04
   3.0080000e+00   6.2657236e-01   7.7324666e-03
   3.0240000e+00   6.5151297e-01  -1.6583412e-02
   3.0400000e+00   6.2864711e-01  -2.2982407e-02
   3.0560000e+00   5.8391023e-01  -2.1357241e-02
   3.0720000e+00   6.0006871e-01  -3.4308199e-03
   3.0880000e+00   6.1592864e-01  -2.0101996e-02
   3.1040000e+00   5.8253386e-01  -4.7066432e-03
   3.1200000e+00   5.8234370e-01   5.3986662e-02
   3.1360000e+00   6.5235006e-01  -8.4647620e-03
   3.1520000e+00   5.9667666e-01   7.7632580e-03
   3.1680000e+00   5.8525692e-01  -2.2909247e-02
   3.1840000e+00   6.4016882e-01   2.3468443e-02
   3.2000000e+00   6.1415829e-01  -5.6655219e-02
   3.2160000e+00   6.3164695e-01  -4.5043734e-02
   3.2320000e+00   6.1681395e-01   2.3642300e-02
   3.2480000e+00   6.4580558e-01   1.3220534e-02
   3.2640000e+00   6.0092661e-01   2.7429678e-02
   3.2800000e+00   6.0801160e-01  -3.2766479e-02
   3.2960000e+00   5.8463584e-01  -1.8694412e-02
   3.3120000e+00   6.4331696e-01   1.4375099e-02
   3.3280000e+00   5.8655364e-01   3.3827644e-02
   3.3440000e+00   6.3004178e-01  -1.3498542e-02
   3.3600000e+00   6.0069543e-01  -4.8816512e-03
   3.3760000e+00   5.9899672e-01  -2.7690564e-02
   3.3920000e+00   5.9193177e-01  -1.1428189e-02
   3.4080000e+00   5.9894470e-01  -7.7162116e-03
   3.4240000e+00   6.1432429e-01   1.3836420e-02
   3.4400000e+00   5.8724425e-01   5.7848037e-03
   3.4560000e+00   6.1070899e-01  -1.3175785e-02
   3.4720000e+00   5.5656541e-01   2.6707947e-02
   3.4880000e+00   6.4238010e-01  -1.1960827e-03
   3.5040000e+00   6.1202723e-01  -8.4607716e-03
   3.5200000e+00   6.3066727e-01   2.7593072e-03
   3.5360000e+00   6.4308776e-01  -1.4295818e-02
   3.5520000e+00   6.6403978e-01  -1.9866272e-02
   3.5680000e+00   6.5912345e-01  -1.5988340e-02
   3.5840000e+00   6.1709910e-01  -1.9759186e-02
   3.6000000e+00   5.7869142e-01  -1.3870811e-02
   3.6160000e+00   6.6702465e-01  -1.6670418e-02
   3.6320000e+00   6.1231346e-01  -3.2812587e-02
   3.6480000e+00   6.2581800e-01  -6.5411071e-03
   3.6640000e+00   6.0778756e-01   1.5078730e-02
   3.6800000e+00   6.1879488e-01  -4.9562376e-03
   3.6960000e+00   6.3863246e-01   2.2120123e-02
   3.7120000e+00   5.8800081e-01   1.7127558e-02
   3.7280000e+00   6.4083682e-01   1.8788205e-02
   3.7440000e+00   6.1507254e-01  -2.6122718e-02
   3.7600000e+00   5.8358455e-01  -6.1640975e-03
   3.7760000e+00   5.9842522e-01   2.7982252e-02
   3.7920000e+00   6.0290707e-01   1.5512492e-02
   3.8080000e+00   6.3705463e-01   1.8733060e-02
   3.8240000e+00   6.5730972e-01   7.9385643e-03
   3.8400000e+00   6.3569720e-01   2.0378813e-02
   3.8560000e+00   6.2470803e-01   1.2545176e-02
   3.8720000e+00   6.0708508e-01  -2.0080843e-02
   3.8880000e+00   5.9174370e-01  -1.3003597e-02
   3.9040000e+00   6.2022794e-01  -1.4263779e-02
   3.9200000e+00   6.0109865e-01  -1.5620069e-02
   3.9360000e+00   6.5205169e-01  -6.1883552e-03
   3.9520000e+00   6.4679655e-01   2.7016354e-02
   3.9680000e+00   6.1256800e-01  -5.5622250e-02
   3.9840000e+00   6.4037102e-01  -3.1886205e-02
   4.0000000e+00   6.0432353e-01  -1.1280120e-03
   4.0160000e+00   6.7230908e-01   2.9724653e-02
   4.0320000e+00   6.0361317e-01   3.0531292e-02
   4.0480000e+00   6.0297605e-01  -1.9601517e-02
   4.0640000e+00   6.1347589e-01   3.0422337e-02
   4.0800000e+00   6.5546937e-01   2.7353597e-02
   4.0960000e+00   6.2538801e-01   1.9175967e-02
   4.1120000e+00   6.0687389e-01   6.2633628e-03
   4.1280000e+00   6.7148493e-01  -6.3644205e-03
   4.1440000e+00   6.0692528e-01  -1.3022404e-02
   4.1600000e+00   5.8800020e-01   7.9799277e-03
   4.1760000e+00   5.9641518e-01   3.6039437e-02
   4.1920000e+00   6.1425131e-01  -2.5746246e-02
   4.2080000e+00   6.4316913e-01   9.3592398e-03
   4.2240000e+00   6.2349937e-01  -5.9337792e-02
   4.2400000e+00   6.3051047e-01  -9.4523556e-03
   4.2560000e+00   6.0422057e-01   6.6433706e-03
   4.2720000e+00   6.3213641e-01  -1.8976601e-02
   4.2880000e+00   5.8336849e-01   2.6351914e-02
   4.3040000e+00   6.3840619e-01   1.6882596e-03
   4.3200000e+00   6.3313266e-01   4.7465717e-02
   4.3360000e+00   6.0331573e-01  -1.7390866e-02
   4.3520000e+00   6.1777871e-01  -1.9371656e-02
   4.3680000e+00   6.2628981e-01  -4.6975866e-02
   4.3840000e+00   6.4328736e-01  -3.2506575e-02
   4.4000000e+00   5.9338166e-01   1.6004686e-02
   4.4160000e+00   6.1174269e-01  -6.2411106e-02
   4.4320000e+00   6.2025570e-01  -8.3610709e-02
   4.4480000e+00   6.4562521e-01   2.9048887e-03
   4.4640000e+00   5.7290688e-01  -8.3756791e-03
   4.4800000e+00   6.3722013e-01  -1.7427353e-02
   4.4960000e+00   6.1773563e-01  -1.0880842e-02
   4.5120000e+00   5.9952712e-01  -1.8432296e-02
   4.5280000e+00   5.8011556e-01   6.8107049e-02
   4.5440000e+00   5.7540102e-01  -3.9661507e-02
   4.5600000e+00   6.2136481e-01   4.2229321e-03
   4.5760000e+00   5.9446562e-01   2.8363694e-02
   4.5920000e+00   5.9635146e-01   4.8108846e-02
   4.6080000e+00   6.2736641e-01  -2.1206266e-02
   4.6240000e+00   6.1003561e-01   3.8510377e-03
   4.6400000e+00   5.8585655e-01   3.9449739e-03
   4.6560000e+00   6.0656157e-01   1.0739303e-02
   4.6720000e+00   5.6551649e-01   1.1129379e-02
   4.6880000e+00   6.3281654e-01  -1.3652710e-02
   4.7040000e+00   6.3590341e-01  -1.3570990e-02
   4.7200000e+00   6.3107185e-01  -3.9512936e-02
   4.7360000e+00   5.3782145e-01  -7.2987346e-03
   4.7520000e+00   5.9100920e-01  -7.8797645e-02
   4.7680000e+00   5.9567064e-01  -1.5985225e-02
   4.7840000e+00   5.7765479e-01  -3.7639889e-03
   4.8000000e+00   5.9122672e-01  -2.3795211e-02
   4.8160000e+00   5.8610381e-01   5.1082044e-03
   4.8320000e+00   5.6594000e-01  -1.3227084e-02
   4.8480000e+00   6.1498436e-01  -2.1005949e-02
   4.8640000e+00   6.1118956e-01  -2.7781260e-03
   4.8800000e+00   6.2593020e-01  -1.9713342e-02
   4.8960000e+00   6.0831089e-01  -2.1473316e-02
   4.9120000e+00   6.3744071e-01  -7.3354095e-03
   4.9280000e+00   6.1320561e-01  -1.8301104e-02
   4.9440000e+00   6.0963809e-01  -2.3247659e-02
   4.9600000e+00   6.3241758e-01   1.5377976e-02
   4.9760000e+00   5.7363885e-01  -2.9177773e-02
   4.9920000e+00   6.2678836e-01   4.4130695e-02
   5.0080000e+00   6.1392837e-01   8.4508392e-03
   5.0240000e+00   5.7156540e-01   6.4062945e-03
   5.0400000e+00   5.9334182e-01  -3.4843393e-02
   5.0560000e+00   6.0630284e-01  -8.6530347e-03
   5.0720000e+00   6.3929670e-01   1.5902947e-03
   5.0880000e+00   6.1089688e-01   2.1523448e-02
   5.1040000e+00   5.8979296e-01  -4.4751702e-03
   5.1200000e+00   5.6798207e-01   4.7801739e-02
   5.1360000e+00   6.1470700e-01  -1.9206266e-02
   5.1520000e+00   6.0023793e-01  -1.5586979e-02
   5.1680000e+00   5.4948087e-01  -4.3691975e-03
   5.1840000e+00   5.5998669e-01  -1.2233754e-02
   5.2000000e+00   5.9694304e-01  -1.3201640e-03
   5.2160000e+00   6.0384227e-01  -1.5617009e-02
   5.2320000e+00   5.8264398e-01  -1.9251642e-02
   5.2480000e+00   6.4596046e-01  -9.0152409e-04
   5.2640000e+00   5.6783131e-01   2.7954060e-03
   5.2800000e+00   6.5363619e-01   7.4213532e-03
   5.2960000e+00   5.5231403e-01  -2.8882740e-02
   5.3120000e+00   6.3580304e-01  -2.9116524e-02
   5.3280000e+00   5.9324694e-01   1.3732908e-02
   5.3440000e+00   5.7792790e-01   3.4037913e-02
   5.3600000e+00   5.9685595e-01   3.9753135e-02
   5.3760000e+00   6.2585138e-01  -1.9853853e-02
   5.3920000e+00   5.9537220e-01  -3.9911880e-02
   5.4080000e+00   5.3818884e-01   2.8739940e-02
   5.4240000e+00   5.9342537e-01  -3.3840177e-02
   5.4400000e+00   6.3024128e-01   5.2598848e-02
   5.4560000e+00   5.5905554e-01  -1.1274253e-02
   5.4720000e+00   6.4189247e-01   2.2109088e-02
   5.4880000e+00   5.7223531e-01   1.4680173e-02
   5.5040000e+00   5.4847978e-01  -8.1674522e-03
   5.5200000e+00   6.2482376e-01  -4.8404672e-02
   5.5360000e+00   5.4215980e-01   1.3747217e-02
   5.5520000e+00   5.7276435e-01  -5.4795807e-03
   5.5680000e+00   6.1797790e-01   3.1724937e-03
   5.5840000e+00   6.1555815e-01  -5.1782489e-02
   5.6000000e+00   5.4989063e-01  -4.4980710e-02
   5.6160000e+00   5.7906382e-01   9.5592914e-03
   5.6320000e+00   5.7312480e-01   7.4434472e-02
   5.6480000e+00   5.9097708e-01  -4.0225341e-02
   5.6640000e+00   6.1383669e-01  -5.0701958e-02
   5.6800000e+00   5.4814523e-01  -1.5107263e-02
   5.6960000e+00   6.1023197e-01   1.6592473e-02
   5.7120000e+00   6.2630558e-01   3.5326225e-03
   5.7280000e+00   6.2679879e-01   2.5768303e-02
   5.7440000e+00   5.6074984e-01  -2.2042605e-02
   5.7600000e+00   6.4580903e-01   3.3493677e-03
   5.7760000e+00   5.8364479e-01  -9.2768375e-05
   5.7920000e+00   6.1800856e-01  -2.6905231e-02
   5.8080000e+00   6.0824446e-01   4.6402828e-02
   5.8240000e+00   6.4308357e-01  -2.1404780e-02
   5.8400000e+00   6.1136710e-01  -3.6775208e-04
   5.8560000e+00   6.5173059e-01  -9.8465747e-03
   5.8720000e+00   5.9674658e-01  -1.4832190e-02
   5.8880000e+00   5.8462039e-01  -2.9486900e-02
   5.9040000e+00   5.5787780e-01   3.5557350e-02
   5.9200000e+00   6.4309530e-01   5.2458847e-03
   5.9360000e+00   5.7443266e-01  -1.3133705e-02
   5.9520000e+00   5.8029912e-01   8.1547159e-04
   5.9680000e+00   5.6985042e-01   2.5975734e-02
   5.9840000e+00   5.5252779e-01  -2.7692616e-02
   6.0000000e+00   6.2308303e-01  -3.0493706e-02
   6.0160000e+00   5.3515347e-01  -1.3568151e-02
   6.0320000e+00   6.1351752e-01  -7.0106141e-03
   6.0480000e+00   6.1327084e-01  -2.7864040e-02
   6.0640000e+00   5.5074356e-01   8.1847364e-02
   6.0800000e+00   5.7173485e-01   2.0377687e-02
   6.0960000e+00   6.0460441e-01   3.3929761e-02
   6.1120000e+00   6.0827960e-01   4.1180245e-03
   6.1280000e+00   6.0701381e-01   6.6197837e-03
   6.1440000e+00   6.1323692e-01   1.6508962e-02
   6.1600000e+00   5.7152799e-01   2.1480188e-02
   6.1760000e+00   5.9116455e-01   1.6664583e-02
   6.1920000e+00   5.7430600e-01   7.3886247e-03
   6.2080000e+00   5.7003687e-01   2.8376655e-03
   6.2240000e+00   5.9092367e-01  -4.1481604e-02
   6.2400000e+00   6.3694142e-01   8.9706187e-03
   6.2560000e+00   5.4933303e-01   2.1382681e-02
   6.2720000e+00   5.8507530e-01  -4.7404490e-02
   6.2880000e+00   5.8226088e-01  -6.6503117e-03
   6.3040000e+00   5.7950482e-01  -1.5162316e-02
   6.3200000e+00   5.9050984e-01  -1.2773819e-02
   6.3360000e+00   6.0048717e-01  -1.2848939e-02
   6.3520000e+00   5.4240171e-01   2.0613829e-02
   6.3680000e+00   5.9004817e-01  -8.9173764e-03
   6.3840000e+00   5.8564989e-01   3.2422275e-02
   6.4000000e+00   5.4656742e-01   4.1693737e-02
   6.4160000e+00   6.1344048e-01   4.2625814e-02
   6.4320000e+00   5.6784900e-01  -3.3001806e-02
   6.4480000e+00   5.9777495e-01   1.4288063e-03
   6.4640000e+00   5.7003344e-01   2.7454334e-03
   6.4800000e+00   5.6445072e-01  -2.5781311e-02
   6.4960000e+00   5.8778005e-01   9.9639038e-03
   6.5120000e+00   6.3978264e-01  -1.1856136e-02
   6.5280000e+00   6.0733055e-01  -1.0575975e-02
   6.5440000e+00   5.9072407e-01  -3.7395119e-02
   6.5600000e+00   6.0090949e-01   1.9913668e-02
   6.5760000e+00   5.9970570e-01  -3.3269348e-02
   6.5920000e+00   6.2763998e-01   1.7080479e-02
   6.6080000e+00   5.8437731e-01  -1.1511642e-02
   6.6240000e+00   5.9703795e-01  -5.6528791e-02
   6.6400000e+00   5.7692730e-01   1.0040554e-02
   6.6560000e+00   6.0663310e-01   2.7643288e-02
   6.6720000e+00   5.4554933e-01   4.3399071e-02
   6.6880000e+00   5.9481944e-01   2.1532689e-03
   6.7040000e+00   5.9129409e-01   4.0111572e-02
   6.7200000e+00   5.8620594e-01  -3.0069674e-02
   6.7360000e+00   6.1805651e-01   1.5417558e-02
   6.7520000e+00   5.8818165e-01   5.0493543e-02
   6.7680000e+00   5.7012760e-01   1.2262619e-02
   6.7840000e+00   6.0778975e-01  -2.4426791e-02
   6.8000000e+00   5.7764841e-01   2.7906314e-03
   6.8160000e+00   5.4171706e-01   9.1697119e-03
   6.8320000e+00   6.1969084e-01   3.2935932e-02
   6.8480000e+00   5.8215015e-01   4.0753706e-03
   6.8640000e+00   5.3537637e-01  -2.0382591e-02
   6.8800000e+00   5.7443080e-01  -2.4147721e-03
   6.8960000e+00   5.9131199e-01  -3.3690874e-02
   6.9120000e+00   5.4932972e-01   1.2464538e-02
   6.9280000e+00   5.7275032e-01  -2.6290641e-02
   6.9440000e+00   5.4214985e-01  -7.8804527e-03
   6.9600000e+00   5.7104765e-01  -3.5231377e-02
   6.9760000e+00   5.7401133e-01   8.5712493e-03
   6.9920000e+00   5.8338066e-01  -2.5942772e-03
   7.0080000e+00   6.1198144e-01  -1.1485545e-02
   7.0240000e+00   6.1379362e-01   5.5635433e-02
   7.0400000e+00   5.2865094e-01  -1.3834582e-03
   7.0560000e+00   5.1481006e-01   4.7924786e-02
   7.0720000e+00   5.8433620e-01   4.4030177e-02
   7.0880000e+00   5.5637095e-01   3.4321088e-02
   7.1040000e+00   5.5729374e-01   1.6316947e-02
   7.1200000e+00   5.7938399e-01   5.9288174e-02
   7.1360000e+00   6.1378421e-01   2.4512964e-02
   7.1520000e+00   5.8923536e-01  -6.0542682e-02
   7.1680000e+00   6.1328908e-01  -5.7690345e-02
   7.1840000e+00   5.8597439e-01   2.7035367e-02
   7.2000000e+00   5.9030919e-01   4.6744510e-02
   7.2160000e+00   5.5307365e-01  -3.4675655e-02
   7.2320000e+00   5.7104799e-01   2.7038934e-02
   7.2480000e+00   5.8130669e-01  -4.1659911e-02
   7.2640000e+00   5.2295849e-01  -1.1909786e-02
   7.2800000e+00   5.5785167e-01  -3.3727554e-02
   7.2960000e+00   5.6672713e-01  -2.9780898e-02
   7.3120000e+00   6.0283706e-01  -8.9050742e-03
   7.3280000e+00   5.8867373e-01  -4.3366091e-03
   7.3440000e+00   5.5418984e-01   6.3835885e-03
   7.3600000e+00   5.8187242e-01  -1.6644212e-02
   7.3760000e+00   6.0762132e-01  -4.0976784e-02
   7.3920000e+00   5.3845870e-01  -3.3566688e-02
   7.4080000e+00   5.8623567e-01   3.6816870e-02
   7.4240000e+00   5.2101965e-01  -1.1470019e-02
   7.4400000e+00   6.1289282e-01  -1.0157952e-02
   7.4560000e+00   5.9102334e-01   4.6636626e-02
   7.4720000e+00   6.1463911e-01  -3.4935799e-02
   7.4880000e+00   5.4115690e-01  -1.7036888e-02
   7.5040000e+00   6.0487812e-01   3.5831414e-02
   7.5200000e+00   5.6813797e-01  -6.0716730e-02
   7.5360000e+00   5.8031114e-01   1.8924215e-02
   7.5520000e+00   6.0731865e-01  -4.0666401e-02
   7.5680000e+00   5.5991905e-01  -2.4825471e-02
   7.5840000e+00   5.9534452e-01  -3.9662121e-02
   7.6000000e+00   6.1628966e-01  -3.9785259e-03
   7.6160000e+00   5.9983859e-01  -8.2662226e-03
   7.6320000e+00   5.8906486e-01   2.0012061e-02
   7.6480000e+00   5.8044698e-01  -1.2007075e-03
   7.6640000e+00   5.8714370e-01  -2.9384696e-03
   7.6800000e+00   5.6083282e-01   1.3146894e-02
   7.6960000e+00   5.5001645e-01   2.3381142e-02
   7.7120000e+00   5.8692945e-01   1.7701106e-02
   7.7280000e+00   5.1827180e-01   5.0051009e-02
   7.7440000e+00   5.9527165e-01  -1.9953997e-02
   7.7600000e+00   5.9084825e-01  -2.3393001e-02
   7.7760000e+00   5.4889328e-01   1.8077397e-02
   7.7920000e+00   5.7355941e-01  -1.5814284e-02
   7.8080000e+00   5.7895484e-01   2.7740595e-02
   7.8240000e+00   5.6965534e-01  -1.4402381e-02
   7.8400000e+00   6.0736675e-01   3.7901584e-02
   7.8560000e+00   5.6528423e-01  -2.7396840e-02
   7.8720000e+00   5.4917687e-01   2.2379679e-02
   7.8880000e+00   5.9049944e-01   1.7618247e-02
   7.9040000e+00   5.5539101e-01  -4.5193673e-03
   7.9200000e+00   5.2744592e-01  -3.1575492e-03
   7.9360000e+00   5.4046128e-01  -9.9184842e-03
   7.9520000e+00   5.3698468e-01  -2.1116857e-02
   7.9680000e+00   5.7642456e-01  -4.7766357e-02
   7.9840000e+00   5.9310946e-01  -2.0987408e-03
   8.0000000e+00   5.9037906e-01  -1.2251090e-02
   8.0160000e+00   5.3662271e-01   1.5852112e-02
   8.0320000e+00   5.7287663e-01  -4.0046331e-02
   8.0480000e+00   5.9211231e-01  -1.1712725e-02
   8.0640000e+00   5.4969805e-01   9.4319570e-03
   8.0800000e+00   5.5729081e-01   5.5246540e-02
   8.0960000e+00   5.5385271e-01   2.7291333e-02
   8.1120000e+00   5.8229414e-01   2.6961231e-02
   8.1280000e+00   5.4376952e-01   1.3187019e-03
   8.1440000e+00   6.0431747e-01   2.0501006e-02
   8.1600000e+00   5.6480051e-01   2.7617993e-02
   8.1760000e+00   5.3829873e-01   5.0808386e-02
   8.1920000e+00   5.6623149e-01   3.1672307e-02
   8.2080000e+00   5.1856062e-01  -3.7436283e-02
   8.2240000e+00   5.9491510e-01  -3.2443544e-02
   8.2400000e+00   5.0388187e-01   1.8235903e-02
   8.2560000e+00   5.6270255e-01  -3.7489895e-02
   8.2720000e+00   5.5951379e-01  -2.8850541e-02
   8.2880000e+00   5.6322140e-01  -9.7332514e-03
   8.3040000e+00   5.9087704e-01   4.4854953e-02
   8.3200000e+00   5.3533890e-01   1.3734924e-02
   8.3360000e+00   5.4664761e-01  -2.2305485e-02
   8.3520000e+00   5.4039705e-01  -4.2215495e-02
   8.3680000e+00   5.4836773e-01   3.2960322e-02
   8.3840000e+00   5.7414220e-01  -5.8804154e-03
   8.4000000e+00   5.8713739e-01   2.7603554e-02
   8.4160000e+00   5.7124391e-01  -1.5430618e-02
   8.4320000e+00   5.4823795e-01  -2.3861784e-02
   8.4480000e+00   6.1262515e-01   5.3235568e-03
   8.4640000e+00   5.5046898e-01   1.3861209e-03
   8.4800000e+00   5.5945050e-01   5.5038755e-02
   8.4960000e+00   5.9482763e-01  -3.9384814e-02
   8.5120000e+00   5.8260338e-01  -4.4499176e-02
   8.5280000e+00   5.2250820e-01   2.3309826e-02
   8.5440000e+00   5.6710911e-01  -2.7216108e-02
   8.5600000e+00   5.6211768e-01   1.8533494e-02
   8.5760000e+00   5.7185848e-01  -4.8667561e-02
   8.5920000e+00   5.5707410e-01  -8.0901565e-03
   8.6080000e+00   5.6290590e-01   2.8078850e-03
   8.6240000e+00   5.2902565e-01  -1.2206801e-02
   8.6400000e+00   5.5238620e-01  -2.3420533e-02
   8.6560000e+00   5.2319532e-01  -4.6627451e-02
   8.6720000e+00   5.1973785e-01   3.2301056e-02
   8.6880000e+00   5.4116997e-01  -4.0032990e-02
   8.7040000e+00   5.8421606e-01  -1.5370702e-03
   8.7200000e+00   5.5045856e-01  -2.2893390e-02
   8.7360000e+00   5.3022923e-01  -2.4235274e-02
   8.7520000e+00   6.0919040e-01  -3.0588503e-03
   8.7680000e+00   5.3067479e-01  -2.2759742e-02
   8.7840000e+00   5.2068204e-01  -4.4155964e-03
   8.8000000e+00   5.5044784e-01  -7.7587633e-03
   8.8160000e+00   5.3929191e-01  -2.1228594e-02
   8.8320000e+00   5.3606689e-01  -1.3646846e-02
   8.8480000e+00   5.3963618e-01  -2.7051378e-02
   8.8640000e+00   5.6091515e-01  -1.9310640e-02
   8.8800000e+00   5.6839942e-01   1.9279788e-02
   8.8960000e+00   5.7940784e-01   1.4563711e-02
   8.9120000e+00   5.3237435e-01   2.2159763e-03
   8.9280000e+00   5.4331237e-01  -3.4456161e-02
   8.9440000e+00   5.0732602e-01   1.6721012e-02
   8.9600000e+00   5.5144833e-01  -2.7151872e-02
   8.9760000e+00   5.5648178e-01   2.6999953e-02
   8.9920000e+00   5.3727959e-01  -3.4802435e-03
   9.0080000e+00   5.2494213e-01   1.8149204e-04
   9.0240000e+00   5.3618858e-01  -4.7335016e-02
   9.0400000e+00   5.7095870e-01  -4.1621493e-03
   9.0560000e+00   4.9551356e-01   6.0473123e-02
   9.0720000e+00   5.8163355e-01   1.8821514e-03
   9.0880000e+00   5.8680890e-01  -2.9582053e-02
   9.1040000e+00   5.8934417e-01  -2.0024401e-02
   9.1200000e+00   5.6715773e-01  -5.6181088e-02
   9.1360000e+00   5.4951256e-01   3.2861522e-02
   9.1520000e+00   5.4544746e-01   1.8048940e-02
   9.1680000e+00   5.9085953e-01  -2.0839268e-02
   9.1840000e+00   5.6292653e-01   2.4991196e-02
   9.2000000e+00   5.4360215e-01   2.4825307e-02
   9.2160000e+00   5.7950295e-01   3.5001849e-02
   9.2320000e+00   5.1443871e-01  -3.3586272e-02
   9.2480000e+00   5.1213413e-01  -4.8417251e-03
   9.2640000e+00   4.6804874e-01   4.4764764e-03
   9.2800000e+00   5.2653885e-01  -2.9167738e-02
   9.2960000e+00   5.6667887e-01  -2.9726525e-02
   9.3120000e+00   5.3786764e-01  -4.8429394e-02
   9.3280000e+00   5.5683195e-01   6.9217882e-03
   9.3440000e+00   5.6923516e-01  -1.7947955e-02
   9.3600000e+00   5.4069827e-01  -1.4980905e-03
   9.3760000e+00   5.2893188e-01   1.6703127e-02
   9.3920000e+00   5.7693614e-01   5.1383455e-05
   9.4080000e+00   5.2767548e-01  -1.3666236e-03
   9.4240000e+00   5.5933462e-01   1.9370850e-02
   9.4400000e+00   5.1164820e-01   1.1319202e-02
   9.4560000e+00   5.3431359e-01   1.9850348e-02
   9.4720000e+00   5.6187658e-01   3.5510309e-03
   9.4880000e+00   5.7240835e-01   2.7798848e-02
   9.5040000e+00   5.4140782e-01  -5.1520067e-03
   9.5200000e+00   5.5029562e-01   2.5421359e-02
   9.5360000e+00   5.7986065e-01  -5.8385452e-02
   9.5520000e+00   5.0779375e-01   1.4973457e-02
   9.5680000e+00   5.0858322e-01  -1.3166209e-02
   9.5840000e+00   5.0999360e-01  -2.5999263e-02
   9.6000000e+00   5.2353352e-01   4.7646308e-03
   9.6160000e+00   5.6053287e-01  -2.7587459e-02
   9.6320000e+00   5.1448504e-01  -6.9645723e-03
   9.6480000e+00   5.8854935e-01  -1.9228418e-02
   9.6640000e+00   5.2767599e-01   4.6048452e-02
   9.6800000e+00   5.3051298e-01   4.2844875e-02
   9.6960000e+00   5.6115579e-01  -3.3017741e-02
   9.7120000e+00   5.7320022e-01   2.2694801e-02
   9.7280000e+00   5.3904961e-01   8.2871836e-03
   9.7440000e+00   5.2967502e-01   4.1661252e-02
   9.7600000e+00   4.9100668e-01  -3.1763677e-02
   9.7760000e+00   4.7095988e-01   1.9738083e-02
   9.7920000e+00   5.6269781e-01  -1.5819438e-02
   9.8080000e+00   5.5026756e-01  -4.1086646e-03
   9.8240000e+00   5.2495517e-01   3.4805061e-02
   9.8400000e+00   5.4740363e-01   5.5770984e-03
   9.8560000e+00   5.1259772e-01   1.4339713e-02
   9.8720000e+00   5.2891002e-01  -2.5874159e-03
   9.8880000e+00   5.4015386e-01  -1.0865052e-02
   9.9040000e+00   5.7215749e-01  -1.6117481e-02
   9.9200000e+00   5.2736227e-01  -2.4571799e-02
   9.9360000e+00   5.5031761e-01  -5.1357618e-02
   9.9520000e+00   5.1061358e-01   2.2845037e-02
   9.9680000e+00   5.1759876e-01  -2.6171881e-02
   9.9840000e+00   5.5553835e-01   3.4531302e-02
   1.0000000e+01   5.0816849e-01   5.9537319e-02
   1.0016000e+01   5.0686859e-01   4.3891103e-02
   1.0032000e+01   5.0284122e-01  -1.1882936e-02
   1.0048000e+01   5.3946499e-01   1.6998729e-02
   1.0064000e+01   5.1219686e-01   3.7429333e-02
   1.0080000e+01   5.1904349e-01  -2.2297867e-02
   1.0096000e+01   5.5353687e-01   2.1812632e-02
   1.0112000e+01   5.2546024e-01   4.3646400e-02
   1.0128000e+01   4.9896337e-01  -6.2865508e-02
   1.0144000e+01   5.3338425e-01   2.4763186e-02
   1.0160000e+01   4.5739022e-01  -2.2157705e-02
   1.0176000e+01   5.5642993e-01  -6.3347114e-03
   1.0192000e+01   5.0752533e-01  -2.3423309e-02
   1.0208000e+01   4.9444426e-01  -6.3338105e-03
   1.0224000e+01   4.7573589e-01   3.9702783e-02
   1.0240000e+01   5.2303376e-01   4.0221965e-02
   1.0256000e+01   5.1831137e-01  -2.6516603e-02
   1.0272000e+01   5.0530089e-01   2.0815722e-02
   1.0288000e+01   5.6821993e-01  -9.3645198e-03
   1.0304000e+01   4.9229680e-01  -1.5621887e-02
   1.0320000e+01   5.1177681e-01   2.3509844e-02
   1.0336000e+01   5.5590521e-01   1.0440370e-02
   1.0352000e+01   5.2066288e-01   1.6366988e-02
   1.0368000e+01   5.4273982e-01   3.5035306e-02
   1.0384000e+01   5.5398347e-01   4.6301090e-02
   1.0400000e+01   5.1824366e-01  -8.3270636e-03
   1.0416000e+01   5.6242093e-01   1.4558100e-02
   1.0432000e+01   5.3481167e-01  -5.2157852e-02
   1.0448000e+01   5.3431519e-01   2.8607598e-02
   1.0464000e+01   4.9137976e-01  -2.4736963e-02
   1.0480000e+01   5.1610775e-01   6.3520898e-02
   1.0496000e+01   5.6242025e-01   1.4889067e-03
   1.0512000e+01   5.2592987e-01   2.7511687e-02
   1.0528000e+01   5.1847962e-01   2.8429171e-02
   1.0544000e+01   4.9774094e-01  -2.1374540e-02
   1.0560000e+01   5.1581903e-01  -2.2131927e-02
   1.0576000e+01   5.3682011e-01   1.4092110e-03
   1.0592000e+01   5.1337162e-01   7.4570012e-03
   1.0608000e+01   5.4103488e-01   3.2613361e-02
   1.0624000e+01   5.2405266e-01   3.4219414e-02
   1.0640000e+01   5.5477959e-01   2.3421313e-03
   1.0656000e+01   5.5285396e-01   3.5947028e-02
   1.0672000e+01   5.0073671e-01   2.3832609e-03
   1.0688000e+01   5.6121940e-01  -2.9177562e-02
   1.0704000e+01   5.3166464e-01  -2.4279579e-03
   1.0720000e+01   5.2506873e-01   4.1672577e-02
   1.0736000e+01   5.1313430e-01   1.1585333e-02
   1.0752000e+01   5.3571511e-01  -3.6394785e-02
   1.0768000e+01   5.4700546e-01  -7.5546183e-04
   1.0784000e+01   5.3835350e-01   3.1404533e-03
   1.0800000e+01   5.0486312e-01  -3.8254592e-03
   1.0816000e+01   5.4894522e-01   4.0005431e-02
   1.0832000e+01   5.0129355e-01  -2.2837721e-02
   1.0848000e+01   5.0720049e-01  -2.4198416e-02
   1.0864000e+01   5.1136245e-01   2.1237023e-02
   1.0880000e+01   5.1668245e-01   7.3201889e-03
   1.0896000e+01   5.2704679e-01  -2.5492407e-02
   1.0912000e+01   5.2806456e-01   1.3922457e-02
   1.0928000e+01   4.9250870e-01   4.6508470e-02
   1.0944000e+01   4.7584773e-01   4.3836785e-02
   1.0960000e+01   5.2963619e-01   4.7706881e-02
   1.0976000e+01   5.1486426e-01  -1.7411979e-02
   1.0992000e+01   5.1252584e-01  -1.0603859e-02
   1.1008000e+01   5.0408851e-01  -3.5820049e-02
   1.1024000e+01   5.4430112e-01  -4.7786716e-02
   1.1040000e+01   4.8623564e-01   5.1673877e-02
   1.1056000e+01   5.4356245e-01  -1.1172202e-02
   1.1072000e+01   5.3863065e-01  -2.9241648e-02
   1.1088000e+01   4.8840182e-01  -8.7338014e-03
   1.1104000e+01   5.1213207e-01  -5.0535514e-03
   1.1120000e+01   5.2173916e-01   3.0854423e-02
   1.1136000e+01   5.1278315e-01  -5.7816692e-03
   1.1152000e+01   4.6482498e-01   3.0884462e-03
   1.1168000e+01   5.2547994e-01   9.7734635e-03
   1.1184000e+01   5.3124067e-01  -1.5242891e-02
   1.1200000e+01   5.5406653e-01  -2.7776113e-03
   1.1216000e+01   5.1143321e-01   1.3622443e-02
   1.1232000e+01   5.7853962e-01   7.6929081e-03
   1.1248000e+01   5.2016604e-01  -2.8185713e-03
   1.1264000e+01   4.9545905e-01   2.4303369e-02
   1.1280000e+01   5.2997574e-01  -1.1810761e-02
   1.1296000e+01   5.0493753e-01  -1.3202470e-02
   1.1312000e+01   5.1783207e-01  -2.3516003e-02
   1.1328000e+01   5.4417163e-01  -2.7425651e-02
   1.1344000e+01   5.0356227e-01   6.6876972e-03
   1.1360000e+01   5.3713352e-01  -2.6354917e-02
   1.1376000e+01   5.5807752e-01  -3.2634497e-02
   1.1392000e+01   5.1422281e-01   5.3501027e-03
   1.1408000e+01   5.2277784e-01   3.4352413e-03
   1.1424000e+01   4.9661094e-01   3.0544850e-02
   1.1440000e+01   5.0113832e-01  -3.5640129e-02
   1.1456000e+01   4.7347517e-01   1.6053515e-02
   1.1472000e+01   5.1874514e-01  -4.7595036e-02
   1.1488000e+01   5.0759393e-01  -2.4689255e-02
   1.1504000e+01   4.6816073e-01   1.3001167e-02
   1.1520000e+01   5.0246732e-01   3.9225095e-03
   1.1536000e+01   4.9425295e-01   4.8047068e-03
   1.1552000e+01   4.6933665e-01  -5.5688973e-02
   1.1568000e+01   5.0795787e-01   2.8641274e-02
   1.1584000e+01   5.4382355e-01  -1.5430030e-02
   1.1600000e+01   5.0374880e-01   9.6683926e-03
   1.1616000e+01   4.7341106e-01  -1.5645749e-02
   1.1632000e+01   4.9530411e-01   6.4733824e-03
   1.1648000e+01   5.0961498e-01  -2.0978846e-02
   1.1664000e+01   5.1024259e-01  -3.7433375e-02
   1.1680000e+01   5.3818723e-01  -1.7852812e-02
   1.1696000e+01   5.1099457e-01   2.3852794e-04
   1.1712000e+01   5.1561763e-01  -6.0037544e-03
   1.1728000e+01   5.2835451e-01  -4.4925472e-02
   1.1744000e+01   5.1142992e-01  -1.2360801e-02
   1.1760000e+01   5.2441018e-01   1.1794418e-02
   1.1776000e+01   5.1168675e-01  -3.6085644e-02
   1.1792000e+01   5.0325923e-01   1.5844802e-02
   1.1808000e+01   5.8336651e-01  -4.4060068e-03
   1.1824000e+01   5.5421106e-01   3.3856121e-03
   1.1840000e+01   4.9078220e-01  -9.7125533e-03
   1.1856000e+01   4.7802354e-01   2.9514874e-02
   1.1872000e+01   4.9168721e-01   7.2642300e-03
   1.1888000e+01   4.7507720e-01   3.6125601e-02
   1.1904000e+01   5.1028819e-01   6.2388059e-03
   1.1920000e+01   5.2627609e-01  -3.1273428e-02
   1.1936000e+01   5.1134667e-01   2.5640171e-02
   1.1952000e+01   5.5305735e-01   4.4136795e-03
   1.1968000e+01   4.9959624e-01   3.0188583e-02
   1.1984000e+01   4.8310115e-01  -2.9122921e-02
   1.2000000e+01   5.5801484e-01   3.0039513e-02
   1.2016000e+01   4.9548677e-01  -1.4387226e-02
   1.2032000e+01   5.3864403e-01   1.5832344e-02
   1.2048000e+01   5.0568749e-01  -1.2766878e-02
   1.2064000e+01   4.7667580e-01  -1.7192261e-02
   1.2080000e+01   4.5678134e-01   4.5472135e-03
   1.2096000e+01   4.8723397e-01  -1.6477697e-02
   1.2112000e+01   5.5592351e-01   9.0072084e-03
   1.2128000e+01   5.2510765e-01  -1.4860097e-02
   1.2144000e+01   5.2066113e-01  -3.1722019e-03
   1.2160000e+01   4.6941876e-01  -8.4451336e-03
   1.2176000e+01   5.3201217e-01  -5.2453761e-03
   1.2192000e+01   4.9847273e-01  -6.3469222e-02
   1.2208000e+01   4.9092485e-01  -1.6521016e-02
   1.2224000e+01   5.3801267e-01  -3.1630461e-02
   1.2240000e+01   5.3762651e-01  -1.0180089e-02
   1.2256000e+01   4.9485262e-01  -6.8649740e-02
