   0.0000000e+00   7.8043894e-01   4.7310517e-02
   8.0000000e-03   8.3925665e-01  -1.1552145e-02
   1.6000000e-02   8.7352065e-01  -4.3107975e-02
   2.4000000e-02   8.8703074e-01   8.9920398e-04
   3.2000000e-02   8.9144110e-01  -5.4995488e-04
   4.0000000e-02   8.4333288e-01   3.1235170e-02
   4.8000000e-02   8.4921678e-01   2.4418317e-02
   5.6000000e-02   9.2408183e-01   5.1037987e-02
   6.4000000e-02   9.2726266e-01  -2.5381304e-02
   7.2000000e-02   9.2419624e-01  -9.3327660e-03
   8.0000000e-02   9.9235778e-01   2.2626875e-02
   8.8000000e-02   9.5909694e-01  -9.7640626e-03
   9.6000000e-02   9.5345531e-01  -3.4027909e-02
   1.0400000e-01   1.0163472e+00   4.4132070e-03
   1.1200000e-01   9.7183603e-01   7.1621835e-03
   1.2000000e-01   9.7594048e-01  -3.1678637e-02
   1.2800000e-01   1.0167386e+00  -3.5469654e-03
   1.3600000e-01   1.0180166e+00  -5.3488246e-02
   1.4400000e-01   9.5375931e-01   2.6280355e-02
   1.5200000e-01   9.4244867e-01  -2.7262749e-02
   1.6000000e-01   9.6159569e-01  -1.2673990e-02
   1.6800000e-01   8.8488168e-01  -5.1805532e-02
   1.7600000e-01   8.2156674e-01   4.7551239e-02
   1.8400000e-01   8.6073361e-01  -1.6358181e-02
   1.9200000e-01   8.1908699e-01   2.3202261e-02
   2.0000000e-01   8.3564559e-01   4.6720064e-02
   2.0800000e-01   7.8202504e-01   8.8755372e-02
   2.1600000e-01   7.6163800e-01  -9.2819422e-03
   2.2400000e-01   7.2098595e-01  -3.8694949e-03
   2.3200000e-01   7.5251314e-01  -3.2043418e-02
   2.4000000e-01   7.3661391e-01  -7.0167817e-03
   2.4800000e-01   7.6586275e-01  -2.5371832e-02
   2.5600000e-01   8.0508845e-01   2.2991237e-02
   2.6400000e-01   7.1741686e-01   2.0847811e-02
   2.7200000e-01   7.3348471e-01  -4.9311713e-02
   2.8000000e-01   7.1552749e-01  -7.1015107e-04
   2.8800000e-01   7.7473195e-01   9.4317363e-03
   2.9600000e-01   7.4991438e-01  -9.6272062e-03
   3.0400000e-01   6.4952780e-01   1.7694257e-03
   3.1200000e-01   7.0672914e-01   2.9750972e-02
   3.2000000e-01   7.2070562e-01   1.6235191e-02
   3.2800000e-01   6.8740910e-01   3.4863941e-04
   3.3600000e-01   6.7461967e-01  -2.7585426e-03
   3.4400000e-01   6.9234008e-01   4.3911488e-03
   3.5200000e-01   7.1500870e-01  -7.8732283e-04
   3.6000000e-01   6.4887639e-01   1.1825737e-02
   3.6800000e-01   7.7201835e-01  -5.4658471e-03
   3.7600000e-01   6.4899361e-01  -3.8459987e-02
   3.8400000e-01   6.4005445e-01   4.4558772e-02
   3.9200000e-01   6.6316541e-01  -3.1827623e-02
   4.0000000e-01   6.7859491e-01   5.5711900e-02
   4.0800000e-01   6.4391351e-01   1.3271688e-02
   4.1600000e-01   6.4766302e-01  -6.5993294e-03
   4.2400000e-01   6.5722270e-01  -8.9887031e-03
   4.3200000e-01   6.7767011e-01  -2.5968053e-02
   4.4000000e-01   6.4192858e-01   1.0553144e-02
   4.4800000e-01   5.7401216e-01  -4.5259251e-02
   4.5600000e-01   6.5307404e-01   2.1946086e-02
   4.6400000e-01   6.3256873e-01   1.3056434e-02
   4.7200000e-01   7.1499354e-01   1.6116139e-02
   4.8000000e-01   6.7226320e-01  -8.8889515e-03
   4.8800000e-01   6.0936174e-01   6.1990610e-02
   4.9600000e-01   6.1368836e-01   3.4844187e-02
   5.0400000e-01   6.1349512e-01  -4.6167642e-02
   5.1200000e-01   6.2742879e-01   3.7176713e-02
   5.2000000e-01   6.5190544e-01  -1.0823430e-02
   5.2800000e-01   6.0984083e-01  -6.7974258e-04
   5.3600000e-01   6.6056737e-01  -2.3734140e-02
   5.4400000e-01   6.4068603e-01  -1.5882838e-03
   5.5200000e-01   6.1354494e-01   2.5229651e-02
   5.6000000e-01   5.9388288e-01  -1.7002486e-02
   5.6800000e-01   6.6635020e-01   3.2226127e-03
   5.7600000e-01   5.8597147e-01  -5.9092220e-02
   5.8400000e-01   5.9272379e-01  -5.7687352e-03
   5.9200000e-01   6.2715228e-01   4.9923533e-02
   6.0000000e-01   6.1518040e-01   1.5426114e-02
   6.0800000e-01   6.0748620e-01   3.2293931e-02
   6.1600000e-01   6.2426493e-01   6.1011562e-03
   6.2400000e-01   5.9857813e-01  -3.3429090e-03
   6.3200000e-01   6.0561648e-01  -5.1320403e-02
   6.4000000e-01   6.1763431e-01   3.8842904e-02
   6.4800000e-01   6.5758072e-01   3.7086577e-04
   6.5600000e-01   6.0125795e-01  -2.5323931e-03
   6.6400000e-01   6.4248155e-01  -4.4183135e-02
   6.7200000e-01   5.9382219e-01  -8.0560713e-03
   6.8000000e-01   6.0409248e-01  -1.6707201e-02
   6.8800000e-01   5.6609038e-01   1.5754794e-02
   6.9600000e-01   6.1125772e-01   1.1152568e-02
   7.0400000e-01   6.2228548e-01   3.8531771e-02
   7.1200000e-01   6.5132954e-01  -7.7657625e-03
   7.2000000e-01   5.4813142e-01  -1.0536479e-02
   7.2800000e-01   6.1634342e-01  -2.1361350e-02
   7.3600000e-01   5.9166708e-01  -1.6522390e-02
   7.4400000e-01   5.6946291e-01   3.8594961e-02
   7.5200000e-01   5.5322264e-01   2.6181352e-02
   7.6000000e-01   5.3652482e-01  -4.6274739e-02
   7.6800000e-01   6.5588908e-01  -4.2463441e-02
   7.7600000e-01   6.0897204e-01   7.1817052e-02
   7.8400000e-01   6.2350705e-01  -4.8100175e-02
   7.9200000e-01   6.2165817e-01  -3.6278481e-02
   8.0000000e-01   5.7932905e-01  -3.4146686e-02
   8.0800000e-01   6.1182470e-01   3.1357855e-03
   8.1600000e-01   5.7706024e-01   1.8661742e-02
   8.2400000e-01   5.9877580e-01  -2.9085843e-02
   8.3200000e-01   6.6104184e-01   1.8629369e-02
   8.4000000e-01   6.3417847e-01   1.5191138e-02
   8.4800000e-01   5.9421429e-01   3.2888624e-02
   8.5600000e-01   6.2007399e-01  -3.7065812e-02
   8.6400000e-01   6.2831688e-01  -3.8403157e-02
   8.7200000e-01   6.1281756e-01  -2.4149675e-02
   8.8000000e-01   5.4666631e-01  -1.7816664e-03
   8.8800000e-01   5.6678128e-01   2.2085296e-02
   8.9600000e-01   6.0373229e-01  -5.8115435e-02
   9.0400000e-01   5.7185919e-01   1.7814274e-02
   9.1200000e-01   5.7106992e-01  -1.7446108e-02
   9.2000000e-01   6.1270300e-01   2.1141378e-02
   9.2800000e-01   5.8876833e-01  -1.5798363e-02
   9.3600000e-01   6.0349858e-01   5.1553572e-03
   9.4400000e-01   5.6124501e-01  -2.2947476e-02
   9.5200000e-01   5.9773195e-01  -3.3838020e-02
   9.6000000e-01   5.8371924e-01   1.7647390e-02
   9.6800000e-01   5.8062397e-01  -3.4068560e-03
   9.7600000e-01   6.1827556e-01  -1.8349600e-02
   9.8400000e-01   5.9168234e-01   1.9589475e-02
   9.9200000e-01   5.6081840e-01   3.4587686e-02
   1.0000000e+00   5.8616790e-01   3.1598475e-02
   1.0080000e+00   6.4600738e-01   1.3750672e-02
   1.0160000e+00   5.4212890e-01  -2.5701733e-04
   1.0240000e+00   5.3287988e-01   2.5055336e-02
   1.0320000e+00   5.6634675e-01  -1.3485098e-02
   1.0400000e+00   6.0310911e-01  -2.9203997e-02
   1.0480000e+00   6.1787909e-01  -1.5836686e-02
   1.0560000e+00   6.0083457e-01   5.5620942e-03
   1.0640000e+00   5.7092012e-01   1.7626596e-03
   1.0720000e+00   5.5350869e-01  -1.3919031e-02
   1.0800000e+00   6.2610719e-01   7.8900600e-03
   1.0880000e+00   6.1006343e-01   4.6369692e-03
   1.0960000e+00   6.1187945e-01  -1.5405107e-02
   1.1040000e+00   6.2455364e-01  -2.0294142e-02
   1.1120000e+00   5.5269987e-01   1.0571605e-02
   1.1200000e+00   6.4455569e-01  -1.0708730e-02
   1.1280000e+00   5.7796632e-01  -2.2338953e-02
   1.1360000e+00   6.1426421e-01   3.2821985e-02
   1.1440000e+00   5.9834892e-01   4.4308223e-02
   1.1520000e+00   5.5589761e-01  -8.9588540e-03
   1.1600000e+00   5.7543201e-01  -4.7599175e-02
   1.1680000e+00   5.5601733e-01   1.9039933e-02
   1.1760000e+00   5.3321901e-01   5.2259688e-03
   1.1840000e+00   5.8292587e-01   1.4301273e-02
   1.1920000e+00   5.7920536e-01  -6.4727458e-02
   1.2000000e+00   5.5180143e-01   3.1845263e-02
   1.2080000e+00   5.3957923e-01   1.3478335e-02
   1.2160000e+00   6.3348966e-01   4.3731418e-02
   1.2240000e+00   5.2526434e-01  -2.7700290e-02
   1.2320000e+00   6.1357066e-01  -4.8020266e-02
   1.2400000e+00   5.9859346e-01  -2.5132728e-02
   1.2480000e+00   6.0770639e-01   1.4627995e-04
   1.2560000e+00   4.9414062e-01   1.6615331e-02
   1.2640000e+00   5.7677217e-01  -4.2783779e-02
   1.2720000e+00   5.9929306e-01   2.4872095e-02
   1.2800000e+00   5.6742075e-01   2.8944630e-02
   1.2880000e+00   6.3754807e-01  -1.5098763e-02
   1.2960000e+00   5.5840121e-01   9.1429476e-03
   1.3040000e+00   5.3366363e-01  -7.0922309e-03
   1.3120000e+00   6.2609860e-01   4.0232450e-02
   1.3200000e+00   6.5263043e-01   8.2193484e-03
   1.3280000e+00   5.5997751e-01   4.7010972e-02
   1.3360000e+00   5.5947920e-01  -1.8857881e-02
   1.3440000e+00   5.7527660e-01  -2.4107122e-02
   1.3520000e+00   5.5202761e-01   9.3369893e-04
   1.3600000e+00   5.5154167e-01  -5.1829021e-02
   1.3680000e+00   5.3593458e-01  -6.7427256e-02
   1.3760000e+00   5.8434740e-01  -2.6806466e-02
   1.3840000e+00   6.0022793e-01  -1.8150325e-02
   1.3920000e+00   5.9574780e-01  -3.4843448e-02
   1.4000000e+00   5.5131772e-01   1.5294967e-02
   1.4080000e+00   5.7479219e-01  -3.2501743e-02
   1.4160000e+00   5.4671718e-01   3.7867653e-02
   1.4240000e+00   5.5186960e-01   2.7625984e-02
   1.4320000e+00   5.9843627e-01   1.3372732e-02
   1.4400000e+00   5.9718250e-01  -1.1143494e-02
   1.4480000e+00   6.2729141e-01   1.1111506e-02
   1.4560000e+00   5.9909639e-01  -4.9246816e-02
   1.4640000e+00   5.6609392e-01   1.3953494e-02
   1.4720000e+00   5.6610199e-01   8.9584284e-03
   1.4800000e+00   5.4706392e-01  -3.7570044e-02
   1.4880000e+00   5.2570370e-01   4.1100169e-02
   1.4960000e+00   5.8650081e-01  -3.5647885e-02
   1.5040000e+00   5.7032345e-01  -4.3189755e-02
   1.5120000e+00   5.9460023e-01  -1.7947186e-02
   1.5200000e+00   5.3791737e-01   1.9149876e-02
   1.5280000e+00   5.7664898e-01  -1.3054980e-03
   1.5360000e+00   5.8258848e-01   2.7949786e-02
   1.5440000e+00   5.6532775e-01  -2.8412689e-02
   1.5520000e+00   5.9677073e-01  -8.1827607e-03
   1.5600000e+00   6.4359710e-01   1.0793700e-02
   1.5680000e+00   5.7407826e-01   5.2605676e-02
   1.5760000e+00   5.8765471e-01   2.8358327e-02
   1.5840000e+00   6.0017160e-01  -2.9989510e-03
   1.5920000e+00   6.1255047e-01  -1.1475466e-02
   1.6000000e+00   5.6658556e-01   1.8616529e-03
   1.6080000e+00   5.4642063e-01  -1.2983170e-02
   1.6160000e+00   5.5843427e-01  -4.1346043e-02
   1.6240000e+00   5.2794827e-01  -8.5689157e-03
   1.6320000e+00   5.9305155e-01   1.5158006e-02
   1.6400000e+00   5.8246919e-01   6.5994707e-03
   1.6480000e+00   6.2506960e-01  -3.7315443e-02
   1.6560000e+00   5.6185619e-01  -7.2107358e-02
   1.6640000e+00   5.7875969e-01   2.1206391e-02
   1.6720000e+00   5.8619741e-01   8.0281015e-03
   1.6800000e+00   5.5799007e-01  -1.3064488e-02
   1.6880000e+00   6.0690578e-01   4.6865581e-03
   1.6960000e+00   5.8685172e-01  -1.7587788e-02
   1.7040000e+00   5.7656595e-01   2.9753894e-03
   1.7120000e+00   5.8989033e-01  -2.8913206e-02
   1.7200000e+00   5.5602271e-01   2.4271677e-02
   1.7280000e+00   5.6024247e-01   6.0669950e-03
   1.7360000e+00   5.6542446e-01  -3.7060233e-02
   1.7440000e+00   5.9848949e-01  -4.7170225e-02
   1.7520000e+00   5.6762227e-01   1.7256912e-02
   1.7600000e+00   5.6100075e-01   1.2001778e-02
   1.7680000e+00   5.7611352e-01  -1.5968092e-02
   1.7760000e+00   5.8001437e-01   5.0283532e-03
   1.7840000e+00   5.5536577e-01  -5.3201496e-03
   1.7920000e+00   5.7911064e-01  -3.6484160e-03
   1.8000000e+00   5.9655076e-01   2.1561599e-02
   1.8080000e+00   5.6239758e-01   1.7960398e-02
   1.8160000e+00   5.7085762e-01  -8.3650277e-03
   1.8240000e+00   5.5643694e-01  -1.8694451e-02
   1.8320000e+00   5.4079286e-01   8.3370023e-02
   1.8400000e+00   5.6521758e-01  -3.4394344e-02
   1.8480000e+00   5.4289813e-01  -5.5351251e-03
   1.8560000e+00   5.3178125e-01  -8.6488497e-02
   1.8640000e+00   5.6118373e-01   1.0079810e-02
   1.8720000e+00   5.8406631e-01   5.1393287e-02
   1.8800000e+00   5.3457033e-01  -1.6908986e-02
   1.8880000e+00   5.3659278e-01   3.3444625e-02
   1.8960000e+00   5.5976339e-01  -1.6719109e-02
   1.9040000e+00   5.7446031e-01   1.2378251e-02
   1.9120000e+00   5.1508633e-01  -1.7755374e-02
   1.9200000e+00   5.0152260e-01  -2.9465605e-02
   1.9280000e+00   5.7759439e-01  -7.8190303e-03
   1.9360000e+00   5.6016218e-01   1.3428524e-02
   1.9440000e+00   5.5346644e-01  -1.1170809e-02
   1.9520000e+00   5.7693724e-01   2.6240632e-02
   1.9600000e+00   5.6629373e-01   2.2036630e-02
   1.9680000e+00   5.3137868e-01   5.0398282e-02
   1.9760000e+00   5.4262103e-01  -6.1425560e-02
   1.9840000e+00   5.6020937e-01  -1.1831312e-02
   1.9920000e+00   5.6298180e-01   4.7122229e-02
   2.0000000e+00   5.6776906e-01   1.0050190e-02
   2.0080000e+00   6.0211911e-01  -4.8850010e-02
   2.0160000e+00   5.6792581e-01   3.5637562e-03
   2.0240000e+00   5.4717509e-01  -7.9906287e-04
   2.0320000e+00   5.9681696e-01  -3.3649171e-03
   2.0400000e+00   5.8842834e-01   1.1702564e-03
   2.0480000e+00   4.9184922e-01  -2.6328711e-02
   2.0560000e+00   5.7039008e-01   6.1938300e-03
   2.0640000e+00   5.3656929e-01  -5.6498496e-03
   2.0720000e+00   5.2971604e-01   6.3074228e-02
   2.0800000e+00   5.2629022e-01  -6.8175010e-02
   2.0880000e+00   5.5820015e-01   1.4786259e-02
   2.0960000e+00   5.2710392e-01   7.1371828e-03
   2.1040000e+00   5.8156777e-01  -2.4201340e-02
   2.1120000e+00   5.6467582e-01   7.2148133e-04
   2.1200000e+00   5.4791248e-01  -2.6254015e-02
   2.1280000e+00   5.5919074e-01   1.3368930e-02
   2.1360000e+00   5.9046632e-01   3.3276685e-02
   2.1440000e+00   5.6308916e-01   1.8353198e-02
   2.1520000e+00   5.4962432e-01   9.0915741e-04
   2.1600000e+00   5.0578225e-01   2.2470633e-02
   2.1680000e+00   5.3038435e-01  -1.1874939e-02
   2.1760000e+00   5.4408617e-01  -2.2134115e-02
   2.1840000e+00   5.5597424e-01   9.0990670e-03
   2.1920000e+00   6.0990885e-01  -3.4195325e-02
   2.2000000e+00   5.6954301e-01   2.0344305e-02
   2.2080000e+00   5.2985224e-01  -6.5407162e-02
   2.2160000e+00   5.8708149e-01   3.1267845e-02
   2.2240000e+00   5.6839215e-01  -1.9294842e-02
   2.2320000e+00   5.4226946e-01  -2.9337018e-02
   2.2400000e+00   5.6197877e-01   5.5259517e-02
   2.2480000e+00   5.1899424e-01   1.6549276e-02
   2.2560000e+00   5.2441356e-01  -2.3705800e-02
   2.2640000e+00   5.1351601e-01  -5.6195688e-02
   2.2720000e+00   5.7204137e-01   3.0172008e-02
   2.2800000e+00   5.5623529e-01   1.7950098e-02
   2.2880000e+00   5.2797717e-01  -7.7947559e-03
   2.2960000e+00   5.3012098e-01   2.5999576e-02
   2.3040000e+00   5.0078970e-01   7.0987999e-03
   2.3120000e+00   5.5574079e-01   1.1927101e-02
   2.3200000e+00   5.6304908e-01  -6.7719103e-03
   2.3280000e+00   5.1118670e-01  -5.3187130e-03
   2.3360000e+00   5.4765689e-01   2.5252634e-02
   2.3440000e+00   5.5285597e-01   2.0327267e-02
   2.3520000e+00   5.8174287e-01  -2.4897463e-02
   2.3600000e+00   5.5713971e-01  -2.9407126e-02
   2.3680000e+00   5.2121552e-01   8.4857103e-03
   2.3760000e+00   6.1475591e-01   3.0702441e-02
   2.3840000e+00   5.5157113e-01   4.0753630e-03
   2.3920000e+00   5.7952540e-01  -3.1460750e-02
   2.4000000e+00   6.0381525e-01   7.9116824e-04
   2.4080000e+00   5.3056632e-01   2.9325547e-02
   2.4160000e+00   5.9167300e-01  -1.7155195e-02
   2.4240000e+00   5.2451604e-01  -3.5229425e-02
   2.4320000e+00   5.3866472e-01  -6.0861690e-03
   2.4400000e+00   5.3753553e-01   4.8466289e-02
   2.4480000e+00   5.4074114e-01  -3.4797355e-02
   2.4560000e+00   5.3223263e-01   6.1804092e-02
   2.4640000e+00   5.1586277e-01   1.3876836e-02
   2.4720000e+00   5.5485070e-01   2.0673141e-02
   2.4800000e+00   5.7469528e-01   2.6193040e-02
   2.4880000e+00   5.7550165e-01   4.6798522e-03
   2.4960000e+00   5.3504219e-01  -1.7929662e-02
   2.5040000e+00   5.2688002e-01   2.1912475e-02
   2.5120000e+00   5.6877631e-01   2.7668587e-02
   2.5200000e+00   5.5819254e-01  -2.0430267e-02
   2.5280000e+00   5.4148432e-01  -2.3796810e-02
   2.5360000e+00   5.2920014e-01   2.6127944e-02
   2.5440000e+00   4.8944875e-01   3.3372612e-02
   2.5520000e+00   5.2938583e-01   1.6443610e-02
   2.5600000e+00   5.5487581e-01   3.6805133e-02
   2.5680000e+00   6.5593470e-01   2.7558580e-02
   2.5760000e+00   5.7796282e-01   3.8277347e-03
   2.5840000e+00   5.1725086e-01  -3.9277247e-02
   2.5920000e+00   5.5552794e-01   1.3378405e-02
   2.6000000e+00   5.6581403e-01  -7.2201412e-03
   2.6080000e+00   5.0985125e-01  -9.5856471e-03
   2.6160000e+00   5.6068634e-01  -5.1398106e-02
   2.6240000e+00   5.3776225e-01   3.9149560e-02
   2.6320000e+00   5.9329116e-01  -4.8888303e-03
   2.6400000e+00   5.6668896e-01   1.6878809e-03
   2.6480000e+00   5.4331389e-01   2.9327413e-02
   2.6560000e+00   5.8150867e-01  -4.2425151e-04
   2.6640000e+00   5.3340963e-01   3.1320714e-02
   2.6720000e+00   5.7570384e-01   5.7174922e-02
   2.6800000e+00   5.6368986e-01   2.2157956e-02
   2.6880000e+00   5.4069809e-01  -5.9611805e-03
   2.6960000e+00   5.5858491e-01   2.1181921e-02
   2.7040000e+00   5.3881849e-01  -4.4152975e-02
   2.7120000e+00   5.2354887e-01   5.9807436e-02
   2.7200000e+00   5.2200317e-01   2.2430267e-02
   2.7280000e+00   5.7872200e-01  -2.0153871e-03
   2.7360000e+00   5.6843677e-01  -2.0445063e-02
   2.7440000e+00   5.6481506e-01   2.8346310e-02
   2.7520000e+00   4.9816220e-01  -1.4777626e-02
   2.7600000e+00   5.7617059e-01   4.9330729e-02
   2.7680000e+00   5.3590407e-01   2.3920529e-02
   2.7760000e+00   5.8273277e-01  -5.1569119e-02
   2.7840000e+00   5.9661671e-01  -3.3570597e-03
   2.7920000e+00   5.5583713e-01  -1.9304688e-02
   2.8000000e+00   5.3560354e-01  -2.4431344e-02
   2.8080000e+00   5.1287850e-01   2.6155502e-02
   2.8160000e+00   5.7145202e-01   1.2334079e-02
   2.8240000e+00   4.7013252e-01   1.5943410e-03
   2.8320000e+00   5.6744569e-01  -2.1215422e-02
   2.8400000e+00   5.0233336e-01  -2.0924909e-02
   2.8480000e+00   4.9149679e-01  -1.4161913e-03
   2.8560000e+00   5.5308270e-01   2.6539227e-02
   2.8640000e+00   6.1912096e-01  -1.1061593e-02
   2.8720000e+00   5.4230975e-01   2.5825736e-02
   2.8800000e+00   5.4556107e-01   2.3845431e-02
   2.8880000e+00   5.2456669e-01   3.8763792e-02
   2.8960000e+00   5.3963186e-01   1.0646391e-02
   2.9040000e+00   5.8788240e-01   1.4775215e-02
   2.9120000e+00   5.4570013e-01  -3.9666359e-03
   2.9200000e+00   5.9591986e-01   1.5665203e-02
   2.9280000e+00   5.2509638e-01   1.0489562e-02
   2.9360000e+00   6.0106108e-01  -4.2907065e-02
   2.9440000e+00   5.4454287e-01  -9.7429185e-04
   2.9520000e+00   5.8645533e-01   2.9789137e-02
   2.9600000e+00   5.5107637e-01  -3.0205334e-02
   2.9680000e+00   5.6444094e-01   1.4777935e-02
   2.9760000e+00   5.0849688e-01   1.1249740e-02
   2.9840000e+00   5.9415519e-01   4.2037870e-03
   2.9920000e+00   5.8737451e-01   3.5698041e-02
   3.0000000e+00   5.5595259e-01   1.0281114e-02
   3.0080000e+00   4.9357042e-01   5.4418699e-03
   3.0160000e+00   5.4580441e-01  -1.7391366e-03
   3.0240000e+00   5.1671342e-01   4.3508228e-02
   3.0320000e+00   5.4202761e-01  -3.5056510e-03
   3.0400000e+00   5.5747631e-01   2.8168518e-03
   3.0480000e+00   5.2487599e-01   2.2444610e-02
   3.0560000e+00   5.1880383e-01  -4.5021050e-02
   3.0640000e+00   5.7264020e-01  -6.1446522e-03
   3.0720000e+00   5.4472352e-01  -2.3372799e-02
   3.0800000e+00   5.6042598e-01   2.7031738e-02
   3.0880000e+00   6.0185182e-01  -3.4880178e-02
   3.0960000e+00   5.5825980e-01   5.5691311e-03
   3.1040000e+00   5.5426473e-01   2.7729799e-02
   3.1120000e+00   5.3408733e-01   4.7319074e-02
   3.1200000e+00   5.6243688e-01  -1.3229924e-02
   3.1280000e+00   5.1594776e-01  -2.1165320e-03
   3.1360000e+00   5.5460086e-01  -1.0988262e-02
   3.1440000e+00   5.0648374e-01   1.2796884e-02
   3.1520000e+00   5.2538600e-01  -2.1957757e-02
   3.1600000e+00   6.0017868e-01  -1.7721205e-02
   3.1680000e+00   5.3390696e-01  -2.6728203e-03
   3.1760000e+00   5.8747888e-01  -1.0181929e-02
   3.1840000e+00   5.5550634e-01  -5.9398400e-02
   3.1920000e+00   5.3391120e-01  -2.3379203e-02
   3.2000000e+00   5.5210104e-01   2.9514871e-02
   3.2080000e+00   5.0060398e-01   6.1818881e-02
   3.2160000e+00   5.0887516e-01   5.3439621e-02
   3.2240000e+00   5.0524072e-01   3.4951320e-02
   3.2320000e+00   5.6100447e-01  -5.4085920e-02
   3.2400000e+00   5.5281918e-01  -5.1960790e-03
   3.2480000e+00   5.5899455e-01  -2.4333426e-02
   3.2560000e+00   5.5194285e-01   4.6344333e-03
   3.2640000e+00   5.4598121e-01   1.4301852e-02
   3.2720000e+00   5.8564264e-01  -1.8537827e-02
   3.2800000e+00   5.1660573e-01   1.8338142e-03
   3.2880000e+00   5.6863758e-01   5.5172172e-03
   3.2960000e+00   5.0241066e-01  -4.3021087e-02
   3.3040000e+00   5.2465671e-01  -1.8509975e-02
   3.3120000e+00   5.0856399e-01   5.3567491e-02
   3.3200000e+00   5.9023604e-01  -5.4551480e-03
   3.3280000e+00   5.2185229e-01   3.3830806e-03
   3.3360000e+00   5.0301720e-01   1.5783038e-02
   3.3440000e+00   5.1672134e-01  -5.3813748e-03
   3.3520000e+00   5.6059643e-01  -8.9779434e-03
   3.3600000e+00   5.0882847e-01  -4.4298483e-02
   3.3680000e+00   4.8848488e-01   2.8093716e-02
   3.3760000e+00   6.0236409e-01   3.0329068e-02
   3.3840000e+00   5.9771170e-01  -3.8672798e-02
   3.3920000e+00   5.6945995e-01   4.7651952e-02
   3.4000000e+00   5.1379538e-01   1.4546383e-02
   3.4080000e+00   5.3582361e-01  -2.4907849e-02
   3.4160000e+00   4.9762316e-01   8.3714234e-04
   3.4240000e+00   5.7692875e-01  -5.9893747e-03
   3.4320000e+00   5.2329865e-01   5.5492041e-02
   3.4400000e+00   4.9659258e-01   2.7485126e-02
   3.4480000e+00   5.7873548e-01   5.3042533e-03
   3.4560000e+00   4.8663279e-01  -1.2596636e-02
   3.4640000e+00   5.5979354e-01   1.7836799e-02
   3.4720000e+00   5.9370933e-01   1.5805201e-02
   3.4800000e+00   5.4614855e-01  -1.7093434e-02
   3.4880000e+00   5.4083720e-01  -2.0988651e-02
   3.4960000e+00   5.2147570e-01  -1.3158150e-02
   3.5040000e+00   5.2668994e-01   2.9258455e-02
   3.5120000e+00   5.6215232e-01  -1.0214594e-02
   3.5200000e+00   5.3012352e-01  -4.3327673e-02
   3.5280000e+00   5.2026816e-01   1.1366030e-02
   3.5360000e+00   4.7804747e-01  -4.2403617e-02
   3.5440000e+00   5.7371025e-01   4.5619996e-02
   3.5520000e+00   5.0523420e-01  -2.9918671e-02
   3.5600000e+00   5.5787043e-01  -3.4172163e-02
   3.5680000e+00   5.1441755e-01  -2.5673986e-02
   3.5760000e+00   5.4183453e-01   1.1545739e-02
   3.5840000e+00   5.3464042e-01  -3.8076797e-02
   3.5920000e+00   5.4170310e-01   8.3246425e-02
   3.6000000e+00   5.5220144e-01  -2.3864385e-02
   3.6080000e+00   5.0060675e-01   3.1581131e-02
   3.6160000e+00   5.3524662e-01  -3.3661029e-02
   3.6240000e+00   5.3375493e-01   1.7175912e-03
   3.6320000e+00   5.3133397e-01  -2.1918306e-02
   3.6400000e+00   5.7821811e-01  -3.7028242e-03
   3.6480000e+00   5.1562229e-01   3.2014809e-02
   3.6560000e+00   5.4628004e-01   6.0882482e-03
   3.6640000e+00   5.4772171e-01   2.5497231e-02
   3.6720000e+00   5.1802203e-01  -3.8660413e-03
   3.6800000e+00   5.3020197e-01   7.6900005e-03
   3.6880000e+00   5.1279222e-01   4.4139673e-02
   3.6960000e+00   4.9170663e-01  -5.9587496e-02
   3.7040000e+00   5.5889727e-01  -1.5512989e-03
   3.7120000e+00   5.2968117e-01  -1.5015862e-02
   3.7200000e+00   4.9353896e-01   4.6198498e-03
   3.7280000e+00   5.8177756e-01   2.2634259e-02
   3.7360000e+00   5.9086041e-01  -1.2436031e-02
   3.7440000e+00   5.3529290e-01   4.1725578e-02
   3.7520000e+00   4.5986781e-01   2.0928821e-04
   3.7600000e+00   4.9815199e-01   3.1600338e-02
   3.7680000e+00   5.3176814e-01  -2.8680460e-03
   3.7760000e+00   4.8512314e-01   5.3453651e-02
   3.7840000e+00   4.7388201e-01   6.4458456e-03
   3.7920000e+00   5.6554646e-01  -6.3873511e-03
   3.8000000e+00   5.8892229e-01   1.8120364e-02
   3.8080000e+00   5.6274009e-01  -3.0068502e-03
   3.8160000e+00   5.0884698e-01  -3.0778461e-02
   3.8240000e+00   5.8460778e-01   4.2464339e-04
   3.8320000e+00   5.3486477e-01  -3.1756609e-02
   3.8400000e+00   4.9620621e-01   2.5061448e-02
   3.8480000e+00   5.5665296e-01  -4.9453661e-03
   3.8560000e+00   5.0987838e-01   4.7772719e-03
   3.8640000e+00   4.8818268e-01  -1.2813285e-02
   3.8720000e+00   5.5320322e-01  -2.6109800e-02
   3.8800000e+00   5.5088270e-01   1.9565094e-02
   3.8880000e+00   4.8513133e-01  -4.2578282e-02
   3.8960000e+00   5.7157681e-01  -2.4265012e-03
   3.9040000e+00   5.3320368e-01   1.9234276e-02
   3.9120000e+00   5.1234657e-01   7.1183470e-02
   3.9200000e+00   5.3683559e-01  -2.1205737e-02
   3.9280000e+00   5.8407997e-01  -8.4277264e-03
   3.9360000e+00   5.1579577e-01  -4.7133196e-02
   3.9440000e+00   5.3006026e-01  -3.0484421e-02
   3.9520000e+00   5.5189844e-01   1.4091708e-02
   3.9600000e+00   5.3157684e-01  -1.2514619e-02
   3.9680000e+00   5.6779791e-01  -1.3904548e-02
   3.9760000e+00   5.3444276e-01   4.3895213e-02
   3.9840000e+00   5.1556192e-01   2.0752698e-02
   3.9920000e+00   5.3021458e-01   2.2381452e-02
   4.0000000e+00   5.3466620e-01   3.0397380e-02
   4.0080000e+00   5.3363438e-01  -4.4257268e-02
   4.0160000e+00   5.2549095e-01   2.5813273e-02
   4.0240000e+00   5.3069222e-01   2.9655627e-02
   4.0320000e+00   5.3304384e-01   2.2823584e-03
   4.0400000e+00   4.9297712e-01  -2.3393365e-02
   4.0480000e+00   5.2808358e-01  -6.1613113e-02
   4.0560000e+00   5.2779670e-01  -5.3516103e-03
   4.0640000e+00   5.5682115e-01   1.2365771e-02
   4.0720000e+00   5.3927216e-01  -2.4625713e-02
   4.0800000e+00   5.6649976e-01   2.9044278e-03
   4.0880000e+00   5.0010236e-01  -7.5812443e-03
   4.0960000e+00   5.3838978e-01  -5.7618899e-02
   4.1040000e+00   5.0246816e-01  -2.6269177e-02
   4.1120000e+00   5.4134150e-01   1.0361280e-04
   4.1200000e+00   5.0138709e-01  -2.5710172e-02
   4.1280000e+00   5.6325669e-01  -3.6246646e-02
   4.1360000e+00   5.2117281e-01   3.1219307e-02
   4.1440000e+00   5.2841698e-01  -9.7011606e-03
   4.1520000e+00   5.0768719e-01  -1.9890106e-02
   4.1600000e+00   5.3372843e-01   3.7394757e-02
   4.1680000e+00   5.4651830e-01  -8.1572533e-03
   4.1760000e+00   5.4315738e-01   9.5352012e-02
   4.1840000e+00   5.3865089e-01  -5.4653647e-03
   4.1920000e+00   6.0294456e-01   5.6884375e-02
   4.2000000e+00   5.0555560e-01  -2.5231169e-02
   4.2080000e+00   4.6036874e-01  -1.0003121e-02
   4.2160000e+00   5.0416772e-01  -1.7526339e-02
   4.2240000e+00   5.2782532e-01   3.0056099e-02
   4.2320000e+00   5.1386059e-01   4.6439357e-02
   4.2400000e+00   5.1061320e-01   7.4912107e-03
   4.2480000e+00   5.2074017e-01   4.2288920e-02
   4.2560000e+00   5.6595741e-01  -1.3788266e-02
   4.2640000e+00   5.2548305e-01   7.0703034e-02
   4.2720000e+00   5.5715254e-01  -2.1925753e-02
   4.2800000e+00   5.4070659e-01  -8.3299189e-02
   4.2880000e+00   5.0164975e-01   4.9687361e-02
   4.2960000e+00   5.1198346e-01  -4.7846772e-03
   4.3040000e+00   5.1175742e-01   9.4762525e-03
   4.3120000e+00   5.1300287e-01   3.0064033e-02
   4.3200000e+00   5.5727836e-01  -5.6321324e-02
   4.3280000e+00   4.7042421e-01  -1.5398527e-02
   4.3360000e+00   5.2442373e-01   1.2201086e-02
   4.3440000e+00   5.0131198e-01   4.1066838e-02
   4.3520000e+00   5.9381970e-01  -2.1876600e-02
   4.3600000e+00   5.1211601e-01   1.9459383e-02
   4.3680000e+00   5.5105775e-01   1.9886072e-02
   4.3760000e+00   4.7929354e-01   2.2863257e-02
   4.3840000e+00   4.6933888e-01   1.0373631e-02
   4.3920000e+00   5.4473288e-01   3.4224368e-03
   4.4000000e+00   5.0896452e-01  -1.1193890e-02
   4.4080000e+00   5.1188737e-01   1.5510779e-02
   4.4160000e+00   4.7661194e-01  -2.0120569e-02
   4.4240000e+00   5.2237751e-01   5.6796398e-02
   4.4320000e+00   5.5901904e-01   5.7173514e-02
   4.4400000e+00   4.6712363e-01   1.9022987e-02
   4.4480000e+00   4.6331210e-01   1.9558095e-02
   4.4560000e+00   5.2906313e-01  -2.5985337e-02
   4.4640000e+00   5.0556095e-01  -2.7400416e-02
   4.4720000e+00   4.7894210e-01   6.4896817e-02
   4.4800000e+00   5.0197325e-01  -2.6158918e-03
   4.4880000e+00   5.0766074e-01   2.9960439e-02
   4.4960000e+00   5.0514376e-01  -2.4344129e-02
   4.5040000e+00   5.4717172e-01   1.9230160e-02
   4.5120000e+00   5.0731252e-01   1.0393318e-02
   4.5200000e+00   5.0788552e-01   4.1454706e-02
   4.5280000e+00   4.6905445e-01  -7.3964363e-03
   4.5360000e+00   5.2923971e-01  -5.3606795e-03
   4.5440000e+00   5.1197122e-01   4.7786248e-02
   4.5520000e+00   5.1779125e-01   4.3067187e-04
   4.5600000e+00   4.8174674e-01  -2.5496055e-03
   4.5680000e+00   4.9332434e-01  -2.0855947e-02
   4.5760000e+00   5.1567690e-01  -4.9373051e-03
   4.5840000e+00   5.5023931e-01  -4.9782791e-02
   4.5920000e+00   5.4735059e-01  -1.2642039e-02
   4.6000000e+00   5.6505234e-01  -2.1528183e-02
   4.6080000e+00   4.6333729e-01   3.1190056e-02
   4.6160000e+00   5.0208075e-01  -9.3842621e-03
   4.6240000e+00   5.1246525e-01   6.8444016e-03
   4.6320000e+00   4.4130421e-01  -1.4814566e-02
   4.6400000e+00   4.9401210e-01  -8.3861589e-03
   4.6480000e+00   5.1075899e-01  -6.8153642e-03
   4.6560000e+00   5.6630307e-01  -8.0501198e-03
   4.6640000e+00   5.4981063e-01  -7.6548676e-02
   4.6720000e+00   4.9202167e-01  -2.8729473e-02
   4.6800000e+00   5.4767270e-01  -7.1732282e-03
   4.6880000e+00   4.9869867e-01   4.5925646e-02
   4.6960000e+00   5.3190396e-01   1.7209122e-02
   4.7040000e+00   4.7442591e-01   2.5895903e-02
   4.7120000e+00   5.0967812e-01  -2.8919983e-02
   4.7200000e+00   5.5717543e-01  -6.4744012e-03
   4.7280000e+00   4.8499044e-01  -4.1781664e-03
   4.7360000e+00   4.9380651e-01   1.5376927e-02
   4.7440000e+00   4.9539618e-01   3.1205582e-02
   4.7520000e+00   5.4657798e-01  -3.7994948e-02
   4.7600000e+00   4.8510849e-01   2.6670450e-02
   4.7680000e+00   5.1926012e-01   1.3025943e-02
   4.7760000e+00   4.5518696e-01  -2.1517507e-02
   4.7840000e+00   5.0163890e-01   2.2177731e-02
   4.7920000e+00   4.8532188e-01  -6.5402064e-03
   4.8000000e+00   5.1309241e-01  -1.2275682e-02
   4.8080000e+00   4.9851827e-01  -7.5433934e-02
   4.8160000e+00   5.0067635e-01  -3.3887480e-02
   4.8240000e+00   5.1331717e-01  -4.0712979e-02
   4.8320000e+00   5.1636842e-01   8.6228419e-04
   4.8400000e+00   5.2795993e-01   4.7104280e-03
   4.8480000e+00   5.1212239e-01   2.5432921e-02
   4.8560000e+00   5.0839634e-01  -7.3764420e-03
   4.8640000e+00   4.8254136e-01  -2.8572380e-02
   4.8720000e+00   5.0234340e-01   1.6492401e-02
   4.8800000e+00   5.1058824e-01   2.6751619e-02
   4.8880000e+00   4.4797112e-01  -4.5672689e-02
   4.8960000e+00   4.7394112e-01  -1.8745424e-02
   4.9040000e+00   5.0107398e-01  -5.5155273e-03
   4.9120000e+00   4.9882258e-01   3.8569041e-02
   4.9200000e+00   5.1750529e-01   4.1334000e-02
   4.9280000e+00   5.3393707e-01  -2.5722927e-02
   4.9360000e+00   4.4905169e-01   1.2734637e-02
   4.9440000e+00   5.0715868e-01   5.5878008e-03
   4.9520000e+00   5.1629159e-01   2.6267626e-02
   4.9600000e+00   4.9578516e-01   7.0925892e-03
   4.9680000e+00   5.0742343e-01  -6.9661986e-02
   4.9760000e+00   4.7469998e-01   1.5040587e-02
   4.9840000e+00   5.1158100e-01   9.6622950e-03
   4.9920000e+00   4.9201617e-01  -3.2867788e-02
   5.0000000e+00   4.8153466e-01  -1.4723639e-02
   5.0080000e+00   4.3697938e-01   2.7983812e-02
   5.0160000e+00   5.0444913e-01  -1.1743833e-02
   5.0240000e+00   4.8038290e-01  -5.0119436e-02
   5.0320000e+00   5.1859477e-01   3.1528821e-02
   5.0400000e+00   4.8650037e-01   2.3404697e-03
   5.0480000e+00   5.4057986e-01   4.1613892e-02
   5.0560000e+00   4.9626712e-01   2.0073217e-02
   5.0640000e+00   4.6617259e-01  -9.4269349e-03
   5.0720000e+00   4.4653153e-01   1.3799686e-02
   5.0800000e+00   5.1718338e-01  -3.5255316e-03
   5.0880000e+00   4.6429542e-01   2.6722563e-02
   5.0960000e+00   5.3740590e-01  -3.9703782e-02
   5.1040000e+00   5.0250592e-01   1.7700275e-02
   5.1120000e+00   4.6393942e-01  -1.8769585e-02
   5.1200000e+00   4.7415905e-01   7.0409032e-02
   5.1280000e+00   5.4796544e-01   6.6658560e-02
   5.1360000e+00   5.2249571e-01  -3.6326966e-02
   5.1440000e+00   5.7088580e-01  -3.5639068e-02
   5.1520000e+00   4.6437719e-01  -2.6196858e-02
   5.1600000e+00   4.9501032e-01  -9.8152777e-03
   5.1680000e+00   5.1508062e-01  -7.2758283e-02
   5.1760000e+00   4.9576369e-01   3.7322828e-02
   5.1840000e+00   4.9064558e-01  -1.1551095e-02
   5.1920000e+00   4.9758101e-01  -2.4436796e-02
   5.2000000e+00   5.2956079e-01   2.0721792e-02
   5.2080000e+00   5.3132575e-01  -6.4635832e-03
   5.2160000e+00   4.4887103e-01  -7.0962841e-02
   5.2240000e+00   5.2578888e-01  -4.7567637e-02
   5.2320000e+00   5.1317257e-01   6.6340872e-02
   5.2400000e+00   5.6763795e-01  -3.6387499e-02
   5.2480000e+00   5.1532697e-01   2.9824924e-04
   5.2560000e+00   5.6618789e-01   1.7862426e-02
   5.2640000e+00   5.1666749e-01   5.7792646e-02
   5.2720000e+00   4.6944514e-01  -2.2976865e-02
   5.2800000e+00   4.8960750e-01   1.6247134e-02
   5.2880000e+00   5.1630792e-01  -3.1995737e-02
   5.2960000e+00   5.6033224e-01   5.0410435e-02
   5.3040000e+00   4.8642839e-01   1.1186430e-02
   5.3120000e+00   4.6069011e-01   1.0736038e-02
   5.3200000e+00   5.6571366e-01  -3.0636935e-02
   5.3280000e+00   5.0312632e-01  -4.2844490e-02
   5.3360000e+00   4.5677705e-01   9.1981228e-03
   5.3440000e+00   5.1386068e-01   5.8210796e-02
   5.3520000e+00   4.6036329e-01  -4.7805893e-02
   5.3600000e+00   4.5978887e-01   1.4677901e-02
   5.3680000e+00   4.8779619e-01   2.9699714e-02
   5.3760000e+00   5.0733461e-01   6.3025107e-03
   5.3840000e+00   5.1598049e-01   1.1076525e-02
   5.3920000e+00   4.5131018e-01  -2.7213626e-04
   5.4000000e+00   5.0562814e-01   3.3293952e-02
   5.4080000e+00   4.9191630e-01  -1.8451966e-02
   5.4160000e+00   5.0846736e-01   6.5462460e-02
   5.4240000e+00   5.0998828e-01  -3.6111549e-02
   5.4320000e+00   4.7590114e-01   2.2173575e-02
   5.4400000e+00   5.0671006e-01  -5.0484972e-02
   5.4480000e+00   4.7668382e-01   1.9229144e-02
   5.4560000e+00   4.9324653e-01  -4.9546687e-02
   5.4640000e+00   4.5965182e-01   1.1229736e-02
   5.4720000e+00   5.0528182e-01   7.0174257e-03
   5.4800000e+00   4.9933636e-01   4.5015521e-02
   5.4880000e+00   5.0620255e-01   5.6523733e-02
   5.4960000e+00   5.1173742e-01   1.7220991e-02
   5.5040000e+00   4.4221723e-01  -2.1047177e-02
   5.5120000e+00   4.9191010e-01  -1.3132781e-02
   5.5200000e+00   5.1002411e-01  -5.1712832e-02
   5.5280000e+00   4.7938689e-01   9.2116044e-03
   5.5360000e+00   4.6283581e-01  -7.2438997e-03
   5.5440000e+00   4.6414389e-01   8.1289325e-03
   5.5520000e+00   5.0127566e-01  -1.3674217e-02
   5.5600000e+00   4.8675329e-01   6.5950697e-04
   5.5680000e+00   4.5294701e-01  -1.5271378e-02
   5.5760000e+00   4.9616828e-01   6.2285756e-02
   5.5840000e+00   4.8808860e-01   2.6959044e-02
   5.5920000e+00   4.4302277e-01  -1.6577704e-02
   5.6000000e+00   5.1858769e-01   2.8667116e-02
   5.6080000e+00   4.9776096e-01  -1.1805821e-04
   5.6160000e+00   4.6300489e-01  -5.0055183e-02
   5.6240000e+00   5.3898909e-01   2.0697095e-03
   5.6320000e+00   4.7916449e-01   2.0096060e-02
   5.6400000e+00   5.2704273e-01   7.3872090e-03
   5.6480000e+00   4.2014595e-01  -2.1366943e-02
   5.6560000e+00   5.1728295e-01   6.4741919e-02
   5.6640000e+00   5.0524654e-01   1.7739163e-02
   5.6720000e+00   4.6039781e-01  -6.8664079e-03
   5.6800000e+00   4.8106035e-01   2.5225641e-03
   5.6880000e+00   4.4208407e-01   4.1177545e-03
   5.6960000e+00   4.4165318e-01   1.2549109e-02
   5.7040000e+00   4.8795622e-01  -4.2716682e-02
   5.7120000e+00   4.8024409e-01  -5.2266544e-03
   5.7200000e+00   5.7430232e-01   3.5613924e-02
   5.7280000e+00   5.1660760e-01  -2.4081413e-02
   5.7360000e+00   5.1131300e-01   2.9481354e-02
   5.7440000e+00   4.7755632e-01   1.9636979e-02
   5.7520000e+00   4.4956913e-01  -2.6250611e-02
   5.7600000e+00   4.8006778e-01  -3.2426331e-02
   5.7680000e+00   4.9856159e-01  -1.4743021e-03
   5.7760000e+00   4.8082623e-01  -2.8971381e-02
   5.7840000e+00   5.0113326e-01   3.4085518e-02
   5.7920000e+00   4.8672826e-01   4.1141423e-02
   5.8000000e+00   4.8292230e-01  -3.5865473e-02
   5.8080000e+00   5.2063277e-01  -2.8831034e-02
   5.8160000e+00   4.7763677e-01   3.8048699e-02
   5.8240000e+00   5.1494311e-01  -3.3132189e-02
   5.8320000e+00   4.9650830e-01   2.7352867e-02
   5.8400000e+00   4.6584606e-01   7.0249539e-03
   5.8480000e+00   4.7374290e-01  -2.0900187e-02
   5.8560000e+00   4.8876577e-01   4.5412746e-03
   5.8640000e+00   4.9567855e-01   6.3893340e-02
   5.8720000e+00   4.6891765e-01  -7.3714218e-02
   5.8800000e+00   5.2615767e-01   3.6749488e-02
   5.8880000e+00   5.3058770e-01  -9.0572178e-04
   5.8960000e+00   4.2707001e-01   1.3481052e-02
   5.9040000e+00   5.2231986e-01  -6.7484643e-03
   5.9120000e+00   5.4051944e-01  -2.2479458e-02
   5.9200000e+00   4.4089026e-01  -1.1845263e-02
   5.9280000e+00   5.2473452e-01  -1.9409866e-02
   5.9360000e+00   4.7193097e-01  -5.0572375e-03
   5.9440000e+00   4.7865301e-01   1.9612238e-03
   5.9520000e+00   4.6116252e-01  -3.1032122e-02
   5.9600000e+00   4.9998814e-01  -2.1727087e-02
   5.9680000e+00   4.5756884e-01   2.2610875e-02
   5.9760000e+00   5.0634004e-01  -4.5834546e-03
   5.9840000e+00   4.5511483e-01  -3.2653089e-02
   5.9920000e+00   5.1534720e-01   8.6149585e-03
   6.0000000e+00   5.1911609e-01   2.4015673e-02
   6.0080000e+00   4.8657453e-01  -1.0382788e-02
   6.0160000e+00   4.8435082e-01   1.0470873e-02
   6.0240000e+00   4.3141803e-01  -7.1083461e-02
   6.0320000e+00   5.0728466e-01  -2.1316171e-02
   6.0400000e+00   4.8417340e-01   2.8332080e-02
   6.0480000e+00   5.4169903e-01   7.9187684e-02
   6.0560000e+00   4.7325943e-01   7.2743439e-03
   6.0640000e+00   4.8574764e-01   6.2103452e-02
   6.0720000e+00   5.7941375e-01   2.6503822e-02
   6.0800000e+00   4.9246814e-01   9.8109346e-03
   6.0880000e+00   4.4409604e-01  -3.8855267e-02
   6.0960000e+00   4.5871025e-01   1.9326612e-03
   6.1040000e+00   4.5292729e-01  -2.4275220e-02
   6.1120000e+00   4.4844671e-01   1.4868509e-02
   6.1200000e+00   5.2847003e-01  -2.5373650e-02
   6.1280000e+00   4.7971017e-01  -5.3017491e-02
   6.1360000e+00   4.7067003e-01   1.4061633e-02
   6.1440000e+00   5.2892171e-01   1.0712648e-02
   6.1520000e+00   5.1657301e-01   3.6523330e-02
   6.1600000e+00   4.7858846e-01   2.2268365e-02
   6.1680000e+00   4.7912398e-01  -2.3328283e-02
   6.1760000e+00   4.6839343e-01  -4.0335721e-02
   6.1840000e+00   4.5146621e-01   3.9950908e-02
   6.1920000e+00   4.6509129e-01   7.0898045e-03
   6.2000000e+00   4.7102068e-01   4.3573800e-02
   6.2080000e+00   5.0243600e-01  -1.1264587e-02
   6.2160000e+00   4.8137239e-01   9.5592266e-03
   6.2240000e+00   5.3815147e-01   2.6777145e-02
   6.2320000e+00   4.6981095e-01   2.4036435e-02
   6.2400000e+00   4.5789484e-01   1.2059049e-02
   6.2480000e+00   4.9638470e-01   6.5020971e-03
   6.2560000e+00   4.7407211e-01  -3.0524411e-02
   6.2640000e+00   4.6184470e-01   1.1450409e-02
   6.2720000e+00   5.1707071e-01   4.4589158e-02
   6.2800000e+00   4.5753657e-01   8.5578380e-03
   6.2880000e+00   5.1903154e-01   2.7144021e-02
   6.2960000e+00   5.1868735e-01   1.8121586e-02
   6.3040000e+00   4.3492162e-01   2.2881348e-02
   6.3120000e+00   4.5516546e-01  -1.4653934e-03
   6.3200000e+00   4.6308595e-01   4.4572579e-02
   6.3280000e+00   4.8574361e-01   1.7514029e-02
   6.3360000e+00   5.0059150e-01  -1.9227699e-02
   6.3440000e+00   4.4739729e-01  -2.0199404e-03
   6.3520000e+00   4.6410001e-01  -1.3715283e-02
   6.3600000e+00   4.5990307e-01   4.0966303e-02
   6.3680000e+00   5.5799242e-01  -3.2902890e-02
   6.3760000e+00   5.0771775e-01   2.1436746e-02
   6.3840000e+00   5.1234722e-01  -2.9340114e-02
   6.3920000e+00   4.8207024e-01  -3.6058941e-02
   6.4000000e+00   4.9362088e-01   1.4534970e-02
   6.4080000e+00   4.7554219e-01  -3.2435491e-02
   6.4160000e+00   4.3296625e-01   2.9848718e-02
   6.4240000e+00   4.8686826e-01  -5.3708951e-02
   6.4320000e+00   4.5374071e-01   1.6556210e-02
   6.4400000e+00   4.9068825e-01   7.7782079e-02
   6.4480000e+00   4.7358391e-01   2.4693512e-02
   6.4560000e+00   5.4491466e-01   4.7842009e-02
   6.4640000e+00   4.5669427e-01   1.1288428e-03
   6.4720000e+00   4.7626907e-01   2.5349693e-02
   6.4800000e+00   4.5076368e-01   4.3141100e-02
   6.4880000e+00   5.0075513e-01   3.7044148e-02
   6.4960000e+00   4.8935992e-01   2.5314748e-02
   6.5040000e+00   4.6572061e-01  -6.4902949e-04
   6.5120000e+00   4.6339831e-01  -2.3465851e-02
   6.5200000e+00   4.7418727e-01   8.9701610e-03
   6.5280000e+00   4.5454762e-01  -1.4954613e-03
   6.5360000e+00   4.5812380e-01  -2.2415330e-02
   6.5440000e+00   4.4527258e-01   5.3255839e-02
   6.5520000e+00   5.4448145e-01   5.2957965e-02
   6.5600000e+00   5.0528843e-01   1.9741938e-02
   6.5680000e+00   4.2370603e-01   3.9362636e-03
   6.5760000e+00   4.8755517e-01   1.6287657e-02
   6.5840000e+00   4.5510506e-01  -1.0031702e-02
   6.5920000e+00   4.8860520e-01   6.0991996e-02
   6.6000000e+00   4.6855428e-01   1.5251558e-02
