   0.0000000e+00   9.4890844e-01   5.5994347e-03
   1.6000000e-02   9.7207399e-01   5.2152523e-02
   3.2000000e-02   9.7212639e-01  -2.6186086e-02
   4.8000000e-02   9.9769432e-01   4.5706597e-03
   6.4000000e-02   9.7384869e-01   8.0155305e-02
   8.0000000e-02   9.6273431e-01  -1.2603010e-03
   9.6000000e-02   9.5164824e-01   1.6236406e-02
   1.1200000e-01   9.8579854e-01   1.5492807e-02
   1.2800000e-01   1.0671679e+00  -2.6576984e-02
   1.4400000e-01   9.4578664e-01  -2.8748650e-02
   1.6000000e-01   1.0180608e+00   3.8285530e-02
   1.7600000e-01   9.8896871e-01  -1.5513000e-03
   1.9200000e-01   9.8554708e-01   3.0647025e-02
   2.0800000e-01   1.0303017e+00   1.3282044e-02
   2.2400000e-01   9.5862661e-01  -2.7332107e-02
   2.4000000e-01   1.0109200e+00   4.1118176e-03
   2.5600000e-01   1.0006790e+00   1.5836519e-02
   2.7200000e-01   9.9249677e-01   9.2761422e-02
   2.8800000e-01   1.0138576e+00   2.1899277e-02
   3.0400000e-01   1.0186522e+00   2.2361537e-02
   3.2000000e-01   9.8423307e-01  -3.6881743e-03
   3.3600000e-01   1.0414072e+00  -2.9964410e-02
   3.5200000e-01   9.6066782e-01   2.3652138e-02
   3.6800000e-01   9.9159381e-01  -1.9671788e-02
   3.8400000e-01   9.9203982e-01   5.5759086e-02
   4.0000000e-01   9.2579061e-01   5.0558027e-02
   4.1600000e-01   9.9890242e-01   1.9596538e-02
   4.3200000e-01   9.6403931e-01  -2.4619182e-02
   4.4800000e-01   1.0206960e+00  -1.1411889e-02
   4.6400000e-01   1.0577016e+00   1.3140476e-02
   4.8000000e-01   9.9879545e-01   1.8785806e-02
   4.9600000e-01   9.7996552e-01  -5.9073577e-03
   5.1200000e-01   9.9980109e-01  -2.0567414e-02
   5.2800000e-01   9.8662555e-01  -2.0402870e-02
   5.4400000e-01   9.3587009e-01  -2.0619496e-02
   5.6000000e-01   9.7623148e-01   4.9737611e-02
   5.7600000e-01   9.0058411e-01  -2.5012158e-02
   5.9200000e-01   9.9465736e-01  -1.4730923e-02
   6.0800000e-01   9.5899994e-01  -1.5249143e-02
   6.2400000e-01   9.3481576e-01   2.2956657e-02
   6.4000000e-01   9.8151607e-01  -4.7936384e-02
   6.5600000e-01   9.0514143e-01   9.2697788e-02
   6.7200000e-01   9.2839516e-01  -2.3075180e-02
   6.8800000e-01   9.2034927e-01   2.2244534e-02
   7.0400000e-01   8.5459218e-01   7.8076895e-04
   7.2000000e-01   9.0100218e-01   2.2481848e-02
   7.3600000e-01   9.4863758e-01   1.0613704e-02
   7.5200000e-01   9.1761654e-01   3.0316929e-03
   7.6800000e-01   9.4096515e-01  -1.3026574e-02
   7.8400000e-01   9.0994986e-01  -2.8734164e-03
   8.0000000e-01   9.1514635e-01   4.5269242e-02
   8.1600000e-01   8.9198430e-01   6.4325354e-02
   8.3200000e-01   9.0803100e-01   3.9529396e-02
   8.4800000e-01   8.8110773e-01  -1.7134350e-02
   8.6400000e-01   8.3639745e-01   4.6513782e-02
   8.8000000e-01   8.7562506e-01  -6.2228816e-02
   8.9600000e-01   8.4963761e-01  -1.6556525e-02
   9.1200000e-01   8.3945460e-01   2.4332706e-02
   9.2800000e-01   7.7306956e-01  -1.7860234e-02
   9.4400000e-01   9.2172831e-01   3.7526005e-03
   9.6000000e-01   8.2313795e-01   1.0681996e-02
   9.7600000e-01   8.7119998e-01  -2.2237670e-02
   9.9200000e-01   8.0807326e-01   7.7846615e-02
   1.0080000e+00   8.8856223e-01  -3.6171798e-03
   1.0240000e+00   8.7401248e-01  -1.3173691e-02
   1.0400000e+00   8.3344446e-01  -4.0302013e-02
   1.0560000e+00   8.2689591e-01  -4.4422240e-03
   1.0720000e+00   8.0505290e-01   2.1478787e-02
   1.0880000e+00   8.2523287e-01  -4.0703206e-02
   1.1040000e+00   8.4602543e-01  -9.6039568e-03
   1.1200000e+00   7.8718860e-01   2.3137620e-02
   1.1360000e+00   8.3206471e-01   1.4663636e-02
   1.1520000e+00   7.9452691e-01   5.5303863e-02
   1.1680000e+00   7.8980467e-01   1.8978429e-02
   1.1840000e+00   7.7793437e-01   3.9229259e-02
   1.2000000e+00   7.8361874e-01   4.2599916e-02
   1.2160000e+00   8.2261242e-01  -2.3820794e-02
   1.2320000e+00   7.7986809e-01   1.7981101e-02
   1.2480000e+00   7.8100138e-01  -8.8610225e-03
   1.2640000e+00   7.6532360e-01  -7.4490177e-03
   1.2800000e+00   7.7595773e-01  -3.9086858e-03
   1.2960000e+00   7.5899443e-01  -1.0491469e-03
   1.3120000e+00   7.6154875e-01   1.8693442e-02
   1.3280000e+00   7.3108957e-01  -5.2372824e-02
   1.3440000e+00   7.6046444e-01  -6.9047201e-02
   1.3600000e+00   7.4416111e-01  -6.6058171e-03
   1.3760000e+00   7.5376392e-01  -1.2371995e-02
   1.3920000e+00   6.7531180e-01   4.5000840e-02
   1.4080000e+00   7.5455953e-01   2.6712443e-02
   1.4240000e+00   7.0687918e-01  -1.0197032e-02
   1.4400000e+00   6.8578935e-01  -1.3410436e-02
   1.4560000e+00   7.4937738e-01  -1.4489886e-02
   1.4720000e+00   7.6028818e-01  -2.9034311e-02
   1.4880000e+00   6.6294442e-01  -1.2996553e-02
   1.5040000e+00   7.3169377e-01   1.9479683e-02
   1.5200000e+00   6.9372276e-01   2.0002728e-02
   1.5360000e+00   7.2230055e-01  -3.1701009e-03
   1.5520000e+00   6.8739118e-01   4.1538800e-02
   1.5680000e+00   6.9525763e-01   4.2002153e-02
   1.5840000e+00   6.2647462e-01   8.1845098e-03
   1.6000000e+00   6.7528212e-01   5.1105111e-03
   1.6160000e+00   6.4640502e-01   1.4681996e-02
   1.6320000e+00   6.8259327e-01   3.6537838e-03
   1.6480000e+00   6.9406444e-01   7.7099234e-03
   1.6640000e+00   6.6365681e-01  -3.4136146e-02
   1.6800000e+00   6.7790878e-01   3.0042108e-03
   1.6960000e+00   6.9659743e-01   1.3311226e-02
   1.7120000e+00   6.4999701e-01   3.8041916e-02
   1.7280000e+00   6.4495853e-01  -9.4928420e-03
   1.7440000e+00   6.9240569e-01  -7.8605737e-03
   1.7600000e+00   6.5452096e-01  -5.9597117e-02
   1.7760000e+00   7.4351057e-01   4.1108136e-02
   1.7920000e+00   6.6676621e-01  -2.5474277e-02
   1.8080000e+00   6.8991158e-01  -1.1573134e-02
   1.8240000e+00   6.5347226e-01   1.4620136e-03
   1.8400000e+00   6.6214633e-01   2.5053701e-02
   1.8560000e+00   6.2466674e-01   2.8081501e-02
   1.8720000e+00   6.2913126e-01   3.2464344e-02
   1.8880000e+00   6.8386611e-01  -3.6533351e-02
   1.9040000e+00   6.4154232e-01  -1.2790265e-02
   1.9200000e+00   6.2573796e-01  -9.5756288e-03
   1.9360000e+00   6.1503989e-01  -5.1501514e-02
   1.9520000e+00   6.5408144e-01   1.7779195e-02
   1.9680000e+00   6.3865049e-01  -3.8894009e-02
   1.9840000e+00   6.5140215e-01   1.1538788e-02
   2.0000000e+00   6.1092275e-01  -3.7244877e-02
   2.0160000e+00   6.1186006e-01   3.0766738e-02
   2.0320000e+00   6.2175915e-01   1.0241745e-02
   2.0480000e+00   6.5568425e-01  -7.5748184e-03
   2.0640000e+00   6.2495209e-01  -5.8948189e-02
   2.0800000e+00   6.1032341e-01   1.6684571e-02
   2.0960000e+00   6.5134911e-01   9.8761081e-03
   2.1120000e+00   6.4655427e-01  -2.9202132e-02
   2.1280000e+00   6.1458628e-01   1.5490431e-02
   2.1440000e+00   6.0860786e-01   3.1736582e-02
   2.1600000e+00   6.3874164e-01  -2.1887631e-02
   2.1760000e+00   5.9618759e-01   2.4615331e-02
   2.1920000e+00   5.7674196e-01   1.2479157e-04
   2.2080000e+00   5.8538240e-01   5.1337699e-04
   2.2240000e+00   6.0629282e-01   5.5316410e-03
   2.2400000e+00   6.4069595e-01   1.4785495e-02
   2.2560000e+00   5.3832759e-01   4.3087826e-02
   2.2720000e+00   6.0209951e-01   2.5974408e-04
   2.2880000e+00   6.2755871e-01   1.6207811e-02
   2.3040000e+00   5.7583088e-01  -2.2350714e-02
   2.3200000e+00   6.1588057e-01   1.1744786e-02
   2.3360000e+00   5.3756605e-01  -2.0814428e-02
   2.3520000e+00   5.9687196e-01  -1.5375354e-03
   2.3680000e+00   6.4189030e-01   7.9475474e-03
   2.3840000e+00   5.7013471e-01  -1.9089875e-02
   2.4000000e+00   6.0329024e-01  -3.0984330e-03
   2.4160000e+00   5.8418464e-01  -4.4500610e-02
   2.4320000e+00   6.3481441e-01  -5.2380743e-02
   2.4480000e+00   5.6893527e-01   1.6363881e-02
   2.4640000e+00   5.9459151e-01  -7.3361354e-03
   2.4800000e+00   5.4746586e-01   5.9300209e-03
   2.4960000e+00   5.5983306e-01  -1.7696979e-02
   2.5120000e+00   5.3195237e-01  -4.1710358e-02
   2.5280000e+00   5.3436014e-01  -4.2225265e-02
   2.5440000e+00   5.6443030e-01  -2.3481355e-02
   2.5600000e+00   5.6682890e-01   3.5499174e-02
   2.5760000e+00   5.6898270e-01   4.3947415e-02
   2.5920000e+00   5.6073126e-01  -2.5551674e-02
   2.6080000e+00   5.9027388e-01  -1.6114890e-02
   2.6240000e+00   5.7127400e-01  -1.4801773e-02
   2.6400000e+00   5.4412401e-01  -2.6836558e-02
   2.6560000e+00   5.5889290e-01  -4.8952569e-02
   2.6720000e+00   5.7779839e-01  -5.2653403e-02
   2.6880000e+00   5.6782734e-01  -4.0503725e-02
   2.7040000e+00   5.7786862e-01  -2.9750308e-03
   2.7200000e+00   5.6496199e-01  -8.8307441e-03
   2.7360000e+00   5.5589164e-01   2.5929205e-02
   2.7520000e+00   5.7580276e-01   1.7298879e-02
   2.7680000e+00   5.4945334e-01   2.1244864e-02
   2.7840000e+00   5.4727770e-01   2.6400374e-02
   2.8000000e+00   5.0645953e-01   2.3050724e-02
   2.8160000e+00   5.6119818e-01  -2.0610995e-02
   2.8320000e+00   5.2004384e-01   4.8459569e-02
   2.8480000e+00   5.6960686e-01   1.9430028e-02
   2.8640000e+00   5.3798123e-01   4.8322823e-02
   2.8800000e+00   5.7254654e-01   3.9207585e-02
   2.8960000e+00   5.4553481e-01   2.5407310e-02
   2.9120000e+00   5.7237357e-01  -5.5449890e-03
   2.9280000e+00   5.4863338e-01   1.1317607e-02
   2.9440000e+00   5.4617985e-01   2.6932867e-02
   2.9600000e+00   5.3025626e-01   1.6558270e-02
   2.9760000e+00   5.7591387e-01   9.9374884e-03
   2.9920000e+00   6.0619156e-01  -3.1523514e-02
   3.0080000e+00   5.6885832e-01  -4.7055724e-02
   3.0240000e+00   5.7970499e-01   3.7133686e-02
   3.0400000e+00   5.5192833e-01   1.3501429e-02
   3.0560000e+00   5.7672978e-01  -1.7907416e-02
   3.0720000e+00   4.8077892e-01  -6.4163180e-03
   3.0880000e+00   5.3239878e-01  -1.9146262e-02
   3.1040000e+00   5.4983352e-01  -3.9069330e-04
   3.1200000e+00   5.0766090e-01  -1.5985954e-02
   3.1360000e+00   5.4467863e-01  -1.7474409e-02
   3.1520000e+00   5.2728017e-01  -4.1594125e-02
   3.1680000e+00   5.3319890e-01   2.7839896e-02
   3.1840000e+00   5.0896256e-01  -1.0793109e-02
   3.2000000e+00   5.4686069e-01   2.0387133e-02
   3.2160000e+00   5.6087559e-01  -9.2874274e-03
   3.2320000e+00   5.2656474e-01   1.4071068e-02
   3.2480000e+00   4.9561038e-01   5.1718915e-02
   3.2640000e+00   5.4833457e-01   3.9489763e-03
   3.2800000e+00   4.9704772e-01   5.6309851e-02
   3.2960000e+00   5.1384097e-01   4.1504085e-02
   3.3120000e+00   5.3650149e-01  -3.7103842e-03
   3.3280000e+00   5.4032359e-01  -2.7673131e-02
   3.3440000e+00   5.4052377e-01   4.3376203e-03
   3.3600000e+00   5.0265358e-01   2.3054705e-02
   3.3760000e+00   5.4139205e-01  -1.9469414e-03
   3.3920000e+00   5.4894351e-01   2.0967027e-02
   3.4080000e+00   5.6801542e-01   2.7767769e-02
   3.4240000e+00   5.2644787e-01   2.7040554e-02
   3.4400000e+00   5.4881213e-01   3.8366200e-02
   3.4560000e+00   5.1936307e-01   8.5777616e-03
   3.4720000e+00   5.3622278e-01  -3.7826469e-02
   3.4880000e+00   5.2521635e-01  -2.5859731e-02
   3.5040000e+00   5.4709112e-01   2.2635299e-03
   3.5200000e+00   5.0567699e-01  -8.0353006e-03
   3.5360000e+00   4.8479210e-01  -2.3821423e-02
   3.5520000e+00   5.6225398e-01   2.5351516e-02
   3.5680000e+00   5.3256604e-01   8.3288684e-02
   3.5840000e+00   4.8579945e-01  -9.8876775e-03
   3.6000000e+00   5.4785556e-01  -2.7271406e-02
   3.6160000e+00   4.6173383e-01  -2.7433947e-02
   3.6320000e+00   5.0649126e-01   2.1741476e-02
   3.6480000e+00   4.6616633e-01  -5.2796304e-02
   3.6640000e+00   5.3299457e-01  -5.6098748e-03
   3.6800000e+00   5.2215425e-01  -3.4000525e-02
   3.6960000e+00   5.0292015e-01   1.3186384e-03
   3.7120000e+00   5.3287103e-01  -1.4999168e-02
   3.7280000e+00   4.9126201e-01   6.0416789e-02
   3.7440000e+00   4.7731273e-01  -6.1506331e-03
   3.7600000e+00   5.0829699e-01   1.8421496e-02
   3.7760000e+00   5.1790907e-01  -2.1957835e-02
   3.7920000e+00   5.3965620e-01  -8.5824999e-03
   3.8080000e+00   4.9104084e-01  -6.9805481e-03
   3.8240000e+00   5.5154799e-01   2.2539225e-02
   3.8400000e+00   4.9235831e-01  -4.5401988e-02
   3.8560000e+00   5.3443065e-01  -9.1397720e-03
   3.8720000e+00   5.0877649e-01   2.2541811e-02
   3.8880000e+00   4.6785172e-01  -4.8621625e-02
   3.9040000e+00   4.7278389e-01   2.8263058e-02
   3.9200000e+00   5.2577498e-01   3.7305314e-02
   3.9360000e+00   4.6727247e-01   5.3976554e-03
   3.9520000e+00   5.0521386e-01   2.3710532e-02
   3.9680000e+00   4.7680382e-01  -5.2697474e-02
   3.9840000e+00   5.3617983e-01   2.6386562e-02
   4.0000000e+00   5.0425681e-01  -3.1699612e-02
   4.0160000e+00   4.9471330e-01   5.0470203e-02
   4.0320000e+00   4.9964297e-01  -8.0592818e-03
   4.0480000e+00   5.0610536e-01  -1.0456941e-02
   4.0640000e+00   4.9865763e-01   5.1780098e-03
   4.0800000e+00   5.4644552e-01  -1.7946784e-02
   4.0960000e+00   4.8064854e-01   2.1762898e-02
   4.1120000e+00   5.2109183e-01  -5.7215632e-02
   4.1280000e+00   5.2939737e-01   6.0730671e-04
   4.1440000e+00   4.9539410e-01   1.5169013e-02
   4.1600000e+00   4.8440090e-01  -9.4238478e-03
   4.1760000e+00   4.8227689e-01  -2.5106599e-03
   4.1920000e+00   5.4751328e-01   2.5044512e-03
   4.2080000e+00   4.6389456e-01   5.8085772e-03
   4.2240000e+00   4.8775846e-01   2.6924023e-02
   4.2400000e+00   4.6723453e-01  -5.9289827e-02
   4.2560000e+00   5.5147410e-01  -2.9078208e-04
   4.2720000e+00   5.3035029e-01   9.3494166e-03
   4.2880000e+00   4.8793436e-01  -3.7877179e-02
   4.3040000e+00   4.7989147e-01   2.9494300e-02
   4.3200000e+00   4.8529931e-01   2.7001349e-02
   4.3360000e+00   5.1366379e-01  -1.3621253e-02
   4.3520000e+00   5.0248098e-01   2.7916641e-02
   4.3680000e+00   4.9629523e-01  -5.9666686e-03
   4.3840000e+00   4.9461180e-01   2.0582589e-02
   4.4000000e+00   5.0391178e-01  -4.1162068e-02
   4.4160000e+00   5.3658814e-01   1.7202348e-02
   4.4320000e+00   4.5635563e-01   6.9805701e-03
   4.4480000e+00   5.0533202e-01  -2.3999994e-03
   4.4640000e+00   5.3888643e-01  -3.6508237e-02
   4.4800000e+00   4.5316882e-01  -1.8157393e-02
   4.4960000e+00   5.1278595e-01   1.8043422e-02
   4.5120000e+00   4.4831648e-01  -1.7660382e-02
   4.5280000e+00   4.8430562e-01  -1.6813449e-02
   4.5440000e+00   4.9579323e-01  -5.8266075e-03
   4.5600000e+00   4.7386847e-01   3.0163527e-02
   4.5760000e+00   5.1308956e-01   4.8869986e-02
   4.5920000e+00   5.3010851e-01  -6.0590393e-03
   4.6080000e+00   4.7411753e-01  -3.2789445e-03
   4.6240000e+00   4.5026833e-01   3.5101308e-02
   4.6400000e+00   4.8931156e-01   2.4845251e-03
   4.6560000e+00   4.8978124e-01  -2.5753556e-02
   4.6720000e+00   5.0205275e-01   2.2226897e-02
   4.6880000e+00   5.3752651e-01   8.8788406e-05
   4.7040000e+00   4.8142526e-01  -1.1063504e-02
   4.7200000e+00   4.6934577e-01   4.3019663e-02
   4.7360000e+00   4.9829374e-01   2.2281365e-02
   4.7520000e+00   4.2644721e-01  -1.1372220e-03
   4.7680000e+00   5.0378012e-01  -5.0727516e-03
   4.7840000e+00   4.9214870e-01   3.7820993e-02
   4.8000000e+00   4.8704070e-01   4.2914414e-02
   4.8160000e+00   4.9722537e-01   3.0494795e-02
   4.8320000e+00   4.8064309e-01  -3.2991236e-03
   4.8480000e+00   5.1041616e-01   1.7673568e-02
   4.8640000e+00   5.2636936e-01  -2.0638577e-02
   4.8800000e+00   5.1326550e-01   4.5171126e-03
   4.8960000e+00   4.8459200e-01  -4.3614121e-02
   4.9120000e+00   4.8905002e-01  -1.5267652e-02
   4.9280000e+00   5.4553882e-01   3.3119435e-03
   4.9440000e+00   4.7319386e-01   3.9484593e-02
   4.9600000e+00   4.7585205e-01  -5.6712435e-02
   4.9760000e+00   4.5815520e-01  -2.2261939e-02
   4.9920000e+00   5.2357653e-01  -1.5761069e-02
   5.0080000e+00   4.7457933e-01  -3.0666749e-02
   5.0240000e+00   4.3641525e-01  -5.9689487e-02
   5.0400000e+00   4.7780147e-01   2.1937115e-02
   5.0560000e+00   4.8540839e-01   2.4033987e-03
   5.0720000e+00   4.8048958e-01  -1.0395469e-02
   5.0880000e+00   4.6010308e-01   6.7199208e-03
   5.1040000e+00   4.6819453e-01  -9.5485121e-03
   5.1200000e+00   4.9167786e-01  -2.2604731e-03
   5.1360000e+00   5.2998067e-01  -9.8030305e-03
   5.1520000e+00   5.3137241e-01   6.3158771e-02
   5.1680000e+00   4.7963866e-01   5.6425843e-02
   5.1840000e+00   4.9419238e-01   3.3170685e-03
   5.2000000e+00   4.4421544e-01   2.9542607e-02
   5.2160000e+00   4.7851475e-01  -1.3687363e-02
   5.2320000e+00   4.7091532e-01   6.3859006e-03
   5.2480000e+00   4.6811380e-01  -4.2260161e-02
   5.2640000e+00   4.8457243e-01   3.5962801e-02
   5.2800000e+00   5.2510641e-01   1.1361659e-02
   5.2960000e+00   4.4644687e-01   1.4233013e-02
   5.3120000e+00   5.1823974e-01   3.9420072e-03
   5.3280000e+00   5.0046249e-01   2.0896033e-03
   5.3440000e+00   4.4185541e-01  -3.2632151e-02
   5.3600000e+00   5.1765901e-01  -2.3688809e-03
   5.3760000e+00   4.6017969e-01  -1.0511262e-02
   5.3920000e+00   5.0077185e-01  -2.0269403e-02
   5.4080000e+00   4.3552298e-01  -1.5523685e-02
   5.4240000e+00   4.3262480e-01  -5.5933864e-02
   5.4400000e+00   4.4835156e-01   5.4749350e-03
   5.4560000e+00   4.9805689e-01  -1.5295630e-02
   5.4720000e+00   4.6289333e-01  -1.4196351e-02
   5.4880000e+00   4.4141173e-01   2.2700991e-02
   5.5040000e+00   5.0582145e-01   1.4956677e-03
   5.5200000e+00   4.9615792e-01   1.1701677e-02
   5.5360000e+00   5.3531460e-01   8.2821577e-03
   5.5520000e+00   4.9619181e-01  -1.0023660e-02
   5.5680000e+00   4.9903542e-01   4.8223553e-02
   5.5840000e+00   4.9053147e-01  -7.4042743e-03
   5.6000000e+00   5.1633689e-01  -3.4913736e-02
   5.6160000e+00   4.9053112e-01   1.3354110e-02
   5.6320000e+00   5.0643130e-01   9.0596051e-03
   5.6480000e+00   4.6773043e-01   3.3292173e-02
   5.6640000e+00   4.9540430e-01   3.6353319e-02
   5.6800000e+00   4.7595016e-01   1.1196515e-02
   5.6960000e+00   4.9263738e-01  -4.6894067e-02
   5.7120000e+00   4.6654819e-01  -3.1066138e-03
   5.7280000e+00   4.8016079e-01  -5.4856997e-02
   5.7440000e+00   4.8673681e-01   7.8739894e-04
   5.7600000e+00   5.0417358e-01   3.1202623e-02
   5.7760000e+00   5.3534906e-01  -3.7254417e-02
   5.7920000e+00   4.8352819e-01   1.8515819e-02
   5.8080000e+00   4.7793720e-01  -2.3538749e-02
   5.8240000e+00   5.1482268e-01  -1.4633019e-02
   5.8400000e+00   4.6545649e-01  -1.0177173e-02
   5.8560000e+00   4.0475106e-01  -2.9902539e-03
   5.8720000e+00   4.8530891e-01  -2.1637424e-02
   5.8880000e+00   5.1420385e-01  -1.1616847e-03
   5.9040000e+00   4.6891686e-01  -2.5474360e-02
   5.9200000e+00   4.8059906e-01  -2.6967956e-02
   5.9360000e+00   4.5386669e-01  -1.2474320e-02
   5.9520000e+00   4.6406235e-01  -2.2701313e-02
   5.9680000e+00   5.0577706e-01   4.0071848e-02
   5.9840000e+00   4.7176935e-01   1.7804671e-02
   6.0000000e+00   4.4907469e-01   1.8909689e-03
   6.0160000e+00   5.1642292e-01   1.0694365e-03
   6.0320000e+00   4.9999772e-01   2.1209118e-03
   6.0480000e+00   4.9814706e-01  -1.5639306e-02
   6.0640000e+00   4.9125723e-01   1.3807729e-02
   6.0800000e+00   4.6913819e-01   1.4987328e-02
   6.0960000e+00   4.6401510e-01  -2.5737293e-02
   6.1120000e+00   4.8513707e-01  -1.7643421e-02
   6.1280000e+00   5.3269427e-01  -6.0958594e-03
   6.1440000e+00   4.6899528e-01  -1.0929916e-02
   6.1600000e+00   4.9481998e-01  -3.5981935e-02
   6.1760000e+00   4.7164018e-01  -1.8571471e-02
   6.1920000e+00   5.0954482e-01   6.4532698e-02
   6.2080000e+00   4.7566288e-01  -5.6870536e-02
   6.2240000e+00   4.9722502e-01   3.9290738e-02
   6.2400000e+00   4.8767674e-01   4.4716772e-03
   6.2560000e+00   4.9579877e-01   3.0383665e-02
   6.2720000e+00   4.8287591e-01  -4.0360832e-02
   6.2880000e+00   4.5028658e-01  -3.9751521e-02
   6.3040000e+00   5.0231187e-01  -3.5601334e-02
   6.3200000e+00   4.6231261e-01  -1.4606787e-02
   6.3360000e+00   4.5807500e-01  -2.9781676e-02
   6.3520000e+00   5.2718861e-01   1.7620130e-02
   6.3680000e+00   4.4081933e-01  -6.2348116e-02
   6.3840000e+00   4.3899420e-01  -4.0185903e-02
   6.4000000e+00   4.9957395e-01   1.1709924e-02
   6.4160000e+00   4.6297151e-01  -3.6216741e-02
   6.4320000e+00   5.0813249e-01   1.2709614e-02
   6.4480000e+00   4.9627371e-01   4.2825765e-03
   6.4640000e+00   4.3412367e-01  -2.7487713e-02
   6.4800000e+00   5.1854392e-01  -1.3762303e-02
   6.4960000e+00   4.5201544e-01  -1.9471116e-02
   6.5120000e+00   4.9354598e-01  -4.1798339e-02
   6.5280000e+00   4.6666795e-01   6.4142766e-03
   6.5440000e+00   5.1079314e-01  -4.1220806e-03
   6.5600000e+00   5.2060850e-01   1.6556355e-03
   6.5760000e+00   5.0977768e-01   1.7936677e-02
   6.5920000e+00   5.2021438e-01  -2.3108323e-02
   6.6080000e+00   4.9040761e-01  -2.7104357e-02
   6.6240000e+00   4.7373204e-01  -2.5849993e-02
   6.6400000e+00   4.9139224e-01   1.4202616e-02
   6.6560000e+00   4.9772540e-01   1.8005077e-02
   6.6720000e+00   4.7019299e-01  -5.8604648e-02
   6.6880000e+00   4.5415715e-01   3.3158934e-02
   6.7040000e+00   4.6378412e-01  -1.0309374e-02
   6.7200000e+00   4.4363541e-01  -4.2987332e-04
   6.7360000e+00   4.8181402e-01  -1.8901700e-02
   6.7520000e+00   4.5948287e-01   7.3176408e-03
   6.7680000e+00   4.4278603e-01   1.3951359e-02
   6.7840000e+00   4.5353266e-01  -6.1725825e-04
   6.8000000e+00   4.6714453e-01  -1.8387284e-02
   6.8160000e+00   4.6541764e-01   1.2738575e-02
   6.8320000e+00   4.8776927e-01   1.4079382e-02
   6.8480000e+00   4.8597680e-01   4.2404654e-03
   6.8640000e+00   4.6884045e-01  -5.2826725e-03
   6.8800000e+00   5.4091010e-01   1.9444079e-02
   6.8960000e+00   4.8184304e-01   4.0358370e-02
   6.9120000e+00   4.8079502e-01   1.1126925e-02
   6.9280000e+00   4.2982311e-01   1.3612895e-02
   6.9440000e+00   5.0050215e-01  -3.6231684e-02
   6.9600000e+00   4.8692573e-01   1.9237694e-02
   6.9760000e+00   5.1639736e-01  -2.5527568e-03
   6.9920000e+00   4.5144649e-01   2.0499267e-03
   7.0080000e+00   4.6467457e-01   4.3555686e-02
   7.0240000e+00   5.0443409e-01   7.1311906e-03
   7.0400000e+00   4.7840957e-01   4.0124755e-02
   7.0560000e+00   4.3721502e-01   2.3052902e-02
   7.0720000e+00   4.6505992e-01   2.4489661e-02
   7.0880000e+00   4.3205489e-01   1.9857377e-02
   7.1040000e+00   4.4190458e-01   2.6023504e-03
   7.1200000e+00   5.1102092e-01   1.5677029e-02
   7.1360000e+00   4.6533336e-01   4.1963956e-03
   7.1520000e+00   4.5551999e-01   2.0527673e-03
   7.1680000e+00   5.1583394e-01   7.4597778e-04
   7.1840000e+00   5.3548010e-01  -1.4078782e-02
   7.2000000e+00   4.7126694e-01   7.2575615e-04
   7.2160000e+00   4.3436603e-01  -1.7563540e-02
   7.2320000e+00   4.7569704e-01  -3.5344535e-02
   7.2480000e+00   4.2776358e-01   1.4412638e-02
   7.2640000e+00   4.6194786e-01  -2.4816876e-02
   7.2800000e+00   4.8029201e-01   9.5884591e-03
   7.2960000e+00   4.7526602e-01  -1.7345140e-02
   7.3120000e+00   4.5567734e-01   7.5256103e-03
   7.3280000e+00   4.7287176e-01  -5.1103259e-03
   7.3440000e+00   5.0572182e-01   1.4191157e-02
   7.3600000e+00   4.4080657e-01   1.6220879e-02
   7.3760000e+00   4.8211639e-01  -1.8387738e-02
   7.3920000e+00   4.4099703e-01   4.3584291e-02
   7.4080000e+00   4.8033101e-01   3.4371777e-02
   7.4240000e+00   5.0133631e-01   5.8096513e-02
   7.4400000e+00   4.4657044e-01  -1.9788636e-02
   7.4560000e+00   4.2534272e-01  -6.5032342e-04
   7.4720000e+00   4.9298837e-01   1.1024788e-02
   7.4880000e+00   4.9324852e-01  -5.1319945e-02
   7.5040000e+00   4.7902077e-01  -1.5869236e-02
   7.5200000e+00   4.8697697e-01   1.4518361e-02
   7.5360000e+00   4.3568663e-01   2.8725398e-03
   7.5520000e+00   4.9394721e-01   4.5536360e-02
   7.5680000e+00   4.4685164e-01   3.8190898e-03
   7.5840000e+00   4.3279919e-01  -4.9717660e-02
   7.6000000e+00   4.7713556e-01   8.2126358e-03
   7.6160000e+00   4.7350318e-01  -2.4775842e-02
   7.6320000e+00   4.5929750e-01   6.6684761e-03
   7.6480000e+00   4.9845145e-01  -1.3382120e-02
   7.6640000e+00   4.5349280e-01  -2.5138119e-02
   7.6800000e+00   4.7447849e-01  -2.8523658e-03
   7.6960000e+00   4.7970509e-01   1.1045471e-03
   7.7120000e+00   4.9578917e-01   3.4470055e-03
   7.7280000e+00   4.1223929e-01  -2.3212802e-02
   7.7440000e+00   4.4538396e-01   1.5794601e-02
   7.7600000e+00   5.0802775e-01  -2.8671187e-02
   7.7760000e+00   4.5298440e-01  -7.9649908e-02
   7.7920000e+00   4.9913695e-01  -6.5194627e-03
   7.8080000e+00   4.7872349e-01   3.4505660e-02
   7.8240000e+00   4.8951385e-01   1.9573865e-02
   7.8400000e+00   5.1167068e-01  -1.5251278e-02
   7.8560000e+00   4.5915149e-01   1.4626931e-02
   7.8720000e+00   4.5555296e-01  -3.3671774e-02
   7.8880000e+00   4.6670721e-01   4.5792753e-03
   7.9040000e+00   5.2873082e-01   3.8335690e-02
   7.9200000e+00   4.8128427e-01   2.2281951e-02
   7.9360000e+00   5.2335004e-01   1.5296790e-02
   7.9520000e+00   4.8471353e-01  -1.0761404e-04
   7.9680000e+00   5.0602604e-01   1.2830600e-02
   7.9840000e+00   4.9260894e-01   1.2337842e-02
   8.0000000e+00   4.7822583e-01   1.4483115e-02
   8.0160000e+00   4.8611549e-01  -4.6886573e-03
   8.0320000e+00   4.3759550e-01   3.2296576e-02
   8.0480000e+00   4.8216893e-01   3.7523497e-02
   8.0640000e+00   4.8052437e-01   2.1780911e-02
   8.0800000e+00   4.3050520e-01   1.1182603e-02
   8.0960000e+00   4.9966820e-01   3.1187169e-02
   8.1120000e+00   4.3708674e-01   1.1629990e-02
   8.1280000e+00   4.5275878e-01  -3.0296256e-02
   8.1440000e+00   4.6324643e-01  -1.8674704e-02
   8.1600000e+00   4.7498477e-01  -4.6631515e-03
   8.1760000e+00   5.1955499e-01  -2.5843342e-02
   8.1920000e+00   5.2421346e-01   2.1229141e-02
   8.2080000e+00   4.4693409e-01  -7.3537955e-03
   8.2240000e+00   4.6861107e-01   1.6676938e-02
   8.2400000e+00   5.0694614e-01  -2.4522090e-02
   8.2560000e+00   4.2515268e-01   1.0338965e-02
   8.2720000e+00   4.3998395e-01  -9.9254927e-03
   8.2880000e+00   4.0314393e-01  -2.0793260e-02
   8.3040000e+00   4.9659420e-01  -1.5659720e-02
   8.3200000e+00   4.1912828e-01  -1.7744574e-02
   8.3360000e+00   4.3675556e-01  -4.4776701e-03
   8.3520000e+00   4.3674305e-01  -1.7255481e-02
   8.3680000e+00   4.6134359e-01   2.8735203e-02
   8.3840000e+00   4.8335134e-01   6.4918669e-02
   8.4000000e+00   4.8713051e-01   1.0147864e-02
   8.4160000e+00   4.5766105e-01  -4.7405715e-02
   8.4320000e+00   4.7467312e-01   7.4574064e-03
   8.4480000e+00   4.2104173e-01   4.6224292e-02
   8.4640000e+00   4.8821577e-01  -3.6601175e-02
   8.4800000e+00   4.4532947e-01   1.5557047e-02
   8.4960000e+00   4.7055355e-01   2.0470269e-02
   8.5120000e+00   4.9800763e-01   4.0627706e-03
   8.5280000e+00   4.7001232e-01  -1.5476822e-02
   8.5440000e+00   4.7651493e-01  -1.1396716e-02
   8.5600000e+00   4.4656120e-01   1.3175227e-02
   8.5760000e+00   5.1283754e-01   3.2122930e-02
   8.5920000e+00   4.6263860e-01  -2.9581053e-02
   8.6080000e+00   4.7196547e-01   1.4250585e-02
   8.6240000e+00   4.6961146e-01  -1.4529713e-02
   8.6400000e+00   4.5179699e-01   1.4927002e-03
   8.6560000e+00   4.5182200e-01   8.6532989e-03
   8.6720000e+00   4.8133173e-01   9.6377231e-03
   8.6880000e+00   4.6329969e-01   1.0136903e-02
   8.7040000e+00   4.1349439e-01   1.1360187e-02
   8.7200000e+00   4.7891831e-01  -8.3933749e-04
   8.7360000e+00   5.0330538e-01   2.0466030e-02
   8.7520000e+00   5.2090868e-01  -1.0523334e-03
   8.7680000e+00   4.8173278e-01  -6.6085026e-03
   8.7840000e+00   4.6073708e-01   5.2173063e-03
   8.8000000e+00   5.0287230e-01  -7.8386756e-03
   8.8160000e+00   4.4763597e-01   1.5275292e-02
   8.8320000e+00   4.5319670e-01   2.6389021e-02
   8.8480000e+00   4.5738123e-01   5.2221745e-02
   8.8640000e+00   4.4481631e-01  -4.2045949e-02
   8.8800000e+00   4.4598493e-01  -2.0379336e-03
   8.8960000e+00   4.8243491e-01   6.8444802e-02
   8.9120000e+00   4.8677676e-01  -1.7742135e-02
   8.9280000e+00   4.8463703e-01  -4.0908307e-02
   8.9440000e+00   4.8260641e-01  -2.0121379e-02
   8.9600000e+00   4.9285848e-01   3.1080673e-02
   8.9760000e+00   4.6486233e-01   1.3932568e-02
   8.9920000e+00   4.6864323e-01   3.8699655e-02
   9.0080000e+00   4.1273640e-01  -2.1515316e-02
   9.0240000e+00   4.3233565e-01  -9.0723667e-03
   9.0400000e+00   4.8232525e-01   2.0492925e-02
   9.0560000e+00   4.7394958e-01  -5.6373149e-03
   9.0720000e+00   4.7442311e-01  -1.0988280e-02
   9.0880000e+00   4.9230121e-01  -2.4723360e-02
   9.1040000e+00   4.4455977e-01   3.8541307e-02
   9.1200000e+00   4.2333912e-01  -2.3903467e-03
   9.1360000e+00   4.6012409e-01  -3.2511573e-02
   9.1520000e+00   4.3713225e-01   3.2243529e-02
   9.1680000e+00   4.8202486e-01  -1.6352849e-03
   9.1840000e+00   4.9075608e-01   5.1998858e-02
   9.2000000e+00   4.6212430e-01   1.4946403e-04
   9.2160000e+00   4.4290159e-01  -3.2336666e-02
   9.2320000e+00   4.3798604e-01  -2.1946898e-02
   9.2480000e+00   4.9300876e-01   2.5611524e-02
   9.2640000e+00   4.3708331e-01  -7.8662322e-03
   9.2800000e+00   4.6663047e-01   7.1730279e-03
   9.2960000e+00   4.4270892e-01   1.9423752e-02
   9.3120000e+00   4.6401739e-01  -7.6342623e-03
   9.3280000e+00   4.7913792e-01   2.0862372e-02
   9.3440000e+00   4.2840057e-01  -8.3422908e-03
   9.3600000e+00   4.1666297e-01   1.4532370e-02
   9.3760000e+00   4.4878725e-01   2.4825823e-02
   9.3920000e+00   4.2253598e-01   4.9956388e-02
   9.4080000e+00   5.1171150e-01   2.3424537e-02
   9.4240000e+00   4.4118118e-01   2.0383715e-03
   9.4400000e+00   4.5117095e-01  -4.4322251e-02
   9.4560000e+00   4.8864064e-01   1.6368814e-02
   9.4720000e+00   4.3334265e-01  -3.4342975e-02
   9.4880000e+00   4.5089763e-01   4.4224170e-02
   9.5040000e+00   4.5823145e-01   1.2671834e-02
   9.5200000e+00   4.5502868e-01  -7.4203238e-03
   9.5360000e+00   4.6178792e-01  -4.3115218e-03
   9.5520000e+00   5.1530687e-01   2.1810151e-02
   9.5680000e+00   4.5723374e-01  -8.7904072e-03
   9.5840000e+00   4.4363169e-01   2.2152327e-02
   9.6000000e+00   4.4615469e-01   3.9660868e-03
   9.6160000e+00   4.4042882e-01   1.2576784e-02
   9.6320000e+00   4.1279565e-01   1.6249115e-03
   9.6480000e+00   4.8319064e-01   1.4826054e-03
   9.6640000e+00   4.2263981e-01   2.9965879e-02
   9.6800000e+00   4.2779956e-01   9.1267302e-04
   9.6960000e+00   4.4081980e-01  -5.2939759e-02
   9.7120000e+00   4.4994420e-01   2.4425363e-03
   9.7280000e+00   4.5224541e-01   1.4245847e-03
   9.7440000e+00   4.4616092e-01  -2.3455911e-02
   9.7600000e+00   4.2446637e-01  -7.4024784e-03
   9.7760000e+00   4.4210377e-01   1.3484412e-02
   9.7920000e+00   4.0762723e-01  -1.0907317e-02
   9.8080000e+00   4.3298675e-01  -1.6028436e-02
   9.8240000e+00   4.4030656e-01  -6.9548158e-04
   9.8400000e+00   4.4737710e-01  -8.7766981e-03
   9.8560000e+00   4.5919108e-01  -5.0286354e-03
   9.8720000e+00   4.4873008e-01  -4.0611418e-03
   9.8880000e+00   4.1919772e-01   5.2958153e-02
   9.9040000e+00   4.7318330e-01   3.2463449e-02
   9.9200000e+00   4.2234589e-01  -3.5968738e-02
   9.9360000e+00   4.2562885e-01  -5.0425675e-03
   9.9520000e+00   4.0387538e-01   2.3710098e-02
   9.9680000e+00   4.4599965e-01   9.0469302e-03
   9.9840000e+00   4.7803901e-01  -5.5153343e-03
   1.0000000e+01   4.2084259e-01  -5.7685748e-03
   1.0016000e+01   4.6150084e-01  -8.6090180e-03
   1.0032000e+01   4.5456521e-01  -1.2204912e-02
   1.0048000e+01   4.3202821e-01   7.3648091e-03
   1.0064000e+01   3.8907609e-01   2.9453492e-02
   1.0080000e+01   4.4361066e-01   4.5890802e-02
   1.0096000e+01   4.6362098e-01  -1.0781439e-02
   1.0112000e+01   4.4605093e-01  -4.5160758e-02
   1.0128000e+01   4.1627295e-01  -4.5937859e-02
   1.0144000e+01   4.6078525e-01   3.9684309e-02
   1.0160000e+01   4.3768122e-01   6.6040643e-02
   1.0176000e+01   4.3031097e-01   2.3908888e-02
   1.0192000e+01   4.5909105e-01  -2.8132612e-04
   1.0208000e+01   4.9662515e-01   2.2513599e-02
   1.0224000e+01   4.4703772e-01   1.4188447e-02
   1.0240000e+01   4.5487468e-01  -3.0402175e-04
   1.0256000e+01   4.3535789e-01  -7.3303104e-03
   1.0272000e+01   4.0866224e-01  -3.9344294e-02
   1.0288000e+01   4.6354640e-01   2.5881420e-02
   1.0304000e+01   4.2762316e-01   1.4721668e-03
   1.0320000e+01   4.6667813e-01   1.0914395e-02
   1.0336000e+01   4.8940375e-01   1.5106879e-02
   1.0352000e+01   4.1386799e-01  -3.3444130e-02
   1.0368000e+01   4.2453648e-01  -6.8213271e-03
   1.0384000e+01   4.1620045e-01   3.4780182e-02
   1.0400000e+01   4.9622635e-01  -1.4208593e-03
   1.0416000e+01   4.1579562e-01  -9.0594546e-04
   1.0432000e+01   4.7252088e-01  -3.2144223e-02
   1.0448000e+01   4.3296097e-01   8.1282364e-03
   1.0464000e+01   4.4754360e-01   9.8367465e-03
   1.0480000e+01   4.1538962e-01  -2.2319368e-02
   1.0496000e+01   3.9013696e-01  -4.1049687e-02
   1.0512000e+01   4.6912914e-01   1.6471750e-02
   1.0528000e+01   4.5086097e-01   1.2457864e-02
   1.0544000e+01   4.6834111e-01   9.3162046e-03
   1.0560000e+01   4.3912584e-01  -1.5813020e-02
   1.0576000e+01   4.6458805e-01   3.8644116e-03
   1.0592000e+01   4.5350774e-01   6.2412457e-03
   1.0608000e+01   4.8853149e-01   4.8645680e-02
   1.0624000e+01   4.4345110e-01  -1.2855756e-02
   1.0640000e+01   4.2888095e-01  -3.4515576e-02
   1.0656000e+01   4.4925016e-01  -3.7291296e-02
   1.0672000e+01   4.3782229e-01   2.2056522e-04
   1.0688000e+01   4.6806688e-01  -6.3932769e-03
   1.0704000e+01   4.1233900e-01   2.4445997e-02
   1.0720000e+01   4.5291927e-01   8.7728835e-03
   1.0736000e+01   4.5057033e-01   8.3164719e-03
   1.0752000e+01   4.1652684e-01   1.0033846e-02
   1.0768000e+01   4.2182296e-01  -2.3184871e-03
   1.0784000e+01   4.2611714e-01  -1.8964294e-02
   1.0800000e+01   4.4310518e-01   1.9334308e-02
   1.0816000e+01   4.1729709e-01  -2.8810871e-02
   1.0832000e+01   4.2760959e-01   2.3629361e-02
   1.0848000e+01   3.8037799e-01   3.5646539e-02
   1.0864000e+01   4.2730719e-01  -1.2917149e-02
   1.0880000e+01   4.4145632e-01  -1.6963015e-02
   1.0896000e+01   4.4929029e-01  -2.6493218e-02
   1.0912000e+01   4.2411013e-01  -3.7376017e-02
   1.0928000e+01   4.8189132e-01  -6.4028218e-02
   1.0944000e+01   4.3671359e-01  -3.4747138e-02
   1.0960000e+01   3.7703544e-01  -1.4332300e-02
   1.0976000e+01   4.7117953e-01  -1.6804647e-02
   1.0992000e+01   4.2140131e-01   1.6937354e-02
   1.1008000e+01   4.4072839e-01   5.0024346e-02
   1.1024000e+01   4.7491760e-01  -1.6033272e-02
   1.1040000e+01   4.6124002e-01   1.3375221e-02
   1.1056000e+01   4.1039380e-01   2.9902254e-02
   1.1072000e+01   4.2003039e-01  -2.4969739e-03
   1.1088000e+01   4.5563984e-01   1.7822065e-02
   1.1104000e+01   4.0765075e-01  -3.1097614e-02
   1.1120000e+01   4.5264659e-01   9.8485064e-03
   1.1136000e+01   4.3023863e-01  -1.6485389e-02
   1.1152000e+01   4.1262846e-01  -2.2636864e-03
   1.1168000e+01   4.4374459e-01  -1.0100772e-02
   1.1184000e+01   4.2712663e-01  -1.1189026e-02
   1.1200000e+01   3.8457547e-01  -7.5286345e-03
   1.1216000e+01   4.4292694e-01  -3.1099497e-03
   1.1232000e+01   4.3065620e-01   4.2981257e-02
   1.1248000e+01   4.4570708e-01  -6.3996939e-05
   1.1264000e+01   3.8195689e-01  -3.7915249e-03
   1.1280000e+01   4.1381093e-01  -1.2244475e-02
   1.1296000e+01   4.4151088e-01   3.5680727e-02
   1.1312000e+01   4.0152165e-01  -2.4418682e-02
   1.1328000e+01   4.6190473e-01   4.5489798e-02
   1.1344000e+01   4.6720156e-01   1.9772405e-02
   1.1360000e+01   4.2304923e-01   1.1205916e-02
   1.1376000e+01   4.1471574e-01  -2.0653096e-02
   1.1392000e+01   3.9784465e-01  -2.0907294e-02
   1.1408000e+01   4.4581959e-01  -1.7589454e-02
   1.1424000e+01   4.8103063e-01  -3.1501040e-02
   1.1440000e+01   4.2856953e-01  -5.6718310e-02
   1.1456000e+01   4.0661726e-01   7.9479683e-03
   1.1472000e+01   4.2304226e-01  -4.5108632e-02
   1.1488000e+01   4.8450523e-01   2.2409799e-02
   1.1504000e+01   4.4559323e-01  -2.2246418e-02
   1.1520000e+01   4.4421537e-01  -2.7409302e-02
   1.1536000e+01   3.8578533e-01   1.8571999e-02
   1.1552000e+01   4.2566253e-01   5.8331154e-03
   1.1568000e+01   3.9230307e-01  -2.3212532e-02
   1.1584000e+01   3.8332387e-01  -5.1345582e-03
   1.1600000e+01   4.2376571e-01   1.3641525e-03
   1.1616000e+01   3.7630772e-01   1.4980971e-02
   1.1632000e+01   4.1355858e-01   2.6890045e-02
   1.1648000e+01   4.4747786e-01  -5.8265603e-02
   1.1664000e+01   3.9576231e-01   5.3944886e-02
   1.1680000e+01   4.5423900e-01   2.3843118e-02
   1.1696000e+01   4.2917131e-01   1.5567506e-02
   1.1712000e+01   3.9748258e-01  -1.7596145e-02
   1.1728000e+01   4.4636423e-01   3.8028775e-02
   1.1744000e+01   4.3611397e-01  -2.1045358e-02
   1.1760000e+01   4.1394101e-01   1.2746326e-02
   1.1776000e+01   4.1906672e-01  -3.2754220e-02
   1.1792000e+01   4.3378387e-01  -8.0400034e-03
   1.1808000e+01   4.1229910e-01  -7.8697499e-02
   1.1824000e+01   4.1444925e-01  -6.6364528e-03
   1.1840000e+01   3.8591601e-01  -2.7474418e-02
   1.1856000e+01   4.3201607e-01   6.3676488e-04
   1.1872000e+01   3.9221656e-01   1.8411930e-02
   1.1888000e+01   4.7393295e-01   6.7657192e-02
   1.1904000e+01   4.2776487e-01   1.0036501e-02
   1.1920000e+01   3.8661676e-01  -2.2842429e-02
   1.1936000e+01   3.8927404e-01  -2.6994652e-02
   1.1952000e+01   4.1160434e-01  -5.8329880e-03
   1.1968000e+01   4.2695004e-01  -4.5951648e-02
   1.1984000e+01   3.9519352e-01   9.4167519e-03
   1.2000000e+01   4.0836042e-01  -2.9892519e-02
   1.2016000e+01   4.5627145e-01   4.1355137e-02
   1.2032000e+01   4.6317749e-01   4.4041231e-02
   1.2048000e+01   4.4513850e-01   4.2446618e-02
   1.2064000e+01   4.0895243e-01   2.1585293e-03
   1.2080000e+01   4.6946914e-01   3.1212842e-02
   1.2096000e+01   3.9806373e-01  -9.4904244e-03
   1.2112000e+01   4.3502517e-01  -3.2302687e-02
   1.2128000e+01   4.0690685e-01   5.6107222e-03
   1.2144000e+01   4.1158206e-01  -9.9089012e-03
   1.2160000e+01   4.0176799e-01   3.4708831e-02
   1.2176000e+01   3.6790391e-01   3.2916661e-02
   1.2192000e+01   3.8171034e-01   2.4951627e-02
   1.2208000e+01   4.0860550e-01  -1.6979856e-02
   1.2224000e+01   4.1171998e-01  -4.5925447e-02
   1.2240000e+01   3.9286171e-01  -3.8443319e-02
   1.2256000e+01   4.2169191e-01   3.8069913e-03
