   0.0000000e+00   8.6887839e-01  -5.4667705e-03
   8.0000000e-03   8.4340806e-01   1.2179385e-02
   1.6000000e-02   8.7302922e-01  -2.6837486e-02
   2.4000000e-02   8.5099066e-01  -2.9052922e-02
   3.2000000e-02   8.5894851e-01   3.4131550e-02
   4.0000000e-02   9.0328484e-01   5.6688652e-03
   4.8000000e-02   8.9287240e-01   2.9230575e-02
   5.6000000e-02   9.2791436e-01   5.7000530e-03
   6.4000000e-02   9.1787132e-01   1.5480030e-02
   7.2000000e-02   9.7963879e-01   2.0966549e-02
   8.0000000e-02   9.2206665e-01  -2.1110075e-02
   8.8000000e-02   1.0236124e+00  -3.0421336e-02
   9.6000000e-02   9.5255237e-01   9.6100143e-03
   1.0400000e-01   9.5104300e-01  -1.5315233e-02
   1.1200000e-01   1.0206314e+00   2.2664550e-02
   1.2000000e-01   9.8115300e-01   1.6501650e-02
   1.2800000e-01   9.7812527e-01  -1.2455026e-02
   1.3600000e-01   1.0118676e+00  -1.8790220e-02
   1.4400000e-01   9.7200764e-01   1.4405087e-02
   1.5200000e-01   9.7466701e-01   2.1507327e-02
   1.6000000e-01   9.9089102e-01   5.6772821e-03
   1.6800000e-01   9.5983054e-01  -1.0199418e-03
   1.7600000e-01   9.3950200e-01   1.2514247e-02
   1.8400000e-01   9.4141854e-01  -1.0943738e-02
   1.9200000e-01   9.6533505e-01  -3.8289906e-02
   2.0000000e-01   8.9927400e-01   2.5718054e-02
   2.0800000e-01   9.0467249e-01   1.3402663e-02
   2.1600000e-01   8.8192774e-01  -2.8719077e-02
   2.2400000e-01   8.6996877e-01  -7.4350939e-03
   2.3200000e-01   8.5599421e-01  -3.3792201e-02
   2.4000000e-01   8.5149548e-01   1.9716363e-02
   2.4800000e-01   8.3616237e-01   6.6390228e-02
   2.5600000e-01   8.0800293e-01  -3.1752730e-02
   2.6400000e-01   7.8615075e-01   3.6917849e-02
   2.7200000e-01   8.0233755e-01   2.6696965e-02
   2.8000000e-01   8.2653507e-01  -2.4398024e-02
   2.8800000e-01   8.3840628e-01   7.5831953e-04
   2.9600000e-01   7.9495888e-01  -3.2469187e-02
   3.0400000e-01   8.2253792e-01   9.1926821e-03
   3.1200000e-01   8.1203032e-01  -1.0265180e-02
   3.2000000e-01   7.9301532e-01   3.3511746e-02
   3.2800000e-01   7.5559595e-01  -2.1787451e-02
   3.3600000e-01   7.8338682e-01   7.9886918e-03
   3.4400000e-01   7.8161510e-01   1.0681962e-03
   3.5200000e-01   7.5194717e-01  -4.4008146e-02
   3.6000000e-01   8.3642142e-01   4.7532604e-03
   3.6800000e-01   7.7396317e-01   7.5420708e-03
   3.7600000e-01   8.2458510e-01  -3.3828129e-02
   3.8400000e-01   7.8625681e-01   1.8886926e-02
   3.9200000e-01   7.7057073e-01  -3.1373127e-02
   4.0000000e-01   7.7738871e-01  -2.2068074e-02
   4.0800000e-01   7.6800000e-01  -7.5289064e-03
   4.1600000e-01   7.5160125e-01   2.8025748e-02
   4.2400000e-01   7.3129989e-01   1.8191661e-02
   4.3200000e-01   7.6713481e-01  -2.1624808e-02
   4.4000000e-01   7.2558642e-01  -5.9503310e-02
   4.4800000e-01   7.5970874e-01   1.7265461e-02
   4.5600000e-01   7.2250294e-01   3.6904666e-02
   4.6400000e-01   7.8829613e-01   3.7953797e-02
   4.7200000e-01   7.4753605e-01   1.7633008e-02
   4.8000000e-01   7.1595191e-01  -9.5942822e-03
   4.8800000e-01   7.5982292e-01   4.6254580e-02
   4.9600000e-01   7.3867553e-01   7.2368751e-03
   5.0400000e-01   7.5841373e-01   3.4865716e-02
   5.1200000e-01   7.3095447e-01   5.2605485e-02
   5.2000000e-01   7.5810666e-01   8.0435769e-03
   5.2800000e-01   7.3444466e-01  -9.5400663e-03
   5.3600000e-01   7.6684092e-01   1.5043182e-02
   5.4400000e-01   7.2332282e-01  -5.6627940e-02
   5.5200000e-01   7.4526095e-01  -2.0664297e-02
   5.6000000e-01   7.3766603e-01  -2.6056324e-02
   5.6800000e-01   7.6845130e-01   4.8135845e-03
   5.7600000e-01   7.4364314e-01   1.8647469e-03
   5.8400000e-01   7.2286277e-01  -2.0378211e-03
   5.9200000e-01   7.2733919e-01   6.2057470e-03
   6.0000000e-01   7.2323393e-01  -6.5082943e-03
   6.0800000e-01   7.0156495e-01   7.6179658e-04
   6.1600000e-01   7.1836217e-01   1.5218826e-02
   6.2400000e-01   7.4147053e-01   1.3074619e-02
   6.3200000e-01   7.1943426e-01   5.1261588e-03
   6.4000000e-01   7.0749376e-01   3.3195914e-02
   6.4800000e-01   7.4314996e-01  -2.8205745e-02
   6.5600000e-01   6.9993881e-01   5.0819623e-03
   6.6400000e-01   6.7552372e-01  -5.4305745e-04
   6.7200000e-01   6.8626001e-01   2.7972950e-02
   6.8000000e-01   7.4314352e-01   1.4605625e-03
   6.8800000e-01   6.7050612e-01  -1.4222857e-02
   6.9600000e-01   6.6103461e-01   1.7332154e-02
   7.0400000e-01   6.9554389e-01  -1.1550103e-02
   7.1200000e-01   7.1777695e-01  -3.1245199e-02
   7.2000000e-01   6.6763793e-01   1.0660147e-03
   7.2800000e-01   7.3250265e-01   1.0599145e-02
   7.3600000e-01   7.2225466e-01   4.8073486e-03
   7.4400000e-01   7.3890828e-01  -3.0194069e-02
   7.5200000e-01   7.0148374e-01   2.5270216e-03
   7.6000000e-01   6.8331781e-01   7.8330265e-03
   7.6800000e-01   7.5328100e-01  -6.4694923e-02
   7.7600000e-01   7.5923883e-01  -2.0131865e-02
   7.8400000e-01   7.1541982e-01  -2.5521003e-04
   7.9200000e-01   7.0730329e-01   3.1193752e-02
   8.0000000e-01   6.9707710e-01  -1.1480581e-02
   8.0800000e-01   6.7065512e-01  -2.1878861e-02
   8.1600000e-01   7.0793589e-01   5.5691813e-03
   8.2400000e-01   6.9937249e-01  -1.4121958e-02
   8.3200000e-01   7.3027459e-01   1.6045295e-02
   8.4000000e-01   6.8189197e-01   6.6757327e-03
   8.4800000e-01   7.2162511e-01   3.6151326e-02
   8.5600000e-01   7.0806146e-01   1.2912585e-02
   8.6400000e-01   7.0360360e-01   2.1247196e-02
   8.7200000e-01   7.4838047e-01   2.0923476e-03
   8.8000000e-01   6.7202399e-01  -9.7333023e-03
   8.8800000e-01   6.9077454e-01  -1.2036439e-02
   8.9600000e-01   7.1421091e-01   1.1222786e-02
   9.0400000e-01   6.7956952e-01   1.1905164e-02
   9.1200000e-01   7.1542233e-01   4.5841007e-03
   9.2000000e-01   7.2736853e-01  -2.1934914e-02
   9.2800000e-01   7.0109139e-01  -6.2944754e-03
   9.3600000e-01   6.6826785e-01  -2.7638473e-02
   9.4400000e-01   7.1673254e-01  -8.7296257e-03
   9.5200000e-01   6.5226123e-01  -2.3487751e-02
   9.6000000e-01   6.9687369e-01  -1.3997870e-02
   9.6800000e-01   6.7091331e-01   8.1764230e-03
   9.7600000e-01   6.9838791e-01  -4.1454391e-02
   9.8400000e-01   6.9140744e-01   6.3660512e-04
   9.9200000e-01   7.2634769e-01   6.3769489e-03
   1.0000000e+00   7.0524552e-01   2.7124962e-02
   1.0080000e+00   6.8331824e-01   4.2701863e-03
   1.0160000e+00   6.7580236e-01  -3.8820581e-02
   1.0240000e+00   7.2754321e-01   1.9919579e-02
   1.0320000e+00   7.1688868e-01   1.8642573e-02
   1.0400000e+00   7.1474877e-01  -1.1390717e-02
   1.0480000e+00   7.1171049e-01   6.5727517e-03
   1.0560000e+00   6.7768714e-01  -2.0787372e-03
   1.0640000e+00   7.0859975e-01   1.0372266e-02
   1.0720000e+00   7.0052900e-01   7.0462338e-03
   1.0800000e+00   6.8498115e-01   1.5427469e-02
   1.0880000e+00   6.6461452e-01  -2.0065619e-03
   1.0960000e+00   6.3873518e-01   1.0100209e-02
   1.1040000e+00   6.2815247e-01   4.1290434e-02
   1.1120000e+00   6.8644250e-01  -2.0393791e-02
   1.1200000e+00   6.6537051e-01  -5.6443323e-02
   1.1280000e+00   6.8422810e-01  -2.8928995e-02
   1.1360000e+00   6.6281561e-01  -2.5443716e-02
   1.1440000e+00   6.7253476e-01  -8.5629009e-03
   1.1520000e+00   6.9895331e-01  -2.0027640e-02
   1.1600000e+00   6.4384073e-01  -4.0843646e-02
   1.1680000e+00   7.5336161e-01   1.2559249e-02
   1.1760000e+00   6.6215661e-01  -4.4657642e-03
   1.1840000e+00   6.8033995e-01   1.6085326e-02
   1.1920000e+00   6.5376104e-01  -3.1983390e-02
   1.2000000e+00   7.1129046e-01  -7.9536893e-02
   1.2080000e+00   7.1632583e-01   4.7720113e-03
   1.2160000e+00   7.2925296e-01  -1.8859818e-02
   1.2240000e+00   6.8693938e-01   1.8665541e-02
   1.2320000e+00   6.8586827e-01   2.7434044e-03
   1.2400000e+00   6.6866390e-01  -1.3035944e-02
   1.2480000e+00   6.8944084e-01   3.5751623e-02
   1.2560000e+00   7.2772736e-01  -8.5787263e-03
   1.2640000e+00   7.2947588e-01   7.1647943e-03
   1.2720000e+00   7.3410062e-01  -1.8100932e-02
   1.2800000e+00   7.1484943e-01  -2.1437178e-02
   1.2880000e+00   7.0075271e-01   1.9192285e-02
   1.2960000e+00   7.3013397e-01  -2.4203712e-02
   1.3040000e+00   6.7751894e-01   1.2325763e-02
   1.3120000e+00   6.6906837e-01   2.8000921e-02
   1.3200000e+00   6.6186531e-01   5.1705814e-02
   1.3280000e+00   7.2249438e-01  -4.0119860e-02
   1.3360000e+00   6.7055249e-01   3.6044780e-02
   1.3440000e+00   6.8109519e-01  -2.4570569e-02
   1.3520000e+00   6.8373244e-01  -9.5390668e-03
   1.3600000e+00   7.1404913e-01  -1.0662015e-02
   1.3680000e+00   7.0307727e-01  -1.1667828e-02
   1.3760000e+00   7.2459972e-01  -2.2114244e-03
   1.3840000e+00   6.8193662e-01   3.0053745e-02
   1.3920000e+00   7.3127968e-01  -8.1161130e-03
   1.4000000e+00   7.0540520e-01   6.8936522e-03
   1.4080000e+00   6.8115663e-01   3.2687967e-02
   1.4160000e+00   7.3622612e-01   1.4831499e-03
   1.4240000e+00   7.0528944e-01  -3.2425486e-02
   1.4320000e+00   6.7122627e-01  -2.2739989e-02
   1.4400000e+00   7.1474675e-01  -1.5353141e-02
   1.4480000e+00   6.7039080e-01  -4.1536285e-02
   1.4560000e+00   6.9859902e-01   4.3104132e-03
   1.4640000e+00   7.3544740e-01  -3.9142761e-03
   1.4720000e+00   6.7102293e-01   1.9187067e-02
   1.4800000e+00   6.8519371e-01  -8.4213098e-03
   1.4880000e+00   6.9587783e-01  -7.6537499e-03
   1.4960000e+00   6.9201339e-01  -2.3140045e-02
   1.5040000e+00   7.1456305e-01   1.5824215e-02
   1.5120000e+00   7.0997962e-01   5.0464153e-02
   1.5200000e+00   6.7916335e-01   1.0815130e-02
   1.5280000e+00   6.8109457e-01  -1.5144447e-03
   1.5360000e+00   6.9641213e-01  -2.1693458e-03
   1.5440000e+00   6.5716366e-01  -2.4529426e-02
   1.5520000e+00   6.8513818e-01   2.9232671e-03
   1.5600000e+00   6.9918927e-01  -1.1174163e-02
   1.5680000e+00   6.7142520e-01  -7.2619376e-02
   1.5760000e+00   6.9051387e-01  -4.8637965e-02
   1.5840000e+00   7.2582449e-01   2.6187508e-02
   1.5920000e+00   6.8238207e-01   3.7444775e-02
   1.6000000e+00   6.6985573e-01   7.0784280e-03
   1.6080000e+00   6.9233728e-01   2.6249686e-03
   1.6160000e+00   6.8326014e-01  -2.0324803e-02
   1.6240000e+00   6.8785144e-01  -7.5587469e-03
   1.6320000e+00   6.8054979e-01   3.2225727e-02
   1.6400000e+00   6.9969873e-01   2.9023668e-02
   1.6480000e+00   6.5631716e-01  -3.1330799e-02
   1.6560000e+00   6.7989117e-01  -3.4032551e-02
   1.6640000e+00   7.1432326e-01  -7.5614036e-02
   1.6720000e+00   7.2744804e-01  -3.2227508e-02
   1.6800000e+00   7.4303774e-01   3.0549619e-02
   1.6880000e+00   7.0029642e-01   1.0922324e-02
   1.6960000e+00   6.7495358e-01   1.0703612e-02
   1.7040000e+00   6.7689289e-01   2.6496414e-03
   1.7120000e+00   6.8111497e-01  -7.3875745e-03
   1.7200000e+00   6.9004666e-01   1.9133789e-02
   1.7280000e+00   6.6792798e-01   2.3315310e-02
   1.7360000e+00   6.7994045e-01  -1.9802092e-03
   1.7440000e+00   7.2378177e-01  -1.7463524e-02
   1.7520000e+00   6.9413934e-01   1.6966078e-02
   1.7600000e+00   7.1225972e-01  -1.3329756e-02
   1.7680000e+00   7.0851533e-01  -6.0130118e-02
   1.7760000e+00   7.3519765e-01   3.6849200e-02
   1.7840000e+00   6.5395325e-01  -1.7914868e-03
   1.7920000e+00   7.2655448e-01  -4.9670534e-03
   1.8000000e+00   7.3005166e-01   3.0520902e-02
   1.8080000e+00   6.9331706e-01  -3.8448905e-02
   1.8160000e+00   6.8835519e-01  -3.6952997e-02
   1.8240000e+00   6.7167810e-01  -3.5584544e-02
   1.8320000e+00   6.9970320e-01  -1.8448837e-02
   1.8400000e+00   6.4615882e-01   2.5240088e-02
   1.8480000e+00   7.2383532e-01  -1.9352290e-02
   1.8560000e+00   7.1569699e-01  -3.5151832e-02
   1.8640000e+00   6.7097987e-01   3.9994746e-03
   1.8720000e+00   6.9377953e-01  -3.6502696e-02
   1.8800000e+00   6.9477444e-01   1.4983603e-02
   1.8880000e+00   7.2462220e-01  -4.3416224e-02
   1.8960000e+00   7.1272400e-01  -2.0242593e-02
   1.9040000e+00   6.6440713e-01  -1.6826628e-02
   1.9120000e+00   7.1558420e-01  -1.1363266e-02
   1.9200000e+00   7.2102138e-01  -1.4906294e-02
   1.9280000e+00   6.7246477e-01  -1.5567004e-02
   1.9360000e+00   7.5078450e-01   3.2444263e-03
   1.9440000e+00   6.8370356e-01  -4.1597752e-02
   1.9520000e+00   7.0463804e-01   2.9185706e-02
   1.9600000e+00   6.8212423e-01  -1.3833355e-02
   1.9680000e+00   7.0007934e-01   1.8106794e-02
   1.9760000e+00   7.5767012e-01   2.4020778e-02
   1.9840000e+00   6.7263326e-01  -2.1023511e-02
   1.9920000e+00   6.9589992e-01  -8.1220637e-03
   2.0000000e+00   6.6619211e-01   1.9250408e-02
   2.0080000e+00   6.8168058e-01  -2.1742252e-02
   2.0160000e+00   6.7623124e-01   2.8667611e-03
   2.0240000e+00   7.3483559e-01   1.5025108e-02
   2.0320000e+00   7.0264516e-01  -9.4003083e-03
   2.0400000e+00   7.0922868e-01   1.9810087e-02
   2.0480000e+00   6.6466642e-01   2.1835815e-02
   2.0560000e+00   6.5761175e-01  -1.6950732e-02
   2.0640000e+00   7.3137227e-01   2.3646802e-02
   2.0720000e+00   6.7120236e-01  -2.3074792e-02
   2.0800000e+00   6.4123328e-01   1.5428364e-02
   2.0880000e+00   7.0268572e-01  -1.5445827e-03
   2.0960000e+00   7.3025031e-01  -1.1573772e-03
   2.1040000e+00   7.0784020e-01   1.1348519e-02
   2.1120000e+00   7.0944980e-01  -1.2750503e-02
   2.1200000e+00   6.8603447e-01   2.5237054e-02
   2.1280000e+00   7.1059799e-01   3.2363269e-02
   2.1360000e+00   7.2217163e-01   1.4796831e-02
   2.1440000e+00   7.1035628e-01   9.6495322e-03
   2.1520000e+00   6.9720888e-01   2.1660598e-03
   2.1600000e+00   6.7896896e-01  -8.9882440e-03
   2.1680000e+00   6.7842992e-01   2.4111313e-02
   2.1760000e+00   7.0012330e-01  -3.0652568e-02
   2.1840000e+00   6.7308264e-01  -1.9160844e-02
   2.1920000e+00   6.9551059e-01   3.3348397e-02
   2.2000000e+00   6.9706632e-01  -1.7338130e-02
   2.2080000e+00   6.8372828e-01   7.0339098e-03
   2.2160000e+00   6.5251620e-01   5.6962593e-03
   2.2240000e+00   7.1297318e-01  -1.2006748e-02
   2.2320000e+00   7.2811066e-01   3.2922903e-02
   2.2400000e+00   7.0206307e-01   5.3322781e-03
   2.2480000e+00   7.2116696e-01  -9.1127073e-03
   2.2560000e+00   6.5158523e-01   1.0754269e-02
   2.2640000e+00   6.9114695e-01  -1.3544449e-03
   2.2720000e+00   6.6994762e-01  -4.5107962e-02
   2.2800000e+00   6.3792533e-01  -3.1011589e-02
   2.2880000e+00   6.5299928e-01  -1.5662363e-03
   2.2960000e+00   6.5405524e-01   2.0451446e-02
   2.3040000e+00   6.8957263e-01  -3.6904303e-04
   2.3120000e+00   6.5991149e-01  -3.3960577e-02
   2.3200000e+00   6.9265795e-01  -4.7746186e-03
   2.3280000e+00   6.8130889e-01   3.8906219e-02
   2.3360000e+00   6.7549175e-01   1.9847494e-02
   2.3440000e+00   7.2830381e-01  -7.0152504e-03
   2.3520000e+00   6.9034019e-01   1.8250254e-02
   2.3600000e+00   6.6311806e-01   4.9611830e-02
   2.3680000e+00   6.5087578e-01  -4.4676472e-02
   2.3760000e+00   6.4664483e-01   2.9207392e-03
   2.3840000e+00   6.5850570e-01  -9.9488377e-03
   2.3920000e+00   6.6710638e-01  -3.7587516e-03
   2.4000000e+00   6.5246931e-01   1.2500539e-02
   2.4080000e+00   6.5112100e-01  -4.9628654e-03
   2.4160000e+00   6.9123749e-01   7.7607226e-04
   2.4240000e+00   6.5040371e-01   1.6110550e-02
   2.4320000e+00   7.1620986e-01   2.0093604e-02
   2.4400000e+00   6.5004348e-01  -1.7258269e-02
   2.4480000e+00   6.7178514e-01   1.1589839e-02
   2.4560000e+00   6.9804042e-01   2.2885010e-02
   2.4640000e+00   6.9272541e-01   3.4257232e-02
   2.4720000e+00   6.5728317e-01  -3.4503653e-02
   2.4800000e+00   7.1993881e-01  -5.6170370e-02
   2.4880000e+00   6.7131751e-01  -1.5495558e-03
   2.4960000e+00   6.7719302e-01  -4.3769845e-02
   2.5040000e+00   6.7268846e-01  -1.6672138e-03
   2.5120000e+00   7.1471890e-01   1.5411451e-02
   2.5200000e+00   6.8785517e-01   3.7213145e-02
   2.5280000e+00   6.9252076e-01  -1.0465845e-02
   2.5360000e+00   6.7571309e-01   3.2459896e-02
   2.5440000e+00   7.0279785e-01  -7.1513564e-03
   2.5520000e+00   6.8949611e-01  -1.5378782e-02
   2.5600000e+00   6.6251780e-01   8.3092316e-03
   2.5680000e+00   6.8759822e-01  -2.9852687e-02
   2.5760000e+00   6.6982365e-01  -1.6706585e-02
   2.5840000e+00   6.9129999e-01   1.4441873e-02
   2.5920000e+00   6.7887698e-01  -3.7597128e-02
   2.6000000e+00   7.0909799e-01   2.8512744e-02
   2.6080000e+00   6.8723502e-01  -1.8046201e-02
   2.6160000e+00   7.0036761e-01   1.6937916e-02
   2.6240000e+00   6.9597296e-01   1.7530397e-02
   2.6320000e+00   7.1768353e-01  -2.7101919e-02
   2.6400000e+00   6.8842713e-01  -1.5262274e-02
   2.6480000e+00   6.7857415e-01  -2.6695877e-03
   2.6560000e+00   7.0755687e-01   1.5106078e-04
   2.6640000e+00   6.3059880e-01  -3.8947758e-02
   2.6720000e+00   7.1569803e-01   4.2370793e-02
   2.6800000e+00   6.9828070e-01  -1.0025290e-02
   2.6880000e+00   6.6529536e-01  -1.9582099e-02
   2.6960000e+00   6.9822773e-01   3.6367053e-03
   2.7040000e+00   6.8945708e-01  -1.3510524e-03
   2.7120000e+00   6.7515558e-01   2.8187133e-02
   2.7200000e+00   7.3239000e-01   4.7547206e-02
   2.7280000e+00   6.7347871e-01  -3.8456888e-02
   2.7360000e+00   6.8081573e-01   4.7513459e-03
   2.7440000e+00   6.8158166e-01  -1.4967031e-02
   2.7520000e+00   6.8183840e-01   3.7486361e-02
   2.7600000e+00   6.6968892e-01   5.7210377e-03
   2.7680000e+00   6.6504687e-01  -6.6804120e-02
   2.7760000e+00   6.5520608e-01  -9.7979530e-03
   2.7840000e+00   6.8094296e-01  -3.2219792e-02
   2.7920000e+00   6.8318557e-01   2.4026678e-02
   2.8000000e+00   7.0354552e-01   2.7094492e-02
   2.8080000e+00   6.5860082e-01  -8.2439186e-03
   2.8160000e+00   6.9755206e-01   9.3394927e-03
   2.8240000e+00   7.0465855e-01   2.6698897e-02
   2.8320000e+00   6.4011093e-01   2.8518120e-02
   2.8400000e+00   6.8912568e-01   5.8216399e-03
   2.8480000e+00   6.7102634e-01  -2.1031575e-02
   2.8560000e+00   6.7614088e-01   1.8462125e-02
   2.8640000e+00   6.7338171e-01  -2.2382564e-03
   2.8720000e+00   7.0168561e-01  -1.4641237e-02
   2.8800000e+00   6.9930774e-01   8.1029589e-03
   2.8880000e+00   6.9893921e-01  -1.5752636e-02
   2.8960000e+00   6.8025209e-01  -1.9104893e-02
   2.9040000e+00   6.9020165e-01  -2.3236537e-02
   2.9120000e+00   6.6432457e-01   2.2439388e-02
   2.9200000e+00   6.7633551e-01  -3.3027803e-02
   2.9280000e+00   6.3804480e-01  -7.6800780e-03
   2.9360000e+00   6.3972652e-01   1.1458162e-02
   2.9440000e+00   7.2014290e-01   3.4061197e-02
   2.9520000e+00   6.3794293e-01   4.7655771e-02
   2.9600000e+00   7.1614752e-01  -1.4915760e-03
   2.9680000e+00   6.6711896e-01   3.3958495e-02
   2.9760000e+00   6.9454199e-01  -1.4934557e-02
   2.9840000e+00   7.0498174e-01   1.2185122e-03
   2.9920000e+00   6.6481723e-01  -3.6067643e-03
   3.0000000e+00   6.5292679e-01  -6.9488674e-03
   3.0080000e+00   6.3373999e-01   4.1177714e-03
   3.0160000e+00   6.8447346e-01  -5.5417817e-03
   3.0240000e+00   6.8715797e-01   1.1613259e-02
   3.0320000e+00   6.5296601e-01   1.2150451e-02
   3.0400000e+00   6.5258660e-01  -8.4103517e-03
   3.0480000e+00   6.4341478e-01   2.1893863e-02
   3.0560000e+00   6.6847746e-01  -1.1752777e-02
   3.0640000e+00   6.1623921e-01  -9.9308265e-03
   3.0720000e+00   6.4257182e-01  -8.8644385e-03
   3.0800000e+00   7.1141795e-01   5.2849757e-03
   3.0880000e+00   6.8498488e-01   4.9605338e-02
   3.0960000e+00   7.0498918e-01  -1.0106330e-02
   3.1040000e+00   6.9169199e-01   1.0659566e-03
   3.1120000e+00   6.9047534e-01   2.0970747e-02
   3.1200000e+00   6.4642817e-01   2.9710006e-02
   3.1280000e+00   6.9239438e-01   1.3064988e-02
   3.1360000e+00   6.8709502e-01   1.4889345e-02
   3.1440000e+00   6.5935979e-01   1.8875745e-02
   3.1520000e+00   6.5183299e-01  -1.6732921e-02
   3.1600000e+00   6.7719428e-01   1.5224638e-03
   3.1680000e+00   7.0664940e-01   1.8559219e-02
   3.1760000e+00   6.8554590e-01   2.6694168e-02
   3.1840000e+00   6.7895527e-01   9.6655565e-03
   3.1920000e+00   6.5666847e-01   3.8392856e-03
   3.2000000e+00   6.9042561e-01  -2.0875989e-02
   3.2080000e+00   6.7616465e-01  -2.7352808e-02
   3.2160000e+00   7.2849508e-01   4.9745426e-02
   3.2240000e+00   6.6042638e-01  -6.4406037e-02
   3.2320000e+00   6.9927370e-01   3.7803615e-02
   3.2400000e+00   6.8718399e-01  -1.7334243e-02
   3.2480000e+00   6.7717972e-01   8.6587379e-03
   3.2560000e+00   6.9342237e-01   1.8798810e-02
   3.2640000e+00   6.6584918e-01   1.9542063e-02
   3.2720000e+00   6.3526368e-01  -2.7673025e-02
   3.2800000e+00   6.9403693e-01   5.0681819e-02
   3.2880000e+00   6.5095675e-01  -5.6089784e-03
   3.2960000e+00   6.9274902e-01   1.0459745e-03
   3.3040000e+00   6.6935541e-01   1.4022310e-02
   3.3120000e+00   7.0456013e-01  -1.9795188e-02
   3.3200000e+00   6.8346547e-01   6.1711084e-03
   3.3280000e+00   6.4443110e-01   4.1070519e-02
   3.3360000e+00   6.6377694e-01   3.1476393e-02
   3.3440000e+00   6.8222609e-01  -1.0414357e-02
   3.3520000e+00   6.8320019e-01  -1.9252040e-02
   3.3600000e+00   6.6956060e-01   2.4569704e-02
   3.3680000e+00   6.4366847e-01   4.2657050e-02
   3.3760000e+00   7.3721182e-01   4.4707465e-02
   3.3840000e+00   6.6232215e-01   7.6313915e-03
   3.3920000e+00   6.5278330e-01   3.6892447e-02
   3.4000000e+00   6.8390575e-01   2.5540458e-02
   3.4080000e+00   7.2314036e-01   2.7947101e-02
   3.4160000e+00   6.5287700e-01   3.0349086e-02
   3.4240000e+00   6.9958751e-01  -6.5109821e-03
   3.4320000e+00   6.9502319e-01  -3.2552802e-03
   3.4400000e+00   6.7261140e-01  -2.3833506e-02
   3.4480000e+00   6.9827680e-01   2.4034043e-02
   3.4560000e+00   6.4097552e-01   6.8682985e-04
   3.4640000e+00   6.7287311e-01  -4.1685951e-02
   3.4720000e+00   6.4212084e-01  -2.9823142e-02
   3.4800000e+00   6.7171136e-01  -1.6017129e-02
   3.4880000e+00   6.6807907e-01  -8.8777286e-03
   3.4960000e+00   6.3434010e-01   1.3878630e-02
   3.5040000e+00   7.1406669e-01  -1.2489368e-02
   3.5120000e+00   6.5657665e-01   7.4904325e-02
   3.5200000e+00   6.4005367e-01  -2.2065852e-02
   3.5280000e+00   6.8013357e-01  -4.6114556e-03
   3.5360000e+00   6.7206401e-01   1.3035884e-02
   3.5440000e+00   6.1212397e-01  -6.4230061e-03
   3.5520000e+00   6.5953172e-01  -2.1811547e-02
   3.5600000e+00   6.6016785e-01  -3.3229579e-04
   3.5680000e+00   6.5638423e-01  -1.2151472e-02
   3.5760000e+00   6.9146635e-01  -5.9482664e-02
   3.5840000e+00   7.3520614e-01  -9.6947787e-03
   3.5920000e+00   5.8735340e-01  -1.5098898e-02
   3.6000000e+00   6.2465926e-01   2.7819122e-02
   3.6080000e+00   6.7119570e-01  -1.2846943e-02
   3.6160000e+00   6.7221819e-01  -4.4152265e-02
   3.6240000e+00   7.0307788e-01  -1.7603545e-02
   3.6320000e+00   6.7046230e-01  -1.4581519e-02
   3.6400000e+00   6.9226274e-01  -3.5126389e-02
   3.6480000e+00   6.9567703e-01  -3.7583572e-03
   3.6560000e+00   6.5587775e-01  -8.6378200e-03
   3.6640000e+00   6.7868601e-01   1.9243451e-02
   3.6720000e+00   6.2869306e-01   9.3474916e-04
   3.6800000e+00   6.4648920e-01  -4.4473168e-03
   3.6880000e+00   7.1031612e-01   1.9973626e-02
   3.6960000e+00   6.8480182e-01  -5.8831208e-02
   3.7040000e+00   7.2576476e-01  -8.6383083e-03
   3.7120000e+00   6.4341794e-01   3.6300474e-02
   3.7200000e+00   6.6240153e-01   6.0996448e-03
   3.7280000e+00   6.7142621e-01  -2.2057689e-02
   3.7360000e+00   6.6129543e-01   8.6299491e-03
   3.7440000e+00   6.7171392e-01   1.2999336e-02
   3.7520000e+00   6.4067176e-01  -9.9106216e-03
   3.7600000e+00   6.4725749e-01   1.7188507e-02
   3.7680000e+00   6.8763788e-01  -2.0691716e-02
   3.7760000e+00   6.4091564e-01   1.6678969e-03
   3.7840000e+00   6.6275763e-01   9.9273444e-03
   3.7920000e+00   6.3478684e-01   2.7152733e-02
   3.8000000e+00   6.3870655e-01  -3.2595977e-02
   3.8080000e+00   6.5905794e-01   2.1994560e-02
   3.8160000e+00   7.0169036e-01   8.4684604e-03
   3.8240000e+00   6.5937604e-01   2.4778061e-02
   3.8320000e+00   6.3375417e-01  -1.5509949e-02
   3.8400000e+00   6.8907328e-01  -2.8073933e-03
   3.8480000e+00   6.8910441e-01   4.0722804e-02
   3.8560000e+00   6.8464993e-01   2.7117528e-02
   3.8640000e+00   6.7414164e-01   2.8256748e-02
   3.8720000e+00   6.7353722e-01  -1.4658252e-02
   3.8800000e+00   6.5847535e-01  -2.7679923e-02
   3.8880000e+00   6.7377183e-01  -1.2183333e-02
   3.8960000e+00   6.5562050e-01   4.9075931e-03
   3.9040000e+00   7.3118657e-01  -3.2305929e-02
   3.9120000e+00   6.6548784e-01   9.6932969e-03
   3.9200000e+00   6.9678081e-01  -5.3534313e-03
   3.9280000e+00   6.4480862e-01   1.5141210e-02
   3.9360000e+00   6.5196199e-01  -4.8003826e-02
   3.9440000e+00   6.2688900e-01  -2.1946956e-02
   3.9520000e+00   6.2802534e-01  -5.6818655e-03
   3.9600000e+00   6.6568906e-01  -3.8432336e-03
   3.9680000e+00   6.7895401e-01   4.3032749e-03
   3.9760000e+00   6.0174409e-01   1.4172927e-02
   3.9840000e+00   6.5542164e-01  -2.6576734e-03
   3.9920000e+00   6.6221462e-01  -2.3862492e-02
   4.0000000e+00   6.7319662e-01   1.6213567e-02
   4.0080000e+00   6.8185946e-01  -8.2209427e-03
   4.0160000e+00   6.7109518e-01   5.4080543e-05
   4.0240000e+00   6.6927426e-01  -2.2816693e-02
   4.0320000e+00   6.9234516e-01   4.8946409e-02
   4.0400000e+00   6.6536799e-01  -1.6309264e-02
   4.0480000e+00   6.8831502e-01   5.4300915e-03
   4.0560000e+00   6.4255169e-01   6.6158293e-03
   4.0640000e+00   6.3812256e-01   2.0789161e-02
   4.0720000e+00   6.4728409e-01  -2.7386560e-02
   4.0800000e+00   6.5632036e-01  -2.3723803e-02
   4.0880000e+00   6.4653536e-01  -1.9032750e-02
   4.0960000e+00   6.9526368e-01   3.0931249e-03
   4.1040000e+00   6.5314527e-01   1.0564094e-02
   4.1120000e+00   6.7770610e-01   4.7507645e-02
   4.1200000e+00   6.2377289e-01  -3.7358290e-03
   4.1280000e+00   6.8825789e-01   2.8021244e-02
   4.1360000e+00   6.7666158e-01   1.9545865e-03
   4.1440000e+00   6.4501308e-01   1.5992705e-02
   4.1520000e+00   6.5755162e-01   1.2794924e-02
   4.1600000e+00   6.6551088e-01   1.4546466e-02
   4.1680000e+00   6.4267972e-01  -1.3962647e-02
   4.1760000e+00   6.4889074e-01   1.3359570e-02
   4.1840000e+00   6.4760988e-01  -8.5212310e-03
   4.1920000e+00   6.6993448e-01  -4.4885690e-02
   4.2000000e+00   6.8992484e-01  -1.4349633e-02
   4.2080000e+00   6.6774401e-01  -5.0361205e-02
   4.2160000e+00   6.5038920e-01  -3.2333482e-02
   4.2240000e+00   6.4886919e-01  -2.3369346e-02
   4.2320000e+00   6.7855029e-01   3.6800387e-02
   4.2400000e+00   6.4190256e-01   2.3198565e-03
   4.2480000e+00   6.2511821e-01   1.3939338e-02
   4.2560000e+00   6.6249599e-01   2.0772585e-02
   4.2640000e+00   6.6449316e-01   2.9155470e-02
   4.2720000e+00   6.4327518e-01   4.3108271e-03
   4.2800000e+00   6.9564394e-01   4.7237660e-03
   4.2880000e+00   6.5470862e-01   2.1305343e-03
   4.2960000e+00   6.3477110e-01   9.1910935e-03
   4.3040000e+00   6.3458435e-01  -2.4336336e-02
   4.3120000e+00   6.5458347e-01  -1.2602705e-02
   4.3200000e+00   6.5380851e-01   6.9888564e-03
   4.3280000e+00   6.3515792e-01  -6.1123963e-03
   4.3360000e+00   6.5460723e-01   4.5164488e-03
   4.3440000e+00   6.2386079e-01  -1.1725732e-02
   4.3520000e+00   6.7201469e-01  -1.5406802e-02
   4.3600000e+00   6.6514474e-01  -1.0833244e-02
   4.3680000e+00   6.9919859e-01   9.0390394e-03
   4.3760000e+00   6.4687910e-01  -9.9204290e-03
   4.3840000e+00   6.4525677e-01  -1.7451788e-02
   4.3920000e+00   7.0774903e-01  -1.8001625e-02
   4.4000000e+00   6.6900625e-01   1.2071583e-02
   4.4080000e+00   6.9739542e-01   2.9790862e-02
   4.4160000e+00   6.5868900e-01   4.4900077e-02
   4.4240000e+00   6.6964129e-01  -2.4433879e-02
   4.4320000e+00   6.2726989e-01   2.0753318e-02
   4.4400000e+00   6.9399227e-01  -2.2593963e-02
   4.4480000e+00   6.1216037e-01   1.9204803e-02
   4.4560000e+00   6.3957038e-01   3.8627119e-03
   4.4640000e+00   6.5909031e-01  -1.9074758e-02
   4.4720000e+00   6.4541213e-01   9.1335382e-03
   4.4800000e+00   6.6723639e-01   3.3038620e-02
   4.4880000e+00   6.4512432e-01   1.6977668e-02
   4.4960000e+00   6.4041709e-01  -5.2963973e-02
   4.5040000e+00   6.9178945e-01  -3.0160216e-02
   4.5120000e+00   6.6609656e-01  -4.2520077e-03
   4.5200000e+00   6.8891434e-01   4.0032150e-02
   4.5280000e+00   6.7436338e-01  -2.3617718e-02
   4.5360000e+00   6.4846520e-01   2.1184145e-02
   4.5440000e+00   6.6261922e-01  -1.4336667e-02
   4.5520000e+00   6.7221357e-01   6.5175899e-03
   4.5600000e+00   6.3310318e-01  -9.1821308e-03
   4.5680000e+00   6.4152728e-01  -1.1342307e-02
   4.5760000e+00   6.7302550e-01   6.3739219e-03
   4.5840000e+00   6.6967628e-01   1.5667009e-02
   4.5920000e+00   6.8184704e-01   1.3704572e-02
   4.6000000e+00   6.7748016e-01   1.1335067e-02
   4.6080000e+00   6.3332693e-01   6.3042659e-02
   4.6160000e+00   6.4373618e-01   5.8023176e-02
   4.6240000e+00   6.2707749e-01  -8.1986837e-04
   4.6320000e+00   6.5513532e-01  -4.6533905e-04
   4.6400000e+00   6.4583327e-01   2.0841782e-02
   4.6480000e+00   6.7522797e-01  -1.0395959e-02
   4.6560000e+00   6.5451328e-01   2.5642828e-02
   4.6640000e+00   6.4981654e-01  -7.0468115e-03
   4.6720000e+00   6.6678715e-01   5.3883309e-02
   4.6800000e+00   6.4729422e-01   2.0080247e-02
   4.6880000e+00   6.5044063e-01   2.7461528e-02
   4.6960000e+00   6.3721690e-01  -2.6249576e-02
   4.7040000e+00   6.7083026e-01  -3.9169143e-02
   4.7120000e+00   7.0542479e-01  -1.1775674e-02
   4.7200000e+00   6.7468855e-01   4.1895770e-03
   4.7280000e+00   6.9192820e-01  -3.4837687e-02
   4.7360000e+00   6.5395634e-01  -1.0618732e-04
   4.7440000e+00   6.2949965e-01   5.0822551e-02
   4.7520000e+00   6.2935249e-01  -2.6106349e-02
   4.7600000e+00   7.1227509e-01  -1.2008585e-02
   4.7680000e+00   6.5376262e-01   7.4298346e-03
   4.7760000e+00   6.3348218e-01  -2.9319717e-02
   4.7840000e+00   5.9137253e-01  -6.8306581e-02
   4.7920000e+00   6.3309861e-01   6.2088294e-03
   4.8000000e+00   6.6208346e-01  -1.1156972e-02
   4.8080000e+00   6.5396238e-01  -2.3079844e-02
   4.8160000e+00   6.5810601e-01   9.1472848e-03
   4.8240000e+00   6.5182718e-01   7.6208681e-03
   4.8320000e+00   6.4343230e-01  -1.6466933e-02
   4.8400000e+00   6.5332997e-01  -1.2574595e-02
   4.8480000e+00   6.5099594e-01   1.5947615e-02
   4.8560000e+00   6.1903987e-01   2.1699515e-02
   4.8640000e+00   6.6483683e-01  -7.0663316e-03
   4.8720000e+00   6.3313330e-01  -2.1445348e-04
   4.8800000e+00   5.9884179e-01   6.7949553e-03
   4.8880000e+00   6.2995202e-01   2.0757613e-03
   4.8960000e+00   6.9725547e-01   3.2414203e-02
   4.9040000e+00   6.8234596e-01   9.8214766e-03
   4.9120000e+00   6.6154132e-01  -3.1183092e-02
   4.9200000e+00   6.5432614e-01   1.7916286e-02
   4.9280000e+00   6.3429508e-01  -4.4201690e-02
   4.9360000e+00   6.5844524e-01   2.8684482e-02
   4.9440000e+00   6.2381413e-01  -3.9968100e-02
   4.9520000e+00   5.9513831e-01   2.7692727e-02
   4.9600000e+00   6.7162473e-01   5.1898707e-02
   4.9680000e+00   6.1313542e-01   2.0286372e-02
   4.9760000e+00   6.4581706e-01  -1.8479397e-03
   4.9840000e+00   6.2890000e-01  -2.1718836e-03
   4.9920000e+00   6.9653553e-01  -9.2313378e-03
   5.0000000e+00   6.5580634e-01   1.6777608e-02
   5.0080000e+00   6.4348042e-01  -3.8060136e-02
   5.0160000e+00   6.2575606e-01  -3.4833441e-02
   5.0240000e+00   6.7647492e-01  -1.5903524e-02
   5.0320000e+00   6.3395670e-01  -3.9581270e-02
   5.0400000e+00   6.4820229e-01  -6.4958349e-02
   5.0480000e+00   6.4343041e-01  -1.5266278e-02
   5.0560000e+00   6.7033644e-01  -9.1196541e-03
   5.0640000e+00   6.5867516e-01   2.0461473e-02
   5.0720000e+00   6.3228930e-01   2.4287214e-02
   5.0800000e+00   6.6309648e-01   1.4450028e-02
   5.0880000e+00   6.1367162e-01  -2.5318768e-02
   5.0960000e+00   6.5810743e-01   1.4272642e-02
   5.1040000e+00   6.5163343e-01  -2.1735380e-03
   5.1120000e+00   6.1833025e-01   3.4438899e-04
   5.1200000e+00   6.8331895e-01   9.7444741e-03
   5.1280000e+00   6.1001161e-01  -2.1691261e-02
   5.1360000e+00   6.5994547e-01   8.6248372e-04
   5.1440000e+00   6.3085166e-01   2.5265661e-02
   5.1520000e+00   6.1907928e-01   1.3999731e-02
   5.1600000e+00   6.8775475e-01   7.1525335e-03
   5.1680000e+00   5.8314912e-01  -2.1443060e-02
   5.1760000e+00   6.5818965e-01  -7.9847292e-03
   5.1840000e+00   6.5532686e-01  -1.2782269e-02
   5.1920000e+00   6.1873690e-01  -4.6648460e-02
   5.2000000e+00   6.6950518e-01  -1.4954957e-02
   5.2080000e+00   6.5977651e-01  -1.6582537e-02
   5.2160000e+00   6.3654310e-01  -1.4983677e-02
   5.2240000e+00   6.5987932e-01   2.3199892e-04
   5.2320000e+00   7.0010411e-01   1.6587942e-03
   5.2400000e+00   6.0169050e-01  -3.7920206e-04
   5.2480000e+00   6.6018432e-01   1.7227558e-02
   5.2560000e+00   6.5897271e-01  -1.2419260e-02
   5.2640000e+00   6.5577928e-01  -2.4391686e-04
   5.2720000e+00   5.9884834e-01  -6.0693961e-02
   5.2800000e+00   6.5406559e-01   1.0123372e-02
   5.2880000e+00   6.3220899e-01  -1.0728038e-02
   5.2960000e+00   6.3886285e-01  -6.4957738e-03
   5.3040000e+00   6.1508415e-01  -4.9359668e-03
   5.3120000e+00   6.7386114e-01   3.2758444e-02
   5.3200000e+00   6.5364106e-01   3.5883951e-02
   5.3280000e+00   6.5048354e-01   1.0796888e-02
   5.3360000e+00   6.1785058e-01   1.4467305e-03
   5.3440000e+00   6.3003944e-01   4.1496795e-02
   5.3520000e+00   6.1616766e-01  -4.2025856e-03
   5.3600000e+00   6.8329468e-01  -1.2695166e-02
   5.3680000e+00   6.2646149e-01   1.6264408e-02
   5.3760000e+00   6.3610376e-01  -7.0957853e-03
   5.3840000e+00   6.3535318e-01   1.7885542e-03
   5.3920000e+00   6.7676714e-01   2.0974887e-02
   5.4000000e+00   6.1860417e-01   3.1154876e-02
   5.4080000e+00   6.6456312e-01   1.0796407e-02
   5.4160000e+00   6.2410265e-01  -6.0852993e-03
   5.4240000e+00   6.5555040e-01   1.3615445e-02
   5.4320000e+00   5.4541980e-01  -6.2065173e-03
   5.4400000e+00   6.6630012e-01  -5.4962515e-03
   5.4480000e+00   6.4726059e-01   2.2023136e-02
   5.4560000e+00   6.6317448e-01   5.4998872e-03
   5.4640000e+00   6.4794206e-01  -3.7172244e-03
   5.4720000e+00   6.5585108e-01   3.7159481e-03
   5.4800000e+00   6.1220801e-01  -3.0867416e-02
   5.4880000e+00   6.4590227e-01  -1.9875201e-03
   5.4960000e+00   6.6210958e-01  -3.3213811e-02
   5.5040000e+00   6.3484358e-01   1.4147518e-02
   5.5120000e+00   6.8332102e-01  -5.3456597e-03
   5.5200000e+00   6.3333988e-01   7.8676944e-03
   5.5280000e+00   6.3828704e-01   4.1896090e-03
   5.5360000e+00   5.9983134e-01  -5.8067261e-03
   5.5440000e+00   5.9960965e-01   3.0626030e-02
   5.5520000e+00   6.5417387e-01  -3.2556059e-02
   5.5600000e+00   6.5189444e-01  -2.1470346e-02
   5.5680000e+00   6.4342688e-01   2.7347094e-02
   5.5760000e+00   6.3410071e-01   1.1829602e-02
   5.5840000e+00   6.4646363e-01  -7.5685658e-03
   5.5920000e+00   6.8690171e-01   1.2840054e-02
   5.6000000e+00   6.8073688e-01   1.4964899e-02
   5.6080000e+00   6.5391635e-01   1.0256796e-03
   5.6160000e+00   6.1728022e-01  -1.0962525e-02
   5.6240000e+00   6.3520767e-01  -8.9416371e-03
   5.6320000e+00   6.2286029e-01   3.7250197e-02
   5.6400000e+00   6.5322994e-01  -1.1293288e-02
   5.6480000e+00   6.6731963e-01   9.8980759e-03
   5.6560000e+00   6.3703677e-01  -4.5356199e-04
   5.6640000e+00   6.1993726e-01  -2.9083930e-03
   5.6720000e+00   6.0401515e-01   2.4634740e-02
   5.6800000e+00   6.3907771e-01   2.5625656e-02
   5.6880000e+00   6.5587669e-01  -6.3689269e-02
   5.6960000e+00   6.3823322e-01   2.2173381e-02
   5.7040000e+00   6.4312180e-01  -1.9309971e-03
   5.7120000e+00   6.5496733e-01  -6.1246372e-03
   5.7200000e+00   6.0856090e-01  -1.6260773e-02
   5.7280000e+00   6.3645344e-01  -4.9260147e-03
   5.7360000e+00   6.2588147e-01   9.7828278e-03
   5.7440000e+00   5.8111272e-01  -9.8640450e-03
   5.7520000e+00   6.5268833e-01   2.1066349e-03
   5.7600000e+00   6.2431879e-01  -2.1381116e-02
   5.7680000e+00   6.2188418e-01  -3.8070079e-03
   5.7760000e+00   6.2996420e-01  -3.5238824e-02
   5.7840000e+00   6.3910062e-01   1.2072591e-02
   5.7920000e+00   5.8983901e-01  -4.1241423e-02
   5.8000000e+00   6.1253819e-01  -2.4400756e-02
   5.8080000e+00   6.1649786e-01  -2.9187278e-02
   5.8160000e+00   6.1223269e-01  -5.9066115e-03
   5.8240000e+00   6.4921365e-01   2.6040966e-02
   5.8320000e+00   6.6144466e-01  -1.3830077e-02
   5.8400000e+00   6.3828179e-01   2.5772853e-02
   5.8480000e+00   6.6761132e-01   2.8890293e-02
   5.8560000e+00   6.8066897e-01   8.7752783e-03
   5.8640000e+00   6.5606148e-01  -4.7846178e-03
   5.8720000e+00   6.5326211e-01   8.2951799e-04
   5.8800000e+00   6.3971778e-01  -1.6787315e-02
   5.8880000e+00   6.4899908e-01  -2.6132313e-03
   5.8960000e+00   6.4487119e-01  -3.1763669e-02
   5.9040000e+00   6.3371751e-01  -1.0907264e-02
   5.9120000e+00   6.3501949e-01  -2.3718451e-03
