   0.0000000e+00   9.9707000e-01   1.1030919e-02
   8.0000000e-03   9.7913654e-01   3.0448827e-03
   1.6000000e-02   1.0063536e+00   4.5731259e-02
   2.4000000e-02   1.0295047e+00  -4.6332967e-02
   3.2000000e-02   9.7733281e-01   2.1820404e-02
   4.0000000e-02   1.0087564e+00  -8.0331190e-03
   4.8000000e-02   9.6228121e-01  -1.7621772e-02
   5.6000000e-02   9.9818875e-01  -1.3173694e-04
   6.4000000e-02   1.0204281e+00  -4.0618217e-02
   7.2000000e-02   9.9417322e-01   2.8315122e-02
   8.0000000e-02   1.0467657e+00   8.0147277e-03
   8.8000000e-02   9.7829928e-01  -9.2978280e-03
   9.6000000e-02   9.7159632e-01  -3.8540756e-03
   1.0400000e-01   1.0099145e+00   9.5096990e-03
   1.1200000e-01   1.0357532e+00   2.9414765e-02
   1.2000000e-01   9.9589992e-01  -4.4890903e-02
   1.2800000e-01   9.7832642e-01   1.4434956e-02
   1.3600000e-01   9.9789576e-01   1.8989063e-03
   1.4400000e-01   1.0185515e+00  -8.6235434e-03
   1.5200000e-01   1.0005392e+00   4.6156337e-02
   1.6000000e-01   1.0304873e+00   1.4206408e-02
   1.6800000e-01   1.0165595e+00  -2.3013447e-02
   1.7600000e-01   9.7753147e-01  -6.9376973e-03
   1.8400000e-01   1.0225309e+00  -4.5968423e-03
   1.9200000e-01   1.0107235e+00  -4.7300203e-03
   2.0000000e-01   1.0007450e+00   1.4875507e-02
   2.0800000e-01   1.0006674e+00   9.4677232e-03
   2.1600000e-01   9.7393234e-01   3.3949567e-05
   2.2400000e-01   1.0474257e+00   1.9421519e-02
   2.3200000e-01   9.9066002e-01   3.8943015e-02
   2.4000000e-01   9.5606630e-01  -7.6235496e-03
   2.4800000e-01   1.0180764e+00   2.6714971e-02
   2.5600000e-01   9.9864290e-01  -1.6173636e-02
   2.6400000e-01   9.7777815e-01   2.3207589e-02
   2.7200000e-01   9.6798849e-01   9.0969902e-04
   2.8000000e-01   9.7019859e-01  -1.9334746e-02
   2.8800000e-01   9.3878517e-01   5.5323845e-03
   2.9600000e-01   9.8381939e-01   1.7632040e-03
   3.0400000e-01   9.5891511e-01  -6.2121160e-03
   3.1200000e-01   9.3056402e-01  -4.3495082e-02
   3.2000000e-01   9.4892807e-01  -2.2593897e-02
   3.2800000e-01   9.8117529e-01   3.3094523e-02
   3.3600000e-01   9.2872095e-01  -2.4732482e-02
   3.4400000e-01   9.5730002e-01  -2.2581595e-02
   3.5200000e-01   9.5713572e-01   3.4590740e-02
   3.6000000e-01   9.3393693e-01  -6.5925147e-03
   3.6800000e-01   9.5913283e-01   3.5477101e-02
   3.7600000e-01   9.1449019e-01   1.3187698e-02
   3.8400000e-01   9.6730115e-01  -6.4796558e-03
   3.9200000e-01   9.0929116e-01  -8.6547932e-04
   4.0000000e-01   9.3252863e-01  -2.9704027e-03
   4.0800000e-01   8.7148550e-01  -2.7360790e-02
   4.1600000e-01   8.7658407e-01  -4.0219150e-02
   4.2400000e-01   8.8356922e-01   6.3317429e-03
   4.3200000e-01   8.9458936e-01   2.9158147e-02
   4.4000000e-01   9.1249752e-01   1.0238406e-02
   4.4800000e-01   8.5498156e-01  -7.2818311e-03
   4.5600000e-01   8.3736620e-01  -4.3676777e-03
   4.6400000e-01   8.6270929e-01  -1.3228569e-02
   4.7200000e-01   8.4205076e-01   1.1419872e-02
   4.8000000e-01   8.8523307e-01  -2.2068838e-02
   4.8800000e-01   8.5997573e-01   3.7038198e-02
   4.9600000e-01   8.5335664e-01   3.3204303e-03
   5.0400000e-01   8.1946746e-01   8.3052422e-03
   5.1200000e-01   8.3660977e-01   1.8368853e-02
   5.2000000e-01   8.2334916e-01   4.0872078e-03
   5.2800000e-01   8.1610020e-01  -3.9392663e-04
   5.3600000e-01   8.6197597e-01   2.7279782e-02
   5.4400000e-01   8.4697941e-01  -3.1729219e-02
   5.5200000e-01   8.2382191e-01  -6.0681381e-03
   5.6000000e-01   8.4826852e-01   1.1537189e-02
   5.6800000e-01   8.4995744e-01  -4.3348947e-02
   5.7600000e-01   8.4187401e-01  -2.2711424e-02
   5.8400000e-01   7.9703357e-01   1.0366802e-02
   5.9200000e-01   7.9961477e-01   2.0837492e-02
   6.0000000e-01   8.2765474e-01   6.3389844e-02
   6.0800000e-01   7.9446488e-01  -1.5319751e-02
   6.1600000e-01   8.4204162e-01   1.3359016e-02
   6.2400000e-01   7.8541777e-01  -1.5988470e-02
   6.3200000e-01   7.9623679e-01  -1.1819630e-02
   6.4000000e-01   7.9477506e-01  -1.6243584e-02
   6.4800000e-01   7.7104470e-01  -2.4899622e-02
   6.5600000e-01   8.2727899e-01  -9.2540953e-03
   6.6400000e-01   7.7478619e-01  -4.0840162e-02
   6.7200000e-01   7.8432421e-01   2.6361840e-02
   6.8000000e-01   8.0816040e-01  -2.9841743e-02
   6.8800000e-01   7.4649114e-01   2.4412606e-02
   6.9600000e-01   7.5145252e-01  -3.9621084e-03
   7.0400000e-01   7.5952818e-01  -1.2263785e-02
   7.1200000e-01   7.8655908e-01   1.6207032e-02
   7.2000000e-01   7.8249185e-01  -5.5753644e-03
   7.2800000e-01   7.4155777e-01   6.3710075e-03
   7.3600000e-01   7.3612401e-01  -1.5777517e-02
   7.4400000e-01   7.5566140e-01   2.5545616e-02
   7.5200000e-01   7.7762325e-01   3.9976771e-03
   7.6000000e-01   7.4649653e-01  -1.4379648e-02
   7.6800000e-01   7.5459103e-01   2.1289290e-02
   7.7600000e-01   7.1715680e-01   3.9932535e-03
   7.8400000e-01   7.3964274e-01   2.2455902e-02
   7.9200000e-01   7.0778053e-01   9.5173538e-03
   8.0000000e-01   6.8721147e-01   1.9511961e-02
   8.0800000e-01   7.1527930e-01   4.4712433e-02
   8.1600000e-01   7.0102076e-01   1.1113446e-02
   8.2400000e-01   7.0764953e-01   1.3818445e-03
   8.3200000e-01   7.3597915e-01  -2.0509530e-03
   8.4000000e-01   7.2942560e-01  -1.3995278e-02
   8.4800000e-01   7.3566940e-01  -1.0839924e-02
   8.5600000e-01   7.4338464e-01   2.3752646e-02
   8.6400000e-01   7.1493303e-01  -1.8847966e-03
   8.7200000e-01   7.4897971e-01   5.8778098e-03
   8.8000000e-01   7.0911126e-01  -2.3104378e-02
   8.8800000e-01   7.1839223e-01   6.0762943e-03
   8.9600000e-01   6.9140772e-01   1.2062957e-02
   9.0400000e-01   7.1286090e-01  -1.2989407e-02
   9.1200000e-01   6.8555079e-01  -1.7935419e-02
   9.2000000e-01   7.2821198e-01  -2.5895314e-02
   9.2800000e-01   7.6611710e-01  -2.4033291e-02
   9.3600000e-01   7.5854970e-01  -2.0287905e-02
   9.4400000e-01   7.0710247e-01  -3.5091258e-02
   9.5200000e-01   7.2871741e-01   2.1672725e-02
   9.6000000e-01   7.3406287e-01   1.8120434e-02
   9.6800000e-01   6.9896302e-01   1.5792830e-02
   9.7600000e-01   7.2178345e-01  -2.4587857e-02
   9.8400000e-01   6.8207188e-01   7.5217551e-03
   9.9200000e-01   7.1394149e-01   1.2301413e-03
   1.0000000e+00   7.4516648e-01  -7.2132258e-03
   1.0080000e+00   6.9137966e-01  -2.2244360e-02
   1.0160000e+00   6.9151448e-01   7.3677457e-03
   1.0240000e+00   7.2371922e-01   3.6650205e-02
   1.0320000e+00   7.2991986e-01   3.0203613e-03
   1.0400000e+00   7.4449849e-01  -6.4060343e-02
   1.0480000e+00   6.9092321e-01   5.3136525e-03
   1.0560000e+00   7.5109879e-01   4.3085906e-02
   1.0640000e+00   7.5437969e-01   9.3856540e-03
   1.0720000e+00   7.3599892e-01  -6.9341079e-03
   1.0800000e+00   7.1703821e-01  -1.7072276e-02
   1.0880000e+00   7.0371524e-01   1.8135045e-02
   1.0960000e+00   7.0903163e-01  -3.0403213e-03
   1.1040000e+00   7.4384665e-01   5.3889127e-03
   1.1120000e+00   7.3609773e-01  -7.5136162e-02
   1.1200000e+00   7.0760421e-01  -2.0445759e-02
   1.1280000e+00   6.9524939e-01  -6.0117994e-03
   1.1360000e+00   7.2230155e-01   1.1576556e-02
   1.1440000e+00   6.8173564e-01   1.2418399e-02
   1.1520000e+00   7.1206203e-01  -2.9888082e-02
   1.1600000e+00   6.9802904e-01  -5.0597113e-03
   1.1680000e+00   7.0791714e-01  -4.5501245e-02
   1.1760000e+00   7.1992357e-01  -1.3894454e-02
   1.1840000e+00   7.2147396e-01   1.8623500e-03
   1.1920000e+00   7.1950810e-01   4.0888560e-02
   1.2000000e+00   7.0192882e-01  -4.3787292e-02
   1.2080000e+00   7.0580118e-01   3.4514026e-02
   1.2160000e+00   7.2742845e-01  -2.5056452e-02
   1.2240000e+00   7.2227248e-01  -1.2308779e-02
   1.2320000e+00   7.5375900e-01   1.1741431e-02
   1.2400000e+00   6.9127406e-01   9.2266245e-03
   1.2480000e+00   7.6817420e-01  -3.1284711e-03
   1.2560000e+00   6.9850173e-01   7.2531919e-03
   1.2640000e+00   6.8017713e-01   3.2650259e-03
   1.2720000e+00   7.1450964e-01  -3.2955747e-03
   1.2800000e+00   7.3251906e-01  -1.1286189e-02
   1.2880000e+00   7.8576990e-01   2.1456337e-03
   1.2960000e+00   7.0928085e-01   1.8380703e-02
   1.3040000e+00   6.8829620e-01  -7.2642085e-03
   1.3120000e+00   7.3738682e-01   7.6874475e-03
   1.3200000e+00   7.3510028e-01  -1.7648929e-02
   1.3280000e+00   7.1645801e-01  -8.8543730e-03
   1.3360000e+00   7.2906985e-01   9.9019421e-03
   1.3440000e+00   7.3345602e-01   2.4250692e-04
   1.3520000e+00   7.3250512e-01  -3.1507196e-02
   1.3600000e+00   7.5320379e-01   1.1584356e-02
   1.3680000e+00   6.5202350e-01  -2.5278137e-02
   1.3760000e+00   7.1280997e-01   5.1676600e-03
   1.3840000e+00   7.5651085e-01   6.1470715e-03
   1.3920000e+00   7.1413062e-01  -2.5996855e-02
   1.4000000e+00   7.0697134e-01  -4.0556868e-02
   1.4080000e+00   7.6686995e-01   1.4643999e-03
   1.4160000e+00   7.6796198e-01   1.4827425e-02
   1.4240000e+00   7.3778229e-01  -4.0240483e-03
   1.4320000e+00   7.2359083e-01   2.5693357e-02
   1.4400000e+00   7.1494542e-01  -1.0035984e-03
   1.4480000e+00   7.3307481e-01   2.4813293e-03
   1.4560000e+00   7.3952415e-01  -3.4416789e-02
   1.4640000e+00   6.9720787e-01  -1.9859598e-02
   1.4720000e+00   7.1437392e-01  -1.2447550e-02
   1.4800000e+00   7.2337722e-01   1.4524020e-02
   1.4880000e+00   7.6778611e-01   6.3672979e-03
   1.4960000e+00   6.9787889e-01  -1.7509386e-02
   1.5040000e+00   7.4223606e-01   1.6101058e-02
   1.5120000e+00   6.9517318e-01  -1.3465679e-02
   1.5200000e+00   7.8197135e-01  -2.0073060e-03
   1.5280000e+00   7.2295616e-01  -5.0177951e-03
   1.5360000e+00   7.2194207e-01  -1.3988015e-02
   1.5440000e+00   7.3562479e-01  -1.4608888e-02
   1.5520000e+00   7.4634051e-01  -3.4133258e-02
   1.5600000e+00   7.4987891e-01  -2.2212052e-02
   1.5680000e+00   7.0651463e-01   2.3477774e-02
   1.5760000e+00   7.6942085e-01  -2.8841921e-02
   1.5840000e+00   7.5310584e-01   1.9788679e-02
   1.5920000e+00   7.4928302e-01  -1.1352880e-02
   1.6000000e+00   7.2275920e-01   1.7850144e-02
   1.6080000e+00   7.2760486e-01  -8.9513103e-03
   1.6160000e+00   7.2726812e-01   1.3151427e-02
   1.6240000e+00   7.3709625e-01  -5.7530632e-03
   1.6320000e+00   7.6979195e-01   8.0747480e-03
   1.6400000e+00   7.5828776e-01  -9.9760496e-03
   1.6480000e+00   7.6124008e-01   5.1561105e-03
   1.6560000e+00   7.2329866e-01  -1.4907746e-02
   1.6640000e+00   7.2430217e-01   1.8275208e-02
   1.6720000e+00   7.5895110e-01  -8.0630328e-03
   1.6800000e+00   7.4582359e-01  -2.9072116e-02
   1.6880000e+00   7.2552986e-01  -2.1339737e-02
   1.6960000e+00   8.1249645e-01  -1.6233270e-03
   1.7040000e+00   7.5255935e-01  -3.2569621e-03
   1.7120000e+00   7.6387548e-01  -3.4691046e-02
   1.7200000e+00   7.7562057e-01   4.3113392e-02
   1.7280000e+00   7.6227865e-01   3.6305861e-03
   1.7360000e+00   7.2727609e-01   3.0294396e-02
   1.7440000e+00   7.7621038e-01   1.5407567e-02
   1.7520000e+00   7.3351759e-01   6.3357938e-03
   1.7600000e+00   7.7235808e-01  -5.4471052e-03
   1.7680000e+00   7.2634518e-01   5.9859499e-03
   1.7760000e+00   7.6051824e-01  -3.4378502e-03
   1.7840000e+00   7.2238544e-01  -3.9089091e-03
   1.7920000e+00   7.0830578e-01  -2.5296325e-03
   1.8000000e+00   7.6104840e-01   7.1237232e-02
   1.8080000e+00   7.5888146e-01  -2.1129450e-02
   1.8160000e+00   7.4390071e-01  -3.7189264e-02
   1.8240000e+00   8.0606262e-01  -1.3337456e-02
   1.8320000e+00   7.8104884e-01   2.7702987e-02
   1.8400000e+00   7.8173554e-01  -1.1660554e-02
   1.8480000e+00   7.6288349e-01   7.4393470e-03
   1.8560000e+00   7.2120064e-01   1.8980929e-02
   1.8640000e+00   7.6909140e-01   2.4545490e-02
   1.8720000e+00   7.5894866e-01   5.8593491e-03
   1.8800000e+00   7.2833883e-01  -2.0787715e-02
   1.8880000e+00   7.6644591e-01   2.9731666e-02
   1.8960000e+00   7.4233147e-01  -1.0795599e-02
   1.9040000e+00   7.3305086e-01  -1.7874592e-02
   1.9120000e+00   7.9527559e-01  -7.7986545e-03
   1.9200000e+00   7.4504700e-01   1.2797867e-02
   1.9280000e+00   7.9478039e-01  -2.4130449e-02
   1.9360000e+00   7.4297943e-01  -3.1166028e-03
   1.9440000e+00   7.7235236e-01  -2.2872157e-02
   1.9520000e+00   7.3312854e-01  -2.9716566e-02
   1.9600000e+00   7.2394912e-01   2.3634538e-02
   1.9680000e+00   7.2846344e-01   1.6506600e-02
   1.9760000e+00   7.5538763e-01  -3.8657003e-02
   1.9840000e+00   7.5438822e-01  -1.9498037e-02
   1.9920000e+00   7.9263217e-01   1.7081783e-02
   2.0000000e+00   7.4545616e-01   3.1047092e-02
   2.0080000e+00   7.8978870e-01   2.4785075e-03
   2.0160000e+00   7.3015958e-01   1.3535442e-02
   2.0240000e+00   7.3653385e-01   1.2890443e-03
   2.0320000e+00   7.6282386e-01  -1.9056773e-02
   2.0400000e+00   7.2429320e-01  -2.0772200e-02
   2.0480000e+00   7.5396196e-01  -1.0593730e-02
   2.0560000e+00   7.7301729e-01  -3.3104079e-02
   2.0640000e+00   7.2936958e-01   7.2518892e-03
   2.0720000e+00   7.5040613e-01   2.1146625e-03
   2.0800000e+00   7.4327708e-01  -1.3498252e-02
   2.0880000e+00   7.6591646e-01  -7.1444321e-03
   2.0960000e+00   7.6833462e-01  -1.1903858e-02
   2.1040000e+00   6.8777878e-01   2.2263945e-02
   2.1120000e+00   7.5538690e-01   9.2709406e-03
   2.1200000e+00   7.0281333e-01  -1.4127563e-02
   2.1280000e+00   7.5756354e-01   1.9169101e-02
   2.1360000e+00   7.3920647e-01  -1.3633137e-02
   2.1440000e+00   7.2254311e-01   9.0251297e-03
   2.1520000e+00   7.0527105e-01  -2.2411604e-03
   2.1600000e+00   7.7750990e-01  -1.7843754e-02
   2.1680000e+00   7.4097742e-01   2.9380180e-02
   2.1760000e+00   7.5379983e-01  -5.3185549e-02
   2.1840000e+00   7.2228771e-01   1.3424481e-03
   2.1920000e+00   7.5681817e-01   1.9845142e-02
   2.2000000e+00   7.4999772e-01  -4.3832231e-02
   2.2080000e+00   7.3732518e-01   2.5094621e-02
   2.2160000e+00   7.1509671e-01   6.5297114e-03
   2.2240000e+00   7.2787609e-01  -4.1249484e-02
   2.2320000e+00   7.2849155e-01  -1.0189071e-03
   2.2400000e+00   7.3367285e-01  -4.1529514e-02
   2.2480000e+00   7.4923670e-01  -3.6118742e-03
   2.2560000e+00   7.3195926e-01  -3.2664511e-02
   2.2640000e+00   7.2016790e-01   1.1697511e-02
   2.2720000e+00   7.0661641e-01   2.9968033e-02
   2.2800000e+00   7.3343242e-01   1.5103109e-03
   2.2880000e+00   7.6374279e-01   7.7708516e-04
   2.2960000e+00   7.1589961e-01   2.3170836e-02
   2.3040000e+00   7.2338516e-01  -3.0683219e-02
   2.3120000e+00   7.2246636e-01  -1.7017846e-02
   2.3200000e+00   7.4512145e-01  -3.7389439e-02
   2.3280000e+00   7.2482415e-01   3.3571910e-03
   2.3360000e+00   7.5300348e-01   1.2055691e-02
   2.3440000e+00   7.3654642e-01  -3.1621344e-02
   2.3520000e+00   7.3203945e-01   2.8882845e-03
   2.3600000e+00   7.4477114e-01   3.6677682e-02
   2.3680000e+00   7.4688302e-01   2.4079743e-02
   2.3760000e+00   7.3630763e-01   4.8212038e-03
   2.3840000e+00   7.1416227e-01  -1.7562377e-02
   2.3920000e+00   7.1404545e-01  -1.5046376e-02
   2.4000000e+00   7.2484661e-01  -1.7864052e-02
   2.4080000e+00   7.0437294e-01  -1.8779177e-02
   2.4160000e+00   7.2533321e-01   9.9306334e-03
   2.4240000e+00   7.0835266e-01  -3.9917066e-02
   2.4320000e+00   7.2323220e-01   2.3038008e-02
   2.4400000e+00   7.7749717e-01  -3.9537377e-02
   2.4480000e+00   7.2526002e-01   1.9291225e-02
   2.4560000e+00   7.8058329e-01   3.5151232e-02
   2.4640000e+00   7.3633562e-01   9.3923108e-03
   2.4720000e+00   7.3907696e-01  -4.0210238e-03
   2.4800000e+00   7.0751766e-01  -1.5060214e-02
   2.4880000e+00   7.5573065e-01   2.8491536e-02
   2.4960000e+00   7.2558608e-01  -4.0231367e-03
   2.5040000e+00   7.8729902e-01  -2.9674977e-03
   2.5120000e+00   7.3077860e-01  -1.1560919e-02
   2.5200000e+00   7.6284680e-01  -1.6233558e-02
   2.5280000e+00   7.4278907e-01   1.6777937e-02
   2.5360000e+00   7.0740673e-01   6.7089153e-03
   2.5440000e+00   7.0562274e-01   9.7450864e-03
   2.5520000e+00   6.9389148e-01  -2.7658062e-02
   2.5600000e+00   7.0745355e-01  -5.7718507e-03
   2.5680000e+00   7.1946047e-01   1.8884198e-02
   2.5760000e+00   7.7390216e-01  -2.3903306e-02
   2.5840000e+00   7.1177125e-01  -1.2075024e-02
   2.5920000e+00   7.6765105e-01  -8.6493367e-03
   2.6000000e+00   7.3587668e-01   2.9730411e-02
   2.6080000e+00   7.0429926e-01   4.0297060e-02
   2.6160000e+00   7.1588501e-01   4.6442129e-02
   2.6240000e+00   7.7134092e-01   4.3900716e-03
   2.6320000e+00   7.1211495e-01   1.0568832e-02
   2.6400000e+00   7.2098219e-01   3.3631129e-02
   2.6480000e+00   7.4113008e-01   7.5877982e-03
   2.6560000e+00   7.4069735e-01  -3.0941790e-02
   2.6640000e+00   7.2414472e-01  -2.3396752e-02
   2.6720000e+00   7.4046284e-01  -4.6661757e-02
   2.6800000e+00   7.3449983e-01   1.0005919e-02
   2.6880000e+00   7.3533582e-01  -1.4305281e-02
   2.6960000e+00   7.2039302e-01   3.0982473e-02
   2.7040000e+00   7.4140225e-01  -3.4476682e-02
   2.7120000e+00   6.6676149e-01   6.7747376e-03
   2.7200000e+00   6.6322057e-01  -1.3601598e-02
   2.7280000e+00   6.8076719e-01  -2.6717234e-02
   2.7360000e+00   6.9326879e-01   9.8500715e-04
   2.7440000e+00   7.0290227e-01   1.3593004e-02
   2.7520000e+00   6.8937347e-01  -2.1568380e-03
   2.7600000e+00   7.3320469e-01   2.5122744e-02
   2.7680000e+00   7.5453519e-01   3.5415747e-02
   2.7760000e+00   7.3612105e-01  -2.4341142e-02
   2.7840000e+00   7.2706294e-01  -1.3310518e-02
   2.7920000e+00   7.2737586e-01   8.4685458e-03
   2.8000000e+00   7.3426048e-01   1.1446754e-02
   2.8080000e+00   6.9556897e-01   1.9520195e-02
   2.8160000e+00   7.3870792e-01   1.0342706e-02
   2.8240000e+00   7.3736502e-01   6.9229476e-02
   2.8320000e+00   6.7710321e-01  -7.9648438e-03
   2.8400000e+00   6.9975163e-01   2.2194614e-02
   2.8480000e+00   7.0697851e-01   2.6462947e-02
   2.8560000e+00   7.0973434e-01  -2.5043966e-02
   2.8640000e+00   7.0113357e-01   1.6653439e-03
   2.8720000e+00   7.3243018e-01  -1.1866359e-02
   2.8800000e+00   7.1239567e-01  -1.3589617e-03
   2.8880000e+00   7.3999377e-01   2.4203066e-02
   2.8960000e+00   7.2255493e-01   7.2022493e-03
   2.9040000e+00   7.2824754e-01  -2.7668710e-02
   2.9120000e+00   7.3624985e-01   1.1882189e-02
   2.9200000e+00   7.0889160e-01   3.1539548e-02
   2.9280000e+00   7.3001012e-01   1.5423595e-02
   2.9360000e+00   7.3137574e-01  -3.7942852e-03
   2.9440000e+00   7.0151937e-01  -1.3944643e-02
   2.9520000e+00   7.5409826e-01   2.7792748e-02
   2.9600000e+00   7.0944934e-01  -1.4867338e-02
   2.9680000e+00   7.6880614e-01  -3.3033873e-02
   2.9760000e+00   7.4743545e-01   6.7784567e-03
   2.9840000e+00   7.2189634e-01   3.3037004e-02
   2.9920000e+00   6.7077964e-01   2.2304098e-02
   3.0000000e+00   7.1472746e-01   5.2824370e-03
   3.0080000e+00   6.9121217e-01   3.8284208e-02
   3.0160000e+00   7.0252030e-01  -2.8311976e-02
   3.0240000e+00   7.0067632e-01  -1.4185120e-02
   3.0320000e+00   7.1918861e-01  -2.4544082e-02
   3.0400000e+00   7.2088312e-01   2.9895702e-02
   3.0480000e+00   6.5469146e-01  -1.8306169e-02
   3.0560000e+00   7.2503654e-01  -7.6464117e-03
   3.0640000e+00   7.0367622e-01   1.5354197e-03
   3.0720000e+00   7.4554669e-01  -9.4068168e-03
   3.0800000e+00   7.3222088e-01  -4.4434549e-02
   3.0880000e+00   7.0711764e-01  -2.7736795e-02
   3.0960000e+00   7.0049576e-01  -3.5386216e-02
   3.1040000e+00   7.5474684e-01   5.3763475e-03
   3.1120000e+00   7.4483637e-01   2.5534949e-02
   3.1200000e+00   7.4846174e-01   2.9618805e-02
   3.1280000e+00   6.8255689e-01  -2.7800655e-02
   3.1360000e+00   7.1501223e-01  -1.6495657e-02
   3.1440000e+00   6.9370295e-01   5.0345588e-04
   3.1520000e+00   7.0812555e-01  -2.7620762e-02
   3.1600000e+00   7.1694082e-01   6.3601012e-03
   3.1680000e+00   7.1806439e-01  -2.7232788e-02
   3.1760000e+00   7.2893179e-01  -2.4039195e-02
   3.1840000e+00   7.1556972e-01   2.3768929e-02
   3.1920000e+00   6.9072903e-01   6.2241620e-03
   3.2000000e+00   7.1019771e-01  -3.1096934e-02
   3.2080000e+00   7.3068181e-01   5.1303644e-02
   3.2160000e+00   7.1125306e-01   1.4273547e-02
   3.2240000e+00   6.8601123e-01   3.0721720e-02
   3.2320000e+00   7.2475432e-01   3.3817256e-02
   3.2400000e+00   7.2567329e-01   1.7072615e-03
   3.2480000e+00   7.2982719e-01   5.7158528e-03
   3.2560000e+00   7.3464440e-01   2.2662797e-02
   3.2640000e+00   7.0096260e-01  -5.8222827e-03
   3.2720000e+00   6.9178882e-01   1.4231794e-02
   3.2800000e+00   6.6928338e-01  -2.0996507e-03
   3.2880000e+00   7.7851993e-01  -3.8987712e-02
   3.2960000e+00   7.3512694e-01  -3.7252252e-02
   3.3040000e+00   6.8955810e-01   2.4867066e-02
   3.3120000e+00   6.8875995e-01  -7.4032868e-03
   3.3200000e+00   7.0885150e-01   2.2988661e-02
   3.3280000e+00   7.2161132e-01  -3.0772965e-03
   3.3360000e+00   7.2055832e-01   5.6667036e-03
   3.3440000e+00   7.1894635e-01  -1.0791774e-02
   3.3520000e+00   7.7616854e-01   1.1252493e-02
   3.3600000e+00   7.1106089e-01  -3.3651136e-02
   3.3680000e+00   6.8569006e-01  -3.5895361e-03
   3.3760000e+00   7.0775136e-01  -2.1025472e-02
   3.3840000e+00   7.1344147e-01  -2.0853208e-02
   3.3920000e+00   7.4712497e-01  -2.3689120e-03
   3.4000000e+00   7.3913818e-01   1.7649804e-02
   3.4080000e+00   7.1903769e-01  -5.3231479e-03
   3.4160000e+00   6.8962375e-01  -1.0774213e-02
   3.4240000e+00   7.2696875e-01   4.3269638e-03
   3.4320000e+00   7.0571422e-01  -2.2734194e-03
   3.4400000e+00   6.5424412e-01  -3.5955937e-03
   3.4480000e+00   7.3337496e-01   5.2868439e-03
   3.4560000e+00   7.2767279e-01  -1.1762215e-02
   3.4640000e+00   7.2287780e-01   1.5632613e-02
   3.4720000e+00   7.0689229e-01  -1.1701509e-02
   3.4800000e+00   7.2891640e-01   2.5802099e-02
   3.4880000e+00   7.1819243e-01   6.1686561e-03
   3.4960000e+00   7.3805320e-01  -3.6661304e-03
   3.5040000e+00   6.9669551e-01   6.2727928e-02
   3.5120000e+00   6.9486780e-01   4.1190339e-03
   3.5200000e+00   7.0459325e-01  -2.5659190e-02
   3.5280000e+00   7.1590421e-01  -8.0717999e-04
   3.5360000e+00   7.3501582e-01  -1.4707210e-02
   3.5440000e+00   7.0339163e-01   1.1688468e-03
   3.5520000e+00   7.2872333e-01   1.4855386e-02
   3.5600000e+00   7.4621869e-01  -2.3982668e-02
   3.5680000e+00   7.3325602e-01  -9.5608286e-03
   3.5760000e+00   6.9353342e-01   1.5733931e-04
   3.5840000e+00   7.2646673e-01   2.6611248e-03
   3.5920000e+00   7.1338428e-01   4.1213032e-02
   3.6000000e+00   7.1819035e-01  -3.0351128e-02
   3.6080000e+00   7.4682790e-01  -1.6882248e-02
   3.6160000e+00   7.1886143e-01   6.7907331e-03
   3.6240000e+00   7.5141671e-01  -3.2962439e-03
   3.6320000e+00   7.2279897e-01  -2.5218875e-02
   3.6400000e+00   7.0473261e-01  -5.1338491e-02
   3.6480000e+00   7.2813427e-01   1.2164240e-02
   3.6560000e+00   6.8425663e-01   8.6105166e-03
   3.6640000e+00   7.3679512e-01  -1.7145412e-02
   3.6720000e+00   6.7521596e-01  -1.2416473e-04
   3.6800000e+00   7.1112639e-01  -1.8594905e-02
   3.6880000e+00   7.2430482e-01   5.1024113e-02
   3.6960000e+00   7.0413523e-01  -2.0452848e-02
   3.7040000e+00   7.0671163e-01   1.0836077e-02
   3.7120000e+00   7.2343966e-01  -9.8009965e-04
   3.7200000e+00   6.9560969e-01  -1.9823406e-02
   3.7280000e+00   7.1714527e-01  -5.6940776e-03
   3.7360000e+00   7.0716393e-01  -8.1336427e-03
   3.7440000e+00   6.8408562e-01   4.6609869e-03
   3.7520000e+00   7.1586538e-01  -2.7465286e-03
   3.7600000e+00   6.9641455e-01   6.5065590e-03
   3.7680000e+00   6.9357750e-01   1.0177570e-02
   3.7760000e+00   7.0177737e-01   8.7614131e-03
   3.7840000e+00   7.1580380e-01   2.6495727e-02
   3.7920000e+00   6.8831665e-01   3.3564048e-02
   3.8000000e+00   7.0929730e-01  -8.9358319e-03
   3.8080000e+00   6.9188971e-01  -1.5117417e-02
   3.8160000e+00   6.9607005e-01  -2.8991814e-02
   3.8240000e+00   7.0376350e-01   2.5855357e-02
   3.8320000e+00   6.7797947e-01  -1.9740490e-02
   3.8400000e+00   7.1837653e-01  -3.8763908e-02
   3.8480000e+00   7.0620216e-01  -1.2250376e-02
   3.8560000e+00   7.2666850e-01   2.2881508e-02
   3.8640000e+00   6.8492866e-01   2.0614616e-02
   3.8720000e+00   6.8366829e-01  -1.4356357e-02
   3.8800000e+00   7.6111139e-01   2.7437703e-02
   3.8880000e+00   7.5395073e-01  -1.6515617e-03
   3.8960000e+00   7.3150302e-01  -3.6799319e-02
   3.9040000e+00   7.1068046e-01   2.3778549e-02
   3.9120000e+00   6.8851531e-01   2.1855744e-02
   3.9200000e+00   6.9485874e-01  -1.9255163e-02
   3.9280000e+00   6.1118184e-01   1.7350422e-02
   3.9360000e+00   6.9652022e-01  -4.1750713e-02
   3.9440000e+00   7.0460300e-01  -1.3020777e-02
   3.9520000e+00   6.9559625e-01   2.9295690e-03
   3.9600000e+00   7.0495465e-01   2.3388132e-02
   3.9680000e+00   6.7895483e-01  -1.3840459e-02
   3.9760000e+00   6.8804634e-01   7.0931536e-03
   3.9840000e+00   6.9998042e-01   5.4092597e-03
   3.9920000e+00   6.8737416e-01  -9.1189340e-03
   4.0000000e+00   7.2408159e-01  -1.0059371e-02
   4.0080000e+00   6.9678310e-01  -7.0140939e-03
   4.0160000e+00   7.3002002e-01   2.8630621e-02
   4.0240000e+00   6.7901723e-01   1.9023159e-03
   4.0320000e+00   6.7490678e-01   2.9123361e-02
   4.0400000e+00   7.0792945e-01  -1.0861268e-02
   4.0480000e+00   7.0869707e-01   4.8499101e-02
   4.0560000e+00   7.0962972e-01   2.7935530e-02
   4.0640000e+00   6.4565329e-01  -2.6237105e-02
   4.0720000e+00   7.0712522e-01  -1.1828346e-02
   4.0800000e+00   7.1121139e-01   2.0095398e-02
   4.0880000e+00   6.9888254e-01  -2.3625483e-02
   4.0960000e+00   7.0712027e-01   3.6222718e-02
   4.1040000e+00   7.2619373e-01  -2.3122226e-02
   4.1120000e+00   6.9306501e-01  -9.8497289e-03
   4.1200000e+00   7.3954435e-01   1.3349007e-02
   4.1280000e+00   6.6827420e-01   1.4096081e-02
   4.1360000e+00   6.6812845e-01  -3.0640134e-02
   4.1440000e+00   6.7023632e-01  -3.9926826e-02
   4.1520000e+00   6.9589742e-01  -1.2239270e-02
   4.1600000e+00   6.8945494e-01   5.9660535e-03
   4.1680000e+00   6.8262372e-01  -4.3929217e-02
   4.1760000e+00   7.3110296e-01   1.0796926e-02
   4.1840000e+00   6.8782900e-01  -4.7085781e-02
   4.1920000e+00   6.9559776e-01   4.1324825e-02
   4.2000000e+00   7.4788325e-01   1.0809347e-04
   4.2080000e+00   6.9669092e-01   6.0461531e-03
   4.2160000e+00   7.2003586e-01  -5.3263954e-02
   4.2240000e+00   7.3533621e-01  -5.9297217e-03
   4.2320000e+00   7.1878534e-01  -1.3420473e-02
   4.2400000e+00   6.8856365e-01   7.9122023e-03
   4.2480000e+00   6.9087999e-01  -2.0244950e-03
   4.2560000e+00   6.9181517e-01  -4.3804387e-03
   4.2640000e+00   7.0728678e-01   1.5534077e-02
   4.2720000e+00   7.1409194e-01  -2.2008902e-02
   4.2800000e+00   6.6852306e-01   1.8127569e-02
   4.2880000e+00   7.2471179e-01  -1.5965713e-02
   4.2960000e+00   6.8440807e-01   1.7327644e-02
   4.3040000e+00   6.6306237e-01   1.5279673e-02
   4.3120000e+00   7.2074965e-01  -3.3902799e-03
   4.3200000e+00   6.9513787e-01  -2.6849553e-02
   4.3280000e+00   6.7053246e-01  -8.0840730e-03
   4.3360000e+00   6.9275315e-01   1.4137079e-02
   4.3440000e+00   7.1835286e-01   6.7501115e-03
   4.3520000e+00   6.7852645e-01  -2.4300298e-02
   4.3600000e+00   6.7111377e-01  -3.3392433e-03
   4.3680000e+00   7.2208887e-01   7.0513494e-03
