   0.0000000e+00   8.7262036e-01  -1.2812153e-02
   8.0000000e-03   8.7218840e-01   1.3235617e-02
   1.6000000e-02   8.7272827e-01  -2.5797177e-02
   2.4000000e-02   8.9311716e-01  -5.8638527e-02
   3.2000000e-02   8.7458260e-01  -1.0585721e-02
   4.0000000e-02   8.8498309e-01  -1.7746147e-02
   4.8000000e-02   9.5977747e-01   7.2808269e-05
   5.6000000e-02   9.5711838e-01   3.0182585e-03
   6.4000000e-02   9.4680691e-01   3.2628588e-02
   7.2000000e-02   1.0065577e+00  -6.8702737e-03
   8.0000000e-02   9.9450551e-01   3.2284997e-03
   8.8000000e-02   1.0086936e+00  -3.1715260e-02
   9.6000000e-02   9.4667747e-01  -2.2205213e-02
   1.0400000e-01   9.9819009e-01  -1.9104033e-02
   1.1200000e-01   1.0203912e+00  -4.7684584e-02
   1.2000000e-01   9.8972191e-01   1.8778124e-02
   1.2800000e-01   9.8743047e-01  -2.2942281e-03
   1.3600000e-01   9.4300956e-01  -2.0704070e-03
   1.4400000e-01   1.0025067e+00  -4.4218402e-03
   1.5200000e-01   9.7760549e-01   4.3691171e-02
   1.6000000e-01   9.4782123e-01  -3.2124915e-02
   1.6800000e-01   9.2169632e-01  -1.4097597e-02
   1.7600000e-01   9.3779444e-01  -3.5769142e-02
   1.8400000e-01   9.2192749e-01   1.1977932e-02
   1.9200000e-01   9.3842619e-01  -1.6210939e-02
   2.0000000e-01   9.2532562e-01  -1.3648518e-02
   2.0800000e-01   8.9433322e-01  -1.0311914e-02
   2.1600000e-01   8.8857481e-01  -2.1753244e-02
   2.2400000e-01   8.6731829e-01   2.5596935e-02
   2.3200000e-01   8.6616524e-01   4.8560760e-02
   2.4000000e-01   8.7109966e-01  -3.1794940e-02
   2.4800000e-01   8.4659499e-01  -1.2180096e-02
   2.5600000e-01   8.4633629e-01   4.0095714e-03
   2.6400000e-01   8.1774910e-01  -1.7878154e-02
   2.7200000e-01   8.4030439e-01   3.9915206e-03
   2.8000000e-01   8.6333394e-01  -3.2568707e-02
   2.8800000e-01   8.6226335e-01  -9.4959449e-03
   2.9600000e-01   8.1301687e-01  -1.7717655e-04
   3.0400000e-01   8.7387905e-01   5.6408513e-02
   3.1200000e-01   8.6428163e-01   4.4399935e-04
   3.2000000e-01   8.7474132e-01  -7.2933933e-02
   3.2800000e-01   8.4819422e-01  -3.1766722e-02
   3.3600000e-01   8.1484457e-01  -2.3311937e-02
   3.4400000e-01   8.4728198e-01   2.0818402e-02
   3.5200000e-01   8.5979313e-01   7.9392312e-02
   3.6000000e-01   8.3330772e-01   1.2103133e-02
   3.6800000e-01   8.2168367e-01  -3.1328071e-02
   3.7600000e-01   8.1608816e-01  -9.0807860e-03
   3.8400000e-01   7.7261351e-01  -5.4242895e-03
   3.9200000e-01   7.9572905e-01  -1.4623293e-02
   4.0000000e-01   8.1966984e-01  -8.2491118e-03
   4.0800000e-01   8.0849183e-01   1.5268364e-02
   4.1600000e-01   7.9890393e-01  -1.4900135e-02
   4.2400000e-01   7.9604900e-01  -3.4528520e-02
   4.3200000e-01   7.5792121e-01  -4.1066176e-02
   4.4000000e-01   7.5580304e-01  -6.8496411e-03
   4.4800000e-01   8.0567874e-01  -6.0600231e-03
   4.5600000e-01   7.9118222e-01   1.1290200e-03
   4.6400000e-01   8.3319998e-01  -8.6091603e-03
   4.7200000e-01   7.3721117e-01   1.6737828e-02
   4.8000000e-01   8.2076498e-01   4.3038155e-03
   4.8800000e-01   8.0541760e-01   2.1120078e-02
   4.9600000e-01   8.0007097e-01  -2.9012365e-02
   5.0400000e-01   8.3359508e-01   1.1562453e-02
   5.1200000e-01   7.8779027e-01   4.6488422e-02
   5.2000000e-01   7.6554338e-01  -4.6124549e-02
   5.2800000e-01   7.5825611e-01  -3.4947301e-02
   5.3600000e-01   7.4419022e-01   9.5109114e-03
   5.4400000e-01   7.4629457e-01   1.6575362e-02
   5.5200000e-01   7.7987949e-01  -2.2665929e-02
   5.6000000e-01   7.3256878e-01   7.4188084e-04
   5.6800000e-01   8.0455465e-01   2.3464599e-02
   5.7600000e-01   7.7918633e-01   3.9535783e-02
   5.8400000e-01   7.6098140e-01  -7.9172004e-03
   5.9200000e-01   7.4765656e-01  -2.0000727e-02
   6.0000000e-01   7.2658995e-01   1.4099747e-02
   6.0800000e-01   7.6976497e-01  -5.9727290e-04
   6.1600000e-01   7.2006186e-01  -2.3821340e-02
   6.2400000e-01   7.5272207e-01  -1.0227008e-02
   6.3200000e-01   7.5553076e-01  -2.3037841e-02
   6.4000000e-01   7.3884375e-01   4.4707998e-02
   6.4800000e-01   7.6412083e-01   2.1348459e-02
   6.5600000e-01   7.3192218e-01  -1.9321087e-02
   6.6400000e-01   7.2341537e-01   1.3042982e-02
   6.7200000e-01   7.4474093e-01  -1.3927511e-02
   6.8000000e-01   7.9387239e-01  -1.0952773e-02
   6.8800000e-01   6.6443885e-01  -2.5331008e-02
   6.9600000e-01   7.3607640e-01   4.1989134e-03
   7.0400000e-01   7.0778471e-01  -1.0743806e-02
   7.1200000e-01   7.5740116e-01   1.8526481e-02
   7.2000000e-01   7.2941956e-01   4.3511737e-03
   7.2800000e-01   7.1675520e-01   1.8467751e-02
   7.3600000e-01   7.1898726e-01  -6.4403586e-03
   7.4400000e-01   7.0578987e-01   4.2306163e-02
   7.5200000e-01   7.3799767e-01  -1.9091262e-03
   7.6000000e-01   7.2649113e-01  -1.9729022e-03
   7.6800000e-01   7.0511149e-01   7.9762699e-02
   7.7600000e-01   7.3343295e-01  -2.7635080e-02
   7.8400000e-01   7.1240446e-01  -3.0880342e-02
   7.9200000e-01   6.8037198e-01   1.4943701e-03
   8.0000000e-01   6.9505556e-01  -1.6735831e-02
   8.0800000e-01   7.2572472e-01   2.4597592e-02
   8.1600000e-01   6.6192365e-01  -2.8161996e-02
   8.2400000e-01   6.9820839e-01  -7.7622508e-03
   8.3200000e-01   6.8951779e-01  -1.1817136e-02
   8.4000000e-01   7.3311428e-01  -4.6352856e-02
   8.4800000e-01   7.3187325e-01   1.1468701e-02
   8.5600000e-01   7.1433097e-01   3.5394402e-02
   8.6400000e-01   6.6794298e-01   7.7039868e-03
   8.7200000e-01   6.9863664e-01  -5.7413583e-03
   8.8000000e-01   6.9013430e-01  -4.4978678e-02
   8.8800000e-01   6.7446936e-01   1.9822332e-02
   8.9600000e-01   6.9040958e-01  -2.1697418e-02
   9.0400000e-01   7.2292903e-01  -7.0311532e-03
   9.1200000e-01   6.9091047e-01   1.7189939e-02
   9.2000000e-01   7.4647412e-01  -3.5602870e-03
   9.2800000e-01   6.6790654e-01  -4.0514840e-02
   9.3600000e-01   6.9151546e-01  -1.3097149e-02
   9.4400000e-01   7.2261336e-01   4.1262073e-02
   9.5200000e-01   6.5156896e-01   1.1946599e-02
   9.6000000e-01   7.1494720e-01  -2.4342127e-02
   9.6800000e-01   7.0790372e-01  -3.1094836e-02
   9.7600000e-01   7.4453370e-01  -8.9156075e-03
   9.8400000e-01   6.9202638e-01   4.1319884e-02
   9.9200000e-01   7.0988984e-01  -2.1921500e-02
   1.0000000e+00   7.0805091e-01  -4.1862387e-02
   1.0080000e+00   6.9001636e-01   2.3925615e-02
   1.0160000e+00   6.6716484e-01  -2.3377133e-02
   1.0240000e+00   7.4778143e-01   1.3238917e-02
   1.0320000e+00   6.9957527e-01  -3.2532861e-03
   1.0400000e+00   6.4159571e-01  -1.4172993e-02
   1.0480000e+00   6.7475753e-01  -2.9743776e-03
   1.0560000e+00   6.9348242e-01   3.3124384e-02
   1.0640000e+00   6.5953584e-01   1.5202640e-02
   1.0720000e+00   6.5535272e-01   5.8971293e-02
   1.0800000e+00   6.5401183e-01   8.8943646e-03
   1.0880000e+00   7.2196157e-01   1.6664925e-02
   1.0960000e+00   7.0332779e-01  -7.3694857e-03
   1.1040000e+00   6.4885620e-01   2.8548620e-02
   1.1120000e+00   6.7568337e-01  -2.8714405e-02
   1.1200000e+00   6.8284875e-01  -4.9814235e-03
   1.1280000e+00   7.1029870e-01  -2.0897591e-02
   1.1360000e+00   7.1275892e-01  -1.7498754e-02
   1.1440000e+00   6.6141333e-01   1.9085761e-02
   1.1520000e+00   6.6587463e-01   1.4576547e-02
   1.1600000e+00   6.6284958e-01   5.0146727e-02
   1.1680000e+00   6.7275530e-01  -8.3025256e-03
   1.1760000e+00   6.5343291e-01   2.6929158e-02
   1.1840000e+00   6.7528932e-01   3.5572448e-02
   1.1920000e+00   6.9321435e-01  -3.4946072e-02
   1.2000000e+00   6.0431969e-01   1.2207093e-02
   1.2080000e+00   6.6633949e-01  -1.6033614e-02
   1.2160000e+00   6.7995730e-01   7.2650381e-03
   1.2240000e+00   7.0055092e-01   8.0188226e-03
   1.2320000e+00   6.8531221e-01  -4.2552805e-03
   1.2400000e+00   7.3321261e-01  -1.6803142e-02
   1.2480000e+00   6.7992014e-01   2.6894256e-02
   1.2560000e+00   6.5411328e-01  -2.8397462e-02
   1.2640000e+00   6.4123315e-01  -1.5292337e-03
   1.2720000e+00   6.7337140e-01  -3.7184760e-02
   1.2800000e+00   6.5739545e-01   1.8137021e-02
   1.2880000e+00   6.8607072e-01   9.6809256e-04
   1.2960000e+00   6.9063189e-01   4.2677580e-02
   1.3040000e+00   6.6647356e-01  -1.7734543e-02
   1.3120000e+00   7.0164885e-01  -4.2262613e-02
   1.3200000e+00   6.3411472e-01  -5.0127143e-02
   1.3280000e+00   6.3268859e-01  -6.5558993e-03
   1.3360000e+00   6.5162953e-01   1.8977950e-02
   1.3440000e+00   6.1793739e-01   1.9982025e-02
   1.3520000e+00   6.4118900e-01  -2.7507297e-03
   1.3600000e+00   6.0870974e-01   7.8651071e-03
   1.3680000e+00   6.7043481e-01  -1.8738010e-02
   1.3760000e+00   6.3374347e-01   2.7258361e-02
   1.3840000e+00   5.9456169e-01  -1.7863351e-02
   1.3920000e+00   5.7190361e-01  -2.1255542e-02
   1.4000000e+00   6.2315538e-01   6.1822891e-03
   1.4080000e+00   7.0157550e-01  -2.8070209e-02
   1.4160000e+00   6.4511009e-01   3.3986845e-02
   1.4240000e+00   6.1848589e-01   7.2615885e-03
   1.4320000e+00   6.5595275e-01   7.9763395e-03
   1.4400000e+00   6.6424925e-01   2.5002532e-02
   1.4480000e+00   6.5976665e-01   1.9111321e-02
   1.4560000e+00   6.2730275e-01  -1.5536346e-02
   1.4640000e+00   5.9943656e-01  -3.8178142e-02
   1.4720000e+00   6.5954202e-01  -4.6037020e-02
   1.4800000e+00   6.3873942e-01   8.1458140e-04
   1.4880000e+00   6.7475788e-01  -3.3426897e-02
   1.4960000e+00   6.2987926e-01   3.2444614e-02
   1.5040000e+00   6.1910098e-01  -2.6382275e-02
   1.5120000e+00   6.0778379e-01  -1.4923989e-02
   1.5200000e+00   6.0227426e-01   2.0622699e-03
   1.5280000e+00   6.1280923e-01   2.8417841e-02
   1.5360000e+00   6.0245185e-01  -6.1866705e-03
   1.5440000e+00   6.3709592e-01  -4.9912441e-02
   1.5520000e+00   5.9736375e-01   1.3181314e-03
   1.5600000e+00   6.1320382e-01  -2.6836350e-02
   1.5680000e+00   6.1836020e-01   1.1409325e-02
   1.5760000e+00   6.4461076e-01  -6.6002698e-03
   1.5840000e+00   6.4550782e-01   3.8605633e-02
   1.5920000e+00   6.1802997e-01   2.3308063e-02
   1.6000000e+00   6.0099249e-01  -5.8412751e-02
   1.6080000e+00   6.1716608e-01   1.8182953e-02
   1.6160000e+00   6.0448371e-01   1.9284284e-02
   1.6240000e+00   6.2791057e-01   2.6619088e-02
   1.6320000e+00   6.3173750e-01   5.1835989e-03
   1.6400000e+00   6.5020173e-01  -3.3109990e-02
   1.6480000e+00   6.0533923e-01  -4.3507707e-03
   1.6560000e+00   5.9226405e-01   2.8363817e-04
   1.6640000e+00   6.2670022e-01  -5.9798837e-03
   1.6720000e+00   5.8524199e-01  -1.9821001e-02
   1.6800000e+00   5.8449327e-01   2.0365114e-02
   1.6880000e+00   5.7697428e-01  -2.5647794e-02
   1.6960000e+00   5.9261808e-01   3.4467836e-02
   1.7040000e+00   6.0808528e-01  -2.2370496e-02
   1.7120000e+00   5.7781894e-01  -2.1312634e-02
   1.7200000e+00   6.0781055e-01  -3.6586222e-02
   1.7280000e+00   6.3567707e-01  -1.1340714e-02
   1.7360000e+00   5.9257918e-01   1.7040627e-02
   1.7440000e+00   6.2056574e-01  -1.7004247e-02
   1.7520000e+00   6.8524015e-01   1.5425103e-02
   1.7600000e+00   5.7428167e-01   1.3474546e-02
   1.7680000e+00   5.9414303e-01   1.3181616e-02
   1.7760000e+00   6.1369189e-01  -2.0492422e-02
   1.7840000e+00   5.6796573e-01  -1.0381190e-02
   1.7920000e+00   6.4629239e-01  -3.0799224e-02
   1.8000000e+00   6.1779962e-01  -1.1895072e-02
   1.8080000e+00   5.9090756e-01   8.4130972e-03
   1.8160000e+00   6.3253895e-01   4.7270423e-02
   1.8240000e+00   5.7226987e-01   3.1814302e-02
   1.8320000e+00   5.6598489e-01   4.9216542e-02
   1.8400000e+00   5.8289447e-01  -3.1476223e-02
   1.8480000e+00   5.7864300e-01   8.2214312e-03
   1.8560000e+00   5.7092146e-01   2.5820515e-02
   1.8640000e+00   5.6359428e-01  -4.3964185e-03
   1.8720000e+00   5.8590301e-01  -6.8491895e-03
   1.8800000e+00   6.4076337e-01  -4.4519481e-02
   1.8880000e+00   5.7714285e-01   1.3448917e-02
   1.8960000e+00   6.0640144e-01  -5.2823350e-02
   1.9040000e+00   6.0684732e-01   1.0847638e-02
   1.9120000e+00   5.7405001e-01   5.5561411e-03
   1.9200000e+00   6.2264176e-01  -3.9509925e-03
   1.9280000e+00   5.8224966e-01  -1.0284053e-02
   1.9360000e+00   5.8787264e-01  -2.1743529e-02
   1.9440000e+00   5.6962687e-01  -1.2629738e-02
   1.9520000e+00   5.7690223e-01   1.9985402e-02
   1.9600000e+00   6.0312598e-01  -1.4517301e-02
   1.9680000e+00   6.1858786e-01  -6.2557070e-04
   1.9760000e+00   6.1642683e-01   2.3372161e-03
   1.9840000e+00   5.0669836e-01   1.0408677e-02
   1.9920000e+00   5.7045942e-01  -5.1528089e-02
   2.0000000e+00   5.8769058e-01  -9.7422577e-03
   2.0080000e+00   5.8892936e-01  -2.5967889e-02
   2.0160000e+00   6.0520233e-01   3.6195463e-03
   2.0240000e+00   5.8347475e-01   7.5188048e-03
   2.0320000e+00   5.9658204e-01  -2.1311912e-02
   2.0400000e+00   6.2046872e-01   8.5939030e-03
   2.0480000e+00   5.8157936e-01  -2.6941077e-02
   2.0560000e+00   5.6179159e-01   2.1364998e-02
   2.0640000e+00   5.9868484e-01   2.8633186e-02
   2.0720000e+00   5.6106596e-01  -5.1803334e-02
   2.0800000e+00   5.2799666e-01  -3.6275575e-02
   2.0880000e+00   6.0055298e-01  -1.0980822e-02
   2.0960000e+00   6.1907372e-01  -4.9362879e-02
   2.1040000e+00   6.1505108e-01  -1.5599074e-02
   2.1120000e+00   5.9819460e-01   1.0641703e-02
   2.1200000e+00   5.5321198e-01  -9.8197741e-02
   2.1280000e+00   5.5692647e-01   8.4076392e-03
   2.1360000e+00   6.0099196e-01   1.0577187e-03
   2.1440000e+00   5.6408322e-01   4.6261340e-03
   2.1520000e+00   6.0181889e-01   5.6277295e-03
   2.1600000e+00   5.8046683e-01   1.6242544e-03
   2.1680000e+00   5.4206309e-01  -2.9870121e-02
   2.1760000e+00   5.5847137e-01  -1.9361612e-03
   2.1840000e+00   6.1219999e-01   7.6888552e-03
   2.1920000e+00   5.6603953e-01   4.1607273e-02
   2.2000000e+00   6.0803300e-01   6.3084356e-02
   2.2080000e+00   5.6114210e-01   6.4576267e-03
   2.2160000e+00   5.9568490e-01   2.4518020e-02
   2.2240000e+00   6.2116480e-01  -8.5641806e-03
   2.2320000e+00   5.8940667e-01  -5.2978574e-03
   2.2400000e+00   5.9356458e-01   1.2882695e-02
   2.2480000e+00   5.6897943e-01   6.0309146e-02
   2.2560000e+00   6.0123431e-01  -5.8102688e-02
   2.2640000e+00   6.0128372e-01   8.9066590e-03
   2.2720000e+00   6.1879379e-01  -7.5751401e-03
   2.2800000e+00   5.5926926e-01   6.8008514e-03
   2.2880000e+00   5.8758257e-01   4.1694863e-03
   2.2960000e+00   5.7178945e-01   1.3006741e-02
   2.3040000e+00   5.8689115e-01   6.1164964e-02
   2.3120000e+00   6.0594705e-01   4.6275735e-02
   2.3200000e+00   5.8693271e-01  -5.8528348e-02
   2.3280000e+00   6.0167797e-01   1.9919028e-02
   2.3360000e+00   5.2649630e-01   2.8985415e-02
   2.3440000e+00   5.7640270e-01  -4.9460743e-02
   2.3520000e+00   5.1820386e-01  -3.3892075e-02
   2.3600000e+00   5.3568290e-01   7.3695115e-03
   2.3680000e+00   5.3762577e-01  -2.8126818e-02
   2.3760000e+00   5.3796962e-01  -1.5538473e-02
   2.3840000e+00   5.4850640e-01   2.8417780e-02
   2.3920000e+00   5.7941727e-01  -3.1138725e-02
   2.4000000e+00   5.6254465e-01   2.6734500e-03
   2.4080000e+00   5.5998460e-01  -4.0566753e-02
   2.4160000e+00   5.6634290e-01   4.0311771e-02
   2.4240000e+00   5.8493961e-01  -1.5513901e-02
   2.4320000e+00   5.5987212e-01   8.8412268e-03
   2.4400000e+00   5.9250320e-01   5.4199312e-02
   2.4480000e+00   5.4690582e-01   2.3018435e-02
   2.4560000e+00   5.6918659e-01   5.2862873e-03
   2.4640000e+00   5.8234597e-01  -4.3811737e-03
   2.4720000e+00   5.9340570e-01  -1.2707990e-02
   2.4800000e+00   5.5544496e-01   1.9091620e-02
   2.4880000e+00   5.5027662e-01   1.2028479e-02
   2.4960000e+00   5.6452868e-01   2.1455559e-02
   2.5040000e+00   5.5043814e-01  -3.9176272e-03
   2.5120000e+00   5.4956636e-01   5.8528005e-03
   2.5200000e+00   5.3949013e-01  -1.1601558e-02
   2.5280000e+00   5.9702884e-01  -2.8400883e-02
   2.5360000e+00   5.6148532e-01  -2.0864383e-02
   2.5440000e+00   5.3159604e-01   2.2911408e-02
   2.5520000e+00   5.2772980e-01  -2.0196585e-03
   2.5600000e+00   5.4134531e-01  -8.5633639e-03
   2.5680000e+00   5.4626501e-01  -3.2387707e-02
   2.5760000e+00   5.0400784e-01  -1.5155027e-02
   2.5840000e+00   5.1715072e-01  -2.3466623e-02
   2.5920000e+00   5.7037605e-01   3.3285609e-03
   2.6000000e+00   4.8963379e-01   1.6371944e-02
   2.6080000e+00   5.5134569e-01   4.3241279e-02
   2.6160000e+00   5.4587515e-01   4.1422925e-02
   2.6240000e+00   5.4030083e-01   4.6412959e-02
   2.6320000e+00   5.9345059e-01   6.1653068e-02
   2.6400000e+00   5.2544124e-01  -2.6604275e-02
   2.6480000e+00   5.7625319e-01  -8.5987871e-03
   2.6560000e+00   5.7404688e-01   3.2440375e-02
   2.6640000e+00   5.8202100e-01  -1.9737963e-02
   2.6720000e+00   6.0638525e-01  -4.0777739e-02
   2.6800000e+00   6.1151137e-01   6.1708853e-02
   2.6880000e+00   5.6546611e-01   9.9275460e-03
   2.6960000e+00   5.4992175e-01  -4.3955484e-02
   2.7040000e+00   5.8094033e-01  -2.4363719e-02
   2.7120000e+00   5.5189131e-01  -3.1244815e-02
   2.7200000e+00   5.7835745e-01   7.7395579e-03
   2.7280000e+00   5.4493860e-01   4.9469434e-02
   2.7360000e+00   5.7032486e-01  -2.4577279e-02
   2.7440000e+00   5.9117212e-01  -5.9386534e-03
   2.7520000e+00   5.5565878e-01   1.4596659e-02
   2.7600000e+00   5.4336664e-01  -2.4391375e-03
   2.7680000e+00   5.2593247e-01  -4.1528503e-02
   2.7760000e+00   5.2709917e-01   6.2732473e-02
   2.7840000e+00   5.2572790e-01   6.0733890e-02
   2.7920000e+00   5.3738158e-01   1.9427991e-02
   2.8000000e+00   4.8656828e-01  -2.5264501e-02
   2.8080000e+00   5.7123454e-01   2.7721672e-02
   2.8160000e+00   5.4479608e-01   1.8386064e-02
   2.8240000e+00   5.3209035e-01  -1.2206406e-02
   2.8320000e+00   5.2725410e-01  -4.0590705e-03
   2.8400000e+00   5.5242146e-01   3.0127410e-02
   2.8480000e+00   6.0700668e-01   1.6780768e-02
   2.8560000e+00   5.7377810e-01   3.8779777e-03
   2.8640000e+00   5.2954051e-01  -3.2805653e-02
   2.8720000e+00   5.5780885e-01   2.1732492e-02
   2.8800000e+00   5.3444711e-01   3.6969480e-03
   2.8880000e+00   5.6430743e-01   5.0009527e-03
   2.8960000e+00   5.5718319e-01  -2.2442050e-03
   2.9040000e+00   5.2895073e-01  -9.5999595e-04
   2.9120000e+00   5.2798425e-01  -4.0429784e-02
   2.9200000e+00   5.3778145e-01   1.1772837e-03
   2.9280000e+00   5.5688531e-01   1.4259995e-02
   2.9360000e+00   5.1891543e-01   7.4813350e-03
   2.9440000e+00   5.5125577e-01   8.9125630e-03
   2.9520000e+00   5.4698709e-01  -1.4964095e-02
   2.9600000e+00   5.3169571e-01   1.2919386e-03
   2.9680000e+00   5.3043638e-01   4.2823179e-02
   2.9760000e+00   5.7323465e-01  -1.0098658e-02
   2.9840000e+00   5.2181300e-01   2.8086250e-02
   2.9920000e+00   5.4522787e-01   7.7932775e-03
   3.0000000e+00   5.6033996e-01  -5.7288411e-03
   3.0080000e+00   5.4413098e-01   1.5247759e-02
   3.0160000e+00   5.0498186e-01  -2.9282976e-02
   3.0240000e+00   5.7946129e-01  -2.1262461e-04
   3.0320000e+00   5.6886550e-01   1.8918189e-02
   3.0400000e+00   5.3043276e-01  -2.7091060e-03
   3.0480000e+00   5.2433766e-01   1.8219695e-02
   3.0560000e+00   5.5036384e-01   3.2388968e-02
   3.0640000e+00   5.7163153e-01  -1.2849661e-02
   3.0720000e+00   5.3735751e-01   3.9671038e-02
   3.0800000e+00   5.2746300e-01  -1.6316111e-02
   3.0880000e+00   5.6759745e-01   5.1784691e-03
   3.0960000e+00   5.8432649e-01   1.3983043e-03
   3.1040000e+00   5.1742598e-01  -1.4758099e-02
   3.1120000e+00   5.1650735e-01  -3.2538200e-02
   3.1200000e+00   5.5007320e-01  -1.4391681e-02
   3.1280000e+00   5.1115079e-01  -3.5111463e-02
   3.1360000e+00   5.2566042e-01  -3.3642657e-02
   3.1440000e+00   5.2697640e-01  -8.8417011e-03
   3.1520000e+00   5.3664749e-01  -2.4733365e-02
   3.1600000e+00   5.5442181e-01  -9.5122855e-04
   3.1680000e+00   5.7515904e-01  -1.2073436e-02
   3.1760000e+00   5.5493561e-01  -3.0068212e-02
   3.1840000e+00   5.3947787e-01  -1.7733624e-02
   3.1920000e+00   5.9951458e-01   5.1248974e-02
   3.2000000e+00   5.3713703e-01   4.1538379e-02
   3.2080000e+00   5.5478123e-01   1.8159464e-02
   3.2160000e+00   5.5894192e-01   2.2341556e-02
   3.2240000e+00   5.0209317e-01   3.5443426e-02
   3.2320000e+00   5.5516659e-01   3.4851462e-02
   3.2400000e+00   5.0470322e-01  -3.6991351e-02
   3.2480000e+00   5.3180226e-01  -3.0261427e-03
   3.2560000e+00   5.5382797e-01  -5.1080737e-02
   3.2640000e+00   5.6512248e-01  -6.5993647e-02
   3.2720000e+00   5.2338572e-01  -3.6750176e-02
   3.2800000e+00   5.4104684e-01  -1.9494966e-02
   3.2880000e+00   5.3574166e-01  -1.0265656e-02
   3.2960000e+00   5.1610965e-01   2.0344457e-02
   3.3040000e+00   5.3934560e-01  -3.4930397e-02
   3.3120000e+00   4.9542364e-01   2.1116892e-02
   3.3200000e+00   5.3038812e-01   7.9312426e-04
   3.3280000e+00   4.7461412e-01  -2.3300336e-02
   3.3360000e+00   5.0208888e-01  -8.7738347e-03
   3.3440000e+00   5.0950619e-01   6.2546433e-03
   3.3520000e+00   5.3647630e-01  -3.4947915e-03
   3.3600000e+00   5.4953270e-01   2.5066410e-02
   3.3680000e+00   5.2864890e-01  -9.6778070e-03
   3.3760000e+00   5.5661698e-01  -7.4699051e-03
   3.3840000e+00   5.4287910e-01  -3.3553771e-02
   3.3920000e+00   5.2186196e-01   6.9133768e-03
   3.4000000e+00   5.2603707e-01  -9.9237883e-04
   3.4080000e+00   5.4923911e-01   1.9823639e-02
   3.4160000e+00   5.1162970e-01  -1.6571886e-02
   3.4240000e+00   5.0288761e-01   1.8485955e-02
   3.4320000e+00   4.8843698e-01  -4.5227364e-02
   3.4400000e+00   4.9074573e-01  -2.4636582e-02
   3.4480000e+00   5.3222068e-01  -1.8184880e-02
   3.4560000e+00   5.1266563e-01  -2.4893550e-02
   3.4640000e+00   5.4506039e-01  -3.5490917e-02
   3.4720000e+00   5.2447227e-01   3.5356339e-02
   3.4800000e+00   5.3491880e-01  -4.2017842e-04
   3.4880000e+00   5.7442360e-01  -1.1048412e-02
   3.4960000e+00   5.2875154e-01  -1.9812940e-02
   3.5040000e+00   5.2654142e-01  -4.6340106e-02
   3.5120000e+00   4.9319174e-01   1.3186056e-02
   3.5200000e+00   5.1558194e-01  -1.1739381e-02
   3.5280000e+00   4.9472912e-01   2.6253729e-02
   3.5360000e+00   5.1231460e-01  -7.5748579e-03
   3.5440000e+00   5.1884229e-01  -1.0451584e-02
   3.5520000e+00   5.2763880e-01   1.6256605e-02
   3.5600000e+00   5.2992664e-01  -4.1802702e-02
   3.5680000e+00   5.0435349e-01  -2.1081650e-03
   3.5760000e+00   5.4931108e-01  -4.4410974e-03
   3.5840000e+00   5.2405418e-01   1.6683280e-04
   3.5920000e+00   4.8597031e-01   3.0776848e-02
   3.6000000e+00   5.3115760e-01  -4.3785896e-03
   3.6080000e+00   5.2539282e-01  -2.3261183e-02
   3.6160000e+00   5.4592127e-01   1.4371441e-02
   3.6240000e+00   4.6435617e-01  -5.0115913e-02
   3.6320000e+00   5.1510024e-01  -1.1256416e-02
   3.6400000e+00   4.9783403e-01   1.6918812e-02
   3.6480000e+00   5.3519958e-01   2.9286471e-02
   3.6560000e+00   5.3399719e-01  -8.4143102e-03
   3.6640000e+00   5.2958337e-01  -6.4928282e-03
   3.6720000e+00   5.3851442e-01  -3.0736906e-02
   3.6800000e+00   5.3113543e-01   2.7641976e-02
   3.6880000e+00   4.5965793e-01   3.0511470e-02
   3.6960000e+00   5.1217567e-01  -4.2351691e-02
   3.7040000e+00   5.7402729e-01   1.4224973e-02
   3.7120000e+00   4.6735302e-01  -2.3207418e-02
   3.7200000e+00   5.4073584e-01  -4.2002139e-02
   3.7280000e+00   4.9661452e-01   1.8565434e-02
   3.7360000e+00   5.2939930e-01  -1.0162250e-03
   3.7440000e+00   5.5441138e-01  -1.5304598e-02
   3.7520000e+00   5.2922054e-01  -1.1183520e-02
   3.7600000e+00   4.7627079e-01  -1.2852154e-02
   3.7680000e+00   4.9749404e-01   1.2530186e-02
   3.7760000e+00   5.5149843e-01  -1.4006793e-02
   3.7840000e+00   5.2195512e-01  -2.7460867e-02
   3.7920000e+00   4.7457300e-01   1.7843120e-02
   3.8000000e+00   4.9536015e-01   1.7384029e-02
   3.8080000e+00   5.2521513e-01   1.1772546e-02
   3.8160000e+00   4.7737437e-01   1.0902406e-02
   3.8240000e+00   5.1516075e-01  -5.9336629e-02
   3.8320000e+00   4.8617370e-01  -9.5884671e-03
   3.8400000e+00   5.0643586e-01  -3.0512545e-03
   3.8480000e+00   5.2874715e-01   4.0914219e-02
   3.8560000e+00   5.4292130e-01   2.8603186e-02
   3.8640000e+00   5.0819937e-01   3.4216488e-02
   3.8720000e+00   5.0191930e-01  -3.2449833e-02
   3.8800000e+00   5.3296940e-01   1.4511107e-02
   3.8880000e+00   5.3639733e-01  -2.6412857e-02
   3.8960000e+00   4.7543694e-01   2.2393316e-02
   3.9040000e+00   5.7798711e-01  -3.1010940e-03
   3.9120000e+00   5.1217137e-01   1.0597672e-03
   3.9200000e+00   5.1928577e-01   3.4884056e-02
   3.9280000e+00   4.9854202e-01   1.0946189e-03
   3.9360000e+00   5.5709827e-01   5.1604186e-02
   3.9440000e+00   4.9742891e-01  -2.4014920e-02
   3.9520000e+00   4.9967476e-01  -6.4754112e-05
   3.9600000e+00   5.0991664e-01  -1.9489841e-02
   3.9680000e+00   5.2271283e-01  -2.5819286e-02
   3.9760000e+00   5.0685463e-01   9.4331385e-03
   3.9840000e+00   5.1134737e-01  -4.6760066e-03
   3.9920000e+00   5.4590821e-01  -1.7473898e-02
   4.0000000e+00   4.9506550e-01   5.4950329e-02
   4.0080000e+00   5.4382670e-01  -3.4786999e-03
   4.0160000e+00   5.3880634e-01  -4.8551886e-03
   4.0240000e+00   4.7179637e-01  -9.7055513e-03
   4.0320000e+00   5.2184279e-01  -3.6291095e-02
   4.0400000e+00   4.9996069e-01   3.1053704e-02
   4.0480000e+00   5.7150904e-01  -1.4680666e-02
   4.0560000e+00   5.4935315e-01  -3.5048351e-02
   4.0640000e+00   5.2198059e-01   4.3327266e-02
   4.0720000e+00   4.8322453e-01  -1.3890223e-03
   4.0800000e+00   5.1853347e-01   3.1850320e-03
   4.0880000e+00   5.2142866e-01   2.1724654e-02
   4.0960000e+00   5.3053169e-01   3.1017512e-03
   4.1040000e+00   4.8232178e-01   1.1499067e-02
   4.1120000e+00   5.1474734e-01  -1.7254473e-02
   4.1200000e+00   5.2664870e-01   1.2546826e-02
   4.1280000e+00   4.9622027e-01  -2.5883867e-02
   4.1360000e+00   5.3610970e-01  -7.3736121e-03
   4.1440000e+00   5.3394051e-01   1.4200807e-02
   4.1520000e+00   5.2151699e-01   1.0989393e-02
   4.1600000e+00   5.3045173e-01   5.7416768e-04
   4.1680000e+00   5.1109498e-01   6.9949470e-04
   4.1760000e+00   4.7293522e-01  -1.1505745e-02
   4.1840000e+00   5.3820763e-01   4.1446368e-04
   4.1920000e+00   5.1993907e-01  -5.2979468e-02
   4.2000000e+00   5.1433893e-01  -1.0280443e-02
   4.2080000e+00   5.3539125e-01  -1.5594915e-02
   4.2160000e+00   5.3425174e-01   4.4007373e-03
   4.2240000e+00   4.9355500e-01   1.7232001e-02
   4.2320000e+00   5.3935383e-01  -5.3100701e-03
   4.2400000e+00   5.2690292e-01   1.9793107e-02
   4.2480000e+00   5.0004235e-01   3.1885313e-02
   4.2560000e+00   4.9806851e-01   1.5615766e-02
   4.2640000e+00   5.0704973e-01   5.3895859e-02
   4.2720000e+00   5.0826365e-01   3.5132923e-03
   4.2800000e+00   5.3123912e-01   2.4767114e-03
   4.2880000e+00   5.3479845e-01   1.5764401e-02
   4.2960000e+00   5.1910562e-01  -6.7105941e-03
   4.3040000e+00   5.1638291e-01  -3.0496491e-02
   4.3120000e+00   5.1245278e-01   1.5914820e-02
   4.3200000e+00   4.8854671e-01  -1.2959116e-03
   4.3280000e+00   5.2296333e-01  -1.8881165e-02
   4.3360000e+00   4.9040716e-01  -1.9105337e-02
   4.3440000e+00   5.1343756e-01  -2.4831311e-03
   4.3520000e+00   5.1139439e-01   5.2469128e-02
   4.3600000e+00   5.0892094e-01   3.1631390e-02
   4.3680000e+00   5.3894361e-01  -2.0231027e-02
   4.3760000e+00   5.2533277e-01  -3.3347193e-02
   4.3840000e+00   5.2119170e-01   3.1951321e-02
   4.3920000e+00   5.3996480e-01  -1.9149522e-02
   4.4000000e+00   5.3047923e-01  -2.5687453e-02
   4.4080000e+00   4.9922546e-01  -1.8767729e-03
   4.4160000e+00   5.2895432e-01   1.0887427e-02
   4.4240000e+00   4.6755470e-01  -2.0901977e-03
   4.4320000e+00   4.8762939e-01   5.3577098e-02
   4.4400000e+00   5.2956317e-01  -2.7167870e-02
   4.4480000e+00   5.6526760e-01  -1.5243529e-02
   4.4560000e+00   4.8975989e-01  -9.3171441e-03
   4.4640000e+00   4.7884847e-01  -6.2497633e-03
   4.4720000e+00   5.0859368e-01  -2.3677957e-02
   4.4800000e+00   4.8147468e-01   2.3870907e-03
   4.4880000e+00   5.5600282e-01  -3.2825944e-02
   4.4960000e+00   5.2232292e-01   1.3442718e-02
   4.5040000e+00   4.8150055e-01  -2.5820791e-02
   4.5120000e+00   5.1296214e-01  -1.7032580e-02
   4.5200000e+00   5.0986363e-01   2.7548447e-02
   4.5280000e+00   5.2222484e-01   5.5777347e-03
   4.5360000e+00   4.8922142e-01  -2.8172187e-02
   4.5440000e+00   5.5846377e-01   2.6848893e-02
   4.5520000e+00   4.8160074e-01  -1.6381146e-03
   4.5600000e+00   5.0954138e-01  -9.5423260e-03
   4.5680000e+00   5.3409731e-01   2.1968075e-02
   4.5760000e+00   5.3682272e-01   2.7221596e-02
   4.5840000e+00   5.5611981e-01   4.4625297e-02
   4.5920000e+00   4.4965149e-01   1.7140117e-03
   4.6000000e+00   5.3461237e-01   8.4578447e-03
   4.6080000e+00   5.2102949e-01   3.9765324e-02
   4.6160000e+00   5.4692662e-01   2.9218660e-02
   4.6240000e+00   5.3326524e-01   2.4594118e-02
   4.6320000e+00   4.7040576e-01   1.9121968e-03
   4.6400000e+00   5.1029745e-01   8.8205001e-03
   4.6480000e+00   5.0381755e-01   3.5969407e-02
   4.6560000e+00   5.4941383e-01   2.6904107e-02
   4.6640000e+00   5.2793923e-01  -3.5447639e-02
   4.6720000e+00   5.1641548e-01  -1.4471751e-02
   4.6800000e+00   5.2030021e-01   1.6241951e-02
   4.6880000e+00   5.1886561e-01  -1.4203916e-02
   4.6960000e+00   4.9006475e-01  -2.2851345e-02
   4.7040000e+00   5.1556974e-01  -3.0713641e-02
   4.7120000e+00   5.1804509e-01   1.0383750e-03
   4.7200000e+00   4.6746449e-01   4.2443419e-02
   4.7280000e+00   5.5334006e-01   4.3838224e-02
   4.7360000e+00   4.9321566e-01   2.6583489e-02
   4.7440000e+00   5.2091444e-01  -4.9488291e-04
   4.7520000e+00   5.0195670e-01   1.0764794e-02
   4.7600000e+00   4.7718657e-01  -4.2762460e-02
   4.7680000e+00   4.9277202e-01   1.1687614e-02
   4.7760000e+00   4.9438136e-01  -7.0250690e-03
   4.7840000e+00   5.3245371e-01   7.1659567e-03
   4.7920000e+00   4.7749240e-01  -1.2031457e-02
   4.8000000e+00   5.1359328e-01  -1.7932491e-02
   4.8080000e+00   5.3958717e-01  -9.8538298e-03
   4.8160000e+00   5.2549135e-01  -2.0266856e-03
   4.8240000e+00   5.0460383e-01  -2.4236234e-02
   4.8320000e+00   5.4708664e-01   8.3303899e-03
   4.8400000e+00   5.5666844e-01   2.5702469e-02
   4.8480000e+00   4.9331980e-01   8.7389749e-03
   4.8560000e+00   5.1006393e-01   1.1925991e-02
   4.8640000e+00   5.1106611e-01   2.3845821e-02
   4.8720000e+00   5.2067088e-01  -6.8718651e-03
   4.8800000e+00   5.3353701e-01  -2.7392226e-02
   4.8880000e+00   5.2771737e-01  -1.9290058e-02
   4.8960000e+00   4.8465353e-01  -2.0854181e-04
   4.9040000e+00   5.2470279e-01  -8.9010856e-03
   4.9120000e+00   4.9836306e-01  -1.3081719e-02
   4.9200000e+00   4.8930492e-01   2.5614009e-02
   4.9280000e+00   5.3236749e-01   1.6903184e-02
   4.9360000e+00   5.2802957e-01   7.0782252e-03
   4.9440000e+00   5.1690502e-01  -3.2134423e-02
   4.9520000e+00   5.5501619e-01  -1.2418686e-02
   4.9600000e+00   5.1998452e-01   1.0764397e-02
   4.9680000e+00   4.8808230e-01  -8.9571692e-03
   4.9760000e+00   4.8140885e-01  -1.3351164e-02
   4.9840000e+00   5.1343396e-01  -5.2955785e-03
   4.9920000e+00   4.9915631e-01   1.5936956e-02
   5.0000000e+00   5.3030707e-01  -1.7257206e-02
   5.0080000e+00   5.0532539e-01   5.0057101e-03
   5.0160000e+00   4.9705903e-01  -1.6767544e-02
   5.0240000e+00   5.0860965e-01  -3.8030143e-02
   5.0320000e+00   5.2347139e-01  -2.3608370e-02
   5.0400000e+00   5.5298746e-01   3.1199626e-02
   5.0480000e+00   5.4274624e-01  -5.7119137e-03
   5.0560000e+00   5.0385816e-01   1.2765396e-02
   5.0640000e+00   5.3044045e-01  -3.9755580e-02
   5.0720000e+00   5.2143248e-01  -2.3699389e-02
   5.0800000e+00   4.9191800e-01   9.3437171e-03
   5.0880000e+00   5.0273143e-01  -2.6612702e-02
   5.0960000e+00   4.7974150e-01  -9.0025621e-03
   5.1040000e+00   4.8382353e-01   8.9764757e-04
   5.1120000e+00   5.0160398e-01  -3.2389755e-02
   5.1200000e+00   5.3848537e-01  -6.6300428e-04
   5.1280000e+00   5.0392861e-01   2.6095081e-02
   5.1360000e+00   5.2824961e-01   1.0550917e-03
   5.1440000e+00   5.1568458e-01  -2.7736110e-02
   5.1520000e+00   5.1360978e-01   2.5649687e-02
   5.1600000e+00   4.9437203e-01   3.5941735e-02
   5.1680000e+00   4.9379844e-01  -1.4649793e-02
   5.1760000e+00   5.3525135e-01  -2.2745076e-03
   5.1840000e+00   5.1445353e-01  -9.3081616e-03
   5.1920000e+00   5.1922321e-01   5.9870442e-03
   5.2000000e+00   5.1424879e-01   2.6583834e-02
   5.2080000e+00   4.6113324e-01   1.6793133e-02
   5.2160000e+00   5.1505046e-01   4.2314204e-02
   5.2240000e+00   4.8168669e-01  -2.3420800e-02
   5.2320000e+00   5.2684811e-01   2.6702215e-02
   5.2400000e+00   5.0318117e-01  -2.9095776e-02
   5.2480000e+00   5.2246995e-01  -4.4863859e-02
   5.2560000e+00   5.1498865e-01   1.1205861e-02
   5.2640000e+00   5.1832744e-01   7.0894215e-03
   5.2720000e+00   5.2951247e-01  -2.3243652e-03
   5.2800000e+00   5.0925548e-01   1.1532479e-02
   5.2880000e+00   5.1932592e-01  -1.0414641e-02
   5.2960000e+00   4.6305872e-01  -1.7762606e-02
   5.3040000e+00   5.5422595e-01   2.1553394e-02
   5.3120000e+00   5.1521022e-01   3.5075780e-02
   5.3200000e+00   4.9086114e-01  -2.9169942e-03
   5.3280000e+00   5.0170881e-01   6.5718749e-03
   5.3360000e+00   4.4713060e-01   2.3491999e-02
   5.3440000e+00   4.8584282e-01  -6.5102234e-02
   5.3520000e+00   4.9849855e-01   9.3726374e-03
   5.3600000e+00   5.1373112e-01   1.3412903e-02
   5.3680000e+00   4.5512238e-01  -6.5598950e-03
   5.3760000e+00   4.7568152e-01  -9.5710013e-03
   5.3840000e+00   5.4057141e-01  -3.9388475e-02
   5.3920000e+00   5.0810043e-01  -2.9413000e-02
   5.4000000e+00   5.3388523e-01   1.2778556e-02
   5.4080000e+00   4.7759753e-01   2.7235902e-03
   5.4160000e+00   5.2603234e-01  -5.5723701e-03
   5.4240000e+00   4.6973488e-01  -3.5357765e-03
   5.4320000e+00   4.8948518e-01  -1.7455775e-02
   5.4400000e+00   4.7857217e-01   1.3834446e-02
   5.4480000e+00   5.0500161e-01   1.3744424e-02
   5.4560000e+00   5.4305448e-01  -3.5959812e-02
   5.4640000e+00   4.5830216e-01   3.8217131e-02
   5.4720000e+00   5.6144741e-01  -2.4960597e-02
   5.4800000e+00   4.8949304e-01  -2.0549994e-02
   5.4880000e+00   5.0983971e-01  -3.8055549e-02
   5.4960000e+00   5.4531116e-01   3.4989134e-02
   5.5040000e+00   4.8154609e-01   6.4663262e-03
   5.5120000e+00   4.8962433e-01  -8.6693758e-02
   5.5200000e+00   4.8783600e-01   2.3269351e-02
   5.5280000e+00   4.5659953e-01  -4.0718404e-02
   5.5360000e+00   5.0565737e-01   4.3153552e-02
   5.5440000e+00   4.7292231e-01  -2.7187897e-02
   5.5520000e+00   4.7067356e-01   2.6870827e-02
   5.5600000e+00   5.6134408e-01  -1.0690276e-02
   5.5680000e+00   5.0930972e-01  -1.9725864e-02
   5.5760000e+00   4.5863346e-01  -1.4540153e-02
   5.5840000e+00   5.1321339e-01   1.5484254e-02
   5.5920000e+00   5.0216031e-01   1.5318803e-02
   5.6000000e+00   5.1292782e-01   1.3532419e-02
   5.6080000e+00   5.2071798e-01  -4.0765380e-02
   5.6160000e+00   5.0845177e-01  -2.8361086e-02
   5.6240000e+00   4.9067562e-01  -2.1468682e-02
   5.6320000e+00   5.2626983e-01   1.8780987e-02
   5.6400000e+00   4.9491727e-01   2.1273317e-02
   5.6480000e+00   4.8609114e-01  -6.1160928e-04
   5.6560000e+00   4.9941870e-01   6.1440855e-02
   5.6640000e+00   4.8465221e-01  -3.3844465e-03
   5.6720000e+00   4.5595270e-01  -1.6121469e-02
   5.6800000e+00   5.0151923e-01   2.0167649e-03
   5.6880000e+00   5.0100058e-01   1.4325188e-02
   5.6960000e+00   5.2825767e-01  -1.0357100e-02
   5.7040000e+00   4.9423660e-01   1.9289051e-02
   5.7120000e+00   4.7431552e-01   1.1929896e-02
   5.7200000e+00   5.2883427e-01   2.7631846e-02
   5.7280000e+00   5.5484015e-01  -2.3739594e-03
   5.7360000e+00   4.6530297e-01   2.2046973e-02
   5.7440000e+00   5.3468643e-01  -7.0776706e-03
   5.7520000e+00   5.1186820e-01  -9.1749443e-03
   5.7600000e+00   4.8976266e-01   2.2925902e-02
   5.7680000e+00   4.9616038e-01  -2.1279890e-02
   5.7760000e+00   4.9600914e-01  -1.6759384e-02
   5.7840000e+00   4.7224803e-01  -4.0164265e-03
   5.7920000e+00   5.0419003e-01   2.3430195e-02
   5.8000000e+00   5.3210655e-01  -4.4049755e-02
   5.8080000e+00   5.4145366e-01   2.5841097e-02
   5.8160000e+00   4.6523523e-01   2.2366639e-02
   5.8240000e+00   4.5500993e-01   2.4775033e-02
   5.8320000e+00   4.9789953e-01  -3.6877805e-02
   5.8400000e+00   5.3535080e-01  -3.0472090e-02
   5.8480000e+00   4.8912073e-01   3.6104237e-02
   5.8560000e+00   5.3057025e-01   2.4747919e-02
   5.8640000e+00   5.2221906e-01  -2.8264624e-02
   5.8720000e+00   5.2272698e-01  -3.2878171e-02
   5.8800000e+00   5.1424453e-01  -1.9206756e-04
   5.8880000e+00   5.2880223e-01   8.6731901e-03
   5.8960000e+00   5.1273574e-01   1.5573169e-02
   5.9040000e+00   4.5830311e-01  -1.7485883e-02
   5.9120000e+00   4.9124791e-01  -4.7059829e-02
   5.9200000e+00   5.3403857e-01  -8.3492817e-03
   5.9280000e+00   5.1890296e-01  -1.4484022e-02
   5.9360000e+00   4.8864988e-01   2.5078365e-02
   5.9440000e+00   5.2928777e-01   2.8218529e-02
   5.9520000e+00   5.4213258e-01   1.6656664e-02
   5.9600000e+00   5.1608273e-01  -3.4488049e-02
   5.9680000e+00   4.7806750e-01  -7.6510935e-03
   5.9760000e+00   5.1284129e-01   1.1597721e-03
   5.9840000e+00   4.7078038e-01  -3.7426939e-03
   5.9920000e+00   5.2498279e-01   3.1397317e-03
   6.0000000e+00   4.8965006e-01  -2.0311164e-02
   6.0080000e+00   5.1596874e-01  -1.5472770e-04
   6.0160000e+00   5.4190630e-01   2.5628244e-03
   6.0240000e+00   5.3125525e-01   1.3309917e-02
   6.0320000e+00   5.0035344e-01  -4.9135659e-03
   6.0400000e+00   5.1207776e-01  -1.2823388e-02
   6.0480000e+00   5.3165672e-01  -5.1567580e-02
   6.0560000e+00   4.8880618e-01  -3.4401928e-02
   6.0640000e+00   4.7585319e-01  -2.6331746e-02
   6.0720000e+00   4.9335881e-01  -2.6348116e-03
   6.0800000e+00   5.0493562e-01   3.8374614e-02
   6.0880000e+00   4.8483972e-01   3.0426525e-02
   6.0960000e+00   5.2853302e-01  -6.2869380e-03
   6.1040000e+00   5.2397536e-01   9.0162343e-03
   6.1120000e+00   5.1041459e-01  -3.0452313e-02
   6.1200000e+00   5.2825679e-01  -2.5989745e-02
   6.1280000e+00   5.1543209e-01  -3.3182932e-02
   6.1360000e+00   5.1168339e-01   3.6600996e-02
   6.1440000e+00   4.8475368e-01   1.5343642e-02
   6.1520000e+00   4.7392395e-01  -4.4053528e-03
   6.1600000e+00   4.8010523e-01  -3.0138501e-02
   6.1680000e+00   4.9883794e-01   1.7008859e-02
   6.1760000e+00   5.1671889e-01   3.3585151e-02
   6.1840000e+00   5.2660881e-01   2.2703233e-02
   6.1920000e+00   5.2098022e-01   5.2598786e-03
   6.2000000e+00   5.1331324e-01  -2.4862140e-02
   6.2080000e+00   4.6286682e-01  -1.9212631e-02
   6.2160000e+00   4.9970649e-01  -2.5536224e-02
   6.2240000e+00   4.8609954e-01   3.1466704e-03
   6.2320000e+00   4.6440270e-01  -1.9216355e-03
   6.2400000e+00   5.0318912e-01  -4.2389947e-02
   6.2480000e+00   5.1440012e-01   1.8858933e-03
   6.2560000e+00   4.6819133e-01   3.6122564e-02
   6.2640000e+00   5.1535111e-01   9.0473812e-03
   6.2720000e+00   4.7468102e-01  -1.7518668e-02
   6.2800000e+00   5.1840369e-01  -6.2982467e-03
   6.2880000e+00   4.7293727e-01   1.9398974e-03
   6.2960000e+00   4.7862447e-01   2.5053820e-03
   6.3040000e+00   4.8668031e-01   1.9199057e-02
   6.3120000e+00   5.0184477e-01   3.7679743e-02
   6.3200000e+00   4.9291942e-01  -1.1291788e-02
   6.3280000e+00   4.9298641e-01   6.3026338e-03
   6.3360000e+00   5.1876072e-01   7.6436957e-03
   6.3440000e+00   5.0637694e-01   4.4677921e-02
   6.3520000e+00   4.5309776e-01  -4.6147729e-02
   6.3600000e+00   5.2163408e-01  -4.8051359e-02
   6.3680000e+00   4.7860200e-01  -5.4225968e-03
   6.3760000e+00   4.5980593e-01  -2.8164131e-02
   6.3840000e+00   5.1968927e-01   7.8653095e-03
   6.3920000e+00   5.1698049e-01   1.6551706e-02
   6.4000000e+00   5.0539551e-01   1.9281463e-02
   6.4080000e+00   4.8364379e-01  -2.4475171e-02
   6.4160000e+00   4.9590553e-01   2.6242071e-02
   6.4240000e+00   4.9851235e-01  -1.1513922e-02
   6.4320000e+00   5.0063083e-01   1.7523178e-02
   6.4400000e+00   4.7441775e-01   1.8864987e-02
   6.4480000e+00   4.7697168e-01   1.3806755e-02
   6.4560000e+00   4.5894029e-01  -8.4914516e-04
   6.4640000e+00   4.7766331e-01   2.6010015e-02
   6.4720000e+00   5.0917411e-01  -9.3794104e-03
   6.4800000e+00   4.9709444e-01  -1.2732505e-02
   6.4880000e+00   4.8878815e-01   4.6121611e-03
   6.4960000e+00   5.1869195e-01   3.1787607e-03
   6.5040000e+00   4.9769202e-01  -1.0042315e-02
   6.5120000e+00   5.0590211e-01  -5.7363583e-02
   6.5200000e+00   5.1801068e-01   2.7562643e-02
   6.5280000e+00   5.0599183e-01  -2.3415666e-02
   6.5360000e+00   4.6860270e-01   6.7396508e-03
   6.5440000e+00   4.8724013e-01  -2.6320032e-02
   6.5520000e+00   5.0773052e-01  -4.7388385e-03
   6.5600000e+00   4.7489638e-01   3.2112090e-03
   6.5680000e+00   4.8736671e-01  -6.6190989e-03
   6.5760000e+00   5.4170709e-01  -1.0783295e-02
   6.5840000e+00   5.1300424e-01  -6.5117915e-03
   6.5920000e+00   5.3389671e-01  -2.2075664e-02
   6.6000000e+00   4.9908854e-01   1.1515721e-02
   6.6080000e+00   4.4688391e-01   2.7443026e-02
   6.6160000e+00   5.3487271e-01  -5.1108165e-02
   6.6240000e+00   5.2408869e-01  -1.2966679e-02
   6.6320000e+00   5.3778605e-01  -1.1519600e-02
   6.6400000e+00   4.9580103e-01   4.8175960e-03
   6.6480000e+00   4.8591180e-01   1.2726259e-02
   6.6560000e+00   4.7028398e-01   3.6777531e-03
   6.6640000e+00   4.3923396e-01   2.3755611e-02
   6.6720000e+00   4.8499015e-01   1.2333205e-02
   6.6800000e+00   4.8562321e-01   4.5655783e-02
   6.6880000e+00   4.8195721e-01   1.3656913e-03
   6.6960000e+00   5.0915278e-01   2.5412186e-02
   6.7040000e+00   4.8171415e-01   9.9476006e-04
   6.7120000e+00   4.9407738e-01   1.0689983e-02
   6.7200000e+00   4.3081007e-01   4.6921716e-02
   6.7280000e+00   4.7972929e-01   1.4286822e-02
   6.7360000e+00   5.0946218e-01  -1.0694741e-02
   6.7440000e+00   5.0626740e-01  -6.9738675e-04
   6.7520000e+00   4.8031022e-01   1.5387735e-02
   6.7600000e+00   5.0359966e-01   6.0389102e-03
   6.7680000e+00   4.7135502e-01  -6.0070527e-03
   6.7760000e+00   5.0155923e-01  -4.8911292e-02
   6.7840000e+00   4.9955087e-01  -2.5579460e-03
   6.7920000e+00   5.3765923e-01   1.9757672e-02
   6.8000000e+00   4.4183548e-01  -8.4813608e-03
   6.8080000e+00   4.5721936e-01  -1.5237422e-02
   6.8160000e+00   5.2491738e-01   4.3725202e-02
   6.8240000e+00   4.6377005e-01  -2.9417124e-02
   6.8320000e+00   4.8184998e-01  -9.9420544e-03
   6.8400000e+00   4.7220858e-01  -1.2138286e-03
   6.8480000e+00   5.0185207e-01  -2.3295957e-02
   6.8560000e+00   4.6401367e-01   9.2711872e-03
   6.8640000e+00   4.5416794e-01   6.7504242e-03
   6.8720000e+00   4.9160751e-01   2.8879099e-02
   6.8800000e+00   4.9960522e-01  -2.6961180e-03
   6.8880000e+00   4.7593975e-01   2.6946470e-02
   6.8960000e+00   5.1097172e-01  -4.9450170e-02
   6.9040000e+00   5.0478725e-01   4.9902965e-02
   6.9120000e+00   4.8003299e-01   1.6375041e-03
   6.9200000e+00   4.7252550e-01  -4.3840195e-02
   6.9280000e+00   5.7106749e-01   7.2577680e-03
   6.9360000e+00   4.7489420e-01  -2.8082056e-03
   6.9440000e+00   5.0183545e-01  -3.8439047e-02
   6.9520000e+00   4.7217482e-01  -4.1677201e-02
   6.9600000e+00   4.2639791e-01   2.9313496e-02
   6.9680000e+00   4.5901978e-01  -1.8803794e-02
   6.9760000e+00   4.9496997e-01   3.1855632e-02
   6.9840000e+00   5.1527238e-01   2.1577155e-03
   6.9920000e+00   4.9700404e-01   2.4149143e-02
   7.0000000e+00   5.0364454e-01   2.0412173e-02
   7.0080000e+00   4.7146169e-01  -3.1875475e-02
   7.0160000e+00   4.7494886e-01   5.0527344e-03
   7.0240000e+00   5.3140105e-01  -5.8561347e-03
   7.0320000e+00   5.3997353e-01   1.2737212e-02
   7.0400000e+00   4.8031713e-01   1.6710281e-02
   7.0480000e+00   5.2632404e-01  -2.8682276e-02
   7.0560000e+00   4.7926379e-01   1.8751560e-02
   7.0640000e+00   4.9718770e-01  -4.1510135e-03
   7.0720000e+00   5.1571604e-01   9.0775299e-03
   7.0800000e+00   4.7536473e-01  -2.9199649e-02
   7.0880000e+00   4.9189193e-01   1.8791843e-02
   7.0960000e+00   5.3425574e-01   8.6553148e-04
   7.1040000e+00   4.9794074e-01   3.3900267e-02
   7.1120000e+00   5.5154542e-01  -1.9996718e-02
   7.1200000e+00   4.6657024e-01   1.4378363e-02
   7.1280000e+00   4.9501456e-01   1.8110298e-02
   7.1360000e+00   4.8769436e-01   2.0016833e-02
   7.1440000e+00   4.6928598e-01  -1.0570987e-02
   7.1520000e+00   4.7686741e-01  -2.6106999e-02
   7.1600000e+00   4.7387143e-01  -1.4525593e-02
   7.1680000e+00   4.6341797e-01   4.3480764e-03
   7.1760000e+00   4.6283492e-01   2.5186166e-03
   7.1840000e+00   5.1333111e-01   2.6619353e-02
   7.1920000e+00   4.8043783e-01   3.0968945e-02
   7.2000000e+00   4.8742935e-01   1.1290469e-02
   7.2080000e+00   5.0649393e-01  -2.5531983e-02
   7.2160000e+00   5.0094413e-01  -2.2536367e-02
   7.2240000e+00   5.0648769e-01   2.2359539e-03
   7.2320000e+00   4.8874979e-01   2.8006870e-02
   7.2400000e+00   4.5820584e-01   3.3485046e-02
   7.2480000e+00   4.7261086e-01   1.5940305e-02
   7.2560000e+00   5.0309250e-01  -7.8932451e-03
   7.2640000e+00   5.0643101e-01   1.8545292e-02
   7.2720000e+00   4.6803608e-01  -4.8865294e-03
   7.2800000e+00   4.5115143e-01  -2.3931756e-02
   7.2880000e+00   4.8642994e-01   4.9553187e-04
   7.2960000e+00   5.3777997e-01   3.5453344e-02
   7.3040000e+00   4.8197170e-01   1.6886189e-02
   7.3120000e+00   4.3474138e-01   9.5108343e-03
   7.3200000e+00   4.7073868e-01   5.5210352e-03
   7.3280000e+00   4.8395407e-01  -2.5007329e-03
   7.3360000e+00   4.6295778e-01  -1.1786528e-02
   7.3440000e+00   4.7862899e-01   2.6927286e-02
   7.3520000e+00   4.9131966e-01   1.5906092e-02
   7.3600000e+00   4.8247329e-01  -5.6911156e-03
   7.3680000e+00   5.2931563e-01   4.4498109e-02
   7.3760000e+00   4.7270927e-01  -1.0289837e-02
   7.3840000e+00   4.3166735e-01  -3.8907819e-02
   7.3920000e+00   5.0072752e-01   8.8290148e-03
   7.4000000e+00   4.4616301e-01   3.4363119e-02
   7.4080000e+00   5.0255104e-01   9.3969182e-03
   7.4160000e+00   5.1183995e-01  -1.0140365e-02
   7.4240000e+00   4.9967878e-01   2.4717858e-02
   7.4320000e+00   4.7353975e-01  -2.1685710e-02
   7.4400000e+00   4.8683094e-01  -3.8355331e-02
   7.4480000e+00   4.8328398e-01   2.5027915e-02
   7.4560000e+00   5.0489942e-01  -3.2782846e-02
   7.4640000e+00   4.7734381e-01  -1.6729492e-02
   7.4720000e+00   4.7738280e-01   2.0050625e-02
   7.4800000e+00   5.0642951e-01  -4.5290570e-03
   7.4880000e+00   4.9028485e-01   8.4807712e-03
   7.4960000e+00   4.5840767e-01  -1.0362853e-02
   7.5040000e+00   4.5468545e-01   1.1769688e-02
   7.5120000e+00   5.1139167e-01  -3.9827713e-03
   7.5200000e+00   4.7988050e-01  -2.5545886e-02
   7.5280000e+00   4.1283671e-01   8.2510124e-04
   7.5360000e+00   4.5484904e-01  -2.8663057e-02
   7.5440000e+00   4.7185525e-01  -2.3705288e-02
   7.5520000e+00   4.3312813e-01  -2.8416120e-02
   7.5600000e+00   5.0820285e-01   1.2688259e-03
   7.5680000e+00   5.0553151e-01   1.2583079e-02
   7.5760000e+00   4.6701382e-01   3.7259390e-04
   7.5840000e+00   4.8511050e-01  -3.6041753e-02
   7.5920000e+00   4.9640253e-01  -1.5126961e-02
   7.6000000e+00   4.8488355e-01  -2.0628123e-02
   7.6080000e+00   4.4225184e-01  -4.0806623e-02
   7.6160000e+00   4.7261047e-01   8.8520753e-03
   7.6240000e+00   4.3729652e-01  -4.5246149e-03
   7.6320000e+00   4.7110407e-01  -7.5344271e-03
   7.6400000e+00   4.8934901e-01   8.2900161e-03
   7.6480000e+00   4.8755472e-01   1.4286451e-02
   7.6560000e+00   4.9116450e-01   3.2967874e-02
   7.6640000e+00   4.9084098e-01  -4.4969687e-02
   7.6720000e+00   4.7986951e-01  -1.5028685e-02
   7.6800000e+00   4.7430277e-01  -1.0330992e-02
   7.6880000e+00   5.0467886e-01  -2.9009041e-02
   7.6960000e+00   5.0081418e-01  -6.3394533e-03
   7.7040000e+00   4.8274630e-01  -1.5771949e-02
   7.7120000e+00   4.5519770e-01  -2.8132320e-02
   7.7200000e+00   5.1133381e-01  -1.9457590e-02
   7.7280000e+00   4.8104737e-01   2.1269106e-02
   7.7360000e+00   4.7692593e-01   1.7621466e-02
   7.7440000e+00   4.5310932e-01  -2.1826038e-02
   7.7520000e+00   4.6534013e-01  -1.0295750e-02
   7.7600000e+00   5.0371665e-01   1.0727091e-02
   7.7680000e+00   5.1385914e-01   1.2912105e-02
   7.7760000e+00   4.6473169e-01   1.8310330e-02
   7.7840000e+00   4.6552154e-01  -1.9138057e-02
   7.7920000e+00   4.7413982e-01  -2.5365841e-02
   7.8000000e+00   5.0060393e-01  -4.5868780e-02
   7.8080000e+00   4.4758669e-01   5.4297846e-02
   7.8160000e+00   4.6663831e-01   1.0087121e-02
   7.8240000e+00   4.7213891e-01  -1.4029226e-02
   7.8320000e+00   4.8031285e-01  -4.3456339e-02
   7.8400000e+00   4.8454938e-01  -4.5307173e-02
   7.8480000e+00   4.8121670e-01  -3.3334740e-02
   7.8560000e+00   5.0591147e-01   1.0202591e-02
   7.8640000e+00   4.8515855e-01  -2.6220104e-02
   7.8720000e+00   4.9537371e-01  -2.8094087e-02
   7.8800000e+00   4.6569828e-01  -5.7845096e-03
   7.8880000e+00   4.8080732e-01   6.6472975e-02
   7.8960000e+00   4.7415960e-01   2.9269314e-02
   7.9040000e+00   4.5954699e-01   2.3148501e-02
   7.9120000e+00   4.8450659e-01  -5.1403126e-03
   7.9200000e+00   5.1500678e-01  -2.5154711e-02
   7.9280000e+00   4.6975560e-01   3.7644187e-03
   7.9360000e+00   5.1865935e-01  -3.4988937e-02
   7.9440000e+00   4.4780086e-01   6.8566502e-03
   7.9520000e+00   4.4214119e-01   2.5709310e-02
   7.9600000e+00   4.9781279e-01  -7.7017027e-03
   7.9680000e+00   4.5131625e-01  -1.4897153e-02
   7.9760000e+00   5.2884708e-01  -1.1505611e-02
   7.9840000e+00   4.6033604e-01   4.3914690e-03
   7.9920000e+00   4.3886419e-01   2.8568762e-02
   8.0000000e+00   4.7742395e-01  -4.3166634e-02
   8.0080000e+00   4.4145861e-01   1.4497004e-02
   8.0160000e+00   5.2646017e-01   3.3408362e-02
   8.0240000e+00   5.1803936e-01   2.9347447e-02
   8.0320000e+00   4.9236691e-01  -2.4820435e-02
   8.0400000e+00   4.5335946e-01  -6.5036696e-02
   8.0480000e+00   4.7377983e-01  -4.0799787e-02
   8.0560000e+00   4.7266630e-01   1.2873593e-02
   8.0640000e+00   4.6696264e-01   2.5080018e-02
   8.0720000e+00   4.7944165e-01   1.9953544e-02
   8.0800000e+00   4.6743780e-01   3.1792983e-02
   8.0880000e+00   5.1279295e-01   4.5057369e-03
   8.0960000e+00   4.6155695e-01   1.9484152e-03
   8.1040000e+00   4.4509015e-01   7.6691744e-03
   8.1120000e+00   4.7555588e-01   2.7322669e-02
   8.1200000e+00   4.5305782e-01  -2.4537485e-02
   8.1280000e+00   5.0885321e-01  -1.4637200e-02
   8.1360000e+00   4.7322253e-01  -4.8950511e-03
   8.1440000e+00   5.0044962e-01   3.2186531e-02
   8.1520000e+00   4.4352803e-01   1.7984200e-02
   8.1600000e+00   4.4793559e-01   1.3971314e-02
   8.1680000e+00   4.6176697e-01   1.9004289e-02
   8.1760000e+00   4.6767441e-01  -2.5983190e-03
   8.1840000e+00   4.4430854e-01   6.4000819e-03
   8.1920000e+00   4.5668679e-01  -1.4826222e-02
   8.2000000e+00   4.3211659e-01   1.4592187e-02
   8.2080000e+00   5.0202605e-01  -2.9702495e-02
   8.2160000e+00   5.1491102e-01   7.2200823e-03
   8.2240000e+00   4.5794377e-01   5.2423282e-03
   8.2320000e+00   4.5459063e-01  -4.2995711e-02
   8.2400000e+00   4.3027134e-01   4.4756827e-02
   8.2480000e+00   4.6578815e-01   4.4084224e-02
   8.2560000e+00   4.6671802e-01   3.2564860e-02
   8.2640000e+00   4.6416935e-01  -1.8647925e-02
   8.2720000e+00   4.7109974e-01  -2.8520175e-03
   8.2800000e+00   4.5812057e-01  -8.4565414e-03
   8.2880000e+00   4.8587066e-01  -1.5100278e-02
   8.2960000e+00   4.9050176e-01  -4.9321209e-02
