   0.0000000e+00   9.0850473e-01   4.6209748e-02
   8.0000000e-03   8.8521554e-01  -1.1648899e-02
   1.6000000e-02   9.7305633e-01  -3.3819920e-02
   2.4000000e-02   9.4973480e-01  -2.4548857e-02
   3.2000000e-02   9.3170190e-01   8.9620779e-03
   4.0000000e-02   9.8526161e-01  -5.8163345e-03
   4.8000000e-02   9.3789594e-01   7.3020226e-03
   5.6000000e-02   9.3120617e-01  -3.4832848e-02
   6.4000000e-02   1.0022484e+00  -1.5561087e-02
   7.2000000e-02   1.0211223e+00   8.9886758e-03
   8.0000000e-02   9.3961023e-01   3.3697771e-03
   8.8000000e-02   9.9997796e-01  -2.0952895e-02
   9.6000000e-02   9.5673322e-01   1.4190242e-02
   1.0400000e-01   9.9576896e-01  -2.5222052e-02
   1.1200000e-01   1.0315019e+00   7.5796259e-03
   1.2000000e-01   9.7944219e-01   9.9081543e-03
   1.2800000e-01   9.7144955e-01   3.9817435e-02
   1.3600000e-01   9.6307662e-01   4.2836328e-03
   1.4400000e-01   1.0286480e+00  -5.8913712e-03
   1.5200000e-01   9.7267374e-01  -3.1409944e-02
   1.6000000e-01   9.7124508e-01   1.3723124e-02
   1.6800000e-01   9.7081296e-01  -8.8257682e-03
   1.7600000e-01   9.9205261e-01  -2.1048382e-02
   1.8400000e-01   9.0663939e-01   2.9383570e-02
   1.9200000e-01   9.4909940e-01   3.0332227e-02
   2.0000000e-01   9.0627537e-01   2.4129244e-02
   2.0800000e-01   8.7156222e-01   2.4765613e-02
   2.1600000e-01   9.3412357e-01  -6.2843795e-03
   2.2400000e-01   8.7271533e-01   2.4090163e-02
   2.3200000e-01   8.8965822e-01  -4.3641036e-02
   2.4000000e-01   8.7271679e-01  -2.7282525e-02
   2.4800000e-01   8.2851435e-01  -1.7660194e-02
   2.5600000e-01   8.4681508e-01   2.9797452e-02
   2.6400000e-01   8.6344142e-01   1.6716739e-02
   2.7200000e-01   8.1683290e-01  -9.1410704e-03
   2.8000000e-01   8.7832544e-01   9.6818012e-03
   2.8800000e-01   8.5382829e-01  -3.4622732e-02
   2.9600000e-01   8.3471901e-01   3.6281532e-02
   3.0400000e-01   8.0209065e-01   6.7933178e-02
   3.1200000e-01   8.1174913e-01   1.6039021e-02
   3.2000000e-01   8.0172178e-01   1.7723244e-02
   3.2800000e-01   7.9287504e-01   7.9314936e-03
   3.3600000e-01   8.1357258e-01  -2.2043053e-03
   3.4400000e-01   7.7509407e-01  -1.1252025e-02
   3.5200000e-01   7.9718546e-01  -2.8210258e-03
   3.6000000e-01   7.9004908e-01   4.0745698e-03
   3.6800000e-01   8.4427352e-01  -1.5907914e-03
   3.7600000e-01   7.7379715e-01   2.8675926e-02
   3.8400000e-01   7.4485598e-01   3.8458557e-02
   3.9200000e-01   8.0806593e-01   3.9747399e-02
   4.0000000e-01   7.4515708e-01  -2.4787511e-03
   4.0800000e-01   7.3661736e-01   1.7773953e-03
   4.1600000e-01   7.5333319e-01  -5.6828320e-04
   4.2400000e-01   7.2606534e-01  -1.0401532e-02
   4.3200000e-01   7.8420733e-01  -2.2522420e-02
   4.4000000e-01   7.3977323e-01  -2.8932497e-04
   4.4800000e-01   7.4871939e-01   1.9185827e-02
   4.5600000e-01   7.2022701e-01  -1.4917706e-02
   4.6400000e-01   7.1299402e-01   5.0100503e-02
   4.7200000e-01   7.4014076e-01   2.4364706e-02
   4.8000000e-01   7.5687788e-01  -2.1867138e-02
   4.8800000e-01   7.8999801e-01   4.7376599e-03
   4.9600000e-01   6.8652323e-01   1.3141220e-02
   5.0400000e-01   7.5292603e-01  -7.5199802e-03
   5.1200000e-01   7.4221224e-01  -4.0231350e-03
   5.2000000e-01   7.7843347e-01   2.3440887e-02
   5.2800000e-01   8.0132745e-01   3.4754423e-02
   5.3600000e-01   6.9434575e-01   6.4115326e-03
   5.4400000e-01   7.6538082e-01  -1.0845414e-02
   5.5200000e-01   6.9834654e-01   4.3653846e-03
   5.6000000e-01   6.7376583e-01   3.5171931e-02
   5.6800000e-01   7.5134438e-01   2.4822958e-02
   5.7600000e-01   7.1075545e-01   8.5370240e-03
   5.8400000e-01   7.1735752e-01  -6.4949419e-03
   5.9200000e-01   7.1006887e-01   2.8619423e-02
   6.0000000e-01   7.1092953e-01   2.3684864e-02
   6.0800000e-01   7.4074807e-01   3.5152993e-02
   6.1600000e-01   7.4578240e-01   1.3672289e-02
   6.2400000e-01   7.1395344e-01   3.1371811e-02
   6.3200000e-01   6.8497789e-01   3.3769814e-03
   6.4000000e-01   7.1796751e-01  -1.9060991e-03
   6.4800000e-01   7.0262683e-01  -2.1985451e-02
   6.5600000e-01   7.6419925e-01   2.6445241e-02
   6.6400000e-01   7.4706391e-01  -1.2784330e-02
   6.7200000e-01   7.3420785e-01   2.4890502e-02
   6.8000000e-01   7.1735307e-01  -4.2454745e-03
   6.8800000e-01   7.2104560e-01   1.6871632e-05
   6.9600000e-01   7.6619967e-01  -1.4597151e-02
   7.0400000e-01   7.2161763e-01  -1.9122123e-03
   7.1200000e-01   6.9393846e-01   2.9482163e-02
   7.2000000e-01   7.0554813e-01  -1.7172922e-02
   7.2800000e-01   7.3581365e-01  -1.1035980e-02
   7.3600000e-01   7.0126710e-01   3.4013706e-02
   7.4400000e-01   7.2183421e-01   1.5294446e-02
   7.5200000e-01   7.3084506e-01  -4.4914260e-02
   7.6000000e-01   7.2571093e-01   5.0119870e-02
   7.6800000e-01   7.2526058e-01  -3.1291585e-02
   7.7600000e-01   7.8502241e-01  -1.3683348e-02
   7.8400000e-01   6.9434447e-01  -1.3915386e-02
   7.9200000e-01   7.2389589e-01  -2.5885825e-02
   8.0000000e-01   7.1137774e-01   3.8052013e-03
   8.0800000e-01   7.2073442e-01   3.9688202e-02
   8.1600000e-01   7.1877789e-01   3.8265152e-03
   8.2400000e-01   6.7816735e-01   2.4654465e-02
   8.3200000e-01   6.7770680e-01  -9.8818903e-03
   8.4000000e-01   7.0295421e-01  -4.3386943e-02
   8.4800000e-01   6.8844113e-01   4.4266126e-02
   8.5600000e-01   7.1350990e-01   1.4152522e-02
   8.6400000e-01   7.1344144e-01  -1.4498544e-02
   8.7200000e-01   7.2970947e-01   8.7984696e-03
   8.8000000e-01   6.8920487e-01   2.4453334e-02
   8.8800000e-01   6.6799000e-01  -2.2535843e-02
   8.9600000e-01   7.1104299e-01  -9.0582814e-03
   9.0400000e-01   6.7859691e-01   4.3358346e-03
   9.1200000e-01   7.3739128e-01  -4.2880548e-02
   9.2000000e-01   7.1388744e-01   4.5393697e-02
   9.2800000e-01   7.0239733e-01   4.0635059e-02
   9.3600000e-01   6.5825223e-01   4.8786458e-02
   9.4400000e-01   6.8631671e-01   1.3311228e-02
   9.5200000e-01   7.1297105e-01   9.9805194e-03
   9.6000000e-01   6.6189420e-01  -1.7962687e-02
   9.6800000e-01   7.1341046e-01  -1.5460470e-02
   9.7600000e-01   6.9398555e-01  -1.3340774e-02
   9.8400000e-01   6.8558524e-01  -2.8357253e-03
   9.9200000e-01   6.8572258e-01   3.5824240e-02
   1.0000000e+00   6.9797905e-01   4.2683709e-02
   1.0080000e+00   6.2405694e-01  -8.0632517e-03
   1.0160000e+00   6.6192464e-01  -1.1823991e-02
   1.0240000e+00   7.0220513e-01  -3.1839403e-02
   1.0320000e+00   6.1281819e-01  -6.0428137e-03
   1.0400000e+00   6.8969100e-01  -2.9081817e-02
   1.0480000e+00   6.9698416e-01   1.5604025e-02
   1.0560000e+00   6.4815857e-01   1.2534954e-02
   1.0640000e+00   6.5126383e-01  -1.6875476e-02
   1.0720000e+00   6.5909726e-01   9.5538501e-03
   1.0800000e+00   6.2950651e-01  -1.4386698e-02
   1.0880000e+00   6.9268725e-01  -2.9096068e-02
   1.0960000e+00   6.6072449e-01  -5.0727095e-02
   1.1040000e+00   6.3478042e-01   8.3508384e-03
   1.1120000e+00   6.5063904e-01  -3.2584336e-02
   1.1200000e+00   6.6043715e-01  -5.9294692e-02
   1.1280000e+00   6.6007315e-01  -4.1404239e-02
   1.1360000e+00   6.1709861e-01  -1.2711438e-02
   1.1440000e+00   6.1211937e-01   6.6220315e-03
   1.1520000e+00   6.0169483e-01   4.4290063e-03
   1.1600000e+00   6.3800502e-01  -6.3753006e-04
   1.1680000e+00   6.4658660e-01   2.1595676e-02
   1.1760000e+00   6.4140917e-01   2.1683716e-02
   1.1840000e+00   6.2555786e-01  -1.2211702e-02
   1.1920000e+00   6.7236290e-01   6.8142521e-03
   1.2000000e+00   6.3105824e-01   5.9303764e-02
   1.2080000e+00   6.0999275e-01   4.8621804e-02
   1.2160000e+00   6.3001856e-01   2.5424566e-02
   1.2240000e+00   6.4247315e-01   3.0435092e-02
   1.2320000e+00   5.9729263e-01   2.3004689e-02
   1.2400000e+00   6.2976668e-01  -4.5246526e-02
   1.2480000e+00   5.8933078e-01  -2.0087539e-02
   1.2560000e+00   5.9940207e-01   2.0546114e-02
   1.2640000e+00   6.0496597e-01   2.7799640e-02
   1.2720000e+00   6.0751275e-01  -3.3324068e-02
   1.2800000e+00   5.8658482e-01   1.7726705e-03
   1.2880000e+00   6.9022842e-01  -1.9925423e-02
   1.2960000e+00   6.0197346e-01   2.9066582e-02
   1.3040000e+00   6.0483446e-01   1.7457317e-02
   1.3120000e+00   6.2581831e-01  -2.0178381e-03
   1.3200000e+00   6.0972661e-01   3.9216764e-02
   1.3280000e+00   5.8763219e-01   2.6754737e-02
   1.3360000e+00   6.1986851e-01   1.2619077e-02
   1.3440000e+00   6.1037850e-01   2.5663763e-03
   1.3520000e+00   5.5879091e-01  -1.3488821e-02
   1.3600000e+00   6.1480665e-01  -1.1885357e-02
   1.3680000e+00   5.6618392e-01  -1.5568972e-02
   1.3760000e+00   5.9977372e-01  -1.4336896e-03
   1.3840000e+00   5.9213737e-01  -3.4061376e-02
   1.3920000e+00   5.8113147e-01  -2.6616575e-02
   1.4000000e+00   6.2668462e-01   1.6885219e-03
   1.4080000e+00   6.2677974e-01   1.8436817e-03
   1.4160000e+00   6.0988231e-01  -3.3852925e-02
   1.4240000e+00   6.0137368e-01  -2.6597873e-02
   1.4320000e+00   6.0534498e-01  -1.5847428e-02
   1.4400000e+00   6.2977240e-01  -8.4673107e-03
   1.4480000e+00   5.9350581e-01   2.0473260e-02
   1.4560000e+00   5.9782259e-01   3.7252253e-02
   1.4640000e+00   6.0359708e-01   7.3724857e-03
   1.4720000e+00   6.7240673e-01  -3.9721982e-02
   1.4800000e+00   5.7587104e-01   4.8167789e-02
   1.4880000e+00   6.1868713e-01  -1.0656687e-02
   1.4960000e+00   5.7828359e-01  -2.2501823e-03
   1.5040000e+00   5.8911661e-01  -2.2739289e-02
   1.5120000e+00   6.4139701e-01  -4.2893269e-02
   1.5200000e+00   5.6196888e-01  -4.8206042e-02
   1.5280000e+00   5.8318048e-01   4.5454322e-02
   1.5360000e+00   5.8571151e-01  -3.8553529e-02
   1.5440000e+00   6.1277471e-01  -3.1844560e-03
   1.5520000e+00   6.3287731e-01   2.1029203e-02
   1.5600000e+00   6.1850681e-01   3.9324728e-03
   1.5680000e+00   6.0964014e-01   1.7101454e-02
   1.5760000e+00   5.3918069e-01  -1.8516315e-03
   1.5840000e+00   5.3721295e-01  -1.5122602e-02
   1.5920000e+00   5.7969781e-01  -2.3514149e-02
   1.6000000e+00   5.5106617e-01   6.9056921e-03
   1.6080000e+00   5.8547186e-01  -4.9666168e-03
   1.6160000e+00   5.9878605e-01  -2.6349522e-02
   1.6240000e+00   5.7364736e-01  -3.8496657e-03
   1.6320000e+00   5.5877230e-01  -5.8336555e-02
   1.6400000e+00   5.4160270e-01  -6.6313983e-03
   1.6480000e+00   5.6484838e-01  -2.5698359e-02
   1.6560000e+00   5.7680542e-01  -8.3114400e-03
   1.6640000e+00   5.6619066e-01   3.2356813e-02
   1.6720000e+00   5.4521452e-01  -6.6870142e-02
   1.6800000e+00   5.5494089e-01  -1.3557025e-02
   1.6880000e+00   5.7420476e-01   5.6774302e-03
   1.6960000e+00   5.3180433e-01   4.7068718e-02
   1.7040000e+00   5.2547345e-01  -6.5583632e-03
   1.7120000e+00   5.3164876e-01  -3.2591214e-02
   1.7200000e+00   5.6803875e-01   1.9682753e-02
   1.7280000e+00   5.5939506e-01  -1.7465359e-02
   1.7360000e+00   5.6013766e-01   6.2661913e-03
   1.7440000e+00   5.6173221e-01   2.5491454e-02
   1.7520000e+00   5.5870180e-01  -1.1351234e-03
   1.7600000e+00   5.3025201e-01   3.3119197e-03
   1.7680000e+00   5.6943723e-01   1.7832981e-03
   1.7760000e+00   5.7671602e-01   1.4096193e-02
   1.7840000e+00   5.2863242e-01  -3.1058124e-02
   1.7920000e+00   5.3566276e-01  -2.1567691e-02
   1.8000000e+00   5.4258913e-01   1.5886209e-02
   1.8080000e+00   5.3690601e-01  -6.5015822e-03
   1.8160000e+00   5.6332271e-01   2.1073242e-02
   1.8240000e+00   6.1033870e-01  -1.2126871e-02
   1.8320000e+00   5.3753342e-01   1.9818479e-02
   1.8400000e+00   5.5942694e-01  -2.1918091e-04
   1.8480000e+00   5.5179906e-01  -4.5768886e-02
   1.8560000e+00   5.3352075e-01  -1.6836996e-02
   1.8640000e+00   5.4528461e-01   1.2608670e-02
   1.8720000e+00   5.7385239e-01   7.0565295e-02
   1.8800000e+00   5.5627405e-01  -3.0421723e-02
   1.8880000e+00   5.6926890e-01  -3.1313784e-02
   1.8960000e+00   5.4909248e-01   9.7403808e-03
   1.9040000e+00   5.5570302e-01   4.3513925e-02
   1.9120000e+00   5.2856655e-01  -4.7465235e-03
   1.9200000e+00   5.4621042e-01   2.3875243e-02
   1.9280000e+00   5.7092799e-01   3.5987303e-02
   1.9360000e+00   5.8562747e-01  -1.0340814e-03
   1.9440000e+00   5.7446126e-01   4.0131980e-03
   1.9520000e+00   4.9792595e-01  -2.0791131e-03
   1.9600000e+00   5.1720890e-01  -6.8014218e-03
   1.9680000e+00   5.6129172e-01  -1.6392580e-02
   1.9760000e+00   5.5331738e-01  -2.8986447e-04
   1.9840000e+00   5.7036232e-01   1.8323863e-02
   1.9920000e+00   5.4321589e-01   7.2378729e-04
   2.0000000e+00   5.6220682e-01  -3.9570746e-03
   2.0080000e+00   5.3812805e-01  -1.5817011e-02
   2.0160000e+00   5.3520837e-01  -1.1316802e-02
   2.0240000e+00   5.5507802e-01   4.8878864e-02
   2.0320000e+00   5.4356461e-01   2.1763852e-02
   2.0400000e+00   5.3866819e-01   4.4600194e-02
   2.0480000e+00   5.1643942e-01  -2.8421572e-02
   2.0560000e+00   5.4155263e-01  -4.9112081e-03
   2.0640000e+00   5.5400167e-01   4.3461002e-03
   2.0720000e+00   5.2297260e-01   2.2149103e-02
   2.0800000e+00   5.7338942e-01   3.7546177e-03
   2.0880000e+00   5.6730218e-01   4.5486990e-02
   2.0960000e+00   4.9872438e-01  -1.6898351e-02
   2.1040000e+00   5.6491052e-01  -1.4899902e-02
   2.1120000e+00   5.5723279e-01  -2.6093461e-03
   2.1200000e+00   5.3455820e-01   4.8948120e-02
   2.1280000e+00   5.5202943e-01  -1.3408453e-02
   2.1360000e+00   5.6495345e-01  -6.4390842e-03
   2.1440000e+00   5.5668696e-01  -1.8169004e-02
   2.1520000e+00   5.3451913e-01   5.1606219e-02
   2.1600000e+00   5.2205525e-01   3.1699724e-02
   2.1680000e+00   5.4755653e-01  -7.0658419e-03
   2.1760000e+00   5.1440903e-01   1.7553896e-02
   2.1840000e+00   5.7244582e-01  -2.3011288e-02
   2.1920000e+00   5.7233591e-01   2.1880273e-02
   2.2000000e+00   5.5924358e-01   2.1309382e-02
   2.2080000e+00   5.3949097e-01  -2.5780904e-03
   2.2160000e+00   5.1642127e-01   2.2820677e-02
   2.2240000e+00   5.2756631e-01   1.0876749e-02
   2.2320000e+00   5.3955420e-01   2.0693041e-03
   2.2400000e+00   5.0099866e-01  -6.0532155e-02
   2.2480000e+00   5.1854941e-01  -2.4115710e-02
   2.2560000e+00   5.1643628e-01   1.5055252e-02
   2.2640000e+00   4.9323246e-01  -6.4933860e-03
   2.2720000e+00   5.5252385e-01   3.6791490e-02
   2.2800000e+00   5.6773057e-01   1.4437711e-02
   2.2880000e+00   5.7524032e-01   1.9842607e-02
   2.2960000e+00   5.7306212e-01   1.6492308e-02
   2.3040000e+00   5.3347147e-01   3.3087630e-02
   2.3120000e+00   5.1645922e-01  -2.2101190e-02
   2.3200000e+00   5.4328979e-01   1.0555177e-02
   2.3280000e+00   5.4595718e-01   3.8928746e-02
   2.3360000e+00   5.5391607e-01   1.1429449e-02
   2.3440000e+00   5.1326431e-01  -3.8431532e-03
   2.3520000e+00   5.3509410e-01   2.4910824e-02
   2.3600000e+00   5.0168838e-01  -1.8447883e-03
   2.3680000e+00   5.4681311e-01   1.2272372e-02
   2.3760000e+00   5.6482472e-01  -1.0807430e-02
   2.3840000e+00   5.6488748e-01  -1.3880551e-02
   2.3920000e+00   5.6112662e-01  -4.6818322e-03
   2.4000000e+00   5.3538678e-01  -2.9130102e-02
   2.4080000e+00   5.4158812e-01  -4.1931005e-02
   2.4160000e+00   5.1261037e-01   1.2013211e-02
   2.4240000e+00   5.3606520e-01  -6.8611135e-03
   2.4320000e+00   5.5136178e-01   1.3041983e-02
   2.4400000e+00   5.3737535e-01  -2.7240541e-02
   2.4480000e+00   5.3010632e-01   8.7926870e-03
   2.4560000e+00   5.2803535e-01   6.0575857e-02
   2.4640000e+00   5.2146935e-01  -2.0124227e-03
   2.4720000e+00   5.3998153e-01  -1.7903824e-02
   2.4800000e+00   5.7286816e-01   1.6516686e-02
   2.4880000e+00   5.2311859e-01   8.2911757e-03
   2.4960000e+00   5.0748109e-01  -2.6209909e-02
   2.5040000e+00   5.3796213e-01   2.0996179e-02
   2.5120000e+00   5.5556553e-01  -4.5170290e-03
   2.5200000e+00   5.0603065e-01   1.9320907e-02
   2.5280000e+00   5.3598161e-01   5.8319686e-03
   2.5360000e+00   5.2352091e-01   9.2576003e-03
   2.5440000e+00   5.0264771e-01   8.6687511e-03
   2.5520000e+00   5.0188139e-01  -8.5244973e-03
   2.5600000e+00   4.7739982e-01  -1.0521513e-02
   2.5680000e+00   5.3373133e-01   6.4908635e-02
   2.5760000e+00   6.0961112e-01   1.3285131e-02
   2.5840000e+00   5.1621051e-01  -8.1725490e-03
   2.5920000e+00   5.4702059e-01   4.6700416e-02
   2.6000000e+00   5.5987979e-01  -2.5493107e-03
   2.6080000e+00   4.9910370e-01  -5.2563698e-03
   2.6160000e+00   5.0794787e-01  -5.2565651e-03
   2.6240000e+00   5.2626358e-01  -1.9166604e-02
   2.6320000e+00   5.5838872e-01   3.4907797e-03
   2.6400000e+00   5.4470303e-01   2.1553852e-02
   2.6480000e+00   5.2298633e-01  -8.8367384e-03
   2.6560000e+00   5.5208863e-01   6.3850704e-03
   2.6640000e+00   5.2668891e-01   1.1805820e-02
   2.6720000e+00   5.4938509e-01  -3.6666176e-02
   2.6800000e+00   5.6303023e-01  -2.6793591e-03
   2.6880000e+00   5.5405986e-01   1.5951833e-02
   2.6960000e+00   5.4579540e-01  -7.8917755e-03
   2.7040000e+00   5.1080058e-01  -3.9789355e-03
   2.7120000e+00   5.2401911e-01  -8.5805472e-03
   2.7200000e+00   4.6114045e-01   9.3694336e-03
   2.7280000e+00   5.4851420e-01   7.8912379e-03
   2.7360000e+00   5.3311399e-01   1.1644082e-03
   2.7440000e+00   4.9219231e-01  -1.0353227e-02
   2.7520000e+00   4.8121546e-01  -5.9319801e-03
   2.7600000e+00   5.4543984e-01   2.3459161e-02
   2.7680000e+00   5.1675751e-01   2.0036181e-02
   2.7760000e+00   5.2481937e-01  -2.1708215e-02
   2.7840000e+00   5.5128201e-01   1.3481128e-02
   2.7920000e+00   5.0673314e-01  -1.6493849e-02
   2.8000000e+00   5.4308847e-01  -2.9126598e-02
   2.8080000e+00   4.9761759e-01   4.2376338e-03
   2.8160000e+00   5.0678695e-01   2.1024270e-04
   2.8240000e+00   5.1371422e-01   3.1936224e-02
   2.8320000e+00   5.2041601e-01   4.6712515e-02
   2.8400000e+00   5.1731736e-01   2.1668282e-02
   2.8480000e+00   5.5209562e-01   1.8169050e-02
   2.8560000e+00   5.4739665e-01  -2.0615559e-02
   2.8640000e+00   5.6490788e-01  -1.2920342e-02
   2.8720000e+00   5.1977032e-01   3.3706088e-02
   2.8800000e+00   5.9270093e-01   1.4933206e-02
   2.8880000e+00   5.4290826e-01   2.3481787e-02
   2.8960000e+00   5.1512029e-01  -3.0059551e-02
   2.9040000e+00   5.4650155e-01   4.1572932e-02
   2.9120000e+00   5.3747468e-01  -2.8915146e-02
   2.9200000e+00   5.5698575e-01  -3.9455301e-03
   2.9280000e+00   5.4690749e-01   1.5004557e-02
   2.9360000e+00   5.3109865e-01  -5.0196309e-03
   2.9440000e+00   5.4818696e-01  -5.1644698e-03
   2.9520000e+00   5.2950537e-01  -2.1264644e-02
   2.9600000e+00   5.2575958e-01   3.4576762e-02
   2.9680000e+00   5.1030881e-01   4.3545322e-02
   2.9760000e+00   5.4097135e-01  -1.0866422e-02
   2.9840000e+00   5.4608663e-01   1.0590640e-02
   2.9920000e+00   5.2240821e-01   1.4700717e-02
   3.0000000e+00   5.7801286e-01   4.1840335e-03
   3.0080000e+00   4.7059664e-01  -8.7761268e-03
   3.0160000e+00   5.2532967e-01  -2.0477532e-02
   3.0240000e+00   5.4473733e-01   3.1029137e-02
   3.0320000e+00   5.0497642e-01   3.6809356e-04
   3.0400000e+00   4.9571389e-01  -1.7021457e-02
   3.0480000e+00   5.2229864e-01   6.9534335e-03
   3.0560000e+00   5.0942810e-01  -1.2415296e-03
   3.0640000e+00   5.1208998e-01   4.6736490e-02
   3.0720000e+00   5.6451036e-01  -2.1694747e-02
   3.0800000e+00   5.4588913e-01  -9.2690997e-03
   3.0880000e+00   5.5352266e-01   3.7052436e-04
   3.0960000e+00   5.4138098e-01   4.6910766e-02
   3.1040000e+00   5.2590717e-01  -1.3672725e-02
   3.1120000e+00   5.2146081e-01  -5.0522004e-02
   3.1200000e+00   5.3733745e-01  -4.5717001e-02
   3.1280000e+00   5.5522709e-01  -4.3176087e-03
   3.1360000e+00   5.2828811e-01   2.4476789e-03
   3.1440000e+00   4.8901858e-01   3.2020920e-02
   3.1520000e+00   5.2839838e-01   2.9425232e-02
   3.1600000e+00   5.0804290e-01  -5.6305814e-03
   3.1680000e+00   5.6867557e-01  -2.2921169e-02
   3.1760000e+00   5.2623834e-01  -1.6409626e-02
   3.1840000e+00   5.4647445e-01  -2.9466596e-02
   3.1920000e+00   5.5188009e-01   1.7455471e-02
   3.2000000e+00   5.5458944e-01   2.6041080e-02
   3.2080000e+00   5.2149424e-01  -1.5747461e-02
   3.2160000e+00   5.1219184e-01  -2.6178293e-02
   3.2240000e+00   4.8783625e-01   3.9316561e-02
   3.2320000e+00   5.2975218e-01   2.5608402e-02
   3.2400000e+00   5.4693835e-01   5.7310854e-02
   3.2480000e+00   5.4718431e-01   1.9616390e-02
   3.2560000e+00   5.3536013e-01   1.1920050e-02
   3.2640000e+00   5.4683426e-01   1.6130020e-03
   3.2720000e+00   5.6802947e-01   3.2612978e-02
   3.2800000e+00   5.8387376e-01   3.1959223e-02
   3.2880000e+00   5.7720949e-01  -2.9885143e-03
   3.2960000e+00   4.9961332e-01  -3.1158440e-02
   3.3040000e+00   5.2085552e-01   2.8322642e-02
   3.3120000e+00   5.1160052e-01  -2.0981031e-02
   3.3200000e+00   5.6921188e-01   2.0003347e-02
   3.3280000e+00   5.3124709e-01   5.3789347e-02
   3.3360000e+00   5.4286292e-01   3.3394826e-02
   3.3440000e+00   5.2102934e-01  -4.1488133e-02
   3.3520000e+00   5.2677547e-01   2.0150743e-02
   3.3600000e+00   5.3763052e-01   7.5067731e-03
   3.3680000e+00   4.9183469e-01  -1.3467545e-03
   3.3760000e+00   5.6938867e-01  -4.0880435e-04
   3.3840000e+00   5.6199477e-01  -2.8144130e-03
   3.3920000e+00   4.8776538e-01   2.0280992e-02
   3.4000000e+00   5.2833764e-01  -2.9230260e-02
   3.4080000e+00   5.5054336e-01   3.6926212e-02
   3.4160000e+00   5.6990339e-01   1.4927288e-02
   3.4240000e+00   5.5744938e-01  -1.5397966e-02
   3.4320000e+00   5.1255214e-01   3.2192788e-02
   3.4400000e+00   5.7851528e-01  -4.8115909e-02
   3.4480000e+00   5.6483037e-01  -6.2273721e-03
   3.4560000e+00   5.8079892e-01   3.8437312e-02
   3.4640000e+00   5.3516620e-01   1.2385524e-02
   3.4720000e+00   5.4927618e-01   1.1193075e-02
   3.4800000e+00   5.2559389e-01   6.4452540e-03
   3.4880000e+00   5.0457878e-01   1.0776617e-02
   3.4960000e+00   5.4089803e-01  -2.6519407e-02
   3.5040000e+00   5.4347005e-01   3.7532313e-03
   3.5120000e+00   5.1625721e-01   2.8882602e-02
   3.5200000e+00   5.0296385e-01   2.3663474e-02
   3.5280000e+00   4.9939543e-01   1.7688520e-02
   3.5360000e+00   5.0562618e-01  -2.1446536e-02
   3.5440000e+00   5.2415565e-01  -2.9122279e-02
   3.5520000e+00   5.5582937e-01  -1.5174688e-02
   3.5600000e+00   5.0397739e-01   1.0853045e-02
   3.5680000e+00   5.8098556e-01  -3.0437931e-02
   3.5760000e+00   4.9419757e-01  -1.4160959e-02
   3.5840000e+00   5.7650079e-01   3.3452322e-04
   3.5920000e+00   5.1986787e-01   1.4581523e-02
   3.6000000e+00   5.5268787e-01   3.5059816e-02
   3.6080000e+00   5.5057149e-01   2.6115068e-02
   3.6160000e+00   5.4384221e-01  -4.9766575e-03
   3.6240000e+00   5.1877579e-01   1.9273712e-02
   3.6320000e+00   5.6828252e-01  -1.8248970e-02
   3.6400000e+00   5.6154070e-01  -3.0319440e-03
   3.6480000e+00   5.0333594e-01   3.8187518e-04
   3.6560000e+00   5.8633948e-01   3.8034156e-02
   3.6640000e+00   5.4150477e-01   2.5483856e-02
   3.6720000e+00   5.7374322e-01  -1.1770829e-02
   3.6800000e+00   5.4527289e-01  -6.3566374e-02
   3.6880000e+00   5.4275972e-01  -9.2841064e-03
   3.6960000e+00   5.6494323e-01  -2.6225954e-02
   3.7040000e+00   5.2796798e-01   3.7141430e-02
   3.7120000e+00   5.3225536e-01  -1.0035405e-02
   3.7200000e+00   5.3106280e-01   4.3209564e-02
   3.7280000e+00   5.3938684e-01  -8.0620051e-03
   3.7360000e+00   5.4246179e-01  -1.2203329e-02
   3.7440000e+00   5.3117687e-01  -1.1104676e-02
   3.7520000e+00   5.5400618e-01   6.3065986e-03
   3.7600000e+00   6.1299150e-01   5.8725760e-02
   3.7680000e+00   4.8489311e-01  -3.3319926e-02
   3.7760000e+00   5.4434738e-01   3.5224084e-02
   3.7840000e+00   5.1791846e-01   5.9927051e-02
   3.7920000e+00   5.7942200e-01  -5.0448369e-03
   3.8000000e+00   5.4792564e-01  -1.3510153e-02
   3.8080000e+00   5.4652895e-01   5.4592791e-02
   3.8160000e+00   5.1824134e-01  -4.9179157e-03
   3.8240000e+00   5.2862575e-01  -4.7111257e-02
   3.8320000e+00   5.4618147e-01  -2.0608949e-02
   3.8400000e+00   5.7433503e-01  -4.7637215e-02
   3.8480000e+00   5.5282880e-01  -1.1889178e-02
   3.8560000e+00   5.0953030e-01   2.5644209e-02
   3.8640000e+00   5.6176770e-01  -2.7991781e-02
   3.8720000e+00   5.4363614e-01  -3.7799213e-02
   3.8800000e+00   5.3999084e-01  -2.3083700e-02
   3.8880000e+00   5.9173476e-01   1.8644527e-02
   3.8960000e+00   5.5511399e-01   2.5691021e-02
   3.9040000e+00   5.0965747e-01  -2.8961759e-02
   3.9120000e+00   5.4795692e-01  -1.6527468e-02
   3.9200000e+00   5.4783045e-01   6.9569650e-03
   3.9280000e+00   5.2802819e-01   4.9230513e-02
   3.9360000e+00   5.2741386e-01   3.1750996e-02
   3.9440000e+00   5.5596516e-01  -8.5728508e-03
   3.9520000e+00   5.5987482e-01   1.6584851e-02
   3.9600000e+00   5.1790204e-01   4.9238794e-02
   3.9680000e+00   5.2441068e-01   6.4325259e-02
   3.9760000e+00   5.6186895e-01   2.0616043e-02
   3.9840000e+00   5.4545470e-01  -2.5427784e-02
   3.9920000e+00   5.3471106e-01   8.1352073e-03
   4.0000000e+00   5.1170088e-01  -1.3136777e-02
   4.0080000e+00   5.0503664e-01  -9.0630292e-03
   4.0160000e+00   5.5000752e-01   7.7426383e-03
   4.0240000e+00   5.3846746e-01  -2.1641996e-02
   4.0320000e+00   5.2744371e-01   1.2322836e-02
   4.0400000e+00   5.2743215e-01   1.2164583e-02
   4.0480000e+00   5.4201906e-01   1.0734803e-02
   4.0560000e+00   5.0883876e-01   2.2815144e-02
   4.0640000e+00   5.1795479e-01   4.9878042e-02
   4.0720000e+00   5.4396075e-01  -6.3421816e-02
   4.0800000e+00   5.1348909e-01  -6.1784911e-03
   4.0880000e+00   5.8515835e-01   3.5602373e-02
   4.0960000e+00   5.7275260e-01  -2.8034142e-02
   4.1040000e+00   5.8351548e-01  -2.2795420e-02
   4.1120000e+00   5.5315648e-01   1.4823519e-03
   4.1200000e+00   5.3282843e-01  -5.3006738e-03
   4.1280000e+00   5.5690994e-01   3.9704319e-02
   4.1360000e+00   5.6886746e-01   1.2934600e-02
   4.1440000e+00   5.7968821e-01   7.5556883e-03
   4.1520000e+00   5.1343506e-01   9.7022107e-03
   4.1600000e+00   5.4929555e-01  -1.3095702e-02
   4.1680000e+00   5.6628384e-01  -2.3849709e-02
   4.1760000e+00   6.2185075e-01   4.6462292e-03
   4.1840000e+00   5.3253632e-01  -6.3097772e-03
   4.1920000e+00   5.4016460e-01   2.8436610e-02
   4.2000000e+00   5.5014104e-01  -1.1315038e-02
   4.2080000e+00   5.0941479e-01  -2.8367393e-02
   4.2160000e+00   5.4940808e-01   5.4448494e-02
   4.2240000e+00   5.4973066e-01   1.3632683e-02
   4.2320000e+00   5.1222184e-01  -3.0310703e-02
   4.2400000e+00   5.6107687e-01   1.0251481e-02
   4.2480000e+00   5.5817654e-01  -2.6176260e-02
   4.2560000e+00   5.4023132e-01   1.9291410e-03
   4.2640000e+00   5.6033633e-01   4.3514747e-02
   4.2720000e+00   5.1501769e-01   1.9869713e-02
   4.2800000e+00   5.5214573e-01  -4.5735655e-02
   4.2880000e+00   5.1763597e-01   1.0249180e-02
   4.2960000e+00   5.7057009e-01   3.1645491e-03
   4.3040000e+00   5.1428312e-01  -4.7265392e-03
   4.3120000e+00   5.8037369e-01  -2.3048595e-02
   4.3200000e+00   5.4753948e-01   7.7774804e-03
   4.3280000e+00   5.5152996e-01  -5.3634199e-03
   4.3360000e+00   5.5057612e-01  -8.2130104e-03
   4.3440000e+00   5.8772015e-01  -9.6375487e-03
   4.3520000e+00   5.2081710e-01  -7.2111508e-03
   4.3600000e+00   5.0987582e-01   1.8965798e-03
   4.3680000e+00   5.2959126e-01  -4.3477124e-02
   4.3760000e+00   5.6734560e-01   1.5667804e-02
   4.3840000e+00   5.1719728e-01   1.0435811e-02
   4.3920000e+00   5.4069445e-01   1.9860717e-02
   4.4000000e+00   5.6637124e-01  -5.2865028e-02
   4.4080000e+00   5.2127139e-01  -2.0407951e-02
   4.4160000e+00   5.1883929e-01  -1.5086964e-02
   4.4240000e+00   5.5491798e-01   1.2398309e-02
   4.4320000e+00   5.4034924e-01   5.4288638e-04
   4.4400000e+00   4.9843348e-01  -1.0876461e-02
   4.4480000e+00   5.6489317e-01   3.3160005e-02
   4.4560000e+00   5.1367685e-01   8.7813958e-05
   4.4640000e+00   5.4280507e-01   3.6416642e-02
   4.4720000e+00   5.1151879e-01  -3.4143792e-02
   4.4800000e+00   5.5103036e-01   2.2102996e-03
   4.4880000e+00   5.3852581e-01   3.1871807e-03
   4.4960000e+00   5.3399152e-01  -2.9492269e-02
   4.5040000e+00   5.6435210e-01  -1.5116328e-02
   4.5120000e+00   5.3612442e-01   2.1440229e-02
   4.5200000e+00   5.1576303e-01   4.1896697e-02
   4.5280000e+00   5.1302418e-01   1.8604843e-02
   4.5360000e+00   5.3045349e-01  -2.2222326e-02
   4.5440000e+00   5.3940526e-01   2.8132448e-02
   4.5520000e+00   5.1760505e-01   7.0411755e-03
   4.5600000e+00   5.4688265e-01  -6.4467198e-03
   4.5680000e+00   5.3899857e-01  -1.7966673e-02
   4.5760000e+00   5.6943858e-01   3.2586303e-02
   4.5840000e+00   4.9399945e-01  -3.3983585e-02
   4.5920000e+00   5.2355758e-01   4.7836174e-02
   4.6000000e+00   5.1628753e-01   2.0615554e-03
   4.6080000e+00   5.6294677e-01  -3.7375026e-02
   4.6160000e+00   4.8825345e-01  -2.0827943e-03
   4.6240000e+00   5.2314451e-01  -3.2143144e-02
   4.6320000e+00   5.5450405e-01  -4.8645007e-03
   4.6400000e+00   5.1992406e-01  -1.9422429e-03
   4.6480000e+00   5.0020145e-01  -2.8566380e-03
   4.6560000e+00   5.4888770e-01   2.3467471e-02
   4.6640000e+00   5.3031809e-01  -2.0812448e-02
   4.6720000e+00   5.0135681e-01   4.3425959e-03
   4.6800000e+00   5.5363550e-01   2.9246502e-02
   4.6880000e+00   5.3898245e-01  -2.9349100e-03
   4.6960000e+00   5.0813216e-01  -1.2457913e-02
   4.7040000e+00   5.3328467e-01   8.1979430e-03
   4.7120000e+00   5.3209580e-01  -2.6173040e-02
   4.7200000e+00   5.5890941e-01   1.5024345e-02
   4.7280000e+00   5.4622416e-01  -2.0945892e-03
   4.7360000e+00   5.7219260e-01  -3.5734816e-02
   4.7440000e+00   5.2404911e-01  -5.2120748e-02
   4.7520000e+00   5.0769409e-01  -2.0368018e-02
   4.7600000e+00   5.6556694e-01   2.8192509e-02
   4.7680000e+00   5.2766980e-01   1.3452487e-02
   4.7760000e+00   5.6657672e-01   2.6494072e-02
   4.7840000e+00   5.7992107e-01  -8.2230006e-03
   4.7920000e+00   5.8501774e-01   4.2237421e-02
   4.8000000e+00   5.4791298e-01  -2.6702872e-03
   4.8080000e+00   5.5555263e-01  -1.1895957e-02
   4.8160000e+00   5.3827757e-01   2.7561060e-02
   4.8240000e+00   4.9694581e-01  -5.4695732e-03
   4.8320000e+00   5.1948541e-01  -3.9072958e-02
   4.8400000e+00   5.8747393e-01   9.5850314e-03
   4.8480000e+00   5.1991984e-01   1.4838592e-02
   4.8560000e+00   5.5927705e-01  -1.5792427e-02
   4.8640000e+00   5.2855854e-01  -2.9956280e-03
   4.8720000e+00   5.2777684e-01  -2.4362331e-02
   4.8800000e+00   5.1087938e-01   3.1443607e-02
   4.8880000e+00   5.4075798e-01   1.6584822e-02
   4.8960000e+00   5.2456867e-01  -5.3461104e-02
   4.9040000e+00   5.3436362e-01  -9.0191813e-03
   4.9120000e+00   5.4673705e-01   8.0552886e-04
   4.9200000e+00   5.6103509e-01   1.8903168e-03
   4.9280000e+00   5.4467617e-01  -2.9998903e-02
   4.9360000e+00   5.2569271e-01  -1.0550479e-05
   4.9440000e+00   5.2961423e-01  -2.4582954e-02
   4.9520000e+00   4.9215674e-01   3.8915647e-02
   4.9600000e+00   5.7967020e-01   5.3604690e-02
   4.9680000e+00   5.1353377e-01   9.3963088e-03
   4.9760000e+00   5.5007989e-01  -3.0232173e-02
   4.9840000e+00   5.3580022e-01   8.8131807e-03
   4.9920000e+00   5.5820398e-01   1.9681904e-03
   5.0000000e+00   5.2356628e-01   3.1320948e-02
   5.0080000e+00   5.1705600e-01  -3.6443586e-02
   5.0160000e+00   5.2526635e-01   3.7709621e-03
   5.0240000e+00   4.7992163e-01   1.6745682e-02
   5.0320000e+00   5.1061247e-01  -4.2619234e-02
   5.0400000e+00   5.3988376e-01  -2.1470855e-02
   5.0480000e+00   4.9194544e-01   2.4915729e-02
   5.0560000e+00   5.3460773e-01  -1.4687007e-02
   5.0640000e+00   5.3689441e-01  -1.0436697e-02
   5.0720000e+00   4.9297882e-01  -1.3147263e-02
   5.0800000e+00   5.2719315e-01  -4.8376696e-03
   5.0880000e+00   5.1742736e-01  -1.6991860e-02
   5.0960000e+00   5.4891888e-01   8.7167411e-03
   5.1040000e+00   5.4720562e-01   7.0343617e-03
   5.1120000e+00   5.3867298e-01  -2.5659074e-02
   5.1200000e+00   4.7825803e-01   1.6569958e-02
   5.1280000e+00   5.2265290e-01   1.8401940e-02
   5.1360000e+00   5.2542419e-01   2.8899186e-02
   5.1440000e+00   5.0481525e-01   7.8684994e-03
   5.1520000e+00   4.8687203e-01   1.9707149e-02
   5.1600000e+00   5.4761865e-01   1.3278565e-02
   5.1680000e+00   5.6476400e-01   4.1091977e-02
   5.1760000e+00   5.1881102e-01  -5.7861229e-03
   5.1840000e+00   4.8892651e-01   2.9734007e-03
   5.1920000e+00   5.0347896e-01  -7.0257927e-02
   5.2000000e+00   4.7617921e-01   4.3785116e-03
   5.2080000e+00   5.4039218e-01  -8.9363682e-03
   5.2160000e+00   5.0872304e-01   2.3740947e-02
   5.2240000e+00   5.1000522e-01  -1.9681750e-02
   5.2320000e+00   4.6365717e-01  -1.9809377e-02
   5.2400000e+00   5.1875921e-01  -5.1462771e-02
   5.2480000e+00   5.4627717e-01   1.5067345e-03
   5.2560000e+00   5.3560725e-01   2.4388073e-02
   5.2640000e+00   4.6483895e-01   2.6043760e-02
   5.2720000e+00   5.6675188e-01  -3.3906578e-02
   5.2800000e+00   5.4203226e-01  -1.2516451e-02
   5.2880000e+00   5.1806528e-01   1.1341933e-02
   5.2960000e+00   5.2587860e-01  -1.7249440e-02
   5.3040000e+00   5.2799611e-01   3.0719986e-02
   5.3120000e+00   5.2589106e-01   1.6138844e-02
   5.3200000e+00   5.2384978e-01  -2.2888065e-02
   5.3280000e+00   5.0511337e-01   1.8037499e-02
   5.3360000e+00   5.0823446e-01  -4.0035634e-03
   5.3440000e+00   5.2730210e-01   5.2203307e-03
   5.3520000e+00   5.1895433e-01   9.3849443e-03
   5.3600000e+00   5.2096714e-01  -3.2058112e-04
   5.3680000e+00   5.2175461e-01  -1.4413785e-03
   5.3760000e+00   5.4191190e-01   1.0712905e-02
   5.3840000e+00   5.3417683e-01  -1.4255692e-02
   5.3920000e+00   5.5133762e-01  -1.0255667e-02
   5.4000000e+00   4.7453443e-01   2.6336019e-03
   5.4080000e+00   5.2312922e-01  -8.4753122e-03
   5.4160000e+00   4.9809937e-01  -6.0028017e-03
   5.4240000e+00   5.0842467e-01  -6.7223703e-03
   5.4320000e+00   4.9310942e-01   3.4502732e-02
   5.4400000e+00   5.5305831e-01  -1.2948583e-02
   5.4480000e+00   5.0528081e-01  -3.5648438e-02
   5.4560000e+00   4.9358151e-01   9.7097472e-03
   5.4640000e+00   5.1503917e-01  -1.7143155e-02
   5.4720000e+00   4.7229820e-01  -1.4969638e-02
   5.4800000e+00   4.9451831e-01  -4.6305289e-02
   5.4880000e+00   5.0181336e-01  -3.6862378e-03
   5.4960000e+00   5.1017112e-01  -2.0810742e-02
   5.5040000e+00   5.0282045e-01  -3.9873772e-02
   5.5120000e+00   5.3443138e-01   3.1443331e-02
   5.5200000e+00   5.0777930e-01  -5.2200241e-02
   5.5280000e+00   4.9082013e-01   5.3030035e-03
   5.5360000e+00   4.7166794e-01   6.4425363e-03
   5.5440000e+00   5.1746298e-01   2.1912070e-03
   5.5520000e+00   5.0013838e-01  -2.0432676e-02
   5.5600000e+00   5.1732913e-01  -2.3917188e-02
   5.5680000e+00   5.1949173e-01   1.2667047e-02
   5.5760000e+00   5.2632140e-01   3.7468231e-02
   5.5840000e+00   5.1774401e-01  -7.2116883e-03
   5.5920000e+00   4.7652156e-01  -5.2912667e-02
   5.6000000e+00   4.6341071e-01  -4.6392789e-02
   5.6080000e+00   4.9101072e-01   2.6869953e-04
   5.6160000e+00   5.0607182e-01  -8.2598464e-03
   5.6240000e+00   4.8749049e-01  -3.1182312e-03
   5.6320000e+00   4.7477869e-01  -2.9805216e-02
   5.6400000e+00   4.9541671e-01  -2.0312303e-02
   5.6480000e+00   5.1181588e-01   8.1298998e-03
   5.6560000e+00   4.8461902e-01   1.2224416e-02
   5.6640000e+00   5.0242291e-01   2.9482277e-02
   5.6720000e+00   4.8299025e-01  -3.5609982e-03
   5.6800000e+00   5.1334220e-01   1.8572919e-04
   5.6880000e+00   5.4667345e-01  -2.0461720e-03
