   0.0000000e+00   8.6643106e-01  -3.5384764e-02
   8.0000000e-03   8.7303260e-01   7.8269685e-03
   1.6000000e-02   9.0168915e-01   2.5035782e-02
   2.4000000e-02   8.1796144e-01   1.0053429e-01
   3.2000000e-02   8.9871916e-01  -1.9254196e-02
   4.0000000e-02   8.9675242e-01  -1.5480912e-01
   4.8000000e-02   8.1110960e-01   3.5502056e-02
   5.6000000e-02   8.7277355e-01   4.7318015e-03
   6.4000000e-02   8.5492261e-01  -2.0081746e-02
   7.2000000e-02   8.3390818e-01  -9.0094822e-02
   8.0000000e-02   8.1647813e-01   4.2865767e-02
   8.8000000e-02   9.1559912e-01   4.8132800e-02
   9.6000000e-02   1.0396593e+00   9.1369692e-02
   1.0400000e-01   1.0006494e+00  -1.5082974e-02
   1.1200000e-01   1.0562635e+00   2.3366799e-02
   1.2000000e-01   1.0087288e+00  -7.1220371e-02
   1.2800000e-01   1.1306668e+00  -5.1609183e-02
   1.3600000e-01   9.4636094e-01   5.2956153e-02
   1.4400000e-01   1.0227868e+00   2.9131088e-02
   1.5200000e-01   1.1532723e+00   1.9305184e-02
   1.6000000e-01   1.0022131e+00  -1.0361112e-02
   1.6800000e-01   1.0054224e+00  -1.7911227e-02
   1.7600000e-01   1.1127073e+00   5.1177015e-02
   1.8400000e-01   1.0575077e+00  -1.1600350e-01
   1.9200000e-01   9.7489420e-01   1.3544528e-01
   2.0000000e-01   9.3443796e-01  -5.2204447e-02
   2.0800000e-01   8.7699618e-01   6.9005888e-02
   2.1600000e-01   7.9950152e-01   5.9103218e-02
   2.2400000e-01   8.4081438e-01   2.9526749e-03
   2.3200000e-01   9.6802787e-01  -2.5003427e-02
   2.4000000e-01   8.1824420e-01  -3.7059382e-02
   2.4800000e-01   9.7249580e-01   5.1732867e-02
   2.5600000e-01   8.3417801e-01   1.2980881e-03
   2.6400000e-01   8.5749918e-01  -1.0629230e-01
   2.7200000e-01   8.2566037e-01  -5.2611657e-02
   2.8000000e-01   9.4919085e-01  -1.2703027e-01
   2.8800000e-01   8.0511389e-01  -4.3738652e-02
   2.9600000e-01   9.8522698e-01  -2.9433346e-02
   3.0400000e-01   7.5774958e-01   1.9163612e-02
   3.1200000e-01   8.4699138e-01   2.4853364e-04
   3.2000000e-01   8.0973258e-01   1.3039860e-01
   3.2800000e-01   7.3072068e-01  -1.2035358e-01
   3.3600000e-01   7.5781422e-01   2.8853972e-02
   3.4400000e-01   8.1901216e-01  -9.0195438e-02
   3.5200000e-01   7.9114058e-01   3.8787598e-02
   3.6000000e-01   7.6166842e-01  -4.9345089e-02
   3.6800000e-01   8.0203949e-01  -1.7828391e-02
   3.7600000e-01   8.9886448e-01   1.4083728e-01
   3.8400000e-01   8.1452689e-01  -1.2365806e-02
   3.9200000e-01   6.9130540e-01   7.5704847e-02
   4.0000000e-01   6.3540230e-01   1.5687867e-01
   4.0800000e-01   7.0653994e-01   1.0101810e-01
   4.1600000e-01   7.6741557e-01   3.2909956e-02
   4.2400000e-01   5.9487659e-01   1.1624197e-01
   4.3200000e-01   8.5016578e-01   2.4498392e-02
   4.4000000e-01   7.7323518e-01  -4.8289622e-02
   4.4800000e-01   6.8772183e-01   8.3713048e-02
   4.5600000e-01   6.9283302e-01  -7.5042830e-03
   4.6400000e-01   7.6763213e-01  -4.6679296e-02
   4.7200000e-01   7.8478637e-01   1.1586163e-01
   4.8000000e-01   6.7417954e-01  -1.1025641e-01
   4.8800000e-01   6.0207512e-01   1.5641615e-02
   4.9600000e-01   6.7044988e-01  -1.4071471e-01
   5.0400000e-01   6.5491790e-01  -6.5998360e-02
   5.1200000e-01   7.4412189e-01  -5.5670992e-02
   5.2000000e-01   7.1724946e-01   1.4929850e-01
   5.2800000e-01   7.0575589e-01   4.8514744e-02
   5.3600000e-01   6.9286533e-01   2.1090607e-02
   5.4400000e-01   6.5520277e-01   6.4305772e-02
   5.5200000e-01   6.8018202e-01   1.7252913e-02
   5.6000000e-01   6.5571310e-01  -1.2767798e-01
   5.6800000e-01   7.3424822e-01   4.2949096e-02
   5.7600000e-01   6.3015228e-01   7.0427206e-02
   5.8400000e-01   7.6172186e-01   3.0988885e-02
   5.9200000e-01   5.6160597e-01   8.0961099e-02
   6.0000000e-01   6.1267599e-01  -4.7320953e-03
   6.0800000e-01   6.7134160e-01   3.2278013e-02
   6.1600000e-01   7.2497169e-01   2.2666814e-02
   6.2400000e-01   7.2463239e-01  -5.6008246e-03
   6.3200000e-01   5.8908039e-01   3.5282285e-03
   6.4000000e-01   5.7895384e-01   3.0982934e-02
   6.4800000e-01   5.0274085e-01  -5.3219021e-02
   6.5600000e-01   6.1912216e-01  -9.9986955e-03
   6.6400000e-01   6.7420317e-01   4.3056713e-02
   6.7200000e-01   6.0628787e-01   2.3985875e-02
   6.8000000e-01   6.9228895e-01   3.8867513e-02
   6.8800000e-01   5.8513689e-01   5.2039000e-02
   6.9600000e-01   6.1253680e-01   5.3943031e-02
   7.0400000e-01   5.4021308e-01   6.4204483e-02
   7.1200000e-01   6.3846604e-01  -1.2905063e-02
   7.2000000e-01   5.8388576e-01   9.7826268e-02
   7.2800000e-01   6.8018050e-01  -9.3145547e-02
   7.3600000e-01   5.4404077e-01  -2.8236214e-02
   7.4400000e-01   6.1856602e-01   2.1776670e-02
   7.5200000e-01   6.5693830e-01  -1.9115829e-02
   7.6000000e-01   4.6943379e-01  -4.3913225e-02
   7.6800000e-01   5.8351636e-01  -4.4111757e-02
   7.7600000e-01   5.5177609e-01  -1.3001923e-01
   7.8400000e-01   5.5740728e-01   4.1992783e-02
   7.9200000e-01   6.2285621e-01  -5.6017553e-03
   8.0000000e-01   6.6840149e-01   4.0627182e-02
   8.0800000e-01   5.4720892e-01  -3.2032983e-02
   8.1600000e-01   7.1140846e-01  -1.8710255e-01
   8.2400000e-01   6.1096131e-01   6.9500966e-02
   8.3200000e-01   6.3214784e-01  -7.6766965e-02
   8.4000000e-01   6.3431752e-01   8.2913638e-02
   8.4800000e-01   6.9054874e-01  -3.9695996e-02
   8.5600000e-01   5.9838772e-01   4.0099442e-02
   8.6400000e-01   6.0015524e-01  -3.3041326e-02
   8.7200000e-01   5.0888330e-01  -7.1704400e-02
   8.8000000e-01   5.3279587e-01   5.5309012e-02
   8.8800000e-01   5.5677334e-01   5.0017680e-02
   8.9600000e-01   5.1732611e-01   6.8831419e-02
   9.0400000e-01   5.5187756e-01  -2.6661193e-02
   9.1200000e-01   5.8281712e-01  -1.0585146e-01
   9.2000000e-01   6.6349318e-01  -2.1144518e-02
   9.2800000e-01   5.0971439e-01  -7.3489938e-03
   9.3600000e-01   4.2940288e-01   2.4503650e-02
   9.4400000e-01   5.8493451e-01   9.4155481e-02
   9.5200000e-01   5.9299091e-01   1.5147467e-02
   9.6000000e-01   5.6178298e-01   8.1660154e-04
   9.6800000e-01   5.0501959e-01   2.7453335e-02
   9.7600000e-01   5.8991394e-01  -1.9852209e-02
   9.8400000e-01   6.8025276e-01  -4.8659958e-02
   9.9200000e-01   6.3340012e-01  -6.2390199e-02
   1.0000000e+00   5.3382466e-01   3.9133117e-02
   1.0080000e+00   5.0138961e-01  -4.7824150e-02
   1.0160000e+00   5.3619235e-01   1.7205089e-02
   1.0240000e+00   5.8230129e-01  -6.2543572e-02
   1.0320000e+00   6.5532961e-01   1.3764931e-01
   1.0400000e+00   5.4662307e-01  -1.0456527e-02
   1.0480000e+00   4.4262360e-01   4.0929812e-02
   1.0560000e+00   4.8716491e-01  -4.2434570e-02
   1.0640000e+00   5.4848892e-01  -1.7294996e-02
   1.0720000e+00   6.5201580e-01   7.3266879e-03
   1.0800000e+00   5.8053536e-01  -3.5640517e-02
   1.0880000e+00   5.1922317e-01   4.4113233e-02
   1.0960000e+00   5.9384740e-01  -8.0399900e-03
   1.1040000e+00   6.7280378e-01   6.1593466e-02
   1.1120000e+00   6.4624136e-01  -9.2685825e-02
   1.1200000e+00   6.7028913e-01   9.7259655e-02
   1.1280000e+00   4.9718186e-01  -1.0060289e-01
   1.1360000e+00   4.4291568e-01  -5.2094765e-02
   1.1440000e+00   6.0193337e-01   8.5134058e-02
   1.1520000e+00   6.7698577e-01  -1.3689654e-02
   1.1600000e+00   6.1482547e-01   2.7565519e-02
   1.1680000e+00   5.5230899e-01  -3.4530972e-02
   1.1760000e+00   5.5483618e-01   2.8713649e-02
   1.1840000e+00   5.6990448e-01  -4.3996348e-02
   1.1920000e+00   6.6428430e-01  -4.5056311e-02
   1.2000000e+00   6.3069463e-01   1.2729648e-01
   1.2080000e+00   4.5085350e-01   5.8472264e-02
   1.2160000e+00   5.0054974e-01   7.8955343e-02
   1.2240000e+00   5.4083307e-01   2.2006161e-02
   1.2320000e+00   6.1170918e-01  -4.6035377e-02
   1.2400000e+00   6.2802041e-01  -1.3642359e-02
   1.2480000e+00   5.9922508e-01   5.9456640e-02
   1.2560000e+00   5.5633170e-01   1.0379547e-01
   1.2640000e+00   5.5307215e-01   7.1359760e-02
   1.2720000e+00   6.0969584e-01   7.2657749e-02
   1.2800000e+00   5.7652303e-01   4.1987945e-02
   1.2880000e+00   5.4792898e-01  -1.8658053e-02
   1.2960000e+00   5.9965507e-01  -1.0226425e-01
   1.3040000e+00   5.4433403e-01   8.6236805e-02
   1.3120000e+00   4.3925101e-01   1.5315888e-02
   1.3200000e+00   5.9969760e-01  -5.3161246e-02
   1.3280000e+00   6.1045188e-01   5.6279501e-03
   1.3360000e+00   5.0228626e-01   7.7838056e-02
   1.3440000e+00   5.2570520e-01   9.9233002e-02
   1.3520000e+00   4.6397832e-01  -3.8945615e-02
   1.3600000e+00   5.2924514e-01  -5.3712148e-02
   1.3680000e+00   5.6312144e-01  -4.6445124e-02
   1.3760000e+00   4.7187221e-01   1.2067081e-01
   1.3840000e+00   5.9821481e-01   4.4515054e-03
   1.3920000e+00   5.6856079e-01   4.8386363e-02
   1.4000000e+00   6.4596102e-01  -8.0036807e-02
   1.4080000e+00   5.4355043e-01   3.7539609e-02
   1.4160000e+00   5.6649749e-01   2.2787455e-02
   1.4240000e+00   5.2656899e-01  -4.7211688e-02
   1.4320000e+00   5.5794930e-01  -2.7478451e-02
   1.4400000e+00   5.8044170e-01  -4.0799730e-02
   1.4480000e+00   5.4494719e-01   7.2317871e-02
   1.4560000e+00   4.7329349e-01   4.8743815e-02
   1.4640000e+00   5.2804922e-01  -8.5073324e-02
   1.4720000e+00   4.5545942e-01   1.4265300e-02
   1.4800000e+00   5.4780104e-01   9.8707174e-03
   1.4880000e+00   5.8071860e-01   6.7247796e-02
   1.4960000e+00   6.1303024e-01  -4.4280521e-02
   1.5040000e+00   5.3241125e-01   5.8479114e-02
   1.5120000e+00   4.4779772e-01  -5.3778767e-02
   1.5200000e+00   6.1251388e-01   9.0128156e-02
   1.5280000e+00   5.1589518e-01   1.2021881e-02
   1.5360000e+00   5.3247687e-01  -1.1345355e-01
   1.5440000e+00   5.6748002e-01  -3.1867790e-02
   1.5520000e+00   5.1208450e-01   2.1234224e-01
   1.5600000e+00   6.1601416e-01   3.6469161e-02
   1.5680000e+00   6.4935223e-01   7.2711348e-02
   1.5760000e+00   5.1638505e-01   9.6521074e-02
   1.5840000e+00   5.6581991e-01  -1.0274082e-02
   1.5920000e+00   4.9457475e-01   3.0733803e-02
   1.6000000e+00   6.4377479e-01   2.3238923e-02
   1.6080000e+00   5.1183644e-01  -1.0305885e-01
   1.6160000e+00   5.8873152e-01   1.2262627e-02
   1.6240000e+00   4.6845461e-01   1.6887358e-02
   1.6320000e+00   5.9595035e-01  -4.2817505e-02
   1.6400000e+00   6.2335706e-01  -2.1429083e-02
   1.6480000e+00   4.8181075e-01  -2.0144879e-02
   1.6560000e+00   4.9773631e-01  -9.1226903e-03
   1.6640000e+00   5.2695622e-01  -4.5470075e-02
   1.6720000e+00   5.6712768e-01  -8.5672818e-02
   1.6800000e+00   4.8132854e-01   2.1256826e-02
   1.6880000e+00   5.5159738e-01  -6.0428391e-03
   1.6960000e+00   5.7791039e-01  -7.2594960e-02
   1.7040000e+00   6.1247685e-01  -5.3880796e-02
   1.7120000e+00   5.8747703e-01   9.1519473e-03
   1.7200000e+00   5.4100501e-01   1.2123113e-02
   1.7280000e+00   5.9263222e-01  -2.9735008e-02
   1.7360000e+00   5.0673305e-01   3.1523192e-02
   1.7440000e+00   5.0490537e-01   1.0909186e-01
   1.7520000e+00   5.0121622e-01  -1.5583928e-01
   1.7600000e+00   6.0500198e-01  -2.1953789e-02
   1.7680000e+00   5.8241362e-01  -2.1691530e-02
   1.7760000e+00   6.7417984e-01  -1.0662205e-01
   1.7840000e+00   5.8292425e-01  -7.3951234e-02
   1.7920000e+00   6.3225796e-01   3.3867681e-03
   1.8000000e+00   6.5656786e-01   4.8440092e-03
   1.8080000e+00   4.9322594e-01  -7.1677536e-02
   1.8160000e+00   4.7171699e-01  -1.9817791e-03
   1.8240000e+00   5.8736813e-01  -1.4395417e-01
   1.8320000e+00   5.4266970e-01  -4.1378058e-03
   1.8400000e+00   5.2967971e-01  -5.2444124e-02
   1.8480000e+00   5.4845764e-01  -1.2914284e-02
   1.8560000e+00   5.1160150e-01  -2.9423560e-02
   1.8640000e+00   3.7566258e-01   4.4920172e-02
   1.8720000e+00   6.0801617e-01   3.8490600e-02
   1.8800000e+00   5.5515993e-01   3.0055379e-02
   1.8880000e+00   5.4343350e-01  -7.6391514e-02
   1.8960000e+00   5.4105353e-01  -5.5798196e-02
   1.9040000e+00   6.3829953e-01   5.0281104e-02
   1.9120000e+00   5.8864134e-01   3.2150243e-02
   1.9200000e+00   4.8604272e-01  -3.4535996e-02
   1.9280000e+00   5.2029341e-01   1.2935770e-01
   1.9360000e+00   5.5269713e-01   8.7107881e-03
   1.9440000e+00   5.8991530e-01  -8.7027869e-03
   1.9520000e+00   5.4947991e-01  -1.1723037e-02
   1.9600000e+00   5.5343655e-01  -3.0787456e-02
   1.9680000e+00   6.8980712e-01   9.1658871e-03
   1.9760000e+00   6.1311844e-01  -6.8332485e-03
   1.9840000e+00   5.8457473e-01   1.2856025e-01
   1.9920000e+00   6.2385607e-01   1.0667654e-01
   2.0000000e+00   6.1874790e-01  -7.2418359e-03
   2.0080000e+00   3.9605942e-01  -1.7874757e-02
   2.0160000e+00   5.7147693e-01  -1.0294627e-01
   2.0240000e+00   4.8013330e-01  -1.2433351e-01
   2.0320000e+00   5.8854459e-01  -8.1152873e-02
   2.0400000e+00   5.7316812e-01  -2.0987543e-01
   2.0480000e+00   5.7349012e-01  -4.8524263e-02
   2.0560000e+00   3.9432200e-01  -3.4748898e-02
   2.0640000e+00   5.9608859e-01   1.8472307e-02
   2.0720000e+00   5.4465743e-01  -1.3382733e-02
   2.0800000e+00   5.8128500e-01   5.6847413e-03
   2.0880000e+00   6.2034905e-01   8.2315572e-03
   2.0960000e+00   3.4255657e-01   1.0074300e-01
   2.1040000e+00   6.2800399e-01  -7.5237156e-02
   2.1120000e+00   6.1190064e-01   6.9211903e-02
   2.1200000e+00   5.1465994e-01   5.4347136e-02
   2.1280000e+00   5.0144446e-01  -8.5826257e-02
   2.1360000e+00   5.5524249e-01   5.9649974e-02
   2.1440000e+00   6.4056887e-01  -1.3405155e-01
   2.1520000e+00   5.5195330e-01  -1.0951674e-01
   2.1600000e+00   4.5710631e-01  -6.2954066e-02
   2.1680000e+00   5.4294098e-01   4.9945571e-02
   2.1760000e+00   5.6411546e-01   5.9975309e-02
   2.1840000e+00   6.1426177e-01  -1.9187451e-02
   2.1920000e+00   6.7968158e-01  -4.4598217e-03
   2.2000000e+00   5.8714840e-01  -4.5865777e-02
   2.2080000e+00   5.1603980e-01   1.1374882e-01
   2.2160000e+00   5.3825744e-01  -8.4523213e-03
   2.2240000e+00   5.7583834e-01  -7.1366999e-02
   2.2320000e+00   5.8546253e-01  -4.4980265e-02
   2.2400000e+00   5.5536962e-01   2.3384016e-02
   2.2480000e+00   5.4608191e-01  -1.3416599e-02
   2.2560000e+00   5.2280615e-01  -1.2588173e-02
   2.2640000e+00   6.8035193e-01   1.2360913e-01
   2.2720000e+00   5.3449028e-01  -2.9537005e-02
   2.2800000e+00   5.2971744e-01  -1.0335274e-01
   2.2880000e+00   5.0683852e-01   6.2810785e-02
   2.2960000e+00   4.6450625e-01   1.4918234e-02
   2.3040000e+00   4.8645189e-01   4.9319478e-02
   2.3120000e+00   4.7582201e-01   7.9546759e-02
   2.3200000e+00   5.6406353e-01   2.1255949e-02
   2.3280000e+00   6.3749274e-01  -3.0298970e-02
   2.3360000e+00   5.6967323e-01   7.9133833e-02
   2.3440000e+00   5.1411035e-01   3.6418266e-02
   2.3520000e+00   5.9281191e-01   8.4020515e-03
   2.3600000e+00   6.6579977e-01  -1.3396170e-01
   2.3680000e+00   5.6919137e-01   1.1521009e-02
   2.3760000e+00   5.9503182e-01   1.0105392e-01
   2.3840000e+00   4.2081799e-01   1.6400786e-02
   2.3920000e+00   6.0015131e-01  -7.2891863e-02
   2.4000000e+00   5.2426540e-01  -5.8880318e-02
   2.4080000e+00   5.9591085e-01   1.0684911e-01
   2.4160000e+00   6.3176197e-01  -2.8832051e-02
   2.4240000e+00   5.8123390e-01  -1.7371373e-02
   2.4320000e+00   6.3692037e-01   6.8620061e-02
   2.4400000e+00   5.4232390e-01   5.2511002e-02
   2.4480000e+00   5.4133246e-01   1.0053198e-02
   2.4560000e+00   5.7916420e-01   2.7457464e-02
   2.4640000e+00   6.1233419e-01   5.2882596e-02
   2.4720000e+00   5.2044829e-01  -5.0824829e-02
   2.4800000e+00   5.5029732e-01  -3.9365847e-02
   2.4880000e+00   5.3566801e-01  -3.9574462e-02
   2.4960000e+00   5.1747826e-01  -1.3236043e-01
   2.5040000e+00   5.5228553e-01  -3.9655444e-02
   2.5120000e+00   5.3232021e-01   8.3148457e-02
   2.5200000e+00   4.6087924e-01   1.5517241e-02
   2.5280000e+00   5.4020234e-01   4.0905963e-03
   2.5360000e+00   4.6040263e-01  -4.3674443e-02
   2.5440000e+00   5.3818222e-01   5.2654302e-02
   2.5520000e+00   5.6604926e-01  -3.5755761e-02
   2.5600000e+00   5.7579916e-01  -9.0120398e-02
   2.5680000e+00   5.1212589e-01  -3.7041228e-02
   2.5760000e+00   4.6997743e-01  -2.0242219e-02
   2.5840000e+00   6.1480631e-01   8.1805003e-03
   2.5920000e+00   4.8593796e-01  -8.4220236e-03
   2.6000000e+00   5.6297135e-01   1.7895010e-02
   2.6080000e+00   6.4278169e-01   4.9594767e-02
   2.6160000e+00   5.0968778e-01  -7.1022861e-02
   2.6240000e+00   6.2030358e-01  -1.1352923e-01
   2.6320000e+00   5.9364054e-01   1.1196026e-01
   2.6400000e+00   5.7471802e-01  -5.8949097e-03
   2.6480000e+00   5.0454599e-01   3.5497901e-02
   2.6560000e+00   6.8694101e-01   9.3496496e-02
   2.6640000e+00   6.1271512e-01   2.5085869e-02
   2.6720000e+00   6.6068947e-01   3.3687536e-02
   2.6800000e+00   5.7885465e-01  -6.5075430e-02
   2.6880000e+00   4.7670090e-01  -1.0100304e-01
   2.6960000e+00   6.1537603e-01  -6.9657729e-02
   2.7040000e+00   5.5711122e-01  -6.5985933e-02
   2.7120000e+00   5.2486059e-01   9.2137370e-02
   2.7200000e+00   5.6081891e-01   3.2902622e-02
   2.7280000e+00   4.7275299e-01   6.4788903e-02
   2.7360000e+00   4.7154276e-01   7.8460904e-02
   2.7440000e+00   5.7842027e-01   1.7549689e-02
   2.7520000e+00   6.7695307e-01  -3.0517242e-02
   2.7600000e+00   6.5396159e-01   7.5137536e-02
   2.7680000e+00   5.3743509e-01   7.4095732e-02
   2.7760000e+00   5.8600079e-01  -5.8238770e-03
   2.7840000e+00   5.7835449e-01  -5.3781713e-02
   2.7920000e+00   5.3841302e-01  -6.4382040e-02
   2.8000000e+00   5.7921795e-01  -2.1042518e-02
   2.8080000e+00   4.7427536e-01   4.7714275e-03
   2.8160000e+00   5.1433454e-01   7.0157935e-02
   2.8240000e+00   5.7774883e-01  -1.3493627e-01
   2.8320000e+00   5.3931076e-01   1.0582220e-01
   2.8400000e+00   5.9297743e-01   2.9515110e-02
   2.8480000e+00   5.3056343e-01  -8.1972398e-02
   2.8560000e+00   5.9741041e-01  -4.3232231e-02
   2.8640000e+00   5.3878790e-01  -3.6432911e-02
   2.8720000e+00   5.3087653e-01  -1.4771317e-02
   2.8800000e+00   4.5800304e-01  -7.0787566e-02
   2.8880000e+00   5.3758333e-01   5.2564453e-02
   2.8960000e+00   5.8902567e-01   1.0568757e-01
   2.9040000e+00   6.1928806e-01  -2.6759838e-02
   2.9120000e+00   5.8091775e-01   6.9637146e-02
   2.9200000e+00   5.7855658e-01   2.1966784e-02
   2.9280000e+00   5.5627647e-01  -5.7865853e-02
   2.9360000e+00   6.4899849e-01   2.2862156e-03
   2.9440000e+00   5.6278375e-01   6.6364510e-02
   2.9520000e+00   4.4526510e-01  -1.2390211e-02
   2.9600000e+00   5.5350326e-01   1.3358247e-01
   2.9680000e+00   5.0997171e-01  -9.5066133e-02
   2.9760000e+00   5.7564110e-01   1.0594893e-02
   2.9840000e+00   5.9632833e-01  -8.4322304e-02
   2.9920000e+00   6.7614793e-01  -6.4857060e-02
   3.0000000e+00   5.0863850e-01   2.3168408e-02
   3.0080000e+00   4.7407406e-01   4.3837668e-02
   3.0160000e+00   6.5583858e-01  -1.0736189e-02
   3.0240000e+00   5.2627174e-01  -8.8269975e-02
   3.0320000e+00   4.3148944e-01   9.6561555e-02
   3.0400000e+00   4.1518748e-01   2.5038836e-02
   3.0480000e+00   6.2348683e-01  -7.1129247e-02
   3.0560000e+00   6.2631326e-01   8.1414583e-02
   3.0640000e+00   6.5050829e-01   3.2745838e-02
   3.0720000e+00   5.4910070e-01   3.8175808e-02
   3.0800000e+00   4.9485474e-01  -9.3568096e-03
   3.0880000e+00   5.1774891e-01   7.9045212e-02
   3.0960000e+00   5.3779033e-01   5.4761033e-02
   3.1040000e+00   6.1873932e-01   2.9865630e-02
   3.1120000e+00   5.3186120e-01   6.6093880e-03
   3.1200000e+00   6.0274269e-01   4.3346423e-02
   3.1280000e+00   6.3431219e-01   1.5010896e-01
   3.1360000e+00   5.5719873e-01  -6.5438254e-02
   3.1440000e+00   4.3535535e-01  -3.8481568e-02
   3.1520000e+00   5.8924598e-01   3.2592047e-02
   3.1600000e+00   4.4580586e-01   9.5265484e-03
   3.1680000e+00   5.4283351e-01  -1.7140852e-02
   3.1760000e+00   6.1613593e-01   7.3071064e-02
   3.1840000e+00   5.5751590e-01   1.3017138e-02
   3.1920000e+00   6.1275155e-01  -4.3367543e-02
   3.2000000e+00   4.6093500e-01   2.6040659e-03
   3.2080000e+00   5.2609007e-01   6.3745519e-02
   3.2160000e+00   5.9853821e-01   1.2626983e-01
   3.2240000e+00   4.1453271e-01  -3.8890018e-03
   3.2320000e+00   5.6477295e-01   1.0161913e-01
   3.2400000e+00   5.9161496e-01   9.5731485e-03
   3.2480000e+00   5.6751425e-01  -1.1125000e-01
   3.2560000e+00   5.4921065e-01   3.5588485e-02
   3.2640000e+00   6.3869990e-01   5.1769507e-02
   3.2720000e+00   6.1532890e-01   8.7088331e-02
   3.2800000e+00   5.3437461e-01  -2.1413377e-02
   3.2880000e+00   5.5553692e-01   5.5240189e-02
   3.2960000e+00   5.0409772e-01  -5.5269737e-02
   3.3040000e+00   5.1841915e-01   5.9022813e-02
   3.3120000e+00   4.9997618e-01  -7.6849512e-03
   3.3200000e+00   5.2287189e-01   1.0306007e-01
   3.3280000e+00   5.5462880e-01   1.1530868e-01
   3.3360000e+00   5.0891846e-01  -3.7336795e-02
   3.3440000e+00   5.1701442e-01   2.9808661e-02
   3.3520000e+00   5.5006421e-01  -8.0328070e-03
   3.3600000e+00   5.1094571e-01  -7.5134550e-02
   3.3680000e+00   4.8203449e-01  -1.5372684e-02
   3.3760000e+00   5.2709513e-01   4.7207590e-02
   3.3840000e+00   6.1702695e-01  -1.0011315e-01
   3.3920000e+00   5.7433856e-01   9.8431015e-02
   3.4000000e+00   5.5622236e-01  -2.3289044e-02
   3.4080000e+00   5.0383461e-01   5.8719388e-02
   3.4160000e+00   5.1243387e-01  -1.1897067e-02
   3.4240000e+00   6.4557121e-01  -9.3560619e-02
   3.4320000e+00   5.4990424e-01  -1.6613327e-02
   3.4400000e+00   5.6307689e-01  -8.2797153e-02
   3.4480000e+00   5.0896747e-01   2.9365917e-02
   3.4560000e+00   5.0008685e-01   1.7598996e-03
   3.4640000e+00   6.1659545e-01   1.0997343e-01
   3.4720000e+00   6.2129013e-01  -1.2531420e-01
   3.4800000e+00   4.3810384e-01  -8.5586409e-02
   3.4880000e+00   4.6831304e-01   2.1670073e-02
   3.4960000e+00   5.5890195e-01   1.8930433e-02
   3.5040000e+00   4.4942356e-01  -5.3300467e-02
   3.5120000e+00   6.0500624e-01   4.5073693e-03
   3.5200000e+00   5.7995675e-01  -4.1150683e-02
   3.5280000e+00   4.8922675e-01  -3.7259471e-03
   3.5360000e+00   3.9758312e-01  -3.8264861e-02
   3.5440000e+00   4.9459002e-01   6.4413312e-03
   3.5520000e+00   4.6566866e-01   9.8655211e-02
   3.5600000e+00   5.9258001e-01   9.2205811e-02
   3.5680000e+00   4.9166112e-01   7.1328546e-02
   3.5760000e+00   5.7995638e-01   5.4992146e-02
   3.5840000e+00   5.3003475e-01   5.1962474e-02
   3.5920000e+00   5.2700658e-01   6.4445395e-02
   3.6000000e+00   4.4754710e-01   3.2644058e-02
   3.6080000e+00   6.2423350e-01  -2.5281663e-03
   3.6160000e+00   5.9419604e-01   1.9371600e-02
   3.6240000e+00   5.6918398e-01   6.7830652e-02
   3.6320000e+00   5.2246759e-01  -8.3149269e-03
   3.6400000e+00   4.6952438e-01   1.1999168e-01
   3.6480000e+00   5.7182613e-01   4.8451741e-02
   3.6560000e+00   6.0545590e-01   1.0814742e-02
   3.6640000e+00   5.0781043e-01   5.6767764e-02
   3.6720000e+00   5.2822571e-01  -6.5575100e-02
   3.6800000e+00   5.7876880e-01   5.2123392e-02
   3.6880000e+00   6.7376831e-01   4.0207173e-02
   3.6960000e+00   6.0131019e-01   7.9944870e-02
   3.7040000e+00   5.0195245e-01   5.9205923e-02
   3.7120000e+00   5.8751109e-01   4.1480751e-02
   3.7200000e+00   6.0324460e-01  -2.7419769e-02
   3.7280000e+00   4.1851368e-01  -3.9301024e-03
   3.7360000e+00   4.5604967e-01   3.8266859e-02
   3.7440000e+00   5.4967878e-01   4.3659082e-03
   3.7520000e+00   6.0149116e-01   2.3333554e-03
   3.7600000e+00   5.3714467e-01  -2.4349747e-02
   3.7680000e+00   4.4902045e-01   2.4655719e-02
   3.7760000e+00   4.6440043e-01   2.5791982e-02
   3.7840000e+00   5.6791524e-01  -5.7137705e-02
   3.7920000e+00   6.1604682e-01   1.6562789e-01
   3.8000000e+00   4.2364050e-01  -6.1290648e-02
   3.8080000e+00   4.8932685e-01  -3.0818645e-02
   3.8160000e+00   4.5994397e-01  -2.8658039e-02
   3.8240000e+00   5.5517664e-01  -3.2438260e-02
   3.8320000e+00   6.3673143e-01  -7.3374370e-03
   3.8400000e+00   5.9595100e-01  -1.9767385e-02
   3.8480000e+00   4.5345431e-01  -5.4922946e-02
   3.8560000e+00   5.9839659e-01  -3.4437330e-03
   3.8640000e+00   4.6840297e-01  -1.1052858e-01
   3.8720000e+00   6.3287192e-01   7.4037444e-03
   3.8800000e+00   4.5079857e-01   1.9853571e-02
   3.8880000e+00   4.0960436e-01   2.3987414e-02
   3.8960000e+00   5.0033132e-01  -2.0371473e-03
   3.9040000e+00   4.9153277e-01  -5.0959520e-02
   3.9120000e+00   5.6976450e-01   3.0941932e-02
   3.9200000e+00   5.0280170e-01  -5.8500830e-02
   3.9280000e+00   5.3811272e-01   7.7773141e-02
   3.9360000e+00   5.4762474e-01  -1.2751845e-01
   3.9440000e+00   5.7861687e-01   1.4126938e-02
   3.9520000e+00   5.2541257e-01  -8.7627485e-02
   3.9600000e+00   5.0720193e-01  -2.7108975e-02
   3.9680000e+00   3.6480307e-01  -1.4763529e-02
   3.9760000e+00   6.0687802e-01   2.1947969e-02
   3.9840000e+00   5.1767564e-01   1.0833922e-02
   3.9920000e+00   5.5905737e-01  -1.5156309e-01
   4.0000000e+00   5.5748595e-01  -6.8001560e-02
   4.0080000e+00   5.9990276e-01   1.0926650e-01
   4.0160000e+00   6.0696171e-01  -1.1555451e-01
   4.0240000e+00   5.8409325e-01   2.1351967e-02
   4.0320000e+00   4.5653494e-01   1.3542381e-01
   4.0400000e+00   5.9593204e-01  -1.1586159e-02
   4.0480000e+00   4.1822642e-01   6.0915722e-02
   4.0560000e+00   5.8743195e-01  -1.0920892e-01
   4.0640000e+00   4.7199776e-01  -1.3968903e-02
   4.0720000e+00   5.1051165e-01  -1.0089418e-01
   4.0800000e+00   4.8585265e-01  -2.9681868e-02
   4.0880000e+00   6.3308146e-01  -9.5011769e-02
   4.0960000e+00   4.7638481e-01  -3.5502004e-02
   4.1040000e+00   5.9736403e-01   7.8461007e-02
   4.1120000e+00   5.6657128e-01   6.5808731e-02
   4.1200000e+00   4.3130857e-01   1.4054473e-01
   4.1280000e+00   5.9025477e-01   1.0909760e-01
   4.1360000e+00   5.0338344e-01   8.2749083e-02
   4.1440000e+00   5.3257340e-01   3.4268177e-02
   4.1520000e+00   4.7583981e-01   6.3443072e-02
   4.1600000e+00   5.5342900e-01   1.9891377e-02
   4.1680000e+00   4.4091191e-01  -1.1162813e-01
   4.1760000e+00   5.3419588e-01  -3.4400448e-02
   4.1840000e+00   4.8336039e-01  -2.8123165e-02
   4.1920000e+00   5.0089848e-01  -5.0861490e-02
   4.2000000e+00   5.6782901e-01  -8.3686094e-02
   4.2080000e+00   4.9294995e-01   1.1473493e-02
   4.2160000e+00   4.5194464e-01   3.9197510e-02
   4.2240000e+00   6.5967818e-01  -6.2210934e-02
   4.2320000e+00   5.1785783e-01  -1.3487038e-02
   4.2400000e+00   5.8169361e-01  -1.4560097e-01
   4.2480000e+00   6.3347905e-01  -7.7638787e-03
   4.2560000e+00   5.4962973e-01   9.7801312e-02
   4.2640000e+00   5.7349363e-01  -1.0305380e-01
   4.2720000e+00   5.9819960e-01  -8.1036973e-02
   4.2800000e+00   4.8940826e-01   7.4483467e-02
   4.2880000e+00   5.1400875e-01  -4.3816774e-02
   4.2960000e+00   4.7773813e-01   3.1128550e-02
   4.3040000e+00   5.0210593e-01   7.3435483e-02
   4.3120000e+00   6.2771651e-01  -1.2782527e-02
   4.3200000e+00   4.8713311e-01   6.0656502e-04
   4.3280000e+00   5.9919904e-01  -2.8118458e-02
   4.3360000e+00   4.6834518e-01   1.4425900e-02
   4.3440000e+00   4.9394837e-01  -1.4384608e-02
   4.3520000e+00   5.1524232e-01   1.1983078e-01
   4.3600000e+00   4.5274567e-01  -7.5208006e-03
   4.3680000e+00   4.9031668e-01   9.3690540e-02
   4.3760000e+00   5.3675083e-01  -7.5819522e-02
   4.3840000e+00   4.5982035e-01   6.7456825e-02
   4.3920000e+00   4.5361181e-01   9.3176951e-02
   4.4000000e+00   4.2593945e-01  -6.9315814e-03
   4.4080000e+00   4.6245597e-01  -9.1167760e-02
   4.4160000e+00   4.9014784e-01   5.6606929e-03
   4.4240000e+00   3.8113604e-01  -7.0320487e-02
   4.4320000e+00   4.8452237e-01   8.2007001e-02
   4.4400000e+00   5.3022304e-01  -6.1939257e-03
   4.4480000e+00   5.5235814e-01  -1.3707501e-02
   4.4560000e+00   5.8604882e-01  -9.4826747e-03
   4.4640000e+00   6.0839983e-01   1.0814602e-01
   4.4720000e+00   4.2866444e-01  -1.1615296e-01
   4.4800000e+00   5.0156058e-01   3.7160064e-02
   4.4880000e+00   5.4393118e-01  -3.9070486e-02
   4.4960000e+00   5.0199271e-01  -6.3427197e-02
   4.5040000e+00   5.9806036e-01  -1.4770146e-02
   4.5120000e+00   4.9220753e-01   1.0990554e-02
   4.5200000e+00   5.1511984e-01   6.1627277e-02
   4.5280000e+00   4.5791782e-01   3.3201124e-02
   4.5360000e+00   5.8160612e-01  -5.4111187e-02
   4.5440000e+00   5.0866522e-01  -1.2474187e-01
   4.5520000e+00   4.0095939e-01   4.7981938e-02
   4.5600000e+00   5.5734335e-01  -5.9501866e-02
   4.5680000e+00   4.8943904e-01  -2.9472145e-02
   4.5760000e+00   4.7202156e-01   7.0696039e-02
   4.5840000e+00   4.8805650e-01   4.3240704e-02
   4.5920000e+00   5.3821940e-01   2.4911801e-03
   4.6000000e+00   3.9534837e-01  -5.7979526e-02
   4.6080000e+00   5.0485417e-01  -7.4288981e-02
   4.6160000e+00   5.8445674e-01  -1.4383019e-03
   4.6240000e+00   5.4334793e-01   4.9900829e-02
   4.6320000e+00   5.2158626e-01  -2.7340729e-02
   4.6400000e+00   5.8662408e-01   5.8625409e-02
   4.6480000e+00   6.5474045e-01  -3.0851281e-02
   4.6560000e+00   5.4908477e-01   3.2739520e-02
   4.6640000e+00   6.1794539e-01   3.9741264e-02
   4.6720000e+00   4.5293388e-01   5.0004284e-03
   4.6800000e+00   4.5723159e-01   1.8941229e-03
   4.6880000e+00   5.3406860e-01  -1.0375612e-01
   4.6960000e+00   4.1487545e-01  -6.7058308e-03
   4.7040000e+00   4.8295722e-01  -3.2402929e-02
   4.7120000e+00   5.2896608e-01   2.5911592e-04
   4.7200000e+00   5.3655675e-01   3.9463397e-02
   4.7280000e+00   5.5062724e-01  -1.2298303e-03
   4.7360000e+00   5.1424986e-01   3.4831616e-02
   4.7440000e+00   5.1284214e-01  -9.7994898e-02
   4.7520000e+00   4.3836889e-01  -2.2066497e-02
   4.7600000e+00   5.1666170e-01  -1.5331520e-01
   4.7680000e+00   3.8955822e-01   1.0162498e-01
   4.7760000e+00   3.9361296e-01   3.7837247e-02
   4.7840000e+00   5.0946380e-01   3.6919890e-02
   4.7920000e+00   4.5754172e-01   4.5909596e-02
   4.8000000e+00   5.7971406e-01   2.1540402e-02
   4.8080000e+00   5.3636988e-01  -2.6720891e-02
   4.8160000e+00   4.6370699e-01  -3.3112059e-02
   4.8240000e+00   5.6521290e-01   8.4226103e-04
   4.8320000e+00   4.4725023e-01  -5.6681296e-02
   4.8400000e+00   5.0529833e-01  -3.0812012e-02
   4.8480000e+00   6.5023511e-01  -2.0038617e-02
   4.8560000e+00   4.5907826e-01  -4.7908929e-02
   4.8640000e+00   4.8995678e-01  -4.6804397e-03
   4.8720000e+00   4.5591873e-01  -4.9156221e-02
   4.8800000e+00   4.2320284e-01   7.0792051e-02
   4.8880000e+00   4.0183483e-01  -9.3323176e-02
   4.8960000e+00   4.9958634e-01   1.0291591e-01
   4.9040000e+00   4.3750691e-01   9.8051095e-02
   4.9120000e+00   5.3500425e-01   8.7089740e-02
   4.9200000e+00   5.7212913e-01   2.9643127e-03
   4.9280000e+00   4.1731991e-01  -6.6239289e-02
   4.9360000e+00   5.5759182e-01  -3.5395134e-02
   4.9440000e+00   5.4929355e-01   1.8288819e-02
   4.9520000e+00   4.4852844e-01   6.0844356e-02
   4.9600000e+00   3.8752481e-01   1.1477909e-01
   4.9680000e+00   5.3795574e-01  -6.0674169e-02
   4.9760000e+00   5.4426213e-01   4.0231666e-02
   4.9840000e+00   4.3376363e-01  -2.7131704e-02
   4.9920000e+00   6.1670209e-01  -6.9256161e-02
   5.0000000e+00   5.9250012e-01  -5.3591587e-02
   5.0080000e+00   4.7948316e-01  -1.0324371e-01
   5.0160000e+00   4.2624517e-01   1.0684423e-01
   5.0240000e+00   5.6964082e-01  -5.9730445e-02
   5.0320000e+00   4.6026933e-01   3.2304307e-02
   5.0400000e+00   4.8655079e-01  -1.1299409e-02
   5.0480000e+00   4.7483320e-01  -3.7850707e-02
   5.0560000e+00   4.8651269e-01   1.3174095e-01
   5.0640000e+00   5.5731314e-01  -9.2430079e-02
   5.0720000e+00   5.0238549e-01   7.5176146e-04
   5.0800000e+00   4.4416076e-01   3.1251867e-02
   5.0880000e+00   5.5883414e-01   3.3954932e-02
   5.0960000e+00   4.3781707e-01  -6.2461679e-03
   5.1040000e+00   4.5653963e-01   3.6438768e-03
   5.1120000e+00   3.9660090e-01   1.6832362e-02
   5.1200000e+00   4.8377668e-01  -1.3700274e-01
   5.1280000e+00   5.8159614e-01   1.6300774e-02
   5.1360000e+00   5.5561492e-01  -1.1051163e-01
   5.1440000e+00   5.8908157e-01   3.4964271e-02
   5.1520000e+00   4.1617014e-01   9.0180375e-02
   5.1600000e+00   5.0811218e-01   6.2323708e-02
   5.1680000e+00   5.0272656e-01  -2.6927738e-03
   5.1760000e+00   4.3579193e-01  -3.6848341e-02
   5.1840000e+00   5.8657064e-01   4.7896037e-03
   5.1920000e+00   5.1265587e-01  -9.1137189e-02
   5.2000000e+00   4.1398309e-01  -7.5931144e-02
   5.2080000e+00   4.8129715e-01   8.0791425e-02
   5.2160000e+00   5.5882756e-01   1.6041155e-02
   5.2240000e+00   4.8998679e-01  -1.0662750e-01
   5.2320000e+00   5.0509573e-01   5.2408342e-02
   5.2400000e+00   4.9257755e-01  -2.5706157e-02
   5.2480000e+00   5.1941359e-01   3.0568132e-02
   5.2560000e+00   5.9458770e-01   9.8211642e-02
   5.2640000e+00   5.8099024e-01  -5.8854473e-02
   5.2720000e+00   5.1017883e-01  -1.5610658e-01
   5.2800000e+00   4.5683549e-01  -9.4861677e-02
   5.2880000e+00   5.3689297e-01  -1.1079275e-02
   5.2960000e+00   3.5816960e-01  -2.1304496e-01
   5.3040000e+00   5.5879237e-01  -3.2817231e-03
   5.3120000e+00   4.9961677e-01  -3.8672489e-02
   5.3200000e+00   5.5182948e-01  -3.3449170e-02
   5.3280000e+00   5.0509128e-01  -2.0464934e-01
   5.3360000e+00   4.6306190e-01   2.8732922e-02
   5.3440000e+00   4.9825024e-01  -1.3530381e-02
   5.3520000e+00   3.8967680e-01   1.3470943e-02
   5.3600000e+00   5.0056826e-01  -3.8861564e-02
   5.3680000e+00   4.7637099e-01  -7.6365039e-02
   5.3760000e+00   5.3251242e-01   2.3507172e-02
   5.3840000e+00   5.2610046e-01   1.3744002e-01
   5.3920000e+00   5.8601801e-01   1.2085901e-04
   5.4000000e+00   4.6116486e-01  -2.2159583e-02
   5.4080000e+00   5.2009812e-01  -2.4350604e-02
   5.4160000e+00   5.0533401e-01  -1.0608359e-01
   5.4240000e+00   5.0954067e-01  -1.3010865e-02
   5.4320000e+00   5.5670195e-01   2.3729769e-02
   5.4400000e+00   4.9895553e-01   1.2111367e-01
   5.4480000e+00   5.0169172e-01  -4.6022297e-02
   5.4560000e+00   5.0873080e-01   7.1779998e-02
   5.4640000e+00   4.9364588e-01   1.9256116e-02
   5.4720000e+00   5.9182632e-01  -4.5365612e-02
   5.4800000e+00   4.6279472e-01   3.1779542e-02
   5.4880000e+00   5.2723591e-01   3.4659175e-02
   5.4960000e+00   5.3637431e-01   8.5167354e-02
   5.5040000e+00   4.6088612e-01   8.7320674e-02
   5.5120000e+00   5.1792481e-01   3.5172881e-02
   5.5200000e+00   4.3126823e-01  -8.1830611e-02
   5.5280000e+00   4.1951205e-01  -1.4836650e-02
   5.5360000e+00   5.4817082e-01  -2.3499582e-03
   5.5440000e+00   5.9486048e-01  -1.4105504e-02
   5.5520000e+00   5.1397688e-01   6.5285423e-02
   5.5600000e+00   5.1311279e-01  -6.6200181e-02
   5.5680000e+00   3.7030416e-01   6.3564787e-02
   5.5760000e+00   4.6961787e-01  -6.7190276e-02
   5.5840000e+00   5.0248863e-01  -1.0334657e-01
   5.5920000e+00   4.5661384e-01   5.7208114e-02
   5.6000000e+00   4.7336905e-01  -2.8708892e-02
   5.6080000e+00   4.1656484e-01  -1.7978273e-01
   5.6160000e+00   4.8640660e-01  -2.8544760e-02
   5.6240000e+00   4.9734770e-01   1.7426397e-02
   5.6320000e+00   4.1952948e-01   5.1873794e-02
   5.6400000e+00   4.5496663e-01   1.1084355e-01
   5.6480000e+00   4.2020580e-01   4.8558892e-03
   5.6560000e+00   4.7015517e-01  -1.3934406e-02
   5.6640000e+00   5.5573203e-01   8.4131819e-02
   5.6720000e+00   4.0333292e-01   5.5037858e-02
   5.6800000e+00   4.7732196e-01   1.7574413e-04
   5.6880000e+00   6.1389018e-01   4.8000096e-02
   5.6960000e+00   5.6358805e-01   2.0722308e-03
   5.7040000e+00   6.0562044e-01   1.1960911e-01
   5.7120000e+00   4.2908152e-01   5.2823123e-02
   5.7200000e+00   4.9036286e-01  -2.1373960e-03
   5.7280000e+00   4.6352353e-01   4.8437018e-02
   5.7360000e+00   4.0426611e-01   7.4809585e-03
   5.7440000e+00   4.3719897e-01   6.9036163e-02
   5.7520000e+00   4.7517326e-01  -3.4823753e-02
   5.7600000e+00   6.0216689e-01  -1.0266637e-01
   5.7680000e+00   5.9273151e-01   5.1953125e-03
   5.7760000e+00   4.5994409e-01  -1.2663130e-02
   5.7840000e+00   4.7731417e-01  -3.2334611e-02
   5.7920000e+00   4.9011365e-01   1.1798934e-02
   5.8000000e+00   4.3840602e-01  -7.7688977e-02
   5.8080000e+00   5.6695339e-01   1.6023365e-02
   5.8160000e+00   5.0740033e-01  -1.3218608e-01
   5.8240000e+00   3.9441758e-01   3.6775932e-02
   5.8320000e+00   3.4752741e-01  -9.1209787e-02
   5.8400000e+00   4.9792613e-01   7.0023323e-02
   5.8480000e+00   4.1595333e-01  -5.9986721e-02
   5.8560000e+00   4.3715091e-01  -1.6373880e-01
   5.8640000e+00   3.9400788e-01   2.5050269e-02
   5.8720000e+00   4.7246971e-01  -1.5727059e-02
   5.8800000e+00   5.6139430e-01  -1.5734438e-02
   5.8880000e+00   5.2822227e-01  -7.1406201e-02
   5.8960000e+00   5.2680861e-01  -4.0160458e-02
   5.9040000e+00   5.5814050e-01   1.2931863e-01
   5.9120000e+00   4.5505155e-01  -2.2134123e-02
   5.9200000e+00   5.6420555e-01  -5.0045322e-02
   5.9280000e+00   4.6208926e-01   2.2320291e-02
   5.9360000e+00   5.5021538e-01  -6.5836775e-02
   5.9440000e+00   5.1082184e-01  -1.0004002e-01
   5.9520000e+00   5.9471262e-01  -6.1638142e-02
   5.9600000e+00   5.4511282e-01  -6.1152702e-02
   5.9680000e+00   5.9844359e-01  -6.7512328e-02
   5.9760000e+00   4.7563493e-01  -6.4799623e-02
   5.9840000e+00   6.6085013e-01  -8.6433975e-02
   5.9920000e+00   4.5795125e-01  -7.4030779e-02
   6.0000000e+00   5.2199604e-01  -2.0966857e-02
   6.0080000e+00   4.2219329e-01  -7.4201429e-02
   6.0160000e+00   5.7176221e-01   1.1666221e-02
   6.0240000e+00   4.9656057e-01  -2.0816539e-03
   6.0320000e+00   5.1267127e-01   3.8567848e-02
   6.0400000e+00   4.3942792e-01  -1.4286484e-02
   6.0480000e+00   5.2069407e-01  -7.1529692e-02
   6.0560000e+00   4.6353434e-01  -9.9385779e-03
   6.0640000e+00   5.4748528e-01   1.4147738e-01
   6.0720000e+00   5.0881670e-01   1.8022734e-02
   6.0800000e+00   4.9007816e-01  -8.7607147e-03
   6.0880000e+00   5.0275634e-01   4.3309820e-02
   6.0960000e+00   5.3055937e-01  -4.9494411e-02
   6.1040000e+00   4.7823692e-01   9.2710887e-02
   6.1120000e+00   4.0324399e-01   2.5609187e-02
   6.1200000e+00   4.7841695e-01   5.4867184e-02
   6.1280000e+00   5.6546513e-01   5.7705773e-02
   6.1360000e+00   5.0500025e-01   1.7791462e-02
   6.1440000e+00   5.6657069e-01  -1.1284618e-02
   6.1520000e+00   5.2536146e-01   1.4594957e-02
   6.1600000e+00   4.3176638e-01  -9.8594023e-02
   6.1680000e+00   4.2646274e-01  -6.4408262e-02
   6.1760000e+00   5.2928702e-01   1.0913173e-02
   6.1840000e+00   4.3316813e-01   6.3263987e-03
   6.1920000e+00   4.1070361e-01   1.1766005e-02
   6.2000000e+00   5.7159674e-01  -2.3589384e-02
   6.2080000e+00   5.4597812e-01  -2.5431224e-02
   6.2160000e+00   4.8563130e-01   1.2953475e-01
   6.2240000e+00   5.4018613e-01   2.2189494e-02
   6.2320000e+00   4.8647041e-01  -4.1306275e-03
   6.2400000e+00   6.5821894e-01   5.9886929e-02
   6.2480000e+00   4.6852052e-01  -9.5876843e-03
   6.2560000e+00   5.0428496e-01  -8.9643055e-02
   6.2640000e+00   4.9125335e-01   2.3719502e-02
   6.2720000e+00   4.1195451e-01  -8.3051619e-02
   6.2800000e+00   3.6542365e-01   1.4104874e-02
   6.2880000e+00   4.4113149e-01   7.0017398e-02
   6.2960000e+00   4.6527461e-01  -7.6569436e-02
   6.3040000e+00   6.0203583e-01   1.5503748e-02
   6.3120000e+00   5.2540513e-01   1.1360803e-01
   6.3200000e+00   4.8402975e-01   4.7881115e-02
   6.3280000e+00   5.2826394e-01  -3.9762022e-02
   6.3360000e+00   5.2359223e-01   5.5417385e-02
   6.3440000e+00   6.3613830e-01  -6.6436235e-02
   6.3520000e+00   6.0348734e-01  -2.3897973e-02
   6.3600000e+00   4.7738207e-01  -7.4957220e-02
   6.3680000e+00   4.5296274e-01   6.0345505e-02
   6.3760000e+00   3.8561154e-01   7.4848893e-02
   6.3840000e+00   5.2558678e-01  -3.6863881e-02
   6.3920000e+00   4.6152532e-01  -6.1947642e-02
   6.4000000e+00   6.4849261e-01   9.2382224e-02
   6.4080000e+00   3.8137526e-01   6.6375500e-02
   6.4160000e+00   5.3234577e-01  -4.2408655e-02
   6.4240000e+00   4.7053031e-01  -7.1838081e-02
   6.4320000e+00   4.8472327e-01  -1.6350635e-02
   6.4400000e+00   5.1452516e-01  -1.6733245e-02
   6.4480000e+00   4.6367721e-01  -5.9352547e-03
   6.4560000e+00   5.9918355e-01   3.6902563e-02
   6.4640000e+00   4.7736085e-01  -3.6938328e-02
   6.4720000e+00   5.4643019e-01   1.8326937e-01
   6.4800000e+00   4.5632095e-01  -5.5603357e-02
   6.4880000e+00   4.3290057e-01   5.4366511e-03
   6.4960000e+00   4.0714110e-01   1.3124795e-02
   6.5040000e+00   4.6202351e-01  -2.4434628e-02
   6.5120000e+00   6.5533489e-01  -1.1058236e-02
   6.5200000e+00   4.4789673e-01   1.2098134e-01
   6.5280000e+00   5.4590966e-01  -2.3343200e-02
   6.5360000e+00   4.5276309e-01  -2.3004344e-02
   6.5440000e+00   3.7245995e-01  -3.0966793e-02
   6.5520000e+00   4.5390871e-01   7.0725150e-02
   6.5600000e+00   3.8474033e-01   2.1615096e-02
   6.5680000e+00   3.6504200e-01  -8.3598212e-04
   6.5760000e+00   5.9813969e-01   4.8839650e-02
   6.5840000e+00   3.9056794e-01  -2.5687936e-02
   6.5920000e+00   5.7384219e-01   4.3978640e-02
   6.6000000e+00   5.5098451e-01   3.3852727e-02
   6.6080000e+00   4.8949422e-01   1.0337738e-01
   6.6160000e+00   4.9700758e-01  -1.0109575e-02
   6.6240000e+00   4.9885271e-01   4.3084097e-02
   6.6320000e+00   4.6229579e-01   4.4365190e-03
   6.6400000e+00   5.2388138e-01  -3.2297297e-02
   6.6480000e+00   4.5951392e-01   4.8112430e-02
   6.6560000e+00   4.3746601e-01  -1.4276712e-01
   6.6640000e+00   4.9467376e-01  -2.3027620e-03
   6.6720000e+00   5.6051594e-01  -5.1340390e-03
   6.6800000e+00   5.2580225e-01   1.6692076e-02
   6.6880000e+00   4.9351011e-01   3.3684460e-02
   6.6960000e+00   4.7517534e-01   5.4868143e-02
   6.7040000e+00   5.1862336e-01   6.5848312e-04
   6.7120000e+00   4.4141202e-01  -7.2555551e-03
   6.7200000e+00   3.9932979e-01  -6.7968291e-02
   6.7280000e+00   5.2712991e-01   7.2263339e-02
   6.7360000e+00   4.5474660e-01  -1.2844409e-01
   6.7440000e+00   5.3750999e-01  -9.2278150e-02
   6.7520000e+00   4.5708999e-01   9.4306967e-03
   6.7600000e+00   5.4557479e-01  -1.7948054e-03
   6.7680000e+00   4.9863614e-01  -3.4409680e-02
   6.7760000e+00   5.1591935e-01   1.6929991e-03
   6.7840000e+00   5.2877672e-01  -5.3974887e-02
   6.7920000e+00   5.4624718e-01   1.1538582e-01
   6.8000000e+00   4.0114308e-01  -2.2292570e-02
   6.8080000e+00   6.2705678e-01   1.1445988e-02
   6.8160000e+00   4.3695325e-01  -3.1029044e-02
   6.8240000e+00   6.0577999e-01  -2.4319217e-02
   6.8320000e+00   5.0807468e-01   9.9705782e-02
   6.8400000e+00   3.3494471e-01   1.4397966e-02
   6.8480000e+00   4.7751881e-01  -2.2085391e-03
   6.8560000e+00   4.3710531e-01  -6.0978653e-02
   6.8640000e+00   4.3581942e-01  -9.0540333e-03
   6.8720000e+00   5.6823229e-01   8.0439444e-03
   6.8800000e+00   5.3473677e-01  -7.2949326e-02
   6.8880000e+00   4.7367505e-01  -3.6116678e-03
   6.8960000e+00   4.4308176e-01   2.1113870e-02
   6.9040000e+00   5.1990848e-01  -7.9608090e-02
   6.9120000e+00   4.9867898e-01   6.8143930e-02
   6.9200000e+00   4.7875233e-01   2.6709864e-02
   6.9280000e+00   5.3776632e-01   9.6629421e-02
   6.9360000e+00   6.0494881e-01  -1.5453383e-02
   6.9440000e+00   5.2426619e-01  -9.4567219e-02
   6.9520000e+00   4.7761958e-01   1.2392330e-01
   6.9600000e+00   4.2627633e-01  -6.1286800e-02
   6.9680000e+00   4.6909831e-01   2.6356346e-02
   6.9760000e+00   5.1564483e-01   4.2790958e-02
   6.9840000e+00   4.7107444e-01  -9.0744518e-03
   6.9920000e+00   4.8703138e-01   4.5867803e-02
   7.0000000e+00   4.3524758e-01   4.6542391e-02
   7.0080000e+00   4.0906128e-01  -2.3841189e-02
   7.0160000e+00   3.8550299e-01  -4.6840766e-02
   7.0240000e+00   4.4207570e-01  -1.1374394e-02
   7.0320000e+00   4.8187053e-01   4.4414032e-03
   7.0400000e+00   4.4688964e-01  -1.0593129e-03
   7.0480000e+00   3.8850453e-01  -6.8369486e-02
   7.0560000e+00   4.7370124e-01  -2.1048885e-02
   7.0640000e+00   5.4636853e-01   2.6407471e-02
   7.0720000e+00   4.9167204e-01   1.5289442e-02
   7.0800000e+00   5.2056400e-01   1.0056004e-01
   7.0880000e+00   3.7537495e-01   8.1985639e-02
   7.0960000e+00   4.6027782e-01   2.5575275e-02
   7.1040000e+00   5.0029651e-01  -7.1851731e-02
   7.1120000e+00   5.1311395e-01  -4.5750956e-02
   7.1200000e+00   5.1221628e-01   6.5730353e-02
   7.1280000e+00   5.0900971e-01   7.7991878e-02
   7.1360000e+00   4.9780633e-01  -3.0574891e-02
   7.1440000e+00   4.7547545e-01  -1.8452542e-02
   7.1520000e+00   3.9407597e-01  -1.1558557e-02
   7.1600000e+00   4.6461218e-01   8.6900680e-02
   7.1680000e+00   3.9387379e-01   8.6292227e-02
   7.1760000e+00   4.8771596e-01   1.8083378e-02
   7.1840000e+00   3.9913788e-01   2.7533853e-02
   7.1920000e+00   6.3589259e-01  -1.7634830e-02
   7.2000000e+00   5.2947701e-01  -1.7694746e-02
   7.2080000e+00   4.4509961e-01   3.9981913e-03
   7.2160000e+00   4.4960045e-01  -4.9026631e-02
   7.2240000e+00   4.6345604e-01  -1.2273143e-02
   7.2320000e+00   4.0863286e-01   9.0163909e-03
   7.2400000e+00   5.0681944e-01   5.4019344e-03
   7.2480000e+00   3.6694132e-01   2.3384613e-02
   7.2560000e+00   4.5490261e-01   4.4049357e-03
   7.2640000e+00   4.6270998e-01   2.8977477e-02
   7.2720000e+00   4.1750844e-01  -3.9190357e-02
   7.2800000e+00   4.2399087e-01  -7.2237883e-03
   7.2880000e+00   4.8952435e-01   7.3409603e-02
   7.2960000e+00   4.6993245e-01   1.1457690e-01
   7.3040000e+00   5.2561487e-01  -3.9237974e-02
   7.3120000e+00   4.7920464e-01  -8.6780255e-02
   7.3200000e+00   4.8948477e-01   5.0235447e-03
   7.3280000e+00   4.4911866e-01  -3.3920638e-02
   7.3360000e+00   4.0154035e-01   9.2564487e-02
   7.3440000e+00   4.9365725e-01   7.4409602e-03
   7.3520000e+00   6.0430076e-01  -3.6636564e-02
   7.3600000e+00   5.3981074e-01  -3.2579455e-04
   7.3680000e+00   5.6641916e-01   6.1856838e-02
   7.3760000e+00   4.5339053e-01   1.2006320e-01
   7.3840000e+00   4.0613614e-01  -2.3562072e-02
   7.3920000e+00   4.8672904e-01   3.6790097e-02
   7.4000000e+00   5.4482589e-01  -1.5569825e-02
   7.4080000e+00   3.6280127e-01   3.1114552e-02
   7.4160000e+00   4.8317668e-01   1.1089752e-01
   7.4240000e+00   5.0387651e-01   9.7272085e-02
   7.4320000e+00   5.0204217e-01   8.9960217e-02
