   0.0000000e+00   9.0709846e-01  -3.7383321e-04
   1.6000000e+01   9.1012121e-01  -2.6243015e-03
   3.2000000e+01   9.2122849e-01  -3.3606892e-03
   4.8000000e+01   9.2857505e-01   1.6926042e-03
   6.4000000e+01   9.3276187e-01   7.3710102e-04
   8.0000000e+01   9.4593518e-01  -8.2406354e-04
   9.6000000e+01   9.4944381e-01   3.7383957e-03
   1.1200000e+02   9.5672020e-01   1.6809093e-03
   1.2800000e+02   9.6253158e-01   7.7277025e-05
   1.4400000e+02   9.7414378e-01  -4.9556067e-04
   1.6000000e+02   9.8263272e-01   1.7295534e-03
   1.7600000e+02   9.8352301e-01  -1.3014536e-03
   1.9200000e+02   9.8912947e-01  -1.4466017e-03
   2.0800000e+02   9.9194155e-01  -8.6060537e-04
   2.2400000e+02   9.9645616e-01  -3.0528835e-04
   2.4000000e+02   9.9698901e-01  -1.4672503e-03
   2.5600000e+02   9.9960574e-01   1.9838209e-04
   2.7200000e+02   9.9698901e-01  -1.9092682e-03
   2.8800000e+02   9.9645616e-01   7.0682591e-04
   3.0400000e+02   9.9194155e-01   3.0225374e-03
   3.2000000e+02   9.8912947e-01   7.3869820e-04
   3.3600000e+02   9.8352301e-01   2.0406519e-03
   3.5200000e+02   9.8263272e-01  -8.1712148e-04
   3.6800000e+02   9.7414378e-01   2.4463681e-03
   3.8400000e+02   9.6253158e-01   1.3735592e-03
   4.0000000e+02   9.5672020e-01  -4.0540451e-04
   4.1600000e+02   9.4944381e-01  -2.6604575e-03
   4.3200000e+02   9.4593518e-01   1.8887613e-03
   4.4800000e+02   9.3276187e-01  -1.8938752e-03
   4.6400000e+02   9.2857505e-01  -4.9145219e-03
   4.8000000e+02   9.2122849e-01  -1.7376762e-04
   4.9600000e+02   9.1012121e-01   1.2441780e-03
   5.1200000e+02   9.0709846e-01  -1.1026262e-03
   5.2800000e+02   9.0164437e-01   7.5193856e-04
   5.4400000e+02   8.9339245e-01   3.3569767e-04
   5.6000000e+02   8.8799806e-01  -3.7224653e-03
   5.7600000e+02   8.7920321e-01  -3.7271452e-03
   5.9200000e+02   8.7340995e-01  -1.7123039e-03
   6.0800000e+02   8.6339203e-01  -1.2311066e-03
   6.2400000e+02   8.5889956e-01   1.1893238e-03
   6.4000000e+02   8.5673227e-01  -1.6130783e-03
   6.5600000e+02   8.4817804e-01   2.5991174e-03
   6.7200000e+02   8.3929406e-01   2.3668478e-03
   6.8800000e+02   8.3311563e-01  -1.9862135e-04
   7.0400000e+02   8.2667848e-01  -3.4446568e-05
   7.2000000e+02   8.2731747e-01  -1.2544133e-04
   7.3600000e+02   8.1952247e-01   9.1639601e-04
   7.5200000e+02   8.1660078e-01   3.1961073e-03
   7.6800000e+02   8.0747142e-01   3.9029769e-03
   7.8400000e+02   8.0440171e-01   6.6197494e-04
   8.0000000e+02   8.0244151e-01   4.9974470e-03
   8.1600000e+02   7.9538980e-01  -7.1303848e-04
   8.3200000e+02   7.9085318e-01   1.0438249e-04
   8.4800000e+02   7.8949717e-01  -1.6584367e-03
   8.6400000e+02   7.8541522e-01  -1.4074770e-03
   8.8000000e+02   7.7962294e-01  -7.9682751e-04
   8.9600000e+02   7.7479245e-01  -5.2956443e-04
   9.1200000e+02   7.7475472e-01  -1.2263019e-03
   9.2800000e+02   7.6748840e-01  -5.3408274e-04
   9.4400000e+02   7.6528848e-01  -1.3648800e-03
   9.6000000e+02   7.6159789e-01  -1.4260737e-03
   9.7600000e+02   7.5873015e-01  -6.8466673e-04
   9.9200000e+02   7.5123943e-01  -4.0082426e-03
   1.0080000e+03   7.4962944e-01  -1.4538691e-03
   1.0240000e+03   7.4741747e-01   1.3409308e-03
   1.0400000e+03   7.4210427e-01  -3.6302094e-03
   1.0560000e+03   7.3864673e-01  -6.1609119e-04
   1.0720000e+03   7.3959900e-01   7.0926536e-04
   1.0880000e+03   7.3655994e-01   2.4522333e-03
   1.1040000e+03   7.3248501e-01   1.5998738e-03
   1.1200000e+03   7.2881804e-01  -2.0048151e-03
   1.1360000e+03   7.2206696e-01   8.0351283e-04
   1.1520000e+03   7.1867019e-01  -1.5974780e-03
   1.1680000e+03   7.2132166e-01  -3.4548189e-03
   1.1840000e+03   7.1747247e-01   3.5502723e-03
   1.2000000e+03   7.1219370e-01  -3.3961269e-03
   1.2160000e+03   7.0723377e-01   2.7129138e-03
   1.2320000e+03   7.1169506e-01   1.4330325e-03
   1.2480000e+03   7.0310111e-01   2.0880288e-03
   1.2640000e+03   7.0100319e-01   1.0833983e-03
   1.2800000e+03   7.0385392e-01  -2.1596840e-03
   1.2960000e+03   7.0183868e-01  -3.6775497e-04
   1.3120000e+03   6.9409400e-01  -1.3124180e-03
   1.3280000e+03   6.9136789e-01   3.8041698e-03
   1.3440000e+03   6.9468459e-01  -2.0910601e-03
   1.3600000e+03   6.9200681e-01  -2.4304620e-04
   1.3760000e+03   6.8790123e-01  -1.7473908e-03
   1.3920000e+03   6.8583739e-01   2.1374144e-03
   1.4080000e+03   6.8484234e-01  -2.2247604e-03
   1.4240000e+03   6.8517190e-01   1.7805829e-05
   1.4400000e+03   6.7960691e-01  -1.4588643e-03
   1.4560000e+03   6.8143581e-01  -2.1896147e-03
   1.4720000e+03   6.7898390e-01   8.9521911e-04
   1.4880000e+03   6.7433280e-01   3.4613749e-04
   1.5040000e+03   6.7356589e-01  -1.2564356e-03
   1.5200000e+03   6.7526208e-01   4.1905490e-04
   1.5360000e+03   6.6821147e-01  -1.3420229e-03
   1.5520000e+03   6.6962847e-01  -1.7792103e-03
   1.5680000e+03   6.6892071e-01  -1.1184162e-03
   1.5840000e+03   6.6805633e-01  -2.8292027e-03
   1.6000000e+03   6.6567127e-01   4.1184657e-04
   1.6160000e+03   6.6628095e-01  -1.8882751e-03
   1.6320000e+03   6.6277480e-01  -3.4885339e-03
   1.6480000e+03   6.6370399e-01  -2.2676770e-03
   1.6640000e+03   6.6052475e-01  -1.8851192e-04
   1.6800000e+03   6.5610699e-01   1.8477367e-03
   1.6960000e+03   6.5291891e-01  -1.1094592e-03
   1.7120000e+03   6.5586876e-01  -7.0194278e-04
   1.7280000e+03   6.5445780e-01  -4.1083492e-03
   1.7440000e+03   6.5279117e-01   5.5310486e-04
   1.7600000e+03   6.5569840e-01   2.0923529e-03
   1.7760000e+03   6.5301690e-01  -1.9681884e-03
   1.7920000e+03   6.5015369e-01  -2.8750684e-03
   1.8080000e+03   6.4799734e-01   2.5597999e-03
   1.8240000e+03   6.5103472e-01  -5.9427453e-04
   1.8400000e+03   6.4678126e-01  -7.9623177e-04
   1.8560000e+03   6.4477938e-01  -5.1988701e-04
   1.8720000e+03   6.4526015e-01   3.8513133e-04
   1.8880000e+03   6.4584741e-01  -1.0988456e-03
   1.9040000e+03   6.4540329e-01   8.4718424e-04
   1.9200000e+03   6.4197408e-01  -1.7323324e-03
   1.9360000e+03   6.4220627e-01  -1.1708766e-03
   1.9520000e+03   6.4239177e-01  -3.2210850e-03
   1.9680000e+03   6.4039015e-01  -2.2448094e-04
   1.9840000e+03   6.4456162e-01  -7.5172850e-04
   2.0000000e+03   6.3748864e-01  -5.3617937e-04
   2.0160000e+03   6.3663913e-01  -1.6316521e-03
   2.0320000e+03   6.3773488e-01  -1.7145022e-03
   2.0480000e+03   6.3640921e-01  -2.9289783e-03
   2.0640000e+03   6.3331622e-01   1.6326365e-03
   2.0800000e+03   6.3544052e-01  -1.8435766e-03
   2.0960000e+03   6.2849351e-01  -1.8212481e-03
   2.1120000e+03   6.3367169e-01   3.0391010e-03
   2.1280000e+03   6.3262377e-01   1.3886310e-03
   2.1440000e+03   6.3142907e-01   2.0614548e-03
   2.1600000e+03   6.3070057e-01  -9.8296920e-04
   2.1760000e+03   6.3161244e-01   3.1673289e-03
   2.1920000e+03   6.3263304e-01  -4.4389618e-04
   2.2080000e+03   6.2952299e-01  -3.1530895e-04
   2.2240000e+03   6.3238641e-01  -1.8858566e-03
   2.2400000e+03   6.2824699e-01   2.4198061e-03
   2.2560000e+03   6.2752160e-01  -1.5204647e-04
   2.2720000e+03   6.2563111e-01   5.9707247e-04
   2.2880000e+03   6.2738680e-01  -1.6190689e-06
   2.3040000e+03   6.2679031e-01  -6.7460491e-04
   2.3200000e+03   6.2519775e-01  -6.2819902e-04
   2.3360000e+03   6.2984998e-01   3.3280141e-03
   2.3520000e+03   6.2482482e-01   6.2292554e-04
   2.3680000e+03   6.2061528e-01   4.5486056e-03
   2.3840000e+03   6.2642669e-01  -7.0302495e-04
   2.4000000e+03   6.2026670e-01   6.2663935e-05
   2.4160000e+03   6.2137268e-01  -4.2051877e-03
   2.4320000e+03   6.2327193e-01  -1.2913240e-03
   2.4480000e+03   6.1774529e-01  -3.6109577e-03
   2.4640000e+03   6.2003529e-01  -1.5584374e-03
   2.4800000e+03   6.1963332e-01   3.9647617e-03
   2.4960000e+03   6.2373569e-01  -1.6906436e-03
   2.5120000e+03   6.1974199e-01  -3.5438320e-03
   2.5280000e+03   6.2213269e-01   2.2498583e-04
   2.5440000e+03   6.2354242e-01  -2.6062390e-03
   2.5600000e+03   6.1904871e-01   1.0414132e-03
   2.5760000e+03   6.1649723e-01   4.3835278e-03
   2.5920000e+03   6.2098837e-01   2.4801556e-03
   2.6080000e+03   6.1701879e-01  -1.2819677e-03
   2.6240000e+03   6.1804546e-01   3.8958257e-03
   2.6400000e+03   6.1706351e-01   5.1138549e-04
   2.6560000e+03   6.1111846e-01   4.0352902e-03
   2.6720000e+03   6.1769716e-01  -1.7805679e-03
   2.6880000e+03   6.1801298e-01   7.8266012e-04
   2.7040000e+03   6.1880417e-01   4.2247944e-04
   2.7200000e+03   6.1624831e-01   2.3009119e-03
   2.7360000e+03   6.1790839e-01  -1.5810873e-03
   2.7520000e+03   6.1321726e-01   2.1860562e-03
   2.7680000e+03   6.1247244e-01  -2.5431686e-04
   2.7840000e+03   6.1282260e-01   2.7205690e-03
   2.8000000e+03   6.1573765e-01  -9.6810589e-04
   2.8160000e+03   6.1359365e-01  -4.1575312e-04
   2.8320000e+03   6.1605513e-01   3.9911282e-04
   2.8480000e+03   6.1602143e-01   7.1989624e-04
   2.8640000e+03   6.1316433e-01  -6.3492272e-03
   2.8800000e+03   6.1580677e-01  -1.5955559e-03
   2.8960000e+03   6.1556900e-01   5.5469567e-03
   2.9120000e+03   6.1274790e-01   4.2199201e-04
   2.9280000e+03   6.1480244e-01   1.8657260e-03
   2.9440000e+03   6.1254775e-01   7.5975011e-04
   2.9600000e+03   6.1558259e-01  -2.0107612e-03
   2.9760000e+03   6.1486854e-01  -2.7486982e-03
   2.9920000e+03   6.1230633e-01  -2.3768632e-03
   3.0080000e+03   6.1575839e-01   1.0790214e-03
   3.0240000e+03   6.1275654e-01   1.6508101e-03
   3.0400000e+03   6.1458692e-01   4.4225299e-04
   3.0560000e+03   6.1376777e-01   3.5970644e-03
   3.0720000e+03   6.1890259e-01   1.6261516e-03
   3.0880000e+03   6.1476248e-01   3.2821581e-03
   3.1040000e+03   6.1310361e-01   2.3727233e-03
   3.1200000e+03   6.1247005e-01  -4.3954048e-03
   3.1360000e+03   6.1672325e-01  -6.9419528e-04
   3.1520000e+03   6.1282777e-01   1.8100026e-03
   3.1680000e+03   6.1290538e-01   1.2079156e-03
   3.1840000e+03   6.1123515e-01   1.5013542e-03
   3.2000000e+03   6.1123337e-01   3.9236065e-03
   3.2160000e+03   6.1077740e-01  -1.5540234e-03
   3.2320000e+03   6.1222229e-01   1.4588998e-03
   3.2480000e+03   6.1455994e-01  -1.6152690e-03
   3.2640000e+03   6.1499386e-01   4.5227937e-04
   3.2800000e+03   6.1002191e-01  -1.4322953e-03
   3.2960000e+03   6.0842397e-01  -3.0421419e-03
   3.3120000e+03   6.1401225e-01  -3.5134615e-03
   3.3280000e+03   6.0990276e-01  -1.9666954e-03
   3.3440000e+03   6.1101460e-01   1.5856740e-03
   3.3600000e+03   6.1019716e-01   2.4587319e-03
   3.3760000e+03   6.1277093e-01  -1.4236891e-03
   3.3920000e+03   6.1166331e-01   8.3097277e-05
   3.4080000e+03   6.0917964e-01  -1.8959985e-04
   3.4240000e+03   6.0950823e-01  -4.4281694e-04
   3.4400000e+03   6.1165671e-01   1.1252386e-03
   3.4560000e+03   6.1006332e-01  -2.5270878e-03
   3.4720000e+03   6.1011343e-01  -2.3699884e-03
   3.4880000e+03   6.1137898e-01   1.0233794e-04
   3.5040000e+03   6.1348486e-01   8.6732784e-04
   3.5200000e+03   6.1216050e-01   9.2626129e-04
   3.5360000e+03   6.0812472e-01   2.7633523e-03
   3.5520000e+03   6.1491035e-01  -2.0913516e-03
   3.5680000e+03   6.1461241e-01  -4.1289027e-03
   3.5840000e+03   6.1032730e-01   2.5708768e-04
   3.6000000e+03   6.1167089e-01   1.6807749e-03
   3.6160000e+03   6.1152343e-01  -1.1967275e-03
   3.6320000e+03   6.1363417e-01   1.4142996e-03
   3.6480000e+03   6.1138583e-01  -1.3395784e-03
   3.6640000e+03   6.0915326e-01  -1.0354276e-03
   3.6800000e+03   6.1024935e-01   3.4336277e-03
   3.6960000e+03   6.0775493e-01  -5.0946378e-04
   3.7120000e+03   6.1241436e-01  -1.4205783e-03
   3.7280000e+03   6.1046918e-01   2.5820377e-03
   3.7440000e+03   6.0856913e-01   6.4772288e-04
   3.7600000e+03   6.1161487e-01   1.6738408e-03
   3.7760000e+03   6.0861633e-01   3.7290359e-03
   3.7920000e+03   6.0865361e-01   2.9841648e-03
   3.8080000e+03   6.0674542e-01   2.6683054e-03
   3.8240000e+03   6.1323347e-01  -3.9138175e-04
   3.8400000e+03   6.1220647e-01  -1.1952832e-03
   3.8560000e+03   6.1231527e-01   5.0991641e-03
   3.8720000e+03   6.0843657e-01   2.5841640e-03
   3.8880000e+03   6.0800981e-01  -5.3356488e-04
   3.9040000e+03   6.1047161e-01  -1.1349644e-03
   3.9200000e+03   6.1055738e-01   9.3467464e-04
   3.9360000e+03   6.0881507e-01  -6.6960745e-04
   3.9520000e+03   6.0617727e-01   1.6981008e-03
   3.9680000e+03   6.1081052e-01  -1.0995719e-03
   3.9840000e+03   6.1066762e-01  -3.6163399e-03
   4.0000000e+03   6.1106116e-01  -5.0238108e-03
   4.0160000e+03   6.1321797e-01  -3.2553888e-04
   4.0320000e+03   6.1251900e-01  -2.8821862e-03
   4.0480000e+03   6.1170739e-01   1.9988225e-03
   4.0640000e+03   6.0949017e-01  -1.1085757e-03
   4.0800000e+03   6.0812875e-01  -1.5326708e-03
   4.0960000e+03   6.1296756e-01   7.2269867e-03
   4.1120000e+03   6.1074560e-01   1.2909682e-03
   4.1280000e+03   6.1094752e-01   2.8609552e-04
   4.1440000e+03   6.1158084e-01   2.7989068e-03
   4.1600000e+03   6.0827552e-01   1.9681523e-06
   4.1760000e+03   6.1122805e-01  -1.1666828e-03
   4.1920000e+03   6.0698994e-01  -2.0853884e-03
   4.2080000e+03   6.0638872e-01   6.6322550e-04
   4.2240000e+03   6.1089537e-01   4.8678859e-04
   4.2400000e+03   6.0982986e-01  -3.7402775e-03
   4.2560000e+03   6.1442924e-01  -5.2244788e-04
   4.2720000e+03   6.0923822e-01  -1.5448390e-03
   4.2880000e+03   6.0505674e-01  -1.6543044e-04
   4.3040000e+03   6.0787107e-01   2.8255748e-03
   4.3200000e+03   6.0824226e-01   3.4258157e-03
   4.3360000e+03   6.1374556e-01  -5.1655483e-03
   4.3520000e+03   6.0720141e-01   1.6152230e-03
   4.3680000e+03   6.1019414e-01   1.9701775e-03
   4.3840000e+03   6.0651248e-01   1.6613434e-03
   4.4000000e+03   6.0729253e-01   1.8604023e-03
   4.4160000e+03   6.1255508e-01  -4.5185294e-03
   4.4320000e+03   6.0904291e-01   1.1476898e-03
   4.4480000e+03   6.0738888e-01   1.1361548e-03
   4.4640000e+03   6.0666557e-01   4.2593100e-05
   4.4800000e+03   6.0642489e-01  -1.0485376e-03
   4.4960000e+03   6.0901473e-01   7.5787048e-04
   4.5120000e+03   6.0550465e-01  -1.4189152e-03
   4.5280000e+03   6.0780715e-01  -2.2290096e-03
   4.5440000e+03   6.0752872e-01   2.9070393e-03
   4.5600000e+03   6.0921496e-01   2.0511935e-03
   4.5760000e+03   6.0912965e-01   9.4005952e-04
   4.5920000e+03   6.0631281e-01   2.9023472e-03
   4.6080000e+03   6.0547464e-01  -2.3791710e-03
   4.6240000e+03   6.0473876e-01  -2.0774138e-03
   4.6400000e+03   6.0313765e-01  -6.9280231e-04
   4.6560000e+03   6.0532656e-01   2.7686784e-03
   4.6720000e+03   6.0281602e-01   8.2137479e-04
   4.6880000e+03   6.0415405e-01   1.7020193e-03
   4.7040000e+03   6.0534477e-01  -3.6066178e-04
   4.7200000e+03   6.0786666e-01   3.0145341e-03
   4.7360000e+03   6.0294052e-01  -6.6452308e-05
   4.7520000e+03   6.0212701e-01   2.5040297e-04
   4.7680000e+03   6.0087933e-01   1.3072222e-03
   4.7840000e+03   6.0583658e-01  -2.0511739e-03
   4.8000000e+03   5.9968319e-01   6.3724224e-04
   4.8160000e+03   6.0206811e-01  -2.5392632e-03
   4.8320000e+03   6.0387653e-01   3.9030715e-03
   4.8480000e+03   6.0346448e-01  -2.1686181e-03
   4.8640000e+03   6.0303478e-01  -2.3465112e-04
   4.8800000e+03   6.0001175e-01  -1.1816817e-03
   4.8960000e+03   6.0151289e-01   3.3543222e-04
   4.9120000e+03   6.0338982e-01   3.3152094e-03
   4.9280000e+03   6.0239643e-01   1.5454906e-03
   4.9440000e+03   6.0360659e-01  -1.3198410e-03
   4.9600000e+03   5.9966294e-01   2.1985387e-03
   4.9760000e+03   6.0367142e-01   2.4631720e-03
   4.9920000e+03   5.9668548e-01   3.1818843e-03
   5.0080000e+03   5.9909101e-01   7.6949773e-05
   5.0240000e+03   6.0000481e-01   3.0170635e-03
   5.0400000e+03   6.0325453e-01   8.6268500e-04
   5.0560000e+03   6.0199778e-01   1.3091619e-03
   5.0720000e+03   5.9825626e-01  -3.8492875e-03
   5.0880000e+03   6.0064165e-01  -1.5854974e-03
   5.1040000e+03   5.9460394e-01  -2.4818388e-04
   5.1200000e+03   5.9963761e-01  -1.2909053e-03
   5.1360000e+03   5.9989951e-01  -2.0301630e-03
   5.1520000e+03   5.9886074e-01   1.2385046e-03
   5.1680000e+03   5.9753554e-01  -5.4359253e-04
   5.1840000e+03   5.9864464e-01   2.9216702e-03
   5.2000000e+03   5.9954430e-01  -4.4045048e-03
   5.2160000e+03   5.9988806e-01   3.5418314e-03
   5.2320000e+03   5.9660907e-01   2.2254222e-03
   5.2480000e+03   5.9877109e-01  -7.8350647e-04
   5.2640000e+03   5.9754996e-01  -2.5148374e-03
   5.2800000e+03   5.9556284e-01   2.6859912e-03
   5.2960000e+03   5.8980349e-01   6.5402874e-04
   5.3120000e+03   5.9431849e-01   1.1706639e-03
   5.3280000e+03   5.9701193e-01   1.5875228e-03
   5.3440000e+03   5.9779389e-01  -1.3233600e-03
   5.3600000e+03   5.9968792e-01   8.7317428e-04
   5.3760000e+03   5.9678875e-01  -9.0928599e-04
   5.3920000e+03   5.9567024e-01  -1.5817832e-03
   5.4080000e+03   5.9487677e-01  -3.6128683e-03
   5.4240000e+03   5.9870648e-01   8.8014226e-04
   5.4400000e+03   6.0015288e-01   1.3291519e-03
   5.4560000e+03   5.9515618e-01  -1.5802346e-03
   5.4720000e+03   5.9397406e-01   6.3162297e-04
   5.4880000e+03   5.9335350e-01  -5.5518244e-03
   5.5040000e+03   5.9354151e-01   2.5731971e-03
   5.5200000e+03   5.9802847e-01  -5.3642637e-04
   5.5360000e+03   5.9101733e-01  -1.0690111e-03
   5.5520000e+03   5.9174061e-01  -2.0080508e-03
   5.5680000e+03   5.9400492e-01  -2.5965863e-03
   5.5840000e+03   5.9701143e-01   8.5969538e-04
   5.6000000e+03   5.9526779e-01  -1.0715010e-03
   5.6160000e+03   5.9196270e-01   8.9901197e-04
   5.6320000e+03   5.9604966e-01  -1.8537471e-03
   5.6480000e+03   5.9554668e-01   5.1130479e-04
   5.6640000e+03   5.9459211e-01  -2.1722051e-03
   5.6800000e+03   5.9449916e-01   1.7239346e-03
   5.6960000e+03   5.9780232e-01  -3.1491161e-03
   5.7120000e+03   5.9712548e-01   7.8491958e-04
   5.7280000e+03   5.9735656e-01   1.4005438e-03
   5.7440000e+03   5.9233597e-01  -2.2459435e-03
   5.7600000e+03   5.9363514e-01  -6.2648639e-04
   5.7760000e+03   5.9143715e-01  -3.1763954e-03
   5.7920000e+03   5.9460970e-01   2.4173155e-03
   5.8080000e+03   5.9231059e-01   4.0664310e-04
   5.8240000e+03   5.9260405e-01   9.5885673e-04
   5.8400000e+03   5.9293794e-01  -2.9069575e-03
   5.8560000e+03   5.9431945e-01  -4.0758302e-03
   5.8720000e+03   5.9048253e-01  -3.8149778e-03
   5.8880000e+03   5.9471686e-01  -2.9645243e-03
   5.9040000e+03   5.9140008e-01  -4.7904709e-03
   5.9200000e+03   5.9344973e-01  -1.5765652e-03
   5.9360000e+03   5.9412203e-01   4.4972138e-05
   5.9520000e+03   5.9227667e-01  -8.8376211e-04
   5.9680000e+03   5.9153531e-01   2.4730455e-03
   5.9840000e+03   5.9191524e-01   2.6471939e-03
   6.0000000e+03   5.8790616e-01   2.1914853e-03
   6.0160000e+03   5.9076226e-01   1.4181374e-03
   6.0320000e+03   5.9062538e-01  -1.7766254e-04
   6.0480000e+03   5.8874912e-01   4.1486937e-03
   6.0640000e+03   5.8760864e-01   1.2578550e-04
   6.0800000e+03   5.8719868e-01  -1.0716282e-03
   6.0960000e+03   5.9180353e-01   7.7166339e-04
   6.1120000e+03   5.9452766e-01   1.1846833e-03
   6.1280000e+03   5.9011975e-01   4.4958236e-03
   6.1440000e+03   5.8708356e-01  -2.7893426e-04
   6.1600000e+03   5.8598570e-01   7.2417320e-04
   6.1760000e+03   5.8735475e-01   1.5453904e-03
   6.1920000e+03   5.8591570e-01   1.8460877e-03
   6.2080000e+03   5.8785125e-01  -2.8719243e-03
   6.2240000e+03   5.8839788e-01   8.2721478e-04
   6.2400000e+03   5.8768630e-01  -3.3007179e-03
   6.2560000e+03   5.8638624e-01   8.5522454e-04
   6.2720000e+03   5.8506621e-01   9.7886147e-04
   6.2880000e+03   5.8814824e-01  -1.4502819e-03
   6.3040000e+03   5.8908154e-01  -1.0020755e-03
   6.3200000e+03   5.8496231e-01   4.2984244e-04
   6.3360000e+03   5.8730040e-01  -3.5542905e-03
   6.3520000e+03   5.8716669e-01   1.9900040e-03
   6.3680000e+03   5.8420265e-01   2.6319783e-03
   6.3840000e+03   5.8274693e-01  -3.7863001e-03
   6.4000000e+03   5.8331559e-01   1.2483349e-03
   6.4160000e+03   5.8541829e-01   3.6630816e-04
   6.4320000e+03   5.8538053e-01  -1.8707580e-03
   6.4480000e+03   5.8797880e-01  -4.1517164e-05
   6.4640000e+03   5.8061011e-01  -2.5228267e-03
   6.4800000e+03   5.8746694e-01  -1.7276795e-03
   6.4960000e+03   5.8732118e-01   5.3440835e-04
   6.5120000e+03   5.8290987e-01  -9.0145834e-04
   6.5280000e+03   5.8226123e-01  -2.1177743e-03
   6.5440000e+03   5.8203811e-01  -1.4397653e-03
   6.5600000e+03   5.8330684e-01   4.8018038e-04
   6.5760000e+03   5.8253315e-01  -2.4304430e-03
   6.5920000e+03   5.8202977e-01  -1.5448511e-03
   6.6080000e+03   5.8403380e-01  -4.9432997e-04
   6.6240000e+03   5.8014021e-01  -1.2570554e-03
   6.6400000e+03   5.8479792e-01   1.1114755e-03
   6.6560000e+03   5.8657663e-01  -1.1724244e-03
   6.6720000e+03   5.8205235e-01   4.4072814e-03
   6.6880000e+03   5.8162853e-01  -5.9172471e-04
   6.7040000e+03   5.7890493e-01  -2.5042941e-04
   6.7200000e+03   5.7982543e-01   3.0953523e-03
   6.7360000e+03   5.8286080e-01  -2.7074413e-03
   6.7520000e+03   5.8272073e-01  -3.1694910e-04
   6.7680000e+03   5.8332901e-01  -1.3151704e-03
   6.7840000e+03   5.7996066e-01   2.3213536e-04
   6.8000000e+03   5.8049554e-01   1.4398131e-03
   6.8160000e+03   5.8160050e-01  -1.6830195e-03
   6.8320000e+03   5.8152255e-01  -3.0261706e-03
   6.8480000e+03   5.8046971e-01  -4.6744721e-03
   6.8640000e+03   5.8271988e-01  -3.2182368e-03
   6.8800000e+03   5.7653583e-01  -2.4918372e-03
   6.8960000e+03   5.7687736e-01   3.3402308e-03
   6.9120000e+03   5.8062989e-01   1.5710926e-03
   6.9280000e+03   5.7741459e-01   3.5812714e-03
   6.9440000e+03   5.7772252e-01   5.7336095e-04
   6.9600000e+03   5.7895560e-01  -2.2711887e-03
   6.9760000e+03   5.7807691e-01   2.6658222e-04
   6.9920000e+03   5.7733979e-01  -1.5068144e-03
   7.0080000e+03   5.7942150e-01  -2.8072110e-04
   7.0240000e+03   5.7570493e-01  -3.0583002e-03
   7.0400000e+03   5.7785334e-01   8.7383291e-04
   7.0560000e+03   5.7843797e-01  -1.6078518e-03
   7.0720000e+03   5.7713703e-01  -9.6631498e-04
   7.0880000e+03   5.7788493e-01  -2.1489227e-04
   7.1040000e+03   5.7792923e-01  -1.8406576e-03
   7.1200000e+03   5.7969062e-01   4.6592929e-03
   7.1360000e+03   5.7505686e-01  -4.6339765e-03
   7.1520000e+03   5.7384106e-01  -2.8592086e-03
   7.1680000e+03   5.7405490e-01   1.9964490e-03
   7.1840000e+03   5.7551155e-01  -1.9205141e-03
   7.2000000e+03   5.7348734e-01  -7.8995092e-04
   7.2160000e+03   5.7389989e-01  -1.3042829e-03
   7.2320000e+03   5.7602583e-01  -8.6659659e-04
   7.2480000e+03   5.7765284e-01   1.1275910e-03
   7.2640000e+03   5.7363533e-01  -7.7184625e-05
   7.2800000e+03   5.7297224e-01  -3.0667951e-03
   7.2960000e+03   5.7116297e-01  -3.7393177e-03
   7.3120000e+03   5.7125212e-01  -4.1061368e-04
   7.3280000e+03   5.7371778e-01  -1.7384516e-04
   7.3440000e+03   5.7220264e-01   1.8022912e-03
   7.3600000e+03   5.7153175e-01   1.2711058e-03
   7.3760000e+03   5.7114403e-01  -1.9212582e-03
   7.3920000e+03   5.7080032e-01   5.7883267e-03
   7.4080000e+03   5.7127198e-01   1.7039016e-03
   7.4240000e+03   5.6576041e-01  -2.1562133e-03
   7.4400000e+03   5.7244696e-01  -9.7749484e-04
   7.4560000e+03   5.7190510e-01  -2.2841569e-04
   7.4720000e+03   5.7249046e-01  -1.7522479e-03
   7.4880000e+03   5.6853051e-01   4.9961864e-04
   7.5040000e+03   5.6896833e-01  -1.0521299e-03
   7.5200000e+03   5.6966607e-01   4.7721222e-04
   7.5360000e+03   5.6792178e-01   3.5652013e-04
   7.5520000e+03   5.6713822e-01   1.8737486e-03
   7.5680000e+03   5.6931713e-01   2.7596869e-03
   7.5840000e+03   5.7362060e-01   1.6501422e-03
   7.6000000e+03   5.6784721e-01   1.0757641e-03
   7.6160000e+03   5.6686844e-01  -2.5420577e-03
   7.6320000e+03   5.6885981e-01   6.0734136e-04
   7.6480000e+03   5.6758498e-01  -2.1739765e-04
   7.6640000e+03   5.6837677e-01  -2.2765347e-05
   7.6800000e+03   5.7012931e-01  -3.6641419e-03
   7.6960000e+03   5.6818133e-01   8.6560051e-04
   7.7120000e+03   5.6840021e-01  -4.0736329e-04
   7.7280000e+03   5.6943856e-01  -4.8820101e-04
   7.7440000e+03   5.6743292e-01   1.4470765e-03
   7.7600000e+03   5.6635850e-01   3.3658373e-04
   7.7760000e+03   5.6022327e-01  -1.8694792e-03
   7.7920000e+03   5.6433788e-01  -1.7322805e-03
   7.8080000e+03   5.6217657e-01  -1.3141770e-03
   7.8240000e+03   5.6615042e-01  -1.9349471e-03
   7.8400000e+03   5.6662718e-01  -1.3760465e-04
   7.8560000e+03   5.6664068e-01  -4.1427764e-03
   7.8720000e+03   5.6355567e-01   1.8305275e-03
   7.8880000e+03   5.6369508e-01   3.7116637e-05
   7.9040000e+03   5.6265106e-01  -2.0867056e-05
   7.9200000e+03   5.6091661e-01  -1.6698876e-03
   7.9360000e+03   5.6388820e-01  -4.1973825e-04
   7.9520000e+03   5.6275063e-01   1.1559753e-03
   7.9680000e+03   5.6352178e-01  -2.8336528e-03
   7.9840000e+03   5.6530203e-01  -4.3800049e-04
   8.0000000e+03   5.6379380e-01   2.6818565e-03
   8.0160000e+03   5.6300446e-01   1.2588652e-03
   8.0320000e+03   5.6041046e-01  -2.5446510e-04
   8.0480000e+03   5.6487189e-01  -1.9409710e-03
   8.0640000e+03   5.6014436e-01  -1.0736203e-03
   8.0800000e+03   5.6003904e-01   1.0883569e-03
   8.0960000e+03   5.5795161e-01   1.1053859e-03
   8.1120000e+03   5.5693802e-01   8.8946540e-04
   8.1280000e+03   5.5654687e-01   5.2154139e-03
   8.1440000e+03   5.6059536e-01  -1.1037705e-03
   8.1600000e+03   5.6109300e-01   4.2390989e-04
   8.1760000e+03   5.5958733e-01   2.3465670e-03
   8.1920000e+03   5.5908999e-01   5.6886035e-03
   8.2080000e+03   5.6135723e-01  -2.3195092e-03
   8.2240000e+03   5.6125429e-01   1.6919462e-03
   8.2400000e+03   5.5716872e-01   1.0059710e-03
   8.2560000e+03   5.6029296e-01   2.4853228e-03
   8.2720000e+03   5.5888331e-01   1.3872179e-03
   8.2880000e+03   5.5651211e-01  -3.4835727e-03
   8.3040000e+03   5.5801643e-01  -1.5736994e-03
   8.3200000e+03   5.5918128e-01   1.6913404e-03
   8.3360000e+03   5.5754504e-01  -2.2532753e-03
   8.3520000e+03   5.5899460e-01  -3.3009009e-03
   8.3680000e+03   5.5689548e-01  -1.7379269e-03
   8.3840000e+03   5.5803980e-01   4.5436451e-04
   8.4000000e+03   5.5765921e-01   1.8135638e-03
   8.4160000e+03   5.5594794e-01   1.2853767e-03
   8.4320000e+03   5.5774609e-01   1.4101668e-03
   8.4480000e+03   5.5481948e-01   1.1491858e-04
   8.4640000e+03   5.5344236e-01  -5.1342588e-03
   8.4800000e+03   5.5424654e-01   2.7253839e-03
   8.4960000e+03   5.5357753e-01   1.9863562e-03
   8.5120000e+03   5.5479753e-01   9.9076365e-04
   8.5280000e+03   5.4975903e-01   2.4571087e-03
   8.5440000e+03   5.5690721e-01   6.5517589e-04
   8.5600000e+03   5.5470223e-01   2.8298492e-03
   8.5760000e+03   5.4951235e-01  -4.1766216e-03
   8.5920000e+03   5.5687457e-01  -8.8526023e-04
   8.6080000e+03   5.5112184e-01   1.6711704e-04
   8.6240000e+03   5.5495841e-01  -2.9407336e-03
   8.6400000e+03   5.5560760e-01   2.1869113e-03
   8.6560000e+03   5.4714431e-01   8.7711587e-04
   8.6720000e+03   5.5067334e-01  -6.1622507e-05
   8.6880000e+03   5.4886866e-01  -1.1353965e-03
   8.7040000e+03   5.5177664e-01  -4.7866345e-04
   8.7200000e+03   5.5235089e-01  -4.3859871e-03
   8.7360000e+03   5.4696729e-01   6.8095639e-04
   8.7520000e+03   5.5013443e-01  -1.1832266e-03
   8.7680000e+03   5.5081201e-01   2.0017657e-03
   8.7840000e+03   5.4551267e-01  -6.5240411e-04
   8.8000000e+03   5.4767494e-01   5.2852236e-04
   8.8160000e+03   5.5033715e-01  -7.9810810e-04
   8.8320000e+03   5.5200803e-01  -1.5090545e-03
   8.8480000e+03   5.4918434e-01  -4.8409153e-03
   8.8640000e+03   5.4871718e-01  -9.2036491e-04
   8.8800000e+03   5.5057329e-01  -4.1530123e-04
   8.8960000e+03   5.5248001e-01  -5.0367302e-04
   8.9120000e+03   5.4847430e-01   4.7920631e-03
   8.9280000e+03   5.4987268e-01   2.9531291e-04
   8.9440000e+03   5.4624704e-01  -3.4139763e-04
   8.9600000e+03   5.4719490e-01   6.7298773e-04
   8.9760000e+03   5.4196261e-01   8.0997653e-04
   8.9920000e+03   5.4893999e-01  -4.3643946e-03
   9.0080000e+03   5.4326661e-01  -1.3423559e-03
   9.0240000e+03   5.4464853e-01  -4.0470699e-04
   9.0400000e+03   5.4421261e-01  -2.8717159e-03
   9.0560000e+03   5.4284983e-01  -3.1492431e-03
   9.0720000e+03   5.4580115e-01  -9.4952935e-04
   9.0880000e+03   5.4282610e-01  -1.4161759e-03
   9.1040000e+03   5.4303540e-01   7.0651088e-04
   9.1200000e+03   5.4170890e-01  -3.3717474e-04
   9.1360000e+03   5.4155007e-01   1.6516595e-03
   9.1520000e+03   5.4418268e-01  -3.2171310e-03
   9.1680000e+03   5.4497131e-01   1.3204314e-03
   9.1840000e+03   5.4364709e-01  -1.1065682e-03
   9.2000000e+03   5.4069702e-01   1.5192385e-03
   9.2160000e+03   5.4151537e-01   1.5335130e-03
   9.2320000e+03   5.4113157e-01   3.9726542e-03
   9.2480000e+03   5.4161923e-01   7.5024777e-04
   9.2640000e+03   5.4041179e-01   1.1091936e-03
   9.2800000e+03   5.4295080e-01  -1.6292383e-03
   9.2960000e+03   5.4243450e-01  -9.2666245e-04
   9.3120000e+03   5.4123382e-01  -1.4413456e-04
   9.3280000e+03   5.4329873e-01  -1.0181127e-03
   9.3440000e+03   5.4077743e-01   8.3585063e-04
   9.3600000e+03   5.4036175e-01   1.4749897e-03
   9.3760000e+03   5.4018747e-01   1.9292113e-03
   9.3920000e+03   5.4156795e-01  -6.6107828e-05
   9.4080000e+03   5.4080254e-01   1.9314422e-03
   9.4240000e+03   5.4489126e-01   4.2912665e-03
   9.4400000e+03   5.4223025e-01   7.7113010e-04
   9.4560000e+03   5.3805161e-01   1.9396766e-03
   9.4720000e+03   5.3855793e-01  -1.8547575e-03
   9.4880000e+03   5.3916973e-01  -5.3764635e-05
   9.5040000e+03   5.4071772e-01   7.5257956e-05
   9.5200000e+03   5.4245526e-01   1.8872550e-03
   9.5360000e+03   5.3754675e-01   2.0447563e-04
   9.5520000e+03   5.3773237e-01   3.0946462e-03
   9.5680000e+03   5.3708455e-01   1.4802785e-03
   9.5840000e+03   5.3423513e-01   1.3935322e-03
   9.6000000e+03   5.3654314e-01  -2.9219990e-03
   9.6160000e+03   5.3732175e-01   9.5681290e-04
   9.6320000e+03   5.3855176e-01  -2.4841257e-03
   9.6480000e+03   5.3654978e-01   1.3814123e-04
   9.6640000e+03   5.4019651e-01  -8.7680405e-04
   9.6800000e+03   5.3836702e-01   6.1958837e-03
   9.6960000e+03   5.3461187e-01  -4.6278568e-04
   9.7120000e+03   5.3460064e-01  -1.4917431e-03
   9.7280000e+03   5.3628779e-01  -3.7500157e-03
   9.7440000e+03   5.3644150e-01  -2.1149500e-03
   9.7600000e+03   5.3240577e-01  -1.7780724e-03
   9.7760000e+03   5.3273880e-01   1.4341055e-04
   9.7920000e+03   5.3517887e-01   2.1381678e-03
   9.8080000e+03   5.3076022e-01   1.6936656e-03
   9.8240000e+03   5.3420710e-01   8.6155421e-04
   9.8400000e+03   5.3340410e-01   3.1482133e-04
   9.8560000e+03   5.3438655e-01   1.2638668e-03
   9.8720000e+03   5.3235887e-01   6.0448462e-04
   9.8880000e+03   5.3004747e-01  -1.9375088e-05
   9.9040000e+03   5.3515843e-01   8.6462909e-04
   9.9200000e+03   5.2963096e-01  -2.1144435e-03
   9.9360000e+03   5.3158946e-01   4.3002071e-03
   9.9520000e+03   5.3374314e-01  -1.8928506e-03
   9.9680000e+03   5.3530727e-01   8.5359401e-05
   9.9840000e+03   5.3270260e-01   3.3609418e-03
   1.0000000e+04   5.3761542e-01  -7.8347403e-04
   1.0016000e+04   5.2907935e-01  -1.2284512e-03
   1.0032000e+04   5.3374088e-01  -1.7073555e-03
   1.0048000e+04   5.3095750e-01   2.4160822e-03
   1.0064000e+04   5.2963316e-01   3.3952110e-04
   1.0080000e+04   5.3047492e-01   2.8941613e-03
   1.0096000e+04   5.3386812e-01   3.8102383e-03
   1.0112000e+04   5.3115779e-01   3.0760321e-04
   1.0128000e+04   5.3055749e-01  -2.5497949e-04
   1.0144000e+04   5.2989679e-01   5.0983373e-04
   1.0160000e+04   5.3114541e-01   3.0780780e-03
   1.0176000e+04   5.2723821e-01  -6.8116621e-06
   1.0192000e+04   5.3251083e-01   6.9575222e-04
   1.0208000e+04   5.2817558e-01   3.1107760e-03
   1.0224000e+04   5.3039876e-01   1.4534832e-03
   1.0240000e+04   5.2593148e-01   4.8255097e-03
   1.0256000e+04   5.3016712e-01  -3.1460785e-03
   1.0272000e+04   5.2869814e-01   2.2313386e-03
   1.0288000e+04   5.2955471e-01   3.0975534e-03
   1.0304000e+04   5.2680799e-01  -2.6199304e-03
   1.0320000e+04   5.2268321e-01   4.1119837e-03
   1.0336000e+04   5.2988906e-01   3.8210175e-03
   1.0352000e+04   5.2876160e-01  -2.7322426e-03
   1.0368000e+04   5.2869648e-01   5.0102148e-03
   1.0384000e+04   5.2244639e-01   2.1718112e-03
   1.0400000e+04   5.2540771e-01  -1.9271190e-03
   1.0416000e+04   5.2654687e-01  -4.5260167e-03
   1.0432000e+04   5.2490374e-01  -2.0666635e-03
   1.0448000e+04   5.2055419e-01   2.2653320e-03
   1.0464000e+04   5.2480203e-01   1.6752464e-03
   1.0480000e+04   5.2803479e-01  -2.9789190e-03
   1.0496000e+04   5.2399919e-01   1.8947606e-05
   1.0512000e+04   5.2497719e-01   3.0764025e-03
   1.0528000e+04   5.2631986e-01  -3.6170197e-03
   1.0544000e+04   5.2486266e-01   2.2765380e-04
   1.0560000e+04   5.2471617e-01  -5.8755568e-04
   1.0576000e+04   5.2152854e-01  -1.0812866e-03
   1.0592000e+04   5.2595046e-01   4.6360243e-03
   1.0608000e+04   5.2349310e-01  -5.4526246e-04
   1.0624000e+04   5.2244015e-01  -1.8325534e-03
   1.0640000e+04   5.2289735e-01  -1.4897966e-03
   1.0656000e+04   5.2385559e-01   3.8436087e-04
   1.0672000e+04   5.2165420e-01  -1.2345850e-03
   1.0688000e+04   5.2289797e-01   1.6231423e-03
   1.0704000e+04   5.2242166e-01  -1.6196915e-03
   1.0720000e+04   5.2341217e-01  -1.5767626e-03
   1.0736000e+04   5.2390158e-01  -2.2490783e-03
   1.0752000e+04   5.2128175e-01   1.6374088e-03
   1.0768000e+04   5.2039859e-01  -7.9592599e-04
   1.0784000e+04   5.2079272e-01   2.8859902e-03
   1.0800000e+04   5.2347039e-01  -9.5798942e-04
   1.0816000e+04   5.2240546e-01  -8.5250728e-05
   1.0832000e+04   5.2196282e-01   5.4910225e-04
   1.0848000e+04   5.2339884e-01   8.7531343e-04
   1.0864000e+04   5.2188384e-01  -2.6520340e-03
   1.0880000e+04   5.2124181e-01  -4.9459866e-04
   1.0896000e+04   5.2228555e-01   4.2384267e-04
   1.0912000e+04   5.1961262e-01  -5.7519245e-04
   1.0928000e+04   5.1892165e-01   7.8504863e-04
   1.0944000e+04   5.1829201e-01   4.3086877e-04
   1.0960000e+04   5.2069102e-01   1.0242126e-03
   1.0976000e+04   5.2102412e-01  -1.3931183e-03
   1.0992000e+04   5.2052014e-01   1.4187457e-04
   1.1008000e+04   5.2005961e-01  -8.0671027e-04
   1.1024000e+04   5.1883309e-01  -1.7614529e-03
   1.1040000e+04   5.1831871e-01  -1.5507998e-03
   1.1056000e+04   5.2068173e-01  -1.9855718e-03
   1.1072000e+04   5.1343896e-01   8.0391963e-04
   1.1088000e+04   5.1830037e-01  -7.4704171e-04
   1.1104000e+04   5.2247896e-01   2.9703902e-03
   1.1120000e+04   5.2032654e-01   7.9722336e-04
   1.1136000e+04   5.1661997e-01  -1.7037845e-03
   1.1152000e+04   5.1879977e-01  -1.7321777e-03
   1.1168000e+04   5.1731259e-01   1.6879400e-03
   1.1184000e+04   5.1408141e-01  -2.0137880e-03
   1.1200000e+04   5.1938189e-01  -4.7530296e-03
   1.1216000e+04   5.1747978e-01  -1.9674784e-03
   1.1232000e+04   5.1539127e-01  -1.3594565e-03
   1.1248000e+04   5.1769912e-01  -3.1234958e-03
   1.1264000e+04   5.1781797e-01   3.0047481e-03
   1.1280000e+04   5.1403715e-01  -8.0846096e-04
   1.1296000e+04   5.1532536e-01  -1.9441194e-03
   1.1312000e+04   5.1627224e-01  -2.3581956e-03
   1.1328000e+04   5.1154528e-01   4.3534260e-03
   1.1344000e+04   5.1725296e-01  -4.3379644e-04
   1.1360000e+04   5.0724994e-01  -1.4498675e-03
   1.1376000e+04   5.2242451e-01   9.2616152e-04
   1.1392000e+04   5.1701763e-01   4.4311339e-04
   1.1408000e+04   5.1441462e-01   6.6727411e-04
   1.1424000e+04   5.1184138e-01  -1.9538059e-03
   1.1440000e+04   5.1178018e-01  -2.7260354e-03
   1.1456000e+04   5.1092195e-01   2.5226659e-04
   1.1472000e+04   5.1270228e-01  -3.2494942e-03
   1.1488000e+04   5.1389652e-01   2.6927921e-04
   1.1504000e+04   5.1395945e-01  -7.7209869e-04
   1.1520000e+04   5.1171541e-01   5.4809849e-04
   1.1536000e+04   5.1509049e-01  -5.3996220e-04
   1.1552000e+04   5.1702541e-01   2.5965244e-03
   1.1568000e+04   5.1161578e-01  -1.9483067e-03
   1.1584000e+04   5.1544989e-01  -5.1428311e-04
   1.1600000e+04   5.1635789e-01  -2.2134956e-04
   1.1616000e+04   5.0976743e-01  -4.3732038e-03
   1.1632000e+04   5.1512096e-01   3.7764888e-03
   1.1648000e+04   5.1408002e-01  -7.4132331e-04
   1.1664000e+04   5.1123813e-01  -2.8208685e-03
   1.1680000e+04   5.1164073e-01   1.3499710e-03
   1.1696000e+04   5.0922468e-01   3.0653516e-03
   1.1712000e+04   5.0917077e-01  -6.2225444e-04
   1.1728000e+04   5.1153480e-01   6.0958443e-04
   1.1744000e+04   5.1332432e-01   2.7536386e-03
   1.1760000e+04   5.1338672e-01   1.8525932e-03
   1.1776000e+04   5.0907309e-01  -1.9905115e-03
   1.1792000e+04   5.0802520e-01   3.3246900e-03
   1.1808000e+04   5.1039066e-01  -3.6583363e-03
   1.1824000e+04   5.1356239e-01   6.7470881e-04
   1.1840000e+04   5.0661415e-01   1.0573547e-04
   1.1856000e+04   5.1056463e-01  -1.1111565e-04
   1.1872000e+04   5.0935320e-01  -2.8072018e-03
   1.1888000e+04   5.0685297e-01   1.0184885e-03
   1.1904000e+04   5.0701218e-01  -1.0717129e-03
   1.1920000e+04   5.0798355e-01  -2.7119510e-03
   1.1936000e+04   5.1035277e-01  -3.2666875e-04
   1.1952000e+04   5.0763847e-01   6.7762064e-04
   1.1968000e+04   5.0775671e-01  -5.4731583e-03
   1.1984000e+04   5.0934174e-01  -3.7685608e-03
   1.2000000e+04   5.0826851e-01   1.4092720e-03
   1.2016000e+04   5.0660689e-01  -1.2880830e-04
   1.2032000e+04   5.0970761e-01  -7.9052458e-04
   1.2048000e+04   5.0715965e-01   2.0102690e-03
   1.2064000e+04   5.0515670e-01  -1.3345100e-03
   1.2080000e+04   5.0596712e-01  -1.2441206e-03
   1.2096000e+04   5.0581660e-01   4.1237475e-03
   1.2112000e+04   5.0055117e-01  -3.2383203e-03
   1.2128000e+04   5.0664641e-01  -4.0116638e-03
   1.2144000e+04   5.0898999e-01  -2.0072832e-04
   1.2160000e+04   5.0580096e-01  -1.1910610e-03
   1.2176000e+04   5.0638466e-01   1.0870177e-03
   1.2192000e+04   5.0604895e-01   7.7069625e-04
   1.2208000e+04   5.0634316e-01  -2.3128480e-04
   1.2224000e+04   5.0362653e-01   1.7072906e-03
   1.2240000e+04   5.0521883e-01   8.1827056e-04
   1.2256000e+04   5.0486873e-01   1.6113888e-03
