   0.0000000e+00   9.0404272e-01   3.8583119e-05
   8.0000000e+00   9.1035146e-01  -2.1055019e-03
   1.6000000e+01   9.1746047e-01   1.1547309e-03
   2.4000000e+01   9.2586954e-01   3.9801483e-04
   3.2000000e+01   9.3262686e-01  -1.7478348e-04
   4.0000000e+01   9.4060064e-01   3.0968402e-04
   4.8000000e+01   9.4597173e-01   1.1620886e-03
   5.6000000e+01   9.5494367e-01  -3.5434447e-03
   6.4000000e+01   9.6396199e-01   1.0857384e-03
   7.2000000e+01   9.7442641e-01  -2.3371285e-04
   8.0000000e+01   9.7896138e-01  -1.2036031e-04
   8.8000000e+01   9.8704629e-01  -1.4673527e-03
   9.6000000e+01   9.9081341e-01   4.0366397e-04
   1.0400000e+02   9.9930154e-01   1.0909732e-03
   1.1200000e+02   1.0019875e+00   1.9437081e-03
   1.2000000e+02   9.9930154e-01  -2.6444493e-04
   1.2800000e+02   9.9081341e-01  -1.6086038e-03
   1.3600000e+02   9.8704629e-01  -1.5354981e-03
   1.4400000e+02   9.7896138e-01  -5.7317153e-04
   1.5200000e+02   9.7442641e-01   1.9089376e-04
   1.6000000e+02   9.6396199e-01  -2.0080722e-03
   1.6800000e+02   9.5494367e-01  -1.3269286e-03
   1.7600000e+02   9.4597173e-01  -6.7246505e-05
   1.8400000e+02   9.4060064e-01   2.0573492e-03
   1.9200000e+02   9.3262686e-01  -2.3988342e-03
   2.0000000e+02   9.2586954e-01   1.2354787e-03
   2.0800000e+02   9.1746047e-01  -7.4206519e-04
   2.1600000e+02   9.1035146e-01  -5.6986449e-04
   2.2400000e+02   9.0404272e-01  -7.7528750e-04
   2.3200000e+02   8.9581311e-01  -4.5043772e-04
   2.4000000e+02   8.9286356e-01   1.5434685e-03
   2.4800000e+02   8.8301365e-01  -9.4349707e-04
   2.5600000e+02   8.7359962e-01   4.7736664e-04
   2.6400000e+02   8.7354508e-01   1.4725495e-03
   2.7200000e+02   8.6642715e-01   1.1228189e-03
   2.8000000e+02   8.5951652e-01  -7.2178058e-04
   2.8800000e+02   8.5104424e-01   4.5038582e-03
   2.9600000e+02   8.4867633e-01  -3.0283186e-03
   3.0400000e+02   8.4376340e-01   1.3025435e-03
   3.1200000e+02   8.3901179e-01  -9.8565041e-04
   3.2000000e+02   8.3228894e-01   3.2379251e-03
   3.2800000e+02   8.2698211e-01  -1.0791528e-03
   3.3600000e+02   8.2387652e-01   1.9211345e-03
   3.4400000e+02   8.1974385e-01  -2.4780877e-03
   3.5200000e+02   8.1734597e-01   7.8787315e-04
   3.6000000e+02   8.1255778e-01   5.9272929e-04
   3.6800000e+02   8.0916133e-01  -1.6249257e-03
   3.7600000e+02   8.0666243e-01  -1.8656742e-03
   3.8400000e+02   8.0108291e-01  -1.5674211e-04
   3.9200000e+02   8.0130866e-01  -1.7982677e-03
   4.0000000e+02   7.9723122e-01   1.2657247e-03
   4.0800000e+02   7.9769197e-01   6.8407540e-04
   4.1600000e+02   7.9236854e-01   7.9786568e-04
   4.2400000e+02   7.8759674e-01   3.4168416e-03
   4.3200000e+02   7.9011054e-01   1.3369656e-03
   4.4000000e+02   7.8590375e-01   2.0251443e-03
   4.4800000e+02   7.8482679e-01   7.5735017e-04
   4.5600000e+02   7.8217048e-01   1.0240548e-03
   4.6400000e+02   7.8315377e-01  -1.5034812e-04
   4.7200000e+02   7.8369711e-01   1.4817430e-03
   4.8000000e+02   7.7624041e-01   1.4892486e-04
   4.8800000e+02   7.7813100e-01   3.4168296e-03
   4.9600000e+02   7.7923945e-01  -1.5025907e-03
   5.0400000e+02   7.7943597e-01   4.0841998e-03
   5.1200000e+02   7.7440338e-01  -4.5063735e-04
   5.2000000e+02   7.7296050e-01   1.3517443e-03
   5.2800000e+02   7.7082088e-01   7.8727497e-04
   5.3600000e+02   7.6806358e-01  -6.0564564e-04
   5.4400000e+02   7.7175237e-01   8.5052347e-04
   5.5200000e+02   7.7271635e-01   2.1771444e-03
   5.6000000e+02   7.6689782e-01   7.4669535e-04
   5.6800000e+02   7.6690002e-01  -1.7468580e-03
   5.7600000e+02   7.6918171e-01   1.6986254e-03
   5.8400000e+02   7.6338055e-01   5.7428367e-04
   5.9200000e+02   7.6763463e-01   1.5029280e-03
   6.0000000e+02   7.6686977e-01  -7.5852808e-04
   6.0800000e+02   7.6619804e-01  -1.7064701e-03
   6.1600000e+02   7.6439014e-01  -1.3036614e-03
   6.2400000e+02   7.6252024e-01   2.0080072e-03
   6.3200000e+02   7.6418380e-01  -1.2382196e-03
   6.4000000e+02   7.6328783e-01  -8.3887886e-04
   6.4800000e+02   7.6512744e-01   2.2297079e-03
   6.5600000e+02   7.6480161e-01   1.8191867e-03
   6.6400000e+02   7.6423886e-01  -4.6720856e-03
   6.7200000e+02   7.6181377e-01   4.1269107e-03
   6.8000000e+02   7.5913096e-01   2.4283227e-03
   6.8800000e+02   7.6325135e-01   5.3965967e-04
   6.9600000e+02   7.6167062e-01  -6.7590661e-04
   7.0400000e+02   7.6150977e-01  -9.3240370e-04
   7.1200000e+02   7.6226315e-01  -6.3040738e-04
   7.2000000e+02   7.6140292e-01  -4.0288065e-04
   7.2800000e+02   7.5621556e-01   2.4073030e-03
   7.3600000e+02   7.6203249e-01  -9.0435132e-04
   7.4400000e+02   7.5973311e-01  -1.0529684e-04
   7.5200000e+02   7.5710978e-01   1.7006272e-03
   7.6000000e+02   7.5770964e-01  -2.1483081e-03
   7.6800000e+02   7.5480925e-01  -2.1540801e-03
   7.7600000e+02   7.5601765e-01   2.4167422e-03
   7.8400000e+02   7.5472791e-01  -1.3444574e-04
   7.9200000e+02   7.5725501e-01  -2.3347278e-04
   8.0000000e+02   7.5216614e-01   3.7606147e-04
   8.0800000e+02   7.5537617e-01  -1.0874192e-03
   8.1600000e+02   7.5172306e-01   1.8702602e-03
   8.2400000e+02   7.4618409e-01   6.9432500e-04
   8.3200000e+02   7.4876580e-01  -2.1121201e-03
   8.4000000e+02   7.4922909e-01  -1.6451821e-03
   8.4800000e+02   7.4586407e-01  -2.5061691e-03
   8.5600000e+02   7.4487189e-01   1.3899275e-03
   8.6400000e+02   7.4754934e-01   1.0982658e-03
   8.7200000e+02   7.4202279e-01   2.1780155e-03
   8.8000000e+02   7.4048312e-01   1.4250854e-03
   8.8800000e+02   7.4075685e-01  -1.6434702e-03
   8.9600000e+02   7.3883832e-01   3.6487042e-04
   9.0400000e+02   7.3650012e-01  -2.3338935e-03
   9.1200000e+02   7.3565937e-01  -2.0855330e-03
   9.2000000e+02   7.3512317e-01   1.2342053e-03
   9.2800000e+02   7.3030667e-01  -1.5693458e-04
   9.3600000e+02   7.3022632e-01  -4.0176912e-04
   9.4400000e+02   7.2767197e-01  -2.1156013e-04
   9.5200000e+02   7.2261127e-01   3.2890636e-04
   9.6000000e+02   7.2308718e-01   1.1899937e-03
   9.6800000e+02   7.2297672e-01  -2.2594118e-03
   9.7600000e+02   7.2194736e-01   2.7392259e-03
   9.8400000e+02   7.1755911e-01   1.5233810e-03
   9.9200000e+02   7.1698506e-01  -1.2653273e-03
   1.0000000e+03   7.1499441e-01   2.4899750e-03
   1.0080000e+03   7.1299203e-01  -2.2810454e-04
   1.0160000e+03   7.1183440e-01  -9.9372989e-04
   1.0240000e+03   7.1004032e-01  -3.2874555e-04
   1.0320000e+03   7.0903552e-01   2.1993109e-03
   1.0400000e+03   7.0723868e-01   3.3869220e-03
   1.0480000e+03   7.0317931e-01  -2.2080265e-03
   1.0560000e+03   7.0022787e-01  -1.4224990e-03
   1.0640000e+03   7.0040325e-01  -9.5683170e-04
   1.0720000e+03   6.9634598e-01   1.3246120e-03
   1.0800000e+03   6.9582763e-01  -1.7865416e-03
   1.0880000e+03   6.9587254e-01  -1.2021099e-03
   1.0960000e+03   6.9282529e-01   8.9021635e-04
   1.1040000e+03   6.8776687e-01   2.6806479e-04
   1.1120000e+03   6.8971919e-01   2.7405286e-03
   1.1200000e+03   6.8948536e-01  -1.0243952e-03
   1.1280000e+03   6.8303817e-01  -7.9045307e-05
   1.1360000e+03   6.8453167e-01  -1.6244021e-03
   1.1440000e+03   6.7860539e-01   4.0082897e-03
   1.1520000e+03   6.7910122e-01  -1.0592921e-03
   1.1600000e+03   6.7921788e-01   5.5318598e-04
   1.1680000e+03   6.7835682e-01   1.0165510e-04
   1.1760000e+03   6.7594634e-01   1.0993084e-03
   1.1840000e+03   6.7393022e-01   1.2164313e-03
   1.1920000e+03   6.7392695e-01   8.1716712e-04
   1.2000000e+03   6.7192855e-01  -1.5998362e-03
   1.2080000e+03   6.7084301e-01   1.0203419e-04
   1.2160000e+03   6.6827583e-01   5.4456576e-05
   1.2240000e+03   6.6813003e-01   1.3479962e-03
   1.2320000e+03   6.6511353e-01   2.5286477e-03
   1.2400000e+03   6.6210027e-01  -2.9021304e-03
   1.2480000e+03   6.6272630e-01  -2.6486715e-03
   1.2560000e+03   6.6109729e-01  -1.6590228e-03
   1.2640000e+03   6.6160554e-01   1.5481418e-03
   1.2720000e+03   6.6034529e-01   6.0930916e-05
   1.2800000e+03   6.5753677e-01   8.6605333e-04
   1.2880000e+03   6.6054435e-01  -2.2097961e-03
   1.2960000e+03   6.5597597e-01  -1.1197214e-03
   1.3040000e+03   6.5492107e-01   5.2630884e-04
   1.3120000e+03   6.5897398e-01  -1.9815463e-03
   1.3200000e+03   6.5046161e-01  -4.3248111e-03
   1.3280000e+03   6.4988448e-01   5.8294979e-04
   1.3360000e+03   6.4962867e-01  -7.3436499e-04
   1.3440000e+03   6.4899263e-01  -4.1204772e-04
   1.3520000e+03   6.4765721e-01  -1.8632212e-03
   1.3600000e+03   6.4802151e-01  -1.8213193e-03
   1.3680000e+03   6.4455448e-01  -7.2728172e-04
   1.3760000e+03   6.5145932e-01   3.1583658e-03
   1.3840000e+03   6.4558084e-01   6.7053000e-04
   1.3920000e+03   6.4383543e-01  -2.9030215e-03
   1.4000000e+03   6.4343222e-01  -1.2491026e-03
   1.4080000e+03   6.4428754e-01  -2.0476837e-04
   1.4160000e+03   6.4081772e-01   2.5911210e-03
   1.4240000e+03   6.3844249e-01  -1.9831172e-03
   1.4320000e+03   6.4045143e-01   2.6062582e-03
   1.4400000e+03   6.4011087e-01   9.0886500e-04
   1.4480000e+03   6.3798643e-01   1.3025705e-03
   1.4560000e+03   6.3488405e-01  -1.6693372e-03
   1.4640000e+03   6.3978065e-01  -9.1849482e-05
   1.4720000e+03   6.3535117e-01  -2.2322029e-03
   1.4800000e+03   6.3613444e-01  -1.6866804e-03
   1.4880000e+03   6.3156184e-01   2.3991343e-03
   1.4960000e+03   6.3364247e-01  -6.1308059e-04
   1.5040000e+03   6.3162591e-01   2.0444707e-03
   1.5120000e+03   6.2869077e-01   2.4512874e-03
   1.5200000e+03   6.3023119e-01  -5.0086376e-04
   1.5280000e+03   6.3189280e-01  -4.0309625e-04
   1.5360000e+03   6.2900359e-01   1.2287173e-03
   1.5440000e+03   6.2788558e-01  -1.9492168e-03
   1.5520000e+03   6.2894373e-01   1.3749824e-03
   1.5600000e+03   6.3073556e-01  -1.6022802e-03
   1.5680000e+03   6.2742877e-01   1.6264362e-03
   1.5760000e+03   6.2590710e-01   1.3633338e-04
   1.5840000e+03   6.2755649e-01   1.5128599e-03
   1.5920000e+03   6.2396834e-01   1.5598976e-03
   1.6000000e+03   6.2712334e-01   9.0080926e-04
   1.6080000e+03   6.2026126e-01  -5.1908417e-04
   1.6160000e+03   6.2373089e-01   8.3271161e-04
   1.6240000e+03   6.2364183e-01  -2.1195495e-03
   1.6320000e+03   6.1988966e-01   3.9298455e-04
   1.6400000e+03   6.2060528e-01   1.5869128e-04
   1.6480000e+03   6.1832112e-01   7.1664773e-04
   1.6560000e+03   6.2003552e-01  -3.2743507e-03
   1.6640000e+03   6.2061356e-01   7.1447570e-04
   1.6720000e+03   6.1834037e-01  -6.1966706e-04
   1.6800000e+03   6.1622055e-01   1.4932968e-03
   1.6880000e+03   6.1427752e-01  -1.4097137e-03
   1.6960000e+03   6.1570515e-01   3.8776001e-04
   1.7040000e+03   6.1519723e-01   1.3665038e-03
   1.7120000e+03   6.1824062e-01  -1.0826129e-03
   1.7200000e+03   6.1653866e-01   2.6345129e-03
   1.7280000e+03   6.1424357e-01   6.2361907e-04
   1.7360000e+03   6.1087251e-01  -1.0492542e-03
   1.7440000e+03   6.1103448e-01   1.0398888e-03
   1.7520000e+03   6.0878268e-01   7.7522352e-04
   1.7600000e+03   6.0933973e-01   9.8037064e-06
   1.7680000e+03   6.1476284e-01  -1.4281210e-03
   1.7760000e+03   6.1066909e-01  -1.2940726e-04
   1.7840000e+03   6.1013773e-01  -1.1594530e-03
   1.7920000e+03   6.1127780e-01  -1.4808209e-03
   1.8000000e+03   6.0841582e-01   1.0098069e-03
   1.8080000e+03   6.0478558e-01   8.9348372e-04
   1.8160000e+03   6.0566485e-01  -7.0825638e-04
   1.8240000e+03   6.0422303e-01  -8.2939596e-04
   1.8320000e+03   6.0446912e-01   1.3877423e-03
   1.8400000e+03   6.0224244e-01   4.5699844e-05
   1.8480000e+03   6.0442481e-01  -8.3462915e-04
   1.8560000e+03   6.0730657e-01  -2.9020488e-03
   1.8640000e+03   6.0055824e-01  -2.5055075e-04
   1.8720000e+03   6.0216002e-01  -1.3976490e-03
   1.8800000e+03   6.0153344e-01   7.9711095e-04
   1.8880000e+03   6.0143373e-01   6.0187637e-04
   1.8960000e+03   6.0050428e-01  -6.8441866e-04
   1.9040000e+03   6.0181486e-01  -2.3191895e-03
   1.9120000e+03   5.9908278e-01  -7.7866588e-04
   1.9200000e+03   5.9667938e-01  -1.8083275e-03
   1.9280000e+03   5.9877760e-01   1.1866741e-03
   1.9360000e+03   5.9969126e-01   4.8170908e-04
   1.9440000e+03   5.9928008e-01  -1.6821799e-04
   1.9520000e+03   5.9578035e-01   1.0318824e-03
   1.9600000e+03   5.9769521e-01  -1.4612381e-03
   1.9680000e+03   5.9800928e-01  -4.0020683e-03
   1.9760000e+03   5.9688336e-01   1.7898709e-03
   1.9840000e+03   5.9497010e-01  -5.4285673e-04
   1.9920000e+03   5.9640464e-01  -3.0083226e-04
   2.0000000e+03   5.9358657e-01  -4.1791382e-04
   2.0080000e+03   5.9466664e-01  -9.6087274e-05
   2.0160000e+03   5.9500612e-01  -1.6078847e-03
   2.0240000e+03   5.9446254e-01  -5.8977745e-04
   2.0320000e+03   5.9304717e-01  -3.3240129e-04
   2.0400000e+03   5.9341924e-01   8.2120463e-04
   2.0480000e+03   5.9216129e-01  -6.4766561e-04
   2.0560000e+03   5.9501065e-01  -1.3432960e-03
   2.0640000e+03   5.9003066e-01  -2.9620391e-03
   2.0720000e+03   5.9254199e-01   3.2439975e-04
   2.0800000e+03   5.9079752e-01   3.9535655e-04
   2.0880000e+03   5.9113511e-01  -2.6589447e-03
   2.0960000e+03   5.8976381e-01  -3.1785355e-04
   2.1040000e+03   5.8973789e-01  -1.7859919e-03
   2.1120000e+03   5.8721208e-01   1.3731362e-03
   2.1200000e+03   5.8879222e-01   4.2186967e-04
   2.1280000e+03   5.8940116e-01  -4.1472981e-04
   2.1360000e+03   5.8908289e-01   2.5172019e-03
   2.1440000e+03   5.8838453e-01  -4.7096465e-04
   2.1520000e+03   5.8827066e-01   4.8711086e-05
   2.1600000e+03   5.8628943e-01   5.6000633e-04
   2.1680000e+03   5.9008398e-01   1.2248772e-03
   2.1760000e+03   5.8633815e-01  -4.4526710e-04
   2.1840000e+03   5.8953288e-01   1.1995592e-03
   2.1920000e+03   5.8922494e-01  -1.5168268e-03
   2.2000000e+03   5.8946667e-01  -7.2734818e-04
   2.2080000e+03   5.8615395e-01  -1.0669220e-03
   2.2160000e+03   5.8629666e-01   3.0085710e-04
   2.2240000e+03   5.8270145e-01   1.6099494e-03
   2.2320000e+03   5.8447547e-01   2.5172469e-03
   2.2400000e+03   5.8566521e-01   2.2610720e-03
   2.2480000e+03   5.8530724e-01   2.6832019e-03
   2.2560000e+03   5.8668678e-01  -1.9750131e-03
   2.2640000e+03   5.8355358e-01   2.6197608e-03
   2.2720000e+03   5.8300471e-01  -2.0523824e-03
   2.2800000e+03   5.8193828e-01  -3.2635980e-04
   2.2880000e+03   5.8444926e-01   8.9253522e-04
   2.2960000e+03   5.8567040e-01  -8.6039731e-05
   2.3040000e+03   5.8352364e-01   8.7906228e-05
   2.3120000e+03   5.8171953e-01   6.0451076e-04
   2.3200000e+03   5.8304749e-01   1.5951257e-03
   2.3280000e+03   5.8503224e-01   1.2182819e-03
   2.3360000e+03   5.8619098e-01   8.5116959e-04
   2.3440000e+03   5.8151752e-01  -1.2998988e-03
   2.3520000e+03   5.8482745e-01   3.4064039e-03
   2.3600000e+03   5.8114601e-01   2.1194379e-05
   2.3680000e+03   5.8554256e-01  -3.3017789e-03
   2.3760000e+03   5.8197035e-01   1.5507670e-03
   2.3840000e+03   5.8064090e-01  -5.6449100e-04
   2.3920000e+03   5.8251816e-01   2.5374146e-03
   2.4000000e+03   5.8049084e-01   7.7425443e-04
   2.4080000e+03   5.8039321e-01   2.1249525e-03
   2.4160000e+03   5.8102014e-01  -1.1526054e-03
   2.4240000e+03   5.8432657e-01   5.3788679e-04
   2.4320000e+03   5.8070882e-01   3.6447209e-04
   2.4400000e+03   5.8011277e-01  -1.3425180e-03
   2.4480000e+03   5.7953467e-01  -9.6423997e-04
   2.4560000e+03   5.8126195e-01  -2.5450782e-03
   2.4640000e+03   5.8255780e-01  -4.3151897e-04
   2.4720000e+03   5.7998465e-01   1.5104387e-03
   2.4800000e+03   5.8111732e-01   1.8788601e-03
   2.4880000e+03   5.8211724e-01   1.1835375e-03
   2.4960000e+03   5.8311475e-01   9.9556173e-04
   2.5040000e+03   5.7786423e-01  -9.5782558e-04
   2.5120000e+03   5.7876823e-01  -1.3043404e-03
   2.5200000e+03   5.8196207e-01   9.8193864e-04
   2.5280000e+03   5.8120908e-01   3.3032402e-03
   2.5360000e+03   5.8177206e-01   4.4422397e-04
   2.5440000e+03   5.8037015e-01   3.4412013e-04
   2.5520000e+03   5.7976082e-01  -1.2543878e-03
   2.5600000e+03   5.8212638e-01  -1.3028657e-03
   2.5680000e+03   5.8068980e-01  -9.2283832e-04
   2.5760000e+03   5.7901919e-01   1.5273336e-03
   2.5840000e+03   5.8038616e-01  -2.9870487e-04
   2.5920000e+03   5.7934897e-01  -1.8397643e-03
   2.6000000e+03   5.7863653e-01   1.2351463e-03
   2.6080000e+03   5.7882603e-01  -2.7268208e-03
   2.6160000e+03   5.7815225e-01  -1.3090148e-03
   2.6240000e+03   5.7625141e-01  -9.2995075e-05
   2.6320000e+03   5.7702495e-01   2.7844909e-03
   2.6400000e+03   5.7662341e-01  -9.3408501e-04
   2.6480000e+03   5.7877931e-01  -1.8091727e-03
   2.6560000e+03   5.8020657e-01  -3.5475274e-03
   2.6640000e+03   5.8100775e-01  -2.7320013e-03
   2.6720000e+03   5.7740407e-01   1.0199652e-03
   2.6800000e+03   5.7887176e-01  -2.2276158e-03
   2.6880000e+03   5.7883632e-01   1.4688637e-03
   2.6960000e+03   5.7963239e-01   1.7064366e-03
   2.7040000e+03   5.7725000e-01   2.5281218e-03
   2.7120000e+03   5.7685474e-01   1.9633241e-03
   2.7200000e+03   5.7568947e-01  -1.9002093e-03
   2.7280000e+03   5.7702341e-01   1.5970313e-03
   2.7360000e+03   5.7740167e-01  -1.3375521e-04
   2.7440000e+03   5.8044741e-01  -1.1472033e-03
   2.7520000e+03   5.7605574e-01   1.4110732e-03
   2.7600000e+03   5.7582823e-01  -1.0017269e-03
   2.7680000e+03   5.7583921e-01  -2.5895670e-04
   2.7760000e+03   5.7546779e-01   2.7383053e-03
   2.7840000e+03   5.7669452e-01   3.4772485e-04
   2.7920000e+03   5.7633086e-01  -2.0555716e-03
   2.8000000e+03   5.7613155e-01   8.3174844e-04
   2.8080000e+03   5.7583992e-01  -1.0157290e-04
   2.8160000e+03   5.7763814e-01   2.4283956e-03
   2.8240000e+03   5.7705652e-01  -1.1290570e-03
   2.8320000e+03   5.7808695e-01  -2.1485774e-03
   2.8400000e+03   5.7760283e-01   2.3645181e-04
   2.8480000e+03   5.7808097e-01   3.1309365e-04
   2.8560000e+03   5.7857836e-01   5.2996090e-04
   2.8640000e+03   5.7834526e-01   1.9279729e-03
   2.8720000e+03   5.7403810e-01   4.8790155e-05
   2.8800000e+03   5.7662559e-01  -1.6921280e-03
   2.8880000e+03   5.7588077e-01   5.6757773e-04
   2.8960000e+03   5.7588274e-01  -1.6578197e-03
   2.9040000e+03   5.8073972e-01   1.6101978e-03
   2.9120000e+03   5.7540558e-01  -2.7318989e-03
   2.9200000e+03   5.7820107e-01  -1.5346481e-03
   2.9280000e+03   5.7818444e-01   2.0988802e-03
   2.9360000e+03   5.7630969e-01   1.3289677e-03
   2.9440000e+03   5.7737336e-01   1.2451749e-04
   2.9520000e+03   5.7060861e-01   2.4471115e-03
   2.9600000e+03   5.7648248e-01  -8.6441056e-04
   2.9680000e+03   5.7449678e-01   2.4726563e-03
   2.9760000e+03   5.7723027e-01   6.6834848e-04
   2.9840000e+03   5.7739186e-01   3.0283286e-04
   2.9920000e+03   5.7725994e-01  -1.8773351e-04
   3.0000000e+03   5.7364606e-01  -2.4394588e-03
   3.0080000e+03   5.7385539e-01  -3.4105123e-03
   3.0160000e+03   5.7431816e-01  -1.9481330e-03
   3.0240000e+03   5.7609888e-01  -9.1790691e-04
   3.0320000e+03   5.7510687e-01  -1.1768558e-03
   3.0400000e+03   5.7383304e-01   1.8286806e-03
   3.0480000e+03   5.8114880e-01  -9.6377536e-04
   3.0560000e+03   5.7597502e-01  -5.5677115e-04
   3.0640000e+03   5.7570769e-01  -2.4972314e-03
   3.0720000e+03   5.7746597e-01   1.4148953e-03
   3.0800000e+03   5.7530330e-01   2.4084346e-03
   3.0880000e+03   5.7584291e-01   1.4567280e-03
   3.0960000e+03   5.7780977e-01  -9.5459124e-04
   3.1040000e+03   5.7746568e-01   2.8288265e-03
   3.1120000e+03   5.7432687e-01   6.4008020e-04
   3.1200000e+03   5.7413316e-01  -6.1543235e-04
   3.1280000e+03   5.7755445e-01  -1.0211850e-03
   3.1360000e+03   5.8355417e-01  -2.3497372e-04
   3.1440000e+03   5.7764393e-01   1.7886773e-04
   3.1520000e+03   5.7946921e-01  -3.1165648e-04
   3.1600000e+03   5.8060282e-01  -1.9372549e-03
   3.1680000e+03   5.7788583e-01   9.5137675e-04
   3.1760000e+03   5.7810739e-01  -2.2994209e-04
   3.1840000e+03   5.7884049e-01   2.1639648e-03
   3.1920000e+03   5.7871012e-01   1.8774212e-03
   3.2000000e+03   5.7849373e-01   1.5416391e-03
   3.2080000e+03   5.7885425e-01   8.5074540e-04
   3.2160000e+03   5.8024638e-01  -2.3984822e-03
   3.2240000e+03   5.7848883e-01   7.7549441e-04
   3.2320000e+03   5.7972758e-01   5.5798987e-04
   3.2400000e+03   5.7743410e-01  -2.0583239e-04
   3.2480000e+03   5.7983587e-01   4.1720248e-04
   3.2560000e+03   5.7811207e-01  -2.3438125e-03
   3.2640000e+03   5.7783082e-01  -2.6942824e-03
   3.2720000e+03   5.7933280e-01   3.9638561e-04
   3.2800000e+03   5.7892958e-01  -1.7534279e-03
   3.2880000e+03   5.8092657e-01   3.7235433e-03
   3.2960000e+03   5.7657781e-01  -3.4657584e-03
   3.3040000e+03   5.7803923e-01   4.6008945e-03
   3.3120000e+03   5.7733732e-01   6.3695832e-05
   3.3200000e+03   5.8241059e-01  -2.5381336e-03
   3.3280000e+03   5.8145422e-01  -1.5444761e-03
   3.3360000e+03   5.7925491e-01  -3.8341441e-04
   3.3440000e+03   5.8279862e-01   2.1676656e-04
   3.3520000e+03   5.8144021e-01  -1.2636401e-03
   3.3600000e+03   5.7874340e-01   5.8181747e-04
   3.3680000e+03   5.8191214e-01   3.3362496e-03
   3.3760000e+03   5.8297829e-01   3.2187888e-04
   3.3840000e+03   5.7735362e-01  -1.8306359e-03
   3.3920000e+03   5.8203008e-01   3.2981129e-03
   3.4000000e+03   5.7966010e-01   1.1999471e-05
   3.4080000e+03   5.8132095e-01  -2.0031161e-04
   3.4160000e+03   5.7853712e-01   7.3468316e-05
   3.4240000e+03   5.8111700e-01   2.9450861e-04
   3.4320000e+03   5.8025734e-01  -2.8046411e-03
   3.4400000e+03   5.8129874e-01   1.0489451e-03
   3.4480000e+03   5.8037455e-01  -4.2594583e-03
   3.4560000e+03   5.7961377e-01  -9.5117095e-04
   3.4640000e+03   5.8142154e-01   4.3531123e-04
   3.4720000e+03   5.8235865e-01  -1.0939827e-03
   3.4800000e+03   5.8036745e-01   1.1479898e-03
   3.4880000e+03   5.8093412e-01  -1.3351260e-03
   3.4960000e+03   5.8198341e-01  -1.2206660e-03
   3.5040000e+03   5.8200532e-01  -7.9244193e-04
   3.5120000e+03   5.8089554e-01  -1.9440696e-03
   3.5200000e+03   5.8276475e-01  -2.2915477e-04
   3.5280000e+03   5.8213182e-01   7.1590655e-05
   3.5360000e+03   5.8546715e-01  -6.3122207e-04
   3.5440000e+03   5.8190620e-01   1.0914864e-04
   3.5520000e+03   5.8419513e-01   3.9921858e-04
   3.5600000e+03   5.8386536e-01  -2.0443270e-03
   3.5680000e+03   5.8477135e-01  -3.7543150e-04
   3.5760000e+03   5.8507487e-01   1.0296700e-05
   3.5840000e+03   5.8283152e-01   4.6873718e-04
   3.5920000e+03   5.8425458e-01  -7.6696894e-04
   3.6000000e+03   5.8180759e-01   2.3513936e-03
   3.6080000e+03   5.8359589e-01   9.1959115e-04
   3.6160000e+03   5.8334233e-01   1.7797694e-03
   3.6240000e+03   5.8495620e-01  -2.7259447e-03
   3.6320000e+03   5.8378120e-01  -1.4687010e-03
   3.6400000e+03   5.8585935e-01   6.3468963e-04
   3.6480000e+03   5.8476160e-01  -5.2420135e-04
   3.6560000e+03   5.8526913e-01  -3.6095136e-05
   3.6640000e+03   5.8776654e-01   8.3705616e-04
   3.6720000e+03   5.8468643e-01   7.8582556e-04
   3.6800000e+03   5.8674594e-01   8.3135850e-05
   3.6880000e+03   5.8583967e-01  -5.2065192e-04
   3.6960000e+03   5.8407692e-01  -1.7906573e-03
   3.7040000e+03   5.8683364e-01   2.8651684e-03
   3.7120000e+03   5.8711104e-01   4.2044475e-03
   3.7200000e+03   5.8716463e-01  -1.0335099e-04
   3.7280000e+03   5.8620596e-01   1.1886792e-05
   3.7360000e+03   5.8640777e-01  -1.7422723e-03
   3.7440000e+03   5.8923414e-01   1.3079195e-04
   3.7520000e+03   5.8457596e-01   2.1147994e-05
   3.7600000e+03   5.8407096e-01   1.5220586e-04
   3.7680000e+03   5.8626626e-01  -2.6290961e-03
   3.7760000e+03   5.8621173e-01  -3.0198949e-04
   3.7840000e+03   5.8951764e-01   3.4750684e-04
   3.7920000e+03   5.8587989e-01   1.2040624e-03
   3.8000000e+03   5.8606643e-01  -7.4848665e-04
   3.8080000e+03   5.8819351e-01  -2.2653995e-03
   3.8160000e+03   5.8430455e-01  -1.0292546e-03
   3.8240000e+03   5.8399535e-01  -1.5213982e-03
   3.8320000e+03   5.8747668e-01   1.6675213e-03
   3.8400000e+03   5.8532931e-01   5.7404162e-04
   3.8480000e+03   5.8741552e-01  -4.1348379e-03
   3.8560000e+03   5.8407290e-01  -3.9835316e-03
   3.8640000e+03   5.8724937e-01  -3.0741317e-03
   3.8720000e+03   5.8828466e-01  -3.4687031e-03
   3.8800000e+03   5.8885260e-01   3.7464435e-04
   3.8880000e+03   5.8437518e-01  -2.5999635e-03
   3.8960000e+03   5.8776407e-01   8.5037407e-04
   3.9040000e+03   5.8837516e-01  -1.5796175e-03
   3.9120000e+03   5.8664133e-01  -8.7956262e-04
   3.9200000e+03   5.8642453e-01   1.3617552e-03
   3.9280000e+03   5.8651887e-01   6.6903883e-05
   3.9360000e+03   5.8955519e-01  -1.4830416e-03
   3.9440000e+03   5.8322930e-01  -2.6366571e-04
   3.9520000e+03   5.9006723e-01  -8.7544868e-04
   3.9600000e+03   5.8670710e-01  -3.4694015e-04
   3.9680000e+03   5.8760144e-01  -3.6046810e-04
   3.9760000e+03   5.8611906e-01  -1.8388907e-03
   3.9840000e+03   5.8743187e-01  -8.2669864e-04
   3.9920000e+03   5.8572067e-01  -2.5542542e-03
   4.0000000e+03   5.8632444e-01   2.1544771e-03
   4.0080000e+03   5.8823856e-01  -1.6520519e-03
   4.0160000e+03   5.8537930e-01  -6.6876824e-04
   4.0240000e+03   5.8691969e-01  -2.0014762e-03
   4.0320000e+03   5.8744978e-01  -2.9184585e-03
   4.0400000e+03   5.8786176e-01  -9.1374037e-04
   4.0480000e+03   5.8569298e-01   8.5987177e-04
   4.0560000e+03   5.8780546e-01  -3.4913939e-04
   4.0640000e+03   5.8736137e-01   2.8997521e-03
   4.0720000e+03   5.8737811e-01  -1.2758597e-03
   4.0800000e+03   5.8770075e-01  -2.2578857e-03
   4.0880000e+03   5.8679939e-01   2.9448073e-03
   4.0960000e+03   5.8456833e-01  -1.7870365e-03
   4.1040000e+03   5.8953850e-01   8.5057416e-06
   4.1120000e+03   5.8927160e-01   8.4547012e-04
   4.1200000e+03   5.8972052e-01   1.7703774e-03
   4.1280000e+03   5.8719878e-01   1.4939155e-03
   4.1360000e+03   5.8575821e-01  -1.7926693e-03
   4.1440000e+03   5.8468113e-01   2.4915625e-03
   4.1520000e+03   5.8495176e-01   2.1157150e-03
   4.1600000e+03   5.8579258e-01  -8.4849662e-05
   4.1680000e+03   5.8781458e-01   4.0159577e-04
   4.1760000e+03   5.8755955e-01  -9.7479807e-04
   4.1840000e+03   5.8664899e-01   1.7906330e-03
   4.1920000e+03   5.8536804e-01  -3.0181200e-03
   4.2000000e+03   5.8371416e-01  -1.2308762e-03
   4.2080000e+03   5.8573520e-01  -2.2816809e-03
   4.2160000e+03   5.8793795e-01  -7.8723063e-04
   4.2240000e+03   5.8690872e-01  -1.3684195e-03
   4.2320000e+03   5.8676196e-01  -8.7889717e-04
   4.2400000e+03   5.8732351e-01  -1.7495223e-03
   4.2480000e+03   5.8638890e-01   4.6122970e-03
   4.2560000e+03   5.8524229e-01  -1.3640031e-03
   4.2640000e+03   5.8688863e-01   4.1230166e-04
   4.2720000e+03   5.8429153e-01  -5.1993145e-04
   4.2800000e+03   5.8411660e-01   2.5085472e-03
   4.2880000e+03   5.8503903e-01  -8.2215107e-04
   4.2960000e+03   5.8691491e-01   1.8671595e-03
   4.3040000e+03   5.8434957e-01   1.8314216e-03
   4.3120000e+03   5.8773658e-01   9.1483132e-04
   4.3200000e+03   5.8688073e-01  -6.7579478e-04
   4.3280000e+03   5.8271872e-01   1.4122188e-03
   4.3360000e+03   5.8804189e-01  -4.2265026e-04
   4.3440000e+03   5.8531350e-01  -2.4766466e-03
   4.3520000e+03   5.8582587e-01  -2.5811619e-04
   4.3600000e+03   5.8344174e-01  -3.5101679e-03
   4.3680000e+03   5.8685668e-01   1.9806344e-03
   4.3760000e+03   5.8700028e-01   2.8788812e-03
   4.3840000e+03   5.8326823e-01  -1.2008842e-03
   4.3920000e+03   5.8639268e-01   1.0630467e-03
   4.4000000e+03   5.8036789e-01   2.7148880e-03
   4.4080000e+03   5.8096709e-01   1.7073059e-04
   4.4160000e+03   5.8449226e-01  -1.1455161e-04
   4.4240000e+03   5.8171625e-01  -2.9991107e-03
   4.4320000e+03   5.8338780e-01  -2.7940093e-04
   4.4400000e+03   5.8428736e-01  -9.3963618e-05
   4.4480000e+03   5.8456960e-01  -2.5081389e-04
   4.4560000e+03   5.8484480e-01   3.6346991e-03
   4.4640000e+03   5.8131680e-01  -1.1543446e-03
   4.4720000e+03   5.8265869e-01   1.7776452e-03
   4.4800000e+03   5.8174724e-01  -2.5814830e-03
   4.4880000e+03   5.8274650e-01   2.0157328e-03
   4.4960000e+03   5.8409390e-01  -3.5215642e-04
   4.5040000e+03   5.8185162e-01   9.3069096e-04
   4.5120000e+03   5.7932533e-01  -1.5767598e-04
   4.5200000e+03   5.8130295e-01  -3.9081243e-04
   4.5280000e+03   5.7953734e-01   1.8238821e-03
   4.5360000e+03   5.7848586e-01  -9.2444857e-04
   4.5440000e+03   5.7813907e-01   1.8757088e-03
   4.5520000e+03   5.8145363e-01   8.4379930e-04
   4.5600000e+03   5.7889644e-01   2.4242047e-04
   4.5680000e+03   5.7882555e-01   1.3594177e-03
   4.5760000e+03   5.8150664e-01  -3.6424729e-03
   4.5840000e+03   5.7868000e-01   3.4562625e-05
   4.5920000e+03   5.7762980e-01   2.8855918e-03
   4.6000000e+03   5.7689572e-01  -3.5951187e-03
   4.6080000e+03   5.7806488e-01   1.1784170e-04
   4.6160000e+03   5.7985226e-01   1.5547832e-03
   4.6240000e+03   5.7959185e-01  -9.5561096e-05
   4.6320000e+03   5.7746276e-01  -8.0194981e-04
   4.6400000e+03   5.7802496e-01   1.6576608e-03
   4.6480000e+03   5.7885125e-01  -1.1428805e-04
   4.6560000e+03   5.7669703e-01   1.8449273e-03
   4.6640000e+03   5.7765758e-01  -3.2188956e-04
   4.6720000e+03   5.7731706e-01  -6.1212859e-04
   4.6800000e+03   5.7701514e-01   1.2890319e-03
   4.6880000e+03   5.7688895e-01   1.7008118e-03
   4.6960000e+03   5.7653217e-01  -3.4353118e-03
   4.7040000e+03   5.7870917e-01   4.8484183e-04
   4.7120000e+03   5.7805803e-01  -1.5461541e-04
   4.7200000e+03   5.7713745e-01  -1.3419551e-04
   4.7280000e+03   5.7767152e-01   1.1643558e-03
   4.7360000e+03   5.7477834e-01  -3.3837272e-04
   4.7440000e+03   5.7482538e-01  -1.4199643e-03
   4.7520000e+03   5.7630806e-01  -2.7574593e-03
   4.7600000e+03   5.7428131e-01  -3.0727636e-04
   4.7680000e+03   5.7569315e-01  -1.0672419e-03
   4.7760000e+03   5.7677247e-01   8.4484251e-04
   4.7840000e+03   5.7200058e-01   1.5920666e-04
   4.7920000e+03   5.7457328e-01   1.9477881e-04
   4.8000000e+03   5.7160124e-01  -5.5567304e-04
   4.8080000e+03   5.7114924e-01  -1.2747107e-03
   4.8160000e+03   5.7360281e-01  -8.4678384e-04
   4.8240000e+03   5.6890716e-01   3.2246770e-04
   4.8320000e+03   5.7096271e-01   2.1189442e-03
   4.8400000e+03   5.7274334e-01  -1.7584925e-03
   4.8480000e+03   5.7226552e-01   6.3481411e-04
   4.8560000e+03   5.6881532e-01  -7.0108764e-04
   4.8640000e+03   5.7062897e-01   1.5021274e-03
   4.8720000e+03   5.6868556e-01  -2.0574893e-03
   4.8800000e+03   5.6812538e-01   3.4229342e-05
   4.8880000e+03   5.6743068e-01   2.3149527e-03
   4.8960000e+03   5.7065211e-01  -2.5504143e-03
   4.9040000e+03   5.6986714e-01   2.0536624e-03
   4.9120000e+03   5.6578481e-01   1.6858763e-04
   4.9200000e+03   5.7097858e-01  -5.4197905e-04
   4.9280000e+03   5.6652631e-01   3.1646620e-03
   4.9360000e+03   5.6973334e-01  -2.5367852e-03
   4.9440000e+03   5.6525479e-01  -1.4094975e-03
   4.9520000e+03   5.6600004e-01   1.6867380e-03
   4.9600000e+03   5.6590134e-01  -1.0689143e-03
   4.9680000e+03   5.6746010e-01   5.3575457e-04
   4.9760000e+03   5.6786511e-01   1.8722338e-03
   4.9840000e+03   5.6214124e-01  -6.7538861e-05
   4.9920000e+03   5.6524076e-01  -9.7082291e-04
   5.0000000e+03   5.6519682e-01   1.4077320e-03
   5.0080000e+03   5.6198064e-01   1.3229337e-04
   5.0160000e+03   5.6383634e-01  -2.9204739e-03
   5.0240000e+03   5.6617810e-01   1.7480566e-03
   5.0320000e+03   5.6471876e-01   2.0719962e-03
   5.0400000e+03   5.6171560e-01  -1.2693110e-03
   5.0480000e+03   5.6413946e-01   2.1439470e-03
   5.0560000e+03   5.5994673e-01   1.0992632e-04
   5.0640000e+03   5.5757126e-01   2.8147691e-04
   5.0720000e+03   5.6250315e-01   8.0095607e-04
   5.0800000e+03   5.6634563e-01  -1.1503777e-03
   5.0880000e+03   5.6062807e-01  -1.3315852e-03
   5.0960000e+03   5.6193098e-01   1.2549555e-03
   5.1040000e+03   5.5989795e-01  -7.5363607e-04
   5.1120000e+03   5.5910437e-01   4.2632245e-04
   5.1200000e+03   5.6052994e-01   3.0727556e-03
   5.1280000e+03   5.5734510e-01   1.0576375e-03
   5.1360000e+03   5.5850508e-01  -6.3929125e-04
   5.1440000e+03   5.5816643e-01  -1.5443055e-04
   5.1520000e+03   5.6040700e-01   9.0604950e-04
   5.1600000e+03   5.6031419e-01  -3.0210731e-04
   5.1680000e+03   5.5681114e-01  -5.9750300e-04
   5.1760000e+03   5.5557431e-01  -1.1317420e-03
   5.1840000e+03   5.5687030e-01   4.5286274e-04
   5.1920000e+03   5.5558672e-01  -3.6443197e-03
   5.2000000e+03   5.5549513e-01  -2.2045161e-03
   5.2080000e+03   5.5488912e-01  -4.4711818e-04
   5.2160000e+03   5.5689997e-01   1.0936128e-03
   5.2240000e+03   5.5582698e-01  -4.0971238e-04
   5.2320000e+03   5.5450593e-01  -3.3596211e-03
   5.2400000e+03   5.5271158e-01   3.0084929e-03
   5.2480000e+03   5.5619240e-01  -2.0957430e-04
   5.2560000e+03   5.5117427e-01   2.9588599e-03
   5.2640000e+03   5.5117545e-01   1.0950470e-03
   5.2720000e+03   5.5254146e-01   2.1301122e-03
   5.2800000e+03   5.5250357e-01   2.1525818e-03
   5.2880000e+03   5.5150054e-01  -1.7049599e-03
   5.2960000e+03   5.5091487e-01  -8.6978105e-04
   5.3040000e+03   5.4809974e-01   1.2181881e-03
   5.3120000e+03   5.4872475e-01   1.5163161e-03
   5.3200000e+03   5.5006072e-01   1.5317391e-03
   5.3280000e+03   5.5180017e-01  -8.4412308e-04
   5.3360000e+03   5.4937085e-01   5.3771736e-04
   5.3440000e+03   5.4826547e-01  -2.5713211e-04
   5.3520000e+03   5.5111035e-01   8.0988090e-04
   5.3600000e+03   5.4951747e-01   1.9460836e-03
   5.3680000e+03   5.4822100e-01   1.5915666e-03
   5.3760000e+03   5.4911403e-01  -5.0180364e-04
   5.3840000e+03   5.5036266e-01  -3.1086331e-04
   5.3920000e+03   5.4527963e-01   3.9242745e-04
   5.4000000e+03   5.4748807e-01  -5.4563320e-04
   5.4080000e+03   5.4495335e-01  -2.8723040e-04
   5.4160000e+03   5.4802007e-01  -1.9170623e-03
   5.4240000e+03   5.4885883e-01  -1.5409063e-03
   5.4320000e+03   5.4672157e-01   6.8311761e-04
   5.4400000e+03   5.4695079e-01   5.0517097e-04
