   0.0000000e+00   8.9008028e-01  -1.4959524e-03
   8.0000000e+00   8.8897831e-01   2.9326553e-03
   1.6000000e+01   8.9838099e-01   5.2856418e-04
   2.4000000e+01   9.0193264e-01  -2.5248317e-03
   3.2000000e+01   9.0504846e-01   3.1390066e-03
   4.0000000e+01   9.1307938e-01   1.6022219e-03
   4.8000000e+01   9.2222060e-01  -3.5450925e-04
   5.6000000e+01   9.2464534e-01  -5.0955432e-03
   6.4000000e+01   9.4255098e-01  -2.1017945e-03
   7.2000000e+01   9.5026549e-01  -1.0731945e-03
   8.0000000e+01   9.6485153e-01  -1.6682013e-03
   8.8000000e+01   9.7415866e-01  -3.2689430e-03
   9.6000000e+01   9.8746884e-01  -1.5878105e-03
   1.0400000e+02   9.9415680e-01  -2.3904986e-03
   1.1200000e+02   9.9860555e-01  -2.0725115e-04
   1.2000000e+02   9.9415680e-01   1.3437246e-04
   1.2800000e+02   9.8746884e-01  -5.9747406e-04
   1.3600000e+02   9.7415866e-01  -5.9079241e-04
   1.4400000e+02   9.6485153e-01  -1.1502737e-03
   1.5200000e+02   9.5026549e-01   4.6893188e-04
   1.6000000e+02   9.4255098e-01  -7.3059996e-04
   1.6800000e+02   9.2464534e-01  -2.2540637e-03
   1.7600000e+02   9.2222060e-01  -3.3238983e-04
   1.8400000e+02   9.1307938e-01   4.5632272e-04
   1.9200000e+02   9.0504846e-01  -2.2185347e-03
   2.0000000e+02   9.0193264e-01   2.7286990e-04
   2.0800000e+02   8.9838099e-01  -6.7103968e-04
   2.1600000e+02   8.8897831e-01   1.1513351e-03
   2.2400000e+02   8.9008028e-01  -1.8823229e-03
   2.3200000e+02   8.8210613e-01  -1.8979199e-03
   2.4000000e+02   8.7713486e-01   1.5651656e-03
   2.4800000e+02   8.7529882e-01  -1.7092987e-03
   2.5600000e+02   8.7043381e-01   7.3095346e-04
   2.6400000e+02   8.6738360e-01   8.2720677e-04
   2.7200000e+02   8.6110725e-01   1.2293053e-03
   2.8000000e+02   8.6003247e-01  -1.2382610e-03
   2.8800000e+02   8.5527721e-01  -1.2287178e-03
   2.9600000e+02   8.5259579e-01   3.6842564e-03
   3.0400000e+02   8.4972974e-01   1.8538107e-03
   3.1200000e+02   8.4306661e-01   1.0929718e-03
   3.2000000e+02   8.4566099e-01  -2.8515511e-03
   3.2800000e+02   8.3889389e-01   7.7443221e-04
   3.3600000e+02   8.3578349e-01   2.2586944e-03
   3.4400000e+02   8.3435687e-01   6.5259929e-04
   3.5200000e+02   8.2831462e-01   3.3254967e-04
   3.6000000e+02   8.2765088e-01  -3.7686388e-04
   3.6800000e+02   8.2417664e-01   5.6239324e-03
   3.7600000e+02   8.2080298e-01   2.5515954e-03
   3.8400000e+02   8.1818013e-01  -1.6621632e-03
   3.9200000e+02   8.1424330e-01   2.1895588e-03
   4.0000000e+02   8.1275897e-01  -1.2023553e-03
   4.0800000e+02   8.0961462e-01   2.5274694e-03
   4.1600000e+02   8.0390556e-01   3.7184362e-03
   4.2400000e+02   8.0390141e-01   2.2815279e-04
   4.3200000e+02   8.0216700e-01   1.8410893e-03
   4.4000000e+02   7.9374483e-01   1.8479609e-03
   4.4800000e+02   7.9695863e-01  -6.3031375e-04
   4.5600000e+02   7.9018551e-01  -9.9793406e-05
   4.6400000e+02   7.8521188e-01   7.8605294e-04
   4.7200000e+02   7.8271324e-01  -3.1251034e-03
   4.8000000e+02   7.8419428e-01  -3.3778830e-03
   4.8800000e+02   7.7724296e-01   4.6055674e-03
   4.9600000e+02   7.8091592e-01  -6.7944901e-04
   5.0400000e+02   7.7511109e-01  -2.8174501e-03
   5.1200000e+02   7.7357277e-01  -7.1483229e-04
   5.2000000e+02   7.6996966e-01   7.3690098e-04
   5.2800000e+02   7.7098509e-01  -7.8936379e-04
   5.3600000e+02   7.6693511e-01  -2.0532123e-03
   5.4400000e+02   7.6393288e-01   2.8675328e-03
   5.5200000e+02   7.6347791e-01  -8.8311966e-04
   5.6000000e+02   7.6031970e-01   2.4083486e-03
   5.6800000e+02   7.5542789e-01  -1.6326368e-03
   5.7600000e+02   7.6024696e-01   1.1224145e-03
   5.8400000e+02   7.5567735e-01  -5.2821062e-05
   5.9200000e+02   7.5308560e-01  -6.8298918e-05
   6.0000000e+02   7.4990477e-01   2.8234986e-03
   6.0800000e+02   7.4998930e-01   2.3767515e-03
   6.1600000e+02   7.4867858e-01   1.3882612e-03
   6.2400000e+02   7.4723711e-01  -2.4981351e-03
   6.3200000e+02   7.4451255e-01   3.5433468e-04
   6.4000000e+02   7.4505665e-01   5.0095299e-04
   6.4800000e+02   7.3832870e-01   2.5904697e-03
   6.5600000e+02   7.4302905e-01  -1.2444790e-03
   6.6400000e+02   7.3893308e-01  -2.2376469e-04
   6.7200000e+02   7.3592477e-01   2.8342355e-04
   6.8000000e+02   7.3780078e-01   5.6942851e-04
   6.8800000e+02   7.3900304e-01   1.2443098e-03
   6.9600000e+02   7.3508774e-01   2.2116984e-03
   7.0400000e+02   7.3167897e-01   1.2155852e-03
   7.1200000e+02   7.3180623e-01  -2.6621445e-03
   7.2000000e+02   7.2858088e-01   1.6834899e-04
   7.2800000e+02   7.3105736e-01   2.4435825e-03
   7.3600000e+02   7.2369856e-01  -8.2179459e-04
   7.4400000e+02   7.2699248e-01  -1.4617510e-04
   7.5200000e+02   7.2217186e-01  -2.4330620e-03
   7.6000000e+02   7.2443104e-01  -2.2112997e-03
   7.6800000e+02   7.2001401e-01   2.9934900e-03
   7.7600000e+02   7.2009980e-01   8.5192526e-04
   7.8400000e+02   7.1869109e-01   1.1502757e-03
   7.9200000e+02   7.2346668e-01  -9.1121067e-04
   8.0000000e+02   7.1632320e-01   1.4129103e-03
   8.0800000e+02   7.1418376e-01  -1.1668549e-03
   8.1600000e+02   7.1383691e-01   5.0764602e-04
   8.2400000e+02   7.1297099e-01  -8.1426822e-04
   8.3200000e+02   7.1207191e-01   2.7347310e-03
   8.4000000e+02   7.1088943e-01   1.9385264e-03
   8.4800000e+02   7.1020498e-01  -4.6691797e-03
   8.5600000e+02   7.1328730e-01  -1.3148247e-04
   8.6400000e+02   7.0864615e-01  -9.8494301e-04
   8.7200000e+02   7.0643731e-01   2.3029579e-03
   8.8000000e+02   7.0486516e-01   1.5258816e-03
   8.8800000e+02   7.0487244e-01  -2.9535420e-03
   8.9600000e+02   7.0185845e-01   9.8785811e-04
   9.0400000e+02   7.0525261e-01   5.0037068e-03
   9.1200000e+02   7.0641635e-01  -1.5939173e-03
   9.2000000e+02   7.0490804e-01   3.1195454e-03
   9.2800000e+02   6.9602180e-01   4.5573076e-03
   9.3600000e+02   7.0018277e-01   2.8697904e-03
   9.4400000e+02   6.9950831e-01  -4.1857600e-03
   9.5200000e+02   6.9860588e-01  -1.4335951e-03
   9.6000000e+02   6.9698941e-01   1.3459300e-03
   9.6800000e+02   6.9210439e-01  -1.1433399e-03
   9.7600000e+02   6.9277578e-01  -1.2141652e-03
   9.8400000e+02   6.9030145e-01  -8.4628841e-04
   9.9200000e+02   6.9172600e-01  -1.0759501e-03
   1.0000000e+03   6.9083575e-01   2.8406468e-03
   1.0080000e+03   6.9038176e-01   1.5559327e-03
   1.0160000e+03   6.8942623e-01  -1.5133049e-03
   1.0240000e+03   6.8393411e-01   1.8100361e-03
   1.0320000e+03   6.8767194e-01  -5.4330642e-04
   1.0400000e+03   6.8600490e-01  -3.0662795e-03
   1.0480000e+03   6.8119829e-01   3.6067337e-03
   1.0560000e+03   6.8530893e-01   5.3727043e-04
   1.0640000e+03   6.7899727e-01   7.8116059e-04
   1.0720000e+03   6.8234864e-01   6.2880698e-04
   1.0800000e+03   6.8182764e-01   1.1619778e-03
   1.0880000e+03   6.7713035e-01  -1.6049500e-03
   1.0960000e+03   6.7929556e-01  -3.9875023e-04
   1.1040000e+03   6.7872340e-01   2.3124927e-03
   1.1120000e+03   6.7799830e-01   1.0140480e-03
   1.1200000e+03   6.7878104e-01   2.4218502e-04
   1.1280000e+03   6.7096874e-01  -3.1295110e-03
   1.1360000e+03   6.6833902e-01   4.0774259e-03
   1.1440000e+03   6.6973514e-01   3.8116661e-03
   1.1520000e+03   6.7038701e-01   2.0311735e-03
   1.1600000e+03   6.6664576e-01   5.3340498e-04
   1.1680000e+03   6.6795358e-01   9.6236951e-04
   1.1760000e+03   6.6931756e-01  -1.2161104e-03
   1.1840000e+03   6.6731380e-01   1.3826942e-03
   1.1920000e+03   6.6794120e-01  -2.1412586e-04
   1.2000000e+03   6.6225280e-01  -1.4193179e-03
   1.2080000e+03   6.6341698e-01   2.5772090e-03
   1.2160000e+03   6.6206262e-01   1.5017660e-03
   1.2240000e+03   6.6169464e-01  -5.7929152e-03
   1.2320000e+03   6.5514692e-01  -1.3991198e-03
   1.2400000e+03   6.5771425e-01   5.2030634e-03
   1.2480000e+03   6.5822774e-01   1.2055638e-03
   1.2560000e+03   6.5621207e-01  -2.8276336e-03
   1.2640000e+03   6.5123771e-01  -8.0369602e-04
   1.2720000e+03   6.5058889e-01   1.1345484e-04
   1.2800000e+03   6.5107062e-01  -1.3524205e-03
   1.2880000e+03   6.5196589e-01   1.3471057e-03
   1.2960000e+03   6.4711050e-01   1.3855689e-03
   1.3040000e+03   6.4852481e-01  -4.5632994e-03
   1.3120000e+03   6.4824441e-01  -1.2663730e-03
   1.3200000e+03   6.4706091e-01  -1.6969160e-03
   1.3280000e+03   6.5027786e-01   3.8920854e-04
   1.3360000e+03   6.4048117e-01  -2.4652090e-03
   1.3440000e+03   6.4326585e-01  -2.3079117e-03
   1.3520000e+03   6.4429295e-01  -3.1786800e-03
   1.3600000e+03   6.3936529e-01   4.1006950e-03
   1.3680000e+03   6.3943356e-01   1.6996367e-03
   1.3760000e+03   6.3971263e-01   3.0739575e-03
   1.3840000e+03   6.3978468e-01  -5.8705684e-04
   1.3920000e+03   6.3945460e-01   7.8758302e-04
   1.4000000e+03   6.3644669e-01   3.0213796e-04
   1.4080000e+03   6.3418253e-01  -1.1016779e-03
   1.4160000e+03   6.3443150e-01  -7.6516719e-04
   1.4240000e+03   6.3218525e-01   3.0296730e-03
   1.4320000e+03   6.3250121e-01  -1.6487825e-03
   1.4400000e+03   6.3507592e-01  -2.3806508e-03
   1.4480000e+03   6.2817522e-01  -1.5974388e-03
   1.4560000e+03   6.3045545e-01   3.9157838e-03
   1.4640000e+03   6.2929472e-01  -9.9906007e-04
   1.4720000e+03   6.2782071e-01  -4.3539963e-04
   1.4800000e+03   6.2764781e-01  -1.5431873e-03
   1.4880000e+03   6.2823853e-01  -1.9089863e-03
   1.4960000e+03   6.2858711e-01  -2.1286892e-04
   1.5040000e+03   6.2607168e-01   2.9340654e-03
   1.5120000e+03   6.2403453e-01  -1.2973631e-03
   1.5200000e+03   6.2186055e-01   9.4660343e-04
   1.5280000e+03   6.2477625e-01   1.4242271e-03
   1.5360000e+03   6.2122030e-01  -2.4398701e-03
   1.5440000e+03   6.2026365e-01  -2.8227899e-03
   1.5520000e+03   6.2299854e-01   4.7453803e-04
   1.5600000e+03   6.1858277e-01  -1.2701054e-03
   1.5680000e+03   6.1474245e-01   1.6916172e-03
   1.5760000e+03   6.2053060e-01   1.7741159e-03
   1.5840000e+03   6.1932308e-01   2.8849305e-03
   1.5920000e+03   6.1711342e-01   3.0107353e-03
   1.6000000e+03   6.1998264e-01  -1.8088294e-04
   1.6080000e+03   6.1509866e-01  -2.8815008e-03
   1.6160000e+03   6.1510346e-01   2.4444161e-04
   1.6240000e+03   6.1188614e-01   2.3101370e-03
   1.6320000e+03   6.1216338e-01  -1.6253025e-04
   1.6400000e+03   6.1183100e-01  -1.0201354e-03
   1.6480000e+03   6.1259566e-01   3.8045289e-04
   1.6560000e+03   6.1157362e-01  -1.8004918e-03
   1.6640000e+03   6.0723225e-01   1.4955679e-03
   1.6720000e+03   6.0851743e-01   9.6805454e-04
   1.6800000e+03   6.0721053e-01   2.0577609e-03
   1.6880000e+03   6.0647978e-01   3.8102670e-03
   1.6960000e+03   6.0473162e-01   3.3823960e-03
   1.7040000e+03   6.0715417e-01  -7.9305073e-04
   1.7120000e+03   6.1089650e-01  -2.4456993e-03
   1.7200000e+03   6.0356628e-01   1.3312752e-04
   1.7280000e+03   6.0496230e-01   1.8640238e-03
   1.7360000e+03   6.0661042e-01  -4.2413922e-04
   1.7440000e+03   6.0289919e-01  -1.8445713e-04
   1.7520000e+03   6.0545356e-01  -4.2798646e-04
   1.7600000e+03   6.0204013e-01  -2.7981140e-03
   1.7680000e+03   6.0411073e-01   1.2302143e-03
   1.7760000e+03   6.0030962e-01   3.1660258e-03
   1.7840000e+03   6.0156935e-01   3.1542276e-03
   1.7920000e+03   5.9823999e-01   1.8506171e-03
   1.8000000e+03   5.9764597e-01   1.0225397e-03
   1.8080000e+03   5.9957254e-01   4.9549335e-04
   1.8160000e+03   6.0014475e-01   2.8551408e-03
   1.8240000e+03   5.9678708e-01   1.1594523e-03
   1.8320000e+03   5.9506764e-01  -6.9440789e-04
   1.8400000e+03   5.9759898e-01   3.2436161e-03
   1.8480000e+03   5.9373015e-01  -1.3873621e-03
   1.8560000e+03   5.9317283e-01   2.0910402e-03
   1.8640000e+03   5.9452105e-01   2.0790552e-03
   1.8720000e+03   5.9615199e-01   1.9445301e-03
   1.8800000e+03   5.9472228e-01   7.4499280e-04
   1.8880000e+03   5.9028582e-01   7.3970883e-04
   1.8960000e+03   5.9231544e-01  -4.1937172e-03
   1.9040000e+03   5.9407761e-01  -1.4602205e-03
   1.9120000e+03   5.9049036e-01   2.2731721e-03
   1.9200000e+03   5.8961969e-01   1.5984427e-03
   1.9280000e+03   5.8948307e-01   1.4557965e-03
   1.9360000e+03   5.8993559e-01  -2.1807126e-03
   1.9440000e+03   5.8976529e-01   3.1725506e-03
   1.9520000e+03   5.8715781e-01   4.5642023e-04
   1.9600000e+03   5.9044553e-01  -2.6418693e-03
   1.9680000e+03   5.8976776e-01   3.7351494e-03
   1.9760000e+03   5.8658332e-01  -8.9355343e-04
   1.9840000e+03   5.8372445e-01   8.3440459e-04
   1.9920000e+03   5.8732816e-01   5.0933289e-03
   2.0000000e+03   5.8848834e-01   1.5416390e-03
   2.0080000e+03   5.8656500e-01   1.4398463e-03
   2.0160000e+03   5.8643355e-01  -2.6304137e-03
   2.0240000e+03   5.8270961e-01   3.4787241e-04
   2.0320000e+03   5.8176443e-01  -3.5542898e-03
   2.0400000e+03   5.8672784e-01   2.6216869e-03
   2.0480000e+03   5.8260119e-01  -1.7375578e-03
   2.0560000e+03   5.8299713e-01  -5.2301237e-04
   2.0640000e+03   5.7941600e-01   1.2225964e-03
   2.0720000e+03   5.8292571e-01   1.8809193e-03
   2.0800000e+03   5.8365974e-01  -2.1263814e-03
   2.0880000e+03   5.7873342e-01   8.0977969e-04
   2.0960000e+03   5.8468013e-01  -3.8754493e-03
   2.1040000e+03   5.8014342e-01   2.2448351e-03
   2.1120000e+03   5.8171123e-01  -6.7482565e-04
   2.1200000e+03   5.7608546e-01  -1.6526914e-03
   2.1280000e+03   5.7885704e-01  -1.9170509e-03
   2.1360000e+03   5.8098032e-01  -3.6919508e-04
   2.1440000e+03   5.7805861e-01  -2.6484823e-03
   2.1520000e+03   5.8044415e-01  -3.8102220e-04
   2.1600000e+03   5.7817119e-01   1.6428341e-03
   2.1680000e+03   5.7197009e-01   3.3813955e-05
   2.1760000e+03   5.7637459e-01  -6.6543455e-04
   2.1840000e+03   5.7587157e-01   2.1702380e-04
   2.1920000e+03   5.7624970e-01  -4.0736010e-03
   2.2000000e+03   5.7498476e-01  -1.0483217e-03
   2.2080000e+03   5.7756178e-01  -1.2804616e-04
   2.2160000e+03   5.7550866e-01  -2.1323710e-03
   2.2240000e+03   5.7552148e-01  -2.1858990e-03
   2.2320000e+03   5.7704384e-01   2.3388909e-03
   2.2400000e+03   5.7453123e-01   8.2836364e-04
   2.2480000e+03   5.7441582e-01  -8.2346023e-06
   2.2560000e+03   5.6784786e-01   6.1333863e-04
   2.2640000e+03   5.7271846e-01   3.0842784e-04
   2.2720000e+03   5.7120312e-01   4.6097906e-04
   2.2800000e+03   5.7393928e-01   1.2415861e-03
   2.2880000e+03   5.7362273e-01  -3.0807099e-04
   2.2960000e+03   5.6812369e-01   4.5227734e-04
   2.3040000e+03   5.7056865e-01   2.7965525e-03
   2.3120000e+03   5.6540442e-01   2.4761894e-03
   2.3200000e+03   5.6976128e-01  -2.6691953e-03
   2.3280000e+03   5.7165713e-01  -1.1276134e-03
   2.3360000e+03   5.7110589e-01   3.7959167e-03
   2.3440000e+03   5.6804470e-01  -1.5961132e-03
   2.3520000e+03   5.6550717e-01  -8.8693436e-04
   2.3600000e+03   5.6904684e-01   1.5838603e-03
   2.3680000e+03   5.6551805e-01   1.8450642e-03
   2.3760000e+03   5.6515062e-01   8.1396129e-04
   2.3840000e+03   5.6087963e-01  -2.1035441e-03
   2.3920000e+03   5.6884810e-01  -5.1809564e-04
   2.4000000e+03   5.6595056e-01   1.8732501e-03
   2.4080000e+03   5.6671163e-01   1.5735740e-04
   2.4160000e+03   5.6703895e-01   2.3038537e-03
   2.4240000e+03   5.6212643e-01   4.5145166e-03
   2.4320000e+03   5.6399882e-01  -1.9851588e-03
   2.4400000e+03   5.6444037e-01   7.8265673e-04
   2.4480000e+03   5.6226931e-01  -5.7288426e-03
   2.4560000e+03   5.6778001e-01   5.6896223e-04
   2.4640000e+03   5.6344356e-01   3.0227556e-04
   2.4720000e+03   5.6278776e-01  -1.8866436e-03
   2.4800000e+03   5.5753429e-01  -3.9706707e-03
   2.4880000e+03   5.6386058e-01   2.7392872e-03
   2.4960000e+03   5.5978976e-01   4.5545779e-04
   2.5040000e+03   5.6504845e-01  -1.1635853e-03
   2.5120000e+03   5.6252165e-01  -1.2023041e-03
   2.5200000e+03   5.6349895e-01  -2.0264176e-03
   2.5280000e+03   5.6350902e-01  -1.5037770e-03
   2.5360000e+03   5.5725599e-01   2.8672080e-03
   2.5440000e+03   5.6251284e-01   9.1834334e-04
   2.5520000e+03   5.5852140e-01   5.8605893e-04
   2.5600000e+03   5.5886964e-01  -2.8421768e-03
   2.5680000e+03   5.5717127e-01   9.7589245e-04
   2.5760000e+03   5.5947717e-01  -1.6738927e-03
   2.5840000e+03   5.5725553e-01   5.2945215e-04
   2.5920000e+03   5.5792213e-01   5.1769861e-04
   2.6000000e+03   5.5904180e-01  -2.3568870e-04
   2.6080000e+03   5.5739064e-01  -2.5791246e-03
   2.6160000e+03   5.5615220e-01  -3.3400765e-04
   2.6240000e+03   5.5509859e-01   1.1590476e-03
   2.6320000e+03   5.5537309e-01  -1.2185592e-03
   2.6400000e+03   5.5325729e-01  -7.7774536e-04
   2.6480000e+03   5.5649579e-01  -1.0272276e-03
   2.6560000e+03   5.5509855e-01   1.8972749e-03
   2.6640000e+03   5.5320812e-01   2.4441406e-04
   2.6720000e+03   5.5397433e-01   1.9652422e-03
   2.6800000e+03   5.5509231e-01  -6.1516228e-04
   2.6880000e+03   5.5456550e-01   1.7015483e-03
   2.6960000e+03   5.4833517e-01   6.6430531e-04
   2.7040000e+03   5.5503890e-01  -1.2891034e-03
   2.7120000e+03   5.5250796e-01   2.3148559e-03
   2.7200000e+03   5.5270780e-01   3.1052821e-03
   2.7280000e+03   5.5042106e-01   3.3583492e-03
   2.7360000e+03   5.5082605e-01  -2.6061306e-03
   2.7440000e+03   5.5125762e-01  -2.2530116e-03
   2.7520000e+03   5.5255748e-01  -1.8865864e-03
   2.7600000e+03   5.5256616e-01   6.1092122e-04
   2.7680000e+03   5.5284107e-01  -2.6554396e-03
   2.7760000e+03   5.4912658e-01   3.1953904e-03
   2.7840000e+03   5.5071064e-01   1.8583772e-03
   2.7920000e+03   5.4942210e-01  -7.1385712e-04
   2.8000000e+03   5.4722804e-01  -1.8087372e-03
   2.8080000e+03   5.4886181e-01   4.0669047e-03
   2.8160000e+03   5.4776318e-01  -2.0567481e-03
   2.8240000e+03   5.5091053e-01   1.7353163e-04
   2.8320000e+03   5.4984656e-01  -1.0161028e-03
   2.8400000e+03   5.5102749e-01   1.6029127e-03
   2.8480000e+03   5.5117657e-01  -2.7779396e-04
   2.8560000e+03   5.4654913e-01  -1.7108201e-03
   2.8640000e+03   5.4733686e-01   1.2098567e-03
   2.8720000e+03   5.4570340e-01  -2.7966581e-03
   2.8800000e+03   5.4531311e-01  -6.0975272e-04
   2.8880000e+03   5.4263541e-01   2.5148018e-03
   2.8960000e+03   5.4713643e-01  -2.3183990e-03
   2.9040000e+03   5.4702684e-01   5.2825152e-04
   2.9120000e+03   5.4760731e-01  -2.9212292e-03
   2.9200000e+03   5.4478278e-01  -1.3458616e-03
   2.9280000e+03   5.4674526e-01   3.3201375e-04
   2.9360000e+03   5.4164918e-01  -3.7190097e-05
   2.9440000e+03   5.4915432e-01  -2.8679095e-03
   2.9520000e+03   5.4279337e-01  -1.8546642e-03
   2.9600000e+03   5.4556801e-01  -3.6536259e-03
   2.9680000e+03   5.4040774e-01  -3.3140097e-03
   2.9760000e+03   5.4431059e-01  -1.9189197e-03
   2.9840000e+03   5.3939452e-01   2.4199293e-04
   2.9920000e+03   5.4354468e-01  -1.7078021e-03
   3.0000000e+03   5.4461787e-01   1.1838578e-03
   3.0080000e+03   5.4142354e-01  -2.7170408e-04
   3.0160000e+03   5.4175268e-01  -1.6118813e-03
   3.0240000e+03   5.3960609e-01   1.8809989e-03
   3.0320000e+03   5.3866725e-01   5.4973070e-04
   3.0400000e+03   5.4167334e-01  -1.4206151e-03
   3.0480000e+03   5.3992898e-01  -1.0788755e-03
   3.0560000e+03   5.3799864e-01   2.4939655e-03
   3.0640000e+03   5.3892064e-01  -4.8970777e-04
   3.0720000e+03   5.3948930e-01   6.1573660e-04
   3.0800000e+03   5.4158163e-01   2.7537548e-03
   3.0880000e+03   5.3790816e-01   8.1320791e-04
   3.0960000e+03   5.3948274e-01  -3.0233763e-03
   3.1040000e+03   5.3844001e-01  -5.2447369e-04
   3.1120000e+03   5.3855797e-01  -9.2545482e-04
   3.1200000e+03   5.3732364e-01  -5.5623291e-03
   3.1280000e+03   5.3605745e-01   1.7676891e-03
   3.1360000e+03   5.3802523e-01   2.3935188e-03
   3.1440000e+03   5.3457663e-01  -2.0527527e-03
   3.1520000e+03   5.3581698e-01  -2.0959170e-03
   3.1600000e+03   5.3895835e-01  -2.5862864e-03
   3.1680000e+03   5.3571090e-01   2.3283211e-03
   3.1760000e+03   5.3550701e-01   4.1724846e-03
   3.1840000e+03   5.3654669e-01   4.5202647e-03
   3.1920000e+03   5.3851753e-01   3.3578126e-03
   3.2000000e+03   5.3474723e-01  -1.5652778e-03
   3.2080000e+03   5.3343127e-01   1.6613960e-03
   3.2160000e+03   5.3516488e-01   8.9587921e-04
   3.2240000e+03   5.3377946e-01   2.8291345e-03
   3.2320000e+03   5.3978054e-01  -5.7539258e-04
   3.2400000e+03   5.3432433e-01  -2.6064219e-03
   3.2480000e+03   5.3383544e-01   3.2306858e-04
   3.2560000e+03   5.3855899e-01  -3.3006069e-03
   3.2640000e+03   5.3403267e-01  -1.0018740e-03
   3.2720000e+03   5.3263993e-01   2.9349901e-03
   3.2800000e+03   5.3102752e-01   2.3401301e-03
   3.2880000e+03   5.3477008e-01   2.9666587e-04
   3.2960000e+03   5.3579102e-01   1.6247350e-04
   3.3040000e+03   5.3256607e-01  -3.1535054e-03
   3.3120000e+03   5.3063258e-01   5.4712620e-04
   3.3200000e+03   5.3205531e-01   1.2403086e-03
   3.3280000e+03   5.3248835e-01   1.2347989e-03
   3.3360000e+03   5.3180977e-01   4.8509611e-03
   3.3440000e+03   5.3131941e-01   1.0019749e-03
   3.3520000e+03   5.2860308e-01  -2.6695210e-04
   3.3600000e+03   5.3219230e-01  -2.9736561e-04
   3.3680000e+03   5.2888542e-01   4.0270402e-03
   3.3760000e+03   5.3100898e-01   3.4831769e-04
   3.3840000e+03   5.2962521e-01   2.9597398e-03
   3.3920000e+03   5.2920032e-01   1.5977270e-04
   3.4000000e+03   5.3044379e-01   1.4636740e-03
   3.4080000e+03   5.2450054e-01  -1.0911175e-03
   3.4160000e+03   5.3046758e-01   2.6417970e-03
   3.4240000e+03   5.2539643e-01  -4.0966640e-03
   3.4320000e+03   5.2660547e-01   3.0347698e-03
   3.4400000e+03   5.2601364e-01  -1.4017682e-03
   3.4480000e+03   5.2898156e-01   2.0945505e-03
   3.4560000e+03   5.2588832e-01   2.9459667e-03
   3.4640000e+03   5.2754559e-01   4.1378976e-04
   3.4720000e+03   5.2702057e-01   2.7839960e-03
   3.4800000e+03   5.2702003e-01  -2.6456046e-05
   3.4880000e+03   5.2879767e-01   6.2858538e-04
   3.4960000e+03   5.2618337e-01  -2.3871906e-03
   3.5040000e+03   5.2548238e-01  -4.0182797e-03
   3.5120000e+03   5.2676922e-01  -1.0494056e-03
   3.5200000e+03   5.2752268e-01   7.1255845e-04
   3.5280000e+03   5.2679634e-01   1.3886579e-03
   3.5360000e+03   5.2476507e-01  -2.5136401e-04
   3.5440000e+03   5.2420151e-01  -1.8873756e-03
   3.5520000e+03   5.2540991e-01   3.1708368e-03
   3.5600000e+03   5.2444762e-01  -2.8426166e-03
   3.5680000e+03   5.2380250e-01  -3.3193742e-05
   3.5760000e+03   5.2220420e-01  -1.2617904e-03
   3.5840000e+03   5.2245700e-01   1.3947550e-03
   3.5920000e+03   5.2505555e-01   3.6896796e-04
   3.6000000e+03   5.2301096e-01  -2.4923877e-03
   3.6080000e+03   5.2362756e-01   2.1870321e-03
   3.6160000e+03   5.2344549e-01   1.1364650e-05
   3.6240000e+03   5.2629004e-01  -7.8437550e-04
   3.6320000e+03   5.2500307e-01   1.5167591e-03
   3.6400000e+03   5.2327952e-01   1.5931691e-03
   3.6480000e+03   5.2273030e-01   4.3484703e-03
   3.6560000e+03   5.2393433e-01  -1.4409022e-03
   3.6640000e+03   5.2075703e-01  -2.5062572e-03
   3.6720000e+03   5.2299872e-01  -1.3367601e-03
   3.6800000e+03   5.2364952e-01   3.6876963e-04
   3.6880000e+03   5.2132800e-01   3.9311312e-03
   3.6960000e+03   5.1995995e-01   1.3081313e-03
   3.7040000e+03   5.2044266e-01   2.2618020e-03
   3.7120000e+03   5.1915152e-01  -1.1461991e-03
   3.7200000e+03   5.2084144e-01  -1.7419240e-03
   3.7280000e+03   5.2112563e-01  -6.9259126e-04
   3.7360000e+03   5.2091905e-01  -1.1857877e-03
   3.7440000e+03   5.1871730e-01  -2.7542977e-03
   3.7520000e+03   5.2159770e-01   6.9596533e-04
   3.7600000e+03   5.1789664e-01   6.2753521e-04
   3.7680000e+03   5.1932364e-01  -3.3866328e-04
   3.7760000e+03   5.1904629e-01   5.8953468e-04
   3.7840000e+03   5.1790501e-01  -1.0013600e-03
   3.7920000e+03   5.2185581e-01   2.4211417e-03
   3.8000000e+03   5.1809318e-01  -2.4678164e-03
   3.8080000e+03   5.1944461e-01   3.9060253e-04
   3.8160000e+03   5.1718772e-01  -6.2059206e-04
   3.8240000e+03   5.2129107e-01   1.5690193e-03
   3.8320000e+03   5.1627571e-01   6.1516985e-04
   3.8400000e+03   5.1939901e-01  -2.1003214e-03
   3.8480000e+03   5.1839779e-01  -2.0856475e-03
   3.8560000e+03   5.1852953e-01  -2.0840085e-03
   3.8640000e+03   5.1719339e-01   1.8932629e-03
   3.8720000e+03   5.1618638e-01   4.7348867e-04
   3.8800000e+03   5.1892414e-01   3.6631160e-04
   3.8880000e+03   5.1637244e-01  -1.3314891e-03
   3.8960000e+03   5.1730318e-01  -1.3212970e-03
   3.9040000e+03   5.1659549e-01   6.3527086e-04
   3.9120000e+03   5.1782804e-01   1.5039436e-03
   3.9200000e+03   5.2094855e-01  -2.0489979e-03
   3.9280000e+03   5.1715685e-01  -4.6552247e-03
   3.9360000e+03   5.1671321e-01  -1.5511294e-04
   3.9440000e+03   5.1784609e-01  -9.5061323e-04
   3.9520000e+03   5.1582790e-01   1.1484202e-03
   3.9600000e+03   5.1399289e-01   2.6779440e-04
   3.9680000e+03   5.1854999e-01   3.7139637e-03
   3.9760000e+03   5.1941590e-01  -1.4083016e-03
   3.9840000e+03   5.1742748e-01  -4.0219772e-03
   3.9920000e+03   5.1826652e-01   5.8275308e-04
   4.0000000e+03   5.1495273e-01  -3.3886613e-03
   4.0080000e+03   5.1578568e-01   8.2635975e-04
   4.0160000e+03   5.1407332e-01   2.4675391e-06
   4.0240000e+03   5.1461280e-01   7.9579222e-04
   4.0320000e+03   5.1481236e-01   3.3592131e-03
   4.0400000e+03   5.1338312e-01  -8.6719860e-04
   4.0480000e+03   5.1781828e-01  -1.7319059e-03
   4.0560000e+03   5.1534666e-01   3.8630684e-03
   4.0640000e+03   5.1983947e-01  -3.6352304e-04
   4.0720000e+03   5.1367181e-01  -1.7712277e-03
   4.0800000e+03   5.1242780e-01   3.1564480e-04
   4.0880000e+03   5.1382064e-01   1.7017321e-03
   4.0960000e+03   5.1984871e-01  -2.6169901e-03
   4.1040000e+03   5.1675850e-01   3.3059350e-03
   4.1120000e+03   5.1428271e-01  -3.8648402e-03
   4.1200000e+03   5.1424582e-01   8.5988748e-04
   4.1280000e+03   5.1424564e-01  -1.2196732e-03
   4.1360000e+03   5.1790865e-01   1.7208448e-03
   4.1440000e+03   5.1724786e-01   7.4392842e-05
   4.1520000e+03   5.1439784e-01  -3.3996139e-05
   4.1600000e+03   5.1432930e-01   2.4812879e-03
   4.1680000e+03   5.1692982e-01  -2.8911560e-03
   4.1760000e+03   5.1191201e-01   1.7721379e-03
   4.1840000e+03   5.1226143e-01  -1.7560834e-03
   4.1920000e+03   5.1624016e-01  -4.2560809e-03
   4.2000000e+03   5.1784205e-01  -2.1248486e-03
   4.2080000e+03   5.1434324e-01  -1.1620540e-03
   4.2160000e+03   5.1796522e-01   3.1665801e-04
   4.2240000e+03   5.1507803e-01   2.3760330e-03
   4.2320000e+03   5.1636844e-01   7.3244801e-05
   4.2400000e+03   5.1420701e-01   2.4500948e-03
   4.2480000e+03   5.1510581e-01  -2.5467427e-03
   4.2560000e+03   5.1107890e-01   1.1740454e-03
   4.2640000e+03   5.1404820e-01   5.6987314e-04
   4.2720000e+03   5.1429886e-01  -3.1791433e-04
   4.2800000e+03   5.1201344e-01   1.8994269e-03
   4.2880000e+03   5.1740055e-01   8.2923620e-04
   4.2960000e+03   5.1515650e-01   8.5161873e-04
   4.3040000e+03   5.1079748e-01   1.6724532e-03
   4.3120000e+03   5.1200467e-01  -2.8343691e-03
   4.3200000e+03   5.1511570e-01   3.0980895e-03
   4.3280000e+03   5.1500027e-01  -1.7398221e-03
   4.3360000e+03   5.1324091e-01  -1.4754956e-03
   4.3440000e+03   5.0826331e-01  -1.2453784e-04
   4.3520000e+03   5.1271937e-01   2.5729969e-03
   4.3600000e+03   5.1086966e-01  -2.1735508e-03
   4.3680000e+03   5.0967916e-01  -1.0594309e-03
   4.3760000e+03   5.1203055e-01  -3.4104911e-03
   4.3840000e+03   5.1093008e-01  -6.4114698e-04
   4.3920000e+03   5.1048167e-01   3.7608418e-04
   4.4000000e+03   5.1439113e-01  -9.1417739e-04
   4.4080000e+03   5.0955928e-01   1.1443728e-03
   4.4160000e+03   5.1034192e-01   3.4378467e-03
   4.4240000e+03   5.1193892e-01   5.0737185e-03
   4.4320000e+03   5.1216148e-01   2.1017255e-03
   4.4400000e+03   5.1161786e-01  -2.7689093e-03
   4.4480000e+03   5.1314933e-01   2.1670874e-03
   4.4560000e+03   5.1257194e-01   6.5344912e-04
   4.4640000e+03   5.1189267e-01  -5.6676635e-04
   4.4720000e+03   5.1161628e-01  -1.5746950e-03
   4.4800000e+03   5.1148571e-01   2.0553908e-03
   4.4880000e+03   5.1117336e-01   1.5507301e-03
   4.4960000e+03   5.1054876e-01   3.2534492e-03
   4.5040000e+03   5.1235359e-01   2.1436986e-03
   4.5120000e+03   5.0626477e-01  -3.3429096e-03
   4.5200000e+03   5.1315500e-01  -1.9447743e-03
   4.5280000e+03   5.1238728e-01   8.1450179e-04
   4.5360000e+03   5.1493498e-01   1.2976154e-04
   4.5440000e+03   5.1310276e-01  -3.7979011e-04
   4.5520000e+03   5.1162778e-01   2.2618164e-03
   4.5600000e+03   5.0910790e-01   2.8440798e-03
   4.5680000e+03   5.0854993e-01   1.4335593e-04
   4.5760000e+03   5.0959784e-01  -1.9543511e-03
   4.5840000e+03   5.1377606e-01   1.0924047e-03
   4.5920000e+03   5.0773818e-01  -1.3016288e-03
   4.6000000e+03   5.1257442e-01  -1.0841153e-03
   4.6080000e+03   5.0749365e-01  -1.8487828e-04
   4.6160000e+03   5.1173375e-01   2.2590189e-03
   4.6240000e+03   5.1206613e-01  -1.3718231e-03
   4.6320000e+03   5.1463051e-01  -1.1899162e-03
   4.6400000e+03   5.0966930e-01  -5.4656946e-04
   4.6480000e+03   5.1343713e-01  -2.1243743e-03
   4.6560000e+03   5.1045621e-01  -2.5169708e-04
   4.6640000e+03   5.0832558e-01   1.8986151e-03
   4.6720000e+03   5.0998834e-01  -1.4616611e-03
   4.6800000e+03   5.0979792e-01   8.0423927e-04
   4.6880000e+03   5.1018717e-01   9.0793991e-04
   4.6960000e+03   5.1107247e-01  -4.4543851e-03
   4.7040000e+03   5.1218908e-01   1.9045331e-03
   4.7120000e+03   5.0947643e-01  -6.0605915e-04
   4.7200000e+03   5.0985817e-01   6.2666802e-03
   4.7280000e+03   5.0738444e-01   1.1114995e-03
   4.7360000e+03   5.1356185e-01   1.0652428e-03
   4.7440000e+03   5.0964974e-01  -2.7008109e-04
   4.7520000e+03   5.1163898e-01  -2.6163850e-03
   4.7600000e+03   5.1225503e-01  -2.2857597e-03
   4.7680000e+03   5.1278501e-01   9.3947531e-04
   4.7760000e+03   5.1435151e-01  -5.2277861e-05
   4.7840000e+03   5.1281015e-01  -5.9090177e-03
   4.7920000e+03   5.0993226e-01  -3.2881447e-03
   4.8000000e+03   5.1098228e-01   3.2311082e-03
   4.8080000e+03   5.1347823e-01  -2.8518311e-03
   4.8160000e+03   5.1065446e-01  -6.9711176e-04
   4.8240000e+03   5.0727116e-01   4.4909216e-04
   4.8320000e+03   5.0798528e-01   1.1970806e-03
   4.8400000e+03   5.0971096e-01  -1.0661926e-03
   4.8480000e+03   5.0822271e-01   1.8683594e-03
   4.8560000e+03   5.0733595e-01   3.0267928e-03
   4.8640000e+03   5.0769387e-01  -2.1865379e-03
   4.8720000e+03   5.1039517e-01  -3.7824804e-03
   4.8800000e+03   5.0916203e-01  -7.5071583e-04
   4.8880000e+03   5.0769460e-01   7.1485476e-04
   4.8960000e+03   5.0942640e-01  -8.6753112e-04
   4.9040000e+03   5.1173315e-01   2.7899505e-03
   4.9120000e+03   5.1105955e-01  -1.6456135e-03
   4.9200000e+03   5.0966445e-01  -1.7292100e-03
   4.9280000e+03   5.0694417e-01   1.7004614e-03
   4.9360000e+03   5.1097983e-01  -2.2377610e-03
   4.9440000e+03   5.1147364e-01  -2.1018794e-03
   4.9520000e+03   5.0890358e-01   1.4683535e-03
   4.9600000e+03   5.1058179e-01  -1.6578272e-03
   4.9680000e+03   5.0908460e-01   4.2562906e-04
   4.9760000e+03   5.1108058e-01   6.5524850e-04
   4.9840000e+03   5.1035750e-01   8.0759063e-04
   4.9920000e+03   5.0778687e-01   2.2059402e-03
   5.0000000e+03   5.1016866e-01  -9.3753984e-05
   5.0080000e+03   5.1114308e-01   3.4084365e-03
   5.0160000e+03   5.1038609e-01  -2.7352794e-04
   5.0240000e+03   5.0949693e-01   1.9961344e-03
   5.0320000e+03   5.1096691e-01  -2.8372810e-03
   5.0400000e+03   5.0795862e-01  -4.0205661e-03
   5.0480000e+03   5.0399223e-01  -8.5995750e-04
   5.0560000e+03   5.1036425e-01  -1.5596373e-03
   5.0640000e+03   5.0881167e-01  -8.6612378e-04
   5.0720000e+03   5.0876986e-01   3.6814111e-03
   5.0800000e+03   5.0981018e-01   4.8502619e-04
   5.0880000e+03   5.0860714e-01  -3.7708578e-03
   5.0960000e+03   5.0515585e-01   1.7299727e-03
   5.1040000e+03   5.1013165e-01  -4.7295998e-04
   5.1120000e+03   5.0846104e-01  -6.5130789e-04
   5.1200000e+03   5.0995789e-01   3.5929689e-04
   5.1280000e+03   5.0778366e-01  -2.8553671e-03
   5.1360000e+03   5.0785477e-01   5.9990469e-04
   5.1440000e+03   5.0987558e-01  -4.8471873e-04
   5.1520000e+03   5.1041480e-01  -4.4810710e-03
   5.1600000e+03   5.0774565e-01   3.8292935e-04
   5.1680000e+03   5.0521726e-01   8.8715617e-05
   5.1760000e+03   5.0853244e-01  -1.0928131e-03
   5.1840000e+03   5.0618177e-01   2.9387826e-03
   5.1920000e+03   5.0780848e-01  -3.3430991e-04
   5.2000000e+03   5.0666676e-01   2.2059268e-04
   5.2080000e+03   5.0770980e-01   4.2923245e-03
   5.2160000e+03   5.0774409e-01   2.1931488e-03
   5.2240000e+03   5.0909572e-01   1.2710116e-03
   5.2320000e+03   5.0402446e-01   1.4199327e-04
   5.2400000e+03   5.0786637e-01  -4.9274710e-03
   5.2480000e+03   5.0512335e-01  -1.8676909e-03
   5.2560000e+03   5.0785798e-01  -5.2468380e-04
   5.2640000e+03   5.0918305e-01   1.0401753e-04
   5.2720000e+03   5.0893301e-01  -3.0811826e-03
   5.2800000e+03   5.0477041e-01  -1.5404070e-03
   5.2880000e+03   5.0835993e-01  -1.9804587e-03
   5.2960000e+03   5.0913324e-01   1.3947256e-03
   5.3040000e+03   5.0559089e-01   1.2013497e-03
   5.3120000e+03   5.0274362e-01  -8.4721057e-04
   5.3200000e+03   5.0438841e-01  -8.2154567e-05
   5.3280000e+03   5.0729108e-01  -3.5027626e-04
   5.3360000e+03   5.0539153e-01  -1.2404283e-03
   5.3440000e+03   5.0712886e-01  -4.6692144e-04
   5.3520000e+03   5.0624757e-01  -3.9835960e-04
   5.3600000e+03   5.0867185e-01   1.2769694e-03
   5.3680000e+03   5.0387345e-01   1.3750406e-04
   5.3760000e+03   5.0725078e-01   2.5489246e-04
   5.3840000e+03   5.0646970e-01  -8.2803733e-04
   5.3920000e+03   5.0829691e-01  -1.1898325e-03
   5.4000000e+03   5.0701714e-01  -1.4957171e-03
   5.4080000e+03   5.0334888e-01  -2.9174977e-03
   5.4160000e+03   5.0671146e-01   1.3894090e-03
   5.4240000e+03   5.0542995e-01  -4.0326960e-04
   5.4320000e+03   5.0616241e-01  -1.2653040e-03
   5.4400000e+03   5.0650882e-01  -7.5270671e-04
   5.4480000e+03   5.0466532e-01  -2.9620117e-03
   5.4560000e+03   5.0679128e-01  -1.8935847e-04
   5.4640000e+03   5.0295489e-01  -4.1938038e-03
   5.4720000e+03   5.0428721e-01  -3.7644661e-03
   5.4800000e+03   5.0341222e-01   1.3489469e-03
   5.4880000e+03   5.0877490e-01   8.7058490e-04
   5.4960000e+03   5.0437221e-01  -2.2768441e-03
   5.5040000e+03   5.0510863e-01  -6.2495987e-04
   5.5120000e+03   5.0364858e-01   3.2608457e-03
   5.5200000e+03   5.0875703e-01  -3.4403401e-03
   5.5280000e+03   5.0487365e-01  -2.5947864e-03
   5.5360000e+03   5.0407210e-01   9.8553860e-04
   5.5440000e+03   5.0550840e-01  -2.1747995e-03
   5.5520000e+03   5.0351073e-01  -5.0904460e-04
   5.5600000e+03   5.0397141e-01   4.4446995e-03
   5.5680000e+03   5.0619905e-01   1.8040569e-03
   5.5760000e+03   5.0168297e-01   2.9318305e-04
   5.5840000e+03   5.0414296e-01   4.2925055e-03
   5.5920000e+03   5.0613624e-01   1.0113710e-03
   5.6000000e+03   5.0138146e-01  -3.0308007e-03
   5.6080000e+03   5.0074239e-01  -2.1410620e-03
   5.6160000e+03   5.0490353e-01  -1.6374095e-03
   5.6240000e+03   5.0361375e-01   1.8393797e-03
   5.6320000e+03   5.0580097e-01  -2.8892440e-03
   5.6400000e+03   5.0584244e-01  -9.0399449e-04
   5.6480000e+03   5.0015176e-01  -1.3288165e-03
   5.6560000e+03   5.0215833e-01   2.9227705e-04
   5.6640000e+03   5.0296324e-01  -1.7368805e-03
   5.6720000e+03   5.0938385e-01  -1.1372181e-03
   5.6800000e+03   5.0389394e-01  -9.9075806e-04
   5.6880000e+03   5.0107573e-01   1.1902416e-03
   5.6960000e+03   5.0205989e-01   4.2006371e-04
   5.7040000e+03   5.0549200e-01   1.8371139e-03
   5.7120000e+03   5.0230853e-01   1.5653397e-03
   5.7200000e+03   5.0176505e-01   1.8250861e-03
   5.7280000e+03   5.0432669e-01   3.3165153e-03
   5.7360000e+03   4.9988061e-01  -2.9262793e-03
   5.7440000e+03   5.0502600e-01  -1.9615609e-03
   5.7520000e+03   5.0501822e-01   1.3385951e-03
   5.7600000e+03   5.0458354e-01   8.2529635e-04
   5.7680000e+03   5.0069968e-01   4.0458324e-04
   5.7760000e+03   5.0474654e-01  -3.2103777e-03
   5.7840000e+03   5.0189291e-01  -8.8360044e-04
   5.7920000e+03   5.0572492e-01  -1.5082542e-05
   5.8000000e+03   5.0307039e-01   3.3116875e-03
   5.8080000e+03   5.0281431e-01  -8.1137265e-04
   5.8160000e+03   5.0453123e-01  -1.3558067e-03
   5.8240000e+03   5.0174565e-01  -9.3734238e-04
   5.8320000e+03   4.9873361e-01  -9.6799228e-04
   5.8400000e+03   4.9997073e-01   1.9967762e-03
   5.8480000e+03   5.0042200e-01  -1.4593462e-03
   5.8560000e+03   4.9973925e-01   1.6680986e-03
   5.8640000e+03   4.9864160e-01  -4.7628668e-04
   5.8720000e+03   5.0305777e-01  -3.7471171e-03
   5.8800000e+03   5.0052138e-01   1.7813938e-03
   5.8880000e+03   5.0208815e-01   6.8799137e-04
   5.8960000e+03   4.9733955e-01   1.2030659e-03
   5.9040000e+03   4.9973689e-01   5.2579156e-04
   5.9120000e+03   5.0263368e-01  -5.3106929e-04
   5.9200000e+03   5.0037998e-01   2.6767597e-03
   5.9280000e+03   4.9911528e-01  -1.2043509e-03
   5.9360000e+03   4.9479499e-01   6.7263945e-04
   5.9440000e+03   4.9942531e-01   2.3098641e-03
   5.9520000e+03   4.9789832e-01   3.3115776e-03
   5.9600000e+03   4.9944040e-01  -3.8848314e-03
   5.9680000e+03   5.0494631e-01  -3.6486238e-03
   5.9760000e+03   5.0149807e-01   3.3961700e-04
   5.9840000e+03   4.9853648e-01  -7.4036011e-05
   5.9920000e+03   4.9952504e-01  -9.3217375e-04
   6.0000000e+03   4.9972913e-01  -8.7777486e-04
   6.0080000e+03   4.9591425e-01   2.6158552e-03
   6.0160000e+03   4.9793271e-01   2.2506739e-03
   6.0240000e+03   4.9963091e-01   3.1756613e-03
   6.0320000e+03   5.0399348e-01   4.6126356e-03
   6.0400000e+03   4.9664325e-01  -3.5208196e-03
   6.0480000e+03   5.0041013e-01   1.9343924e-03
   6.0560000e+03   5.0251806e-01   5.9423602e-04
   6.0640000e+03   5.0227519e-01   2.0140451e-03
   6.0720000e+03   5.0325960e-01  -1.8257432e-04
   6.0800000e+03   4.9569877e-01   4.4639357e-03
   6.0880000e+03   4.9993781e-01   2.3650469e-03
   6.0960000e+03   4.9949868e-01   1.6861652e-03
   6.1040000e+03   4.9778091e-01   2.1228682e-03
   6.1120000e+03   5.0069920e-01   1.2069144e-03
   6.1200000e+03   5.0187608e-01   1.6083235e-04
   6.1280000e+03   5.0234534e-01   2.7139950e-04
   6.1360000e+03   4.9599743e-01  -8.8567919e-05
   6.1440000e+03   4.9733332e-01  -1.5237540e-04
   6.1520000e+03   4.9939806e-01  -9.8636753e-04
   6.1600000e+03   4.9796532e-01   9.2294969e-04
   6.1680000e+03   4.9775642e-01   6.7074083e-04
   6.1760000e+03   5.0104411e-01   1.4974548e-03
   6.1840000e+03   4.9595823e-01  -1.7376628e-03
   6.1920000e+03   4.9690119e-01   1.1643726e-03
   6.2000000e+03   4.9980487e-01  -3.3135807e-04
   6.2080000e+03   4.9680710e-01  -3.7071933e-03
   6.2160000e+03   4.9678995e-01   4.9090108e-03
   6.2240000e+03   4.9642853e-01  -1.8772198e-03
   6.2320000e+03   4.9651990e-01  -2.3723911e-03
   6.2400000e+03   4.9328627e-01   2.6106176e-07
   6.2480000e+03   4.9753895e-01  -9.5582387e-04
   6.2560000e+03   4.9555413e-01   7.7656188e-04
   6.2640000e+03   4.9307407e-01   2.8257639e-03
   6.2720000e+03   4.9082079e-01  -8.3154745e-04
   6.2800000e+03   4.9434614e-01  -1.0433985e-03
   6.2880000e+03   4.9338719e-01   1.5835524e-03
   6.2960000e+03   4.9556155e-01   4.0289410e-04
   6.3040000e+03   4.9701988e-01  -2.0977589e-03
   6.3120000e+03   4.9453346e-01  -6.6369159e-04
   6.3200000e+03   4.9588983e-01   1.2934970e-03
   6.3280000e+03   4.8977071e-01   2.2699017e-03
   6.3360000e+03   4.9778425e-01   1.1953889e-03
   6.3440000e+03   4.9541162e-01  -3.9672960e-03
   6.3520000e+03   4.9631504e-01  -3.3626816e-05
   6.3600000e+03   4.9515615e-01  -2.0547025e-04
   6.3680000e+03   4.9269175e-01  -7.1864833e-04
   6.3760000e+03   4.9164800e-01   3.0432292e-04
   6.3840000e+03   4.9175318e-01  -1.6709111e-03
   6.3920000e+03   4.9629970e-01  -1.9274097e-04
   6.4000000e+03   4.8949695e-01  -3.2590950e-03
   6.4080000e+03   4.9372165e-01  -6.7378342e-05
   6.4160000e+03   4.9480099e-01  -1.2711207e-03
   6.4240000e+03   4.9710212e-01  -4.0546119e-04
   6.4320000e+03   4.9057367e-01   2.7124917e-03
   6.4400000e+03   4.9311548e-01  -1.1779026e-03
   6.4480000e+03   4.9553030e-01   1.8234552e-03
   6.4560000e+03   4.8994551e-01   3.1772054e-04
   6.4640000e+03   4.9371366e-01  -4.5477187e-03
   6.4720000e+03   4.9497606e-01   2.9458368e-03
   6.4800000e+03   4.9314000e-01   7.5093888e-04
   6.4880000e+03   4.9139553e-01   5.6170170e-04
   6.4960000e+03   4.9220837e-01   1.7097005e-03
   6.5040000e+03   4.9527506e-01   9.7098800e-04
   6.5120000e+03   4.9375402e-01  -1.4178255e-04
   6.5200000e+03   4.9584620e-01   1.4230570e-03
   6.5280000e+03   4.9093616e-01  -5.2565729e-03
   6.5360000e+03   4.9254718e-01  -1.5462700e-03
   6.5440000e+03   4.9441162e-01  -4.0678237e-03
   6.5520000e+03   4.9485911e-01  -2.1231561e-03
   6.5600000e+03   4.9226727e-01  -1.6774824e-03
   6.5680000e+03   4.9392752e-01  -1.8643310e-04
   6.5760000e+03   4.9020782e-01   9.1234361e-04
   6.5840000e+03   4.9102651e-01   8.7247609e-04
   6.5920000e+03   4.9025564e-01  -2.5812418e-03
   6.6000000e+03   4.9126271e-01   2.9620902e-03
   6.6080000e+03   4.9163743e-01  -1.3060454e-03
   6.6160000e+03   4.9256673e-01   9.0479178e-04
   6.6240000e+03   4.8911654e-01   1.7772831e-03
   6.6320000e+03   4.8890330e-01   1.2632555e-03
   6.6400000e+03   4.9080000e-01  -1.7980853e-04
   6.6480000e+03   4.8917972e-01   5.2004169e-04
   6.6560000e+03   4.8616410e-01  -4.4847163e-03
   6.6640000e+03   4.9114920e-01   9.9235551e-04
   6.6720000e+03   4.9058743e-01   1.1222318e-03
   6.6800000e+03   4.9013087e-01  -3.4164710e-03
   6.6880000e+03   4.9351762e-01   1.0774919e-04
   6.6960000e+03   4.8779144e-01   7.4479126e-04
   6.7040000e+03   4.9200682e-01  -5.4575694e-04
   6.7120000e+03   4.9038824e-01  -2.6890947e-03
   6.7200000e+03   4.9009403e-01   8.3369904e-04
   6.7280000e+03   4.8944173e-01   1.2282408e-03
   6.7360000e+03   4.8712047e-01  -6.1488500e-04
   6.7440000e+03   4.9242787e-01  -3.0969580e-03
   6.7520000e+03   4.9218130e-01  -2.9571838e-03
   6.7600000e+03   4.8747699e-01  -7.2324392e-04
   6.7680000e+03   4.8737557e-01   4.2440729e-04
   6.7760000e+03   4.8478015e-01  -3.5614332e-03
   6.7840000e+03   4.8951901e-01  -3.1848854e-03
   6.7920000e+03   4.8960738e-01   2.3497252e-05
   6.8000000e+03   4.8802869e-01   1.9762647e-03
   6.8080000e+03   4.8725323e-01   3.3124600e-03
   6.8160000e+03   4.8951845e-01  -5.9446081e-06
   6.8240000e+03   4.8593243e-01  -2.1844350e-03
   6.8320000e+03   4.8745334e-01   3.3231793e-03
   6.8400000e+03   4.8304101e-01  -1.5766439e-03
   6.8480000e+03   4.8856263e-01   1.3161343e-03
   6.8560000e+03   4.8593707e-01  -2.0548134e-03
   6.8640000e+03   4.8798129e-01  -1.9983309e-04
   6.8720000e+03   4.8853728e-01   1.1523874e-03
   6.8800000e+03   4.8754421e-01  -2.9167273e-03
   6.8880000e+03   4.8675463e-01  -3.1500097e-03
   6.8960000e+03   4.8599749e-01  -3.3597026e-03
   6.9040000e+03   4.8867226e-01  -2.5587240e-03
   6.9120000e+03   4.8785276e-01  -5.3137728e-03
   6.9200000e+03   4.8625071e-01  -4.5006797e-04
   6.9280000e+03   4.8284584e-01   3.2287587e-03
   6.9360000e+03   4.8876989e-01  -2.6231625e-03
   6.9440000e+03   4.8386306e-01   1.1643952e-03
   6.9520000e+03   4.8612702e-01  -1.4985382e-03
   6.9600000e+03   4.8955255e-01   1.0024244e-03
   6.9680000e+03   4.8423911e-01   6.5179148e-03
   6.9760000e+03   4.8461623e-01  -1.0048844e-03
   6.9840000e+03   4.8729152e-01   2.0266364e-03
   6.9920000e+03   4.8691882e-01  -1.1979353e-03
   7.0000000e+03   4.8537174e-01  -8.7998264e-04
   7.0080000e+03   4.8576886e-01  -8.4314644e-04
   7.0160000e+03   4.8376394e-01   2.0767675e-03
   7.0240000e+03   4.8519431e-01   5.8836058e-03
   7.0320000e+03   4.8421654e-01   2.0427964e-03
   7.0400000e+03   4.8538039e-01   5.1738150e-05
   7.0480000e+03   4.9028299e-01   5.0617802e-03
   7.0560000e+03   4.8667592e-01   3.7451773e-03
   7.0640000e+03   4.8168065e-01   1.1435810e-03
   7.0720000e+03   4.8309213e-01   3.2162307e-04
   7.0800000e+03   4.8107692e-01  -2.0670283e-03
   7.0880000e+03   4.8351060e-01  -1.3193756e-03
   7.0960000e+03   4.8800981e-01  -1.3406588e-03
   7.1040000e+03   4.8564183e-01   2.5934661e-03
   7.1120000e+03   4.8677150e-01   1.8943181e-03
   7.1200000e+03   4.8500380e-01   1.4257191e-04
   7.1280000e+03   4.8219366e-01  -2.4049583e-03
   7.1360000e+03   4.7739170e-01   2.0323105e-03
   7.1440000e+03   4.8046655e-01   3.8495705e-04
   7.1520000e+03   4.8471919e-01   1.5988004e-03
   7.1600000e+03   4.8050606e-01  -1.3914770e-03
   7.1680000e+03   4.8302775e-01  -4.3032382e-03
   7.1760000e+03   4.8107860e-01   7.8328672e-04
   7.1840000e+03   4.8418672e-01   2.4095781e-03
   7.1920000e+03   4.8098755e-01  -7.0732512e-04
   7.2000000e+03   4.8287657e-01  -1.9771624e-03
   7.2080000e+03   4.8383373e-01  -2.4525306e-03
   7.2160000e+03   4.8189337e-01   1.2712713e-03
   7.2240000e+03   4.8014119e-01  -1.4481577e-04
   7.2320000e+03   4.8377515e-01   1.9639803e-03
   7.2400000e+03   4.8388665e-01   2.1495714e-03
   7.2480000e+03   4.8275596e-01   1.9523517e-03
   7.2560000e+03   4.8362941e-01   6.0084736e-04
   7.2640000e+03   4.7821893e-01   1.2712461e-03
   7.2720000e+03   4.8366384e-01  -4.3182732e-04
   7.2800000e+03   4.8211348e-01   1.0901421e-03
   7.2880000e+03   4.8064934e-01  -7.7076532e-04
   7.2960000e+03   4.8314484e-01   1.4612264e-03
   7.3040000e+03   4.8322992e-01   1.3428208e-04
   7.3120000e+03   4.8547093e-01   6.2467376e-04
   7.3200000e+03   4.8122456e-01  -1.9128106e-03
   7.3280000e+03   4.8165433e-01  -3.8134955e-04
   7.3360000e+03   4.8400522e-01  -3.6107528e-03
   7.3440000e+03   4.8246852e-01  -3.0655889e-03
   7.3520000e+03   4.8366160e-01  -1.8801242e-03
   7.3600000e+03   4.8628155e-01  -2.2870095e-03
   7.3680000e+03   4.8237600e-01   4.0059210e-03
   7.3760000e+03   4.7887052e-01  -1.9694256e-03
   7.3840000e+03   4.8237133e-01   4.0653017e-04
   7.3920000e+03   4.8078722e-01   4.4258634e-03
   7.4000000e+03   4.7712482e-01  -7.9029833e-04
   7.4080000e+03   4.8027057e-01  -8.6111966e-04
   7.4160000e+03   4.7946756e-01  -2.5067099e-03
   7.4240000e+03   4.7796211e-01   3.6228530e-03
   7.4320000e+03   4.8309875e-01  -9.3496140e-04
   7.4400000e+03   4.8004357e-01   1.1954876e-03
   7.4480000e+03   4.8152662e-01  -2.5167185e-03
   7.4560000e+03   4.8050091e-01  -2.9188303e-03
   7.4640000e+03   4.8232941e-01   2.3090981e-04
   7.4720000e+03   4.8178238e-01   2.0326128e-03
   7.4800000e+03   4.8394205e-01  -2.0977569e-03
   7.4880000e+03   4.7986184e-01   5.7867074e-04
   7.4960000e+03   4.8006589e-01  -1.3831631e-03
   7.5040000e+03   4.7676394e-01  -2.3320191e-03
   7.5120000e+03   4.7720207e-01  -1.9453516e-03
   7.5200000e+03   4.8211555e-01  -2.8822897e-03
   7.5280000e+03   4.8005320e-01  -1.8235139e-03
   7.5360000e+03   4.7930207e-01  -1.1307044e-03
   7.5440000e+03   4.7773617e-01  -3.1066291e-03
   7.5520000e+03   4.7997444e-01   1.9940792e-03
   7.5600000e+03   4.7710794e-01  -3.7281451e-03
   7.5680000e+03   4.7992147e-01   1.0564757e-03
   7.5760000e+03   4.8002634e-01   3.6983208e-04
   7.5840000e+03   4.7804601e-01   1.1294282e-03
   7.5920000e+03   4.7469506e-01  -6.2047635e-03
   7.6000000e+03   4.7827021e-01  -6.7069879e-04
   7.6080000e+03   4.7577073e-01   4.9675733e-04
   7.6160000e+03   4.7592632e-01   6.2151845e-04
   7.6240000e+03   4.7773248e-01  -1.9658106e-03
   7.6320000e+03   4.7677038e-01   2.7095412e-04
   7.6400000e+03   4.7822528e-01  -2.8490307e-03
   7.6480000e+03   4.7997543e-01   4.1463911e-04
   7.6560000e+03   4.7951847e-01   1.5389578e-03
   7.6640000e+03   4.7499533e-01  -1.5367244e-03
   7.6720000e+03   4.7783051e-01  -2.7456702e-03
   7.6800000e+03   4.7625345e-01   3.1881658e-03
   7.6880000e+03   4.7953874e-01   8.6246874e-04
   7.6960000e+03   4.7824596e-01  -7.7394194e-04
   7.7040000e+03   4.7809875e-01   3.4855208e-03
   7.7120000e+03   4.7729459e-01  -9.0283537e-04
   7.7200000e+03   4.7771096e-01   1.9694974e-03
   7.7280000e+03   4.7640960e-01   2.7510406e-03
   7.7360000e+03   4.7767514e-01  -2.0118325e-03
   7.7440000e+03   4.7733897e-01  -7.1151376e-04
   7.7520000e+03   4.7503912e-01   7.2372162e-04
   7.7600000e+03   4.7784052e-01   3.1944639e-04
   7.7680000e+03   4.7533319e-01   2.9164416e-03
   7.7760000e+03   4.8023960e-01   1.8256778e-03
   7.7840000e+03   4.7851885e-01   7.2452102e-04
   7.7920000e+03   4.7620007e-01  -3.0940922e-03
   7.8000000e+03   4.7644176e-01   1.6913844e-03
   7.8080000e+03   4.7703977e-01   2.0192081e-03
   7.8160000e+03   4.7631020e-01   5.2962704e-03
   7.8240000e+03   4.7828198e-01  -3.7791511e-03
   7.8320000e+03   4.7728693e-01  -7.8074538e-04
   7.8400000e+03   4.8047843e-01  -7.4806357e-04
   7.8480000e+03   4.7194678e-01  -1.2841532e-03
   7.8560000e+03   4.7698458e-01  -2.3515118e-03
   7.8640000e+03   4.7799672e-01  -1.1094282e-03
   7.8720000e+03   4.7630730e-01  -1.5872029e-03
   7.8800000e+03   4.7731519e-01   2.5566150e-04
   7.8880000e+03   4.7530775e-01   5.0403015e-04
   7.8960000e+03   4.7245926e-01  -1.2929105e-03
   7.9040000e+03   4.7832728e-01   2.1499895e-04
   7.9120000e+03   4.7660961e-01  -3.1898407e-03
   7.9200000e+03   4.7582839e-01   1.7589402e-03
   7.9280000e+03   4.7591134e-01   4.7247693e-03
   7.9360000e+03   4.7099730e-01  -1.7816272e-03
   7.9440000e+03   4.7651480e-01   8.3874040e-04
   7.9520000e+03   4.7368493e-01  -1.5311020e-03
   7.9600000e+03   4.7377280e-01   3.2103910e-04
   7.9680000e+03   4.7182437e-01  -5.0857002e-04
   7.9760000e+03   4.7631844e-01  -2.1424121e-03
   7.9840000e+03   4.7424484e-01  -2.3121794e-03
   7.9920000e+03   4.7377745e-01  -9.4020092e-04
   8.0000000e+03   4.7640844e-01   1.2264905e-03
   8.0080000e+03   4.7501498e-01  -8.7957163e-04
   8.0160000e+03   4.7293604e-01   3.8130856e-03
   8.0240000e+03   4.7141868e-01   1.4416769e-03
   8.0320000e+03   4.7461738e-01   9.5954982e-04
   8.0400000e+03   4.7289334e-01  -2.0640483e-03
   8.0480000e+03   4.7402300e-01   1.9913293e-03
   8.0560000e+03   4.7548886e-01   9.9830721e-04
   8.0640000e+03   4.7471669e-01   1.6548027e-03
   8.0720000e+03   4.7438380e-01   3.5009523e-03
   8.0800000e+03   4.7171024e-01   1.2394472e-03
   8.0880000e+03   4.7439867e-01   5.6996333e-04
   8.0960000e+03   4.7263256e-01  -6.8392806e-04
   8.1040000e+03   4.7546035e-01   2.2130860e-03
   8.1120000e+03   4.7113670e-01  -2.3490927e-04
   8.1200000e+03   4.6839263e-01   4.1926552e-03
   8.1280000e+03   4.7302347e-01   1.5199282e-03
   8.1360000e+03   4.7000881e-01  -8.6153958e-04
   8.1440000e+03   4.7252277e-01  -1.0599459e-03
   8.1520000e+03   4.7313027e-01   1.5574779e-03
   8.1600000e+03   4.7227204e-01   2.3500813e-03
   8.1680000e+03   4.7014911e-01  -2.1667482e-04
   8.1760000e+03   4.7281808e-01   3.1019730e-03
   8.1840000e+03   4.7493967e-01   1.5603583e-03
   8.1920000e+03   4.6924173e-01   2.3762629e-03
   8.2000000e+03   4.7460539e-01  -5.4739489e-04
   8.2080000e+03   4.7054891e-01   2.0235325e-03
   8.2160000e+03   4.7041714e-01  -9.1245215e-04
   8.2240000e+03   4.7469690e-01  -4.1941606e-03
   8.2320000e+03   4.7300621e-01   1.2970254e-03
   8.2400000e+03   4.6624172e-01   3.0864237e-03
   8.2480000e+03   4.7328838e-01   4.1416991e-04
   8.2560000e+03   4.7164729e-01   6.0300957e-03
   8.2640000e+03   4.7449203e-01   2.5745557e-03
   8.2720000e+03   4.7097545e-01  -6.7077242e-04
   8.2800000e+03   4.6896327e-01   6.9812946e-05
   8.2880000e+03   4.6989020e-01  -2.6126401e-03
   8.2960000e+03   4.7092368e-01  -1.1212170e-03
