   0.0000000e+00   9.5533320e-01   2.1322897e-03
   1.6000000e+01   9.5789319e-01   9.9197353e-04
   3.2000000e+01   9.6354679e-01  -2.3613512e-03
   4.8000000e+01   9.6904959e-01   1.4571505e-05
   6.4000000e+01   9.7007705e-01  -9.5397404e-04
   8.0000000e+01   9.7775070e-01  -2.4381545e-03
   9.6000000e+01   9.7807503e-01  -2.6450640e-04
   1.1200000e+02   9.8261957e-01  -3.3636195e-03
   1.2800000e+02   9.8572807e-01  -1.3797383e-03
   1.4400000e+02   9.8855893e-01  -5.8638118e-04
   1.6000000e+02   9.9075802e-01  -1.4386477e-03
   1.7600000e+02   9.9296450e-01  -7.3334053e-04
   1.9200000e+02   9.9797906e-01   1.0184880e-03
   2.0800000e+02   9.9500831e-01  -1.8543322e-03
   2.2400000e+02   1.0019313e+00   2.2581897e-04
   2.4000000e+02   9.9951148e-01   4.2996143e-03
   2.5600000e+02   9.9982626e-01  -1.8632186e-03
   2.7200000e+02   9.9951148e-01   1.2819293e-03
   2.8800000e+02   1.0019313e+00  -6.7718717e-04
   3.0400000e+02   9.9500831e-01  -9.1845037e-04
   3.2000000e+02   9.9797906e-01   2.1743098e-03
   3.3600000e+02   9.9296450e-01   1.7156574e-03
   3.5200000e+02   9.9075802e-01   2.6007279e-04
   3.6800000e+02   9.8855893e-01   8.4880847e-05
   3.8400000e+02   9.8572807e-01  -1.9686080e-03
   4.0000000e+02   9.8261957e-01  -4.7963986e-04
   4.1600000e+02   9.7807503e-01   2.4305648e-03
   4.3200000e+02   9.7775070e-01   2.1974571e-04
   4.4800000e+02   9.7007705e-01  -1.4113805e-03
   4.6400000e+02   9.6904959e-01   4.7901268e-04
   4.8000000e+02   9.6354679e-01  -2.5557025e-03
   4.9600000e+02   9.5789319e-01   1.6081105e-03
   5.1200000e+02   9.5533320e-01   2.5166782e-03
   5.2800000e+02   9.4970815e-01   1.3989056e-03
   5.4400000e+02   9.4367644e-01  -5.8297821e-04
   5.6000000e+02   9.3919472e-01   2.0700106e-03
   5.7600000e+02   9.3419694e-01   5.5931417e-04
   5.9200000e+02   9.3128727e-01  -1.0217819e-03
   6.0800000e+02   9.2458144e-01  -1.5458567e-03
   6.2400000e+02   9.1764791e-01  -4.3143805e-03
   6.4000000e+02   9.1575183e-01   2.0234533e-03
   6.5600000e+02   9.1044368e-01  -7.4448767e-04
   6.7200000e+02   9.0059738e-01   9.9309729e-04
   6.8800000e+02   9.0039067e-01  -5.9364808e-05
   7.0400000e+02   8.9352811e-01  -1.3738531e-03
   7.2000000e+02   8.8630703e-01  -2.4126240e-03
   7.3600000e+02   8.8132645e-01   4.1856937e-05
   7.5200000e+02   8.7641744e-01  -9.6900554e-04
   7.6800000e+02   8.7175611e-01   9.2019519e-04
   7.8400000e+02   8.6661833e-01  -1.2186901e-04
   8.0000000e+02   8.5885051e-01   4.3967387e-04
   8.1600000e+02   8.5617303e-01   1.3393001e-03
   8.3200000e+02   8.4858869e-01  -2.7978757e-04
   8.4800000e+02   8.4423613e-01  -4.8291544e-04
   8.6400000e+02   8.4227099e-01   2.8257540e-03
   8.8000000e+02   8.3232701e-01   1.6969391e-03
   8.9600000e+02   8.3228569e-01   1.1476593e-03
   9.1200000e+02   8.2341123e-01  -8.8575670e-04
   9.2800000e+02   8.1697670e-01  -2.3068557e-03
   9.4400000e+02   8.1384795e-01   1.4831445e-03
   9.6000000e+02   8.1005150e-01  -1.9780219e-04
   9.7600000e+02   8.0576459e-01   1.6738937e-04
   9.9200000e+02   8.0323809e-01  -1.4774947e-03
   1.0080000e+03   7.9792028e-01   7.5334948e-04
   1.0240000e+03   7.9031198e-01   1.4941924e-03
   1.0400000e+03   7.8545125e-01  -2.7823822e-03
   1.0560000e+03   7.8142728e-01  -1.0821316e-03
   1.0720000e+03   7.8149318e-01  -1.8618438e-03
   1.0880000e+03   7.7638205e-01   3.3557717e-03
   1.1040000e+03   7.7723698e-01  -6.0568746e-06
   1.1200000e+03   7.6971450e-01  -1.1829313e-03
   1.1360000e+03   7.6473892e-01   4.2525111e-04
   1.1520000e+03   7.5822523e-01   1.0257393e-03
   1.1680000e+03   7.5975248e-01   2.0578796e-03
   1.1840000e+03   7.5342763e-01   2.0898720e-03
   1.2000000e+03   7.5124418e-01   2.1988152e-05
   1.2160000e+03   7.4861964e-01   2.8097395e-03
   1.2320000e+03   7.4438647e-01   2.8699321e-04
   1.2480000e+03   7.3936187e-01   1.3838275e-03
   1.2640000e+03   7.3745057e-01  -1.4785628e-04
   1.2800000e+03   7.3478750e-01   4.2348731e-04
   1.2960000e+03   7.3157337e-01  -1.9730316e-03
   1.3120000e+03   7.3009023e-01   1.2380237e-03
   1.3280000e+03   7.2909748e-01   1.6769437e-03
   1.3440000e+03   7.2034172e-01   4.5804049e-04
   1.3600000e+03   7.2165154e-01   8.5546956e-04
   1.3760000e+03   7.1672592e-01  -2.5193811e-03
   1.3920000e+03   7.1417270e-01  -1.0192664e-03
   1.4080000e+03   7.0992551e-01   5.1902347e-04
   1.4240000e+03   7.0779358e-01   1.4266726e-03
   1.4400000e+03   7.0703598e-01   1.4711192e-03
   1.4560000e+03   7.0620003e-01  -1.1377438e-03
   1.4720000e+03   7.0228866e-01  -9.7633737e-04
   1.4880000e+03   6.9700127e-01  -1.8448272e-04
   1.5040000e+03   6.9848898e-01  -9.1021641e-04
   1.5200000e+03   6.9784404e-01   2.6617206e-03
   1.5360000e+03   6.9416944e-01  -1.8660968e-04
   1.5520000e+03   6.9456426e-01  -2.4561588e-03
   1.5680000e+03   6.8946426e-01   2.3227814e-03
   1.5840000e+03   6.8905624e-01  -2.3710304e-03
   1.6000000e+03   6.8595670e-01  -1.6340955e-03
   1.6160000e+03   6.8220121e-01   3.0671766e-03
   1.6320000e+03   6.8463053e-01   1.6612181e-03
   1.6480000e+03   6.7551229e-01   5.3175733e-04
   1.6640000e+03   6.7781201e-01  -2.6841451e-03
   1.6800000e+03   6.7711620e-01  -5.0153981e-04
   1.6960000e+03   6.7626201e-01  -5.1561184e-04
   1.7120000e+03   6.7343759e-01  -1.0745150e-03
   1.7280000e+03   6.6827714e-01  -2.2856139e-04
   1.7440000e+03   6.6769501e-01   1.4372505e-03
   1.7600000e+03   6.6759493e-01  -1.2241747e-03
   1.7760000e+03   6.6681458e-01   1.5225599e-03
   1.7920000e+03   6.6721994e-01  -3.6583169e-03
   1.8080000e+03   6.6313473e-01  -1.9480305e-03
   1.8240000e+03   6.6324471e-01   6.5922559e-04
   1.8400000e+03   6.6115331e-01  -1.3754759e-03
   1.8560000e+03   6.6387941e-01  -3.2506856e-03
   1.8720000e+03   6.6022149e-01   1.3085660e-03
   1.8880000e+03   6.5816698e-01  -2.0261562e-03
   1.9040000e+03   6.5347672e-01   9.0340383e-04
   1.9200000e+03   6.5330802e-01   3.2233281e-04
   1.9360000e+03   6.5530579e-01   6.6904571e-04
   1.9520000e+03   6.5406001e-01   1.8374107e-03
   1.9680000e+03   6.5095174e-01  -3.4548390e-03
   1.9840000e+03   6.5526300e-01  -9.3195533e-04
   2.0000000e+03   6.5161372e-01   3.9345658e-04
   2.0160000e+03   6.4934376e-01  -4.0514367e-03
   2.0320000e+03   6.4832136e-01   1.4341487e-03
   2.0480000e+03   6.4694475e-01  -1.2002616e-03
   2.0640000e+03   6.4528600e-01  -8.1224987e-04
   2.0800000e+03   6.4393638e-01   2.8361130e-03
   2.0960000e+03   6.4253691e-01  -2.0694902e-04
   2.1120000e+03   6.4305456e-01  -3.3395995e-03
   2.1280000e+03   6.4038518e-01   1.3569787e-03
   2.1440000e+03   6.3765130e-01   1.3154382e-03
   2.1600000e+03   6.3926555e-01   3.2528617e-03
   2.1760000e+03   6.3529795e-01   1.7385301e-03
   2.1920000e+03   6.3737811e-01  -1.3589779e-03
   2.2080000e+03   6.3542799e-01  -4.2522689e-05
   2.2240000e+03   6.2946818e-01   1.1131546e-03
   2.2400000e+03   6.3213028e-01  -5.7002977e-04
   2.2560000e+03   6.2838112e-01   1.4568082e-03
   2.2720000e+03   6.3393364e-01  -1.1150113e-03
   2.2880000e+03   6.3360968e-01   7.6875548e-04
   2.3040000e+03   6.3069011e-01   9.6083759e-04
   2.3200000e+03   6.2563228e-01  -3.7534704e-03
   2.3360000e+03   6.2911702e-01  -2.5280660e-03
   2.3520000e+03   6.3076871e-01  -4.6890227e-04
   2.3680000e+03   6.2677316e-01   2.5180929e-03
   2.3840000e+03   6.2210331e-01  -1.3284371e-03
   2.4000000e+03   6.2394667e-01   6.2651214e-04
   2.4160000e+03   6.2581540e-01   1.2003682e-03
   2.4320000e+03   6.2454011e-01  -1.1996331e-03
   2.4480000e+03   6.2061213e-01  -4.9338608e-04
   2.4640000e+03   6.2303318e-01   1.3477748e-03
   2.4800000e+03   6.1993113e-01   1.5089297e-03
   2.4960000e+03   6.1878219e-01  -1.7995179e-03
   2.5120000e+03   6.1773398e-01  -8.0326476e-05
   2.5280000e+03   6.1761487e-01  -6.8557289e-04
   2.5440000e+03   6.1694743e-01  -1.4555507e-03
   2.5600000e+03   6.1458006e-01   1.9835022e-04
   2.5760000e+03   6.1806453e-01  -4.8077386e-03
   2.5920000e+03   6.1157825e-01  -9.8138161e-04
   2.6080000e+03   6.1177392e-01  -1.1195355e-03
   2.6240000e+03   6.1080987e-01  -2.6032125e-04
   2.6400000e+03   6.0926908e-01  -2.4053983e-04
   2.6560000e+03   6.0753170e-01   6.6930269e-04
   2.6720000e+03   6.1328188e-01   2.7745872e-04
   2.6880000e+03   6.0947071e-01   2.7915941e-03
   2.7040000e+03   6.0425304e-01   2.4953402e-03
   2.7200000e+03   6.1010584e-01   3.0739258e-03
   2.7360000e+03   6.0704396e-01  -2.4714570e-04
   2.7520000e+03   6.0781922e-01  -3.2469299e-03
   2.7680000e+03   6.0418726e-01   1.2629700e-03
   2.7840000e+03   6.0220391e-01  -1.2956875e-03
   2.8000000e+03   6.0377420e-01   9.6038977e-04
   2.8160000e+03   6.0380851e-01   1.2049319e-03
   2.8320000e+03   6.0077581e-01  -3.2840061e-03
   2.8480000e+03   5.9947339e-01  -6.6227446e-04
   2.8640000e+03   6.0371733e-01  -2.5843546e-03
   2.8800000e+03   5.9852071e-01   1.4366448e-03
   2.8960000e+03   6.0060312e-01   7.7280213e-04
   2.9120000e+03   5.9805030e-01  -3.2434810e-03
   2.9280000e+03   5.9682739e-01   2.4553838e-03
   2.9440000e+03   5.9740396e-01   2.9385734e-03
   2.9600000e+03   5.9567131e-01  -1.5691978e-03
   2.9760000e+03   5.9344392e-01  -1.0614833e-03
   2.9920000e+03   5.9533350e-01   8.8923961e-04
   3.0080000e+03   5.9460988e-01   1.1398782e-03
   3.0240000e+03   5.9080386e-01   4.5063258e-03
   3.0400000e+03   5.9310578e-01  -5.2805425e-03
   3.0560000e+03   5.9230789e-01   2.1386504e-03
   3.0720000e+03   5.8852037e-01   2.3867571e-03
   3.0880000e+03   5.9126664e-01   2.8847460e-04
   3.1040000e+03   5.8825380e-01   5.7650479e-05
   3.1200000e+03   5.8758735e-01  -3.4793246e-04
   3.1360000e+03   5.9020977e-01  -2.3292660e-03
   3.1520000e+03   5.8602422e-01   2.0735308e-03
   3.1680000e+03   5.8856763e-01   1.1349366e-03
   3.1840000e+03   5.8532036e-01   5.0188615e-04
   3.2000000e+03   5.8532937e-01  -3.2972272e-03
   3.2160000e+03   5.8624045e-01  -2.7887516e-03
   3.2320000e+03   5.8551464e-01   2.6903992e-04
   3.2480000e+03   5.8627630e-01  -1.5644779e-04
   3.2640000e+03   5.8259696e-01  -2.0280258e-04
   3.2800000e+03   5.8303338e-01  -4.9468107e-04
   3.2960000e+03   5.8256809e-01  -7.9902365e-04
   3.3120000e+03   5.7941252e-01  -7.7369132e-04
   3.3280000e+03   5.8164221e-01  -1.5250728e-03
   3.3440000e+03   5.8127471e-01   3.5053180e-03
   3.3600000e+03   5.7708132e-01   1.1200701e-03
   3.3760000e+03   5.8033464e-01  -5.0853341e-04
   3.3920000e+03   5.8110809e-01   2.9354423e-03
   3.4080000e+03   5.7750354e-01   1.2032438e-03
   3.4240000e+03   5.7608508e-01  -4.9876842e-04
   3.4400000e+03   5.8003709e-01  -1.6206107e-03
   3.4560000e+03   5.7540994e-01  -1.9021338e-03
   3.4720000e+03   5.7156768e-01  -4.5932973e-04
   3.4880000e+03   5.7752956e-01  -2.4424606e-03
   3.5040000e+03   5.7705208e-01   1.6323850e-03
   3.5200000e+03   5.7022872e-01   1.6479495e-03
   3.5360000e+03   5.7451691e-01   1.3506816e-03
   3.5520000e+03   5.7132130e-01   1.2986708e-03
   3.5680000e+03   5.7358940e-01  -1.2695896e-03
   3.5840000e+03   5.7008027e-01   1.2201833e-03
   3.6000000e+03   5.7075543e-01  -1.9288331e-03
   3.6160000e+03   5.7227135e-01  -8.2026296e-04
   3.6320000e+03   5.6988091e-01   1.0850798e-03
   3.6480000e+03   5.7494591e-01   3.6545133e-03
   3.6640000e+03   5.6892740e-01  -1.2212544e-04
   3.6800000e+03   5.7057054e-01  -2.3732354e-03
   3.6960000e+03   5.7026220e-01   4.8114152e-03
   3.7120000e+03   5.6750088e-01  -8.2957767e-04
   3.7280000e+03   5.6370140e-01   1.8989420e-04
   3.7440000e+03   5.6728726e-01  -2.4930829e-03
   3.7600000e+03   5.6865459e-01  -2.8267939e-03
   3.7760000e+03   5.6530328e-01   1.7224602e-03
   3.7920000e+03   5.6376619e-01  -2.9037989e-03
   3.8080000e+03   5.6683239e-01   1.5312871e-03
   3.8240000e+03   5.6958831e-01  -1.3933683e-04
   3.8400000e+03   5.6790171e-01   1.4050112e-03
   3.8560000e+03   5.6604316e-01  -1.1362847e-03
   3.8720000e+03   5.6532920e-01   3.7388117e-04
   3.8880000e+03   5.6400593e-01   2.0340440e-03
   3.9040000e+03   5.6311741e-01  -2.4492995e-03
   3.9200000e+03   5.6242026e-01   1.8865254e-04
   3.9360000e+03   5.6154451e-01  -1.1062686e-03
   3.9520000e+03   5.6386923e-01  -7.0656142e-04
   3.9680000e+03   5.6089903e-01   2.3930028e-03
   3.9840000e+03   5.6380544e-01   2.2292380e-03
   4.0000000e+03   5.6226224e-01   4.9239575e-03
   4.0160000e+03   5.5783643e-01  -6.8928016e-04
   4.0320000e+03   5.6182336e-01  -7.0129718e-04
   4.0480000e+03   5.6164094e-01  -1.8870397e-04
   4.0640000e+03   5.6170377e-01  -3.5580713e-03
   4.0800000e+03   5.5940093e-01  -1.9231431e-04
   4.0960000e+03   5.5975067e-01   1.0197444e-03
   4.1120000e+03   5.5848047e-01  -9.2314208e-05
   4.1280000e+03   5.5662415e-01   7.3801810e-05
   4.1440000e+03   5.5338760e-01   7.3765804e-04
   4.1600000e+03   5.5537133e-01   5.4501938e-04
   4.1760000e+03   5.5269477e-01   1.2323260e-03
   4.1920000e+03   5.5338135e-01  -2.9456450e-03
   4.2080000e+03   5.5873600e-01  -2.2125443e-03
   4.2240000e+03   5.5689412e-01  -1.9312977e-03
   4.2400000e+03   5.5647328e-01   1.6408711e-03
   4.2560000e+03   5.5543515e-01   2.9775966e-04
   4.2720000e+03   5.5644799e-01  -9.6261638e-04
   4.2880000e+03   5.5303320e-01   3.0760960e-03
   4.3040000e+03   5.4989652e-01   1.5300662e-03
   4.3200000e+03   5.5143078e-01   1.8567461e-03
   4.3360000e+03   5.4984771e-01   2.2277011e-03
   4.3520000e+03   5.4929009e-01  -4.2282680e-04
   4.3680000e+03   5.5092865e-01  -6.9556723e-04
   4.3840000e+03   5.5270325e-01   9.8396472e-04
   4.4000000e+03   5.5128955e-01  -2.7236395e-03
   4.4160000e+03   5.5248398e-01  -1.4596899e-03
   4.4320000e+03   5.5148563e-01   1.7785201e-03
   4.4480000e+03   5.5187182e-01   3.1744277e-03
   4.4640000e+03   5.4928722e-01  -1.5090195e-03
   4.4800000e+03   5.4838545e-01  -8.8346673e-05
   4.4960000e+03   5.4688581e-01   3.0027552e-03
   4.5120000e+03   5.4774531e-01   1.2631444e-03
   4.5280000e+03   5.4882817e-01  -1.5748201e-04
   4.5440000e+03   5.4813798e-01   2.7743842e-03
   4.5600000e+03   5.4731461e-01   7.5754996e-04
   4.5760000e+03   5.4579926e-01  -1.8804831e-03
   4.5920000e+03   5.4916086e-01   7.5983155e-04
   4.6080000e+03   5.4879017e-01   1.6684065e-03
   4.6240000e+03   5.5038713e-01   2.6334657e-03
   4.6400000e+03   5.4671624e-01   1.1695632e-03
   4.6560000e+03   5.4636317e-01   1.0802610e-03
   4.6720000e+03   5.4823417e-01   1.1813873e-03
   4.6880000e+03   5.4513117e-01  -2.3781331e-04
   4.7040000e+03   5.4642789e-01   2.1060333e-03
   4.7200000e+03   5.4358736e-01   3.8703587e-04
   4.7360000e+03   5.4212311e-01  -2.8407911e-03
   4.7520000e+03   5.4534707e-01  -8.7566970e-04
   4.7680000e+03   5.4469578e-01   1.1515845e-03
   4.7840000e+03   5.4531359e-01   6.7710730e-04
   4.8000000e+03   5.4181077e-01  -1.2293688e-03
   4.8160000e+03   5.4534233e-01  -2.3862494e-03
   4.8320000e+03   5.4460447e-01  -2.8045166e-03
   4.8480000e+03   5.4633078e-01   7.2110191e-04
   4.8640000e+03   5.4652790e-01   5.8631720e-04
   4.8800000e+03   5.4133359e-01   6.8365097e-04
   4.8960000e+03   5.4172055e-01  -3.0002752e-04
   4.9120000e+03   5.4071696e-01   3.5266298e-03
   4.9280000e+03   5.4143151e-01   5.5727043e-04
   4.9440000e+03   5.4179255e-01   2.3483558e-03
   4.9600000e+03   5.3951442e-01   3.6359097e-04
   4.9760000e+03   5.4185153e-01  -3.9608866e-03
   4.9920000e+03   5.4134301e-01  -3.1688380e-04
   5.0080000e+03   5.4060297e-01   1.4586656e-03
   5.0240000e+03   5.3821896e-01   8.0797715e-04
   5.0400000e+03   5.4230046e-01   1.3185079e-03
   5.0560000e+03   5.4071267e-01   2.5911283e-03
   5.0720000e+03   5.3868476e-01   5.9675789e-04
   5.0880000e+03   5.4099131e-01   4.2618654e-04
   5.1040000e+03   5.3982515e-01  -2.2591274e-03
   5.1200000e+03   5.4107037e-01  -1.5042998e-03
   5.1360000e+03   5.3799531e-01  -2.4357840e-03
   5.1520000e+03   5.3726378e-01   1.0087479e-03
   5.1680000e+03   5.3875641e-01  -1.2413016e-03
   5.1840000e+03   5.3759914e-01   2.7765954e-03
   5.2000000e+03   5.3662622e-01   8.4177585e-04
   5.2160000e+03   5.4012345e-01   3.6654342e-03
   5.2320000e+03   5.3390292e-01  -9.5427937e-05
   5.2480000e+03   5.3789428e-01   1.1805744e-03
   5.2640000e+03   5.3787865e-01  -1.7381481e-03
   5.2800000e+03   5.3615063e-01   6.7238403e-05
   5.2960000e+03   5.3975430e-01   1.0461571e-03
   5.3120000e+03   5.3214800e-01   4.0839141e-03
   5.3280000e+03   5.3448312e-01  -2.1241715e-03
   5.3440000e+03   5.3260644e-01  -1.2753767e-03
   5.3600000e+03   5.3467023e-01   1.4587186e-03
   5.3760000e+03   5.3875905e-01  -3.5062517e-03
   5.3920000e+03   5.3418886e-01  -8.2545600e-04
   5.4080000e+03   5.3673684e-01  -7.0750826e-05
   5.4240000e+03   5.3421409e-01  -1.6111749e-03
   5.4400000e+03   5.3274572e-01  -6.9592841e-04
   5.4560000e+03   5.3512044e-01   1.4161358e-03
   5.4720000e+03   5.3354426e-01   6.3859136e-04
   5.4880000e+03   5.3499969e-01   6.2772522e-04
   5.5040000e+03   5.3471398e-01   1.6457716e-03
   5.5200000e+03   5.3165306e-01  -1.7889226e-03
   5.5360000e+03   5.3455411e-01   9.4084035e-04
   5.5520000e+03   5.2890666e-01   6.7390479e-04
   5.5680000e+03   5.3248648e-01   5.9449644e-04
   5.5840000e+03   5.3509434e-01   2.0575015e-03
   5.6000000e+03   5.3065283e-01   7.7955520e-04
   5.6160000e+03   5.3204938e-01   2.7642738e-03
   5.6320000e+03   5.3668545e-01  -2.3228320e-03
   5.6480000e+03   5.3140280e-01   2.3752607e-04
   5.6640000e+03   5.3011613e-01  -7.0184047e-04
   5.6800000e+03   5.3036930e-01   2.9058069e-03
   5.6960000e+03   5.3204312e-01   8.5771517e-04
   5.7120000e+03   5.3382821e-01  -1.9795022e-04
   5.7280000e+03   5.3329899e-01   1.8116517e-03
   5.7440000e+03   5.3265646e-01  -3.6330638e-03
   5.7600000e+03   5.2433500e-01  -3.5025725e-04
   5.7760000e+03   5.3235656e-01   7.1864970e-04
   5.7920000e+03   5.3159340e-01  -3.6853179e-03
   5.8080000e+03   5.3370573e-01   3.8879286e-03
   5.8240000e+03   5.3196774e-01  -1.2267660e-03
   5.8400000e+03   5.2937876e-01   1.1420930e-03
   5.8560000e+03   5.3198384e-01  -2.3910756e-03
   5.8720000e+03   5.2965073e-01   9.8330270e-04
   5.8880000e+03   5.3347470e-01  -2.8989676e-03
   5.9040000e+03   5.2860801e-01   1.0342804e-03
   5.9200000e+03   5.3227989e-01  -5.8127806e-03
   5.9360000e+03   5.3045438e-01   1.9628543e-03
   5.9520000e+03   5.2949801e-01  -3.1591583e-04
   5.9680000e+03   5.3091698e-01  -1.0456518e-03
   5.9840000e+03   5.2695981e-01   2.7107611e-03
   6.0000000e+03   5.2899023e-01  -1.5243375e-04
   6.0160000e+03   5.3144517e-01  -2.2028691e-03
   6.0320000e+03   5.2965310e-01  -2.2009805e-04
   6.0480000e+03   5.2723927e-01  -2.4557905e-03
   6.0640000e+03   5.3054843e-01  -7.1375334e-04
   6.0800000e+03   5.2903660e-01  -2.5733865e-04
   6.0960000e+03   5.2642225e-01   1.1633226e-03
   6.1120000e+03   5.2946761e-01   1.6401353e-03
   6.1280000e+03   5.2881893e-01  -1.2966828e-03
   6.1440000e+03   5.2540727e-01  -2.7124768e-04
   6.1600000e+03   5.2919506e-01  -1.1725143e-03
   6.1760000e+03   5.2849293e-01   9.5290955e-04
   6.1920000e+03   5.2919652e-01   1.7680266e-03
   6.2080000e+03   5.2233090e-01   4.1844592e-04
   6.2240000e+03   5.2520989e-01   3.4047945e-04
   6.2400000e+03   5.2672899e-01  -1.5037713e-04
   6.2560000e+03   5.2767632e-01   4.6357519e-04
   6.2720000e+03   5.2694767e-01  -1.1474872e-03
   6.2880000e+03   5.2806507e-01   1.9604848e-03
   6.3040000e+03   5.2572435e-01  -2.9412772e-03
   6.3200000e+03   5.2416156e-01  -1.7828301e-03
   6.3360000e+03   5.2614645e-01   8.2253540e-04
   6.3520000e+03   5.2530561e-01   2.9919594e-03
   6.3680000e+03   5.2746127e-01  -6.7991516e-04
   6.3840000e+03   5.2045448e-01  -7.9639890e-04
   6.4000000e+03   5.2201872e-01  -4.0561979e-04
   6.4160000e+03   5.2784743e-01   1.3450171e-03
   6.4320000e+03   5.2661314e-01  -3.4706046e-04
   6.4480000e+03   5.2413041e-01  -1.4526087e-03
   6.4640000e+03   5.2022591e-01   9.0566787e-04
   6.4800000e+03   5.2289344e-01   2.1738285e-04
   6.4960000e+03   5.2378856e-01  -1.0565301e-03
   6.5120000e+03   5.2373173e-01   7.3934418e-04
   6.5280000e+03   5.2100215e-01  -9.8633541e-05
   6.5440000e+03   5.2099542e-01  -2.9728422e-03
   6.5600000e+03   5.2337395e-01   1.0099893e-03
   6.5760000e+03   5.2110009e-01   1.7958702e-03
   6.5920000e+03   5.2010184e-01  -1.6814925e-03
   6.6080000e+03   5.1908982e-01  -2.7554166e-05
   6.6240000e+03   5.1836751e-01  -3.7292181e-04
   6.6400000e+03   5.1765755e-01   2.1556613e-03
   6.6560000e+03   5.2190317e-01   1.3828328e-03
   6.6720000e+03   5.2099299e-01   3.0041065e-03
   6.6880000e+03   5.2126879e-01  -5.0741514e-04
   6.7040000e+03   5.2029549e-01  -2.4882580e-04
   6.7200000e+03   5.1906503e-01  -1.3281239e-03
   6.7360000e+03   5.2059528e-01   3.6886186e-03
   6.7520000e+03   5.1848335e-01  -1.2576657e-03
   6.7680000e+03   5.2000338e-01   1.5804958e-03
   6.7840000e+03   5.2115061e-01   1.4236251e-03
   6.8000000e+03   5.1982153e-01  -6.6713557e-04
   6.8160000e+03   5.1751878e-01  -2.2850000e-03
   6.8320000e+03   5.1302703e-01  -1.2660517e-04
   6.8480000e+03   5.1781585e-01  -1.2096454e-03
   6.8640000e+03   5.1761021e-01  -1.5885349e-03
   6.8800000e+03   5.1868038e-01   1.6872193e-03
   6.8960000e+03   5.1875725e-01   1.0319659e-03
   6.9120000e+03   5.2071148e-01   5.4791752e-04
   6.9280000e+03   5.2103907e-01   3.8354936e-04
   6.9440000e+03   5.1836597e-01  -1.1763897e-04
   6.9600000e+03   5.1710386e-01  -4.2525179e-04
   6.9760000e+03   5.1480762e-01   1.2402422e-04
   6.9920000e+03   5.1746180e-01   6.7606083e-04
   7.0080000e+03   5.1496325e-01   3.5010245e-03
   7.0240000e+03   5.1626400e-01   1.4311983e-03
   7.0400000e+03   5.2009332e-01   1.5790556e-03
   7.0560000e+03   5.1885275e-01   1.9273047e-03
   7.0720000e+03   5.1348709e-01  -5.1853203e-04
   7.0880000e+03   5.1284925e-01   1.3072298e-04
   7.1040000e+03   5.1448625e-01   3.4883725e-03
   7.1200000e+03   5.1691263e-01  -2.9565400e-03
   7.1360000e+03   5.1621895e-01   1.0293140e-03
   7.1520000e+03   5.1520015e-01   2.0460087e-03
   7.1680000e+03   5.1630836e-01  -1.5442868e-03
   7.1840000e+03   5.1901666e-01  -4.2907093e-04
   7.2000000e+03   5.1286838e-01   1.5604689e-03
   7.2160000e+03   5.1436898e-01  -1.9561333e-03
   7.2320000e+03   5.1734580e-01  -8.3987823e-04
   7.2480000e+03   5.1232895e-01   1.6537723e-03
   7.2640000e+03   5.1189457e-01   8.9240301e-04
   7.2800000e+03   5.1587724e-01  -1.1731392e-03
   7.2960000e+03   5.1517888e-01  -1.6576976e-03
   7.3120000e+03   5.1355085e-01  -1.1248029e-03
   7.3280000e+03   5.1438574e-01  -2.4639317e-03
   7.3440000e+03   5.1386379e-01  -2.6528825e-03
   7.3600000e+03   5.1314673e-01  -2.5686626e-03
   7.3760000e+03   5.1318159e-01  -1.3094742e-03
   7.3920000e+03   5.1323907e-01   1.0943910e-03
   7.4080000e+03   5.1193163e-01  -2.6148973e-03
   7.4240000e+03   5.1428450e-01   1.9196883e-03
   7.4400000e+03   5.1523406e-01  -3.0779624e-03
   7.4560000e+03   5.1022381e-01  -8.3794360e-04
   7.4720000e+03   5.1053519e-01   9.5819754e-05
   7.4880000e+03   5.1012777e-01   1.6562784e-04
   7.5040000e+03   5.0943314e-01   3.6222278e-04
   7.5200000e+03   5.1169715e-01  -1.5001585e-03
   7.5360000e+03   5.0742246e-01   1.5662188e-03
   7.5520000e+03   5.1104878e-01  -1.6383705e-03
   7.5680000e+03   5.1249304e-01  -1.6410754e-04
   7.5840000e+03   5.0942570e-01  -1.4792586e-03
   7.6000000e+03   5.0874559e-01   2.3459471e-03
   7.6160000e+03   5.1031338e-01  -9.2953180e-04
   7.6320000e+03   5.1191727e-01   1.3319452e-03
   7.6480000e+03   5.0863153e-01   3.0839747e-04
   7.6640000e+03   5.1086577e-01   2.5425737e-03
   7.6800000e+03   5.0646906e-01  -2.5340026e-03
   7.6960000e+03   5.1045031e-01   1.9488055e-03
   7.7120000e+03   5.0775655e-01  -1.9168116e-03
   7.7280000e+03   5.0941080e-01  -1.2903881e-03
   7.7440000e+03   5.0891913e-01   4.9800123e-04
   7.7600000e+03   5.0801762e-01  -3.0515954e-03
   7.7760000e+03   5.1029919e-01   5.7250355e-04
   7.7920000e+03   5.0508038e-01   1.4449140e-03
   7.8080000e+03   5.0667740e-01  -3.1646223e-03
   7.8240000e+03   5.1222098e-01   7.5176125e-04
   7.8400000e+03   5.0631634e-01   3.4851994e-03
   7.8560000e+03   5.0636678e-01  -7.4223300e-04
   7.8720000e+03   5.0789583e-01  -4.3124189e-04
   7.8880000e+03   5.1077051e-01   1.3963088e-03
   7.9040000e+03   5.0794465e-01  -1.2904409e-03
   7.9200000e+03   5.0867306e-01   4.6072824e-03
   7.9360000e+03   5.0458041e-01   1.0112661e-03
   7.9520000e+03   5.0581330e-01   2.1394981e-03
   7.9680000e+03   5.1053966e-01   1.4773351e-03
   7.9840000e+03   5.0619731e-01  -1.5785998e-03
   8.0000000e+03   5.0675335e-01  -3.0612396e-05
   8.0160000e+03   5.0782839e-01  -1.1997413e-04
   8.0320000e+03   5.0489054e-01   6.3805840e-04
   8.0480000e+03   5.0691919e-01  -7.7970770e-04
   8.0640000e+03   5.0247633e-01   1.7573783e-03
   8.0800000e+03   5.0450972e-01  -2.4564282e-03
   8.0960000e+03   5.0536500e-01  -2.2248576e-03
   8.1120000e+03   5.0578733e-01  -9.6805327e-04
   8.1280000e+03   5.0172697e-01  -3.1145951e-03
   8.1440000e+03   5.0578875e-01   2.0019941e-03
   8.1600000e+03   5.0316267e-01  -1.8167826e-03
   8.1760000e+03   5.0302360e-01   1.8832238e-03
   8.1920000e+03   5.0432849e-01  -6.7861603e-05
   8.2080000e+03   5.0276932e-01   1.9579793e-03
   8.2240000e+03   5.0177910e-01  -1.6190775e-03
   8.2400000e+03   5.0639120e-01  -2.4681067e-04
   8.2560000e+03   5.0369735e-01   7.1945498e-04
   8.2720000e+03   5.0191427e-01  -7.7572917e-04
   8.2880000e+03   5.0205676e-01  -1.2813216e-03
   8.3040000e+03   5.0142397e-01   5.6310897e-04
   8.3200000e+03   5.0278283e-01  -8.2996457e-04
   8.3360000e+03   5.0178215e-01   3.3545823e-04
   8.3520000e+03   5.0012977e-01   1.6411385e-03
   8.3680000e+03   4.9887855e-01   8.2110257e-04
   8.3840000e+03   4.9942281e-01  -3.5754278e-04
   8.4000000e+03   4.9937502e-01   9.8026892e-04
   8.4160000e+03   5.0100056e-01  -7.7752082e-04
   8.4320000e+03   4.9719429e-01  -8.8203766e-04
   8.4480000e+03   4.9992997e-01   3.8720917e-03
   8.4640000e+03   4.9961111e-01  -1.8306753e-03
   8.4800000e+03   4.9794243e-01  -5.5672071e-04
   8.4960000e+03   4.9944713e-01  -7.5278799e-04
   8.5120000e+03   4.9610822e-01  -1.0692034e-03
   8.5280000e+03   4.9820710e-01  -1.0047890e-03
   8.5440000e+03   4.9803158e-01  -1.3795481e-03
   8.5600000e+03   4.9857606e-01   2.1177625e-03
   8.5760000e+03   4.9526842e-01  -2.4127470e-03
   8.5920000e+03   4.9458381e-01   1.6259209e-03
   8.6080000e+03   4.9555533e-01  -1.1114139e-03
   8.6240000e+03   4.9459614e-01   1.1723546e-03
   8.6400000e+03   4.9818622e-01  -9.9191468e-04
   8.6560000e+03   4.9434568e-01  -2.8149085e-03
   8.6720000e+03   4.9596594e-01  -5.1355701e-03
   8.6880000e+03   4.9699795e-01   1.2663793e-03
   8.7040000e+03   4.9549344e-01   5.2951103e-04
   8.7200000e+03   4.9147247e-01   2.6548759e-03
   8.7360000e+03   4.9968949e-01   2.4895351e-03
   8.7520000e+03   4.9700644e-01   1.2691720e-03
   8.7680000e+03   4.9450937e-01   7.6151018e-04
   8.7840000e+03   4.9423017e-01  -1.2675958e-03
   8.8000000e+03   4.9310613e-01  -2.7067910e-03
   8.8160000e+03   4.9202462e-01   4.1730456e-04
   8.8320000e+03   4.9137189e-01  -2.6548888e-03
   8.8480000e+03   4.9352225e-01  -2.9108349e-03
   8.8640000e+03   4.9303109e-01  -1.6460142e-03
   8.8800000e+03   4.9346072e-01   1.7936421e-03
   8.8960000e+03   4.9023030e-01   1.3114943e-04
   8.9120000e+03   4.9124898e-01  -2.0358321e-03
   8.9280000e+03   4.9077907e-01  -1.0292182e-03
   8.9440000e+03   4.9329622e-01  -3.6098552e-03
   8.9600000e+03   4.9405444e-01  -3.7492697e-04
   8.9760000e+03   4.9171693e-01  -2.5413086e-03
   8.9920000e+03   4.9163978e-01   3.5408290e-04
   9.0080000e+03   4.9018707e-01  -9.9400657e-04
   9.0240000e+03   4.8893143e-01  -4.2714199e-04
   9.0400000e+03   4.8944224e-01   3.4485764e-04
   9.0560000e+03   4.9440344e-01  -2.0257999e-03
   9.0720000e+03   4.8712323e-01   2.1394273e-03
   9.0880000e+03   4.8994219e-01  -8.8765625e-04
   9.1040000e+03   4.8687991e-01   3.0211091e-03
   9.1200000e+03   4.8418302e-01  -3.0524652e-04
   9.1360000e+03   4.8747240e-01   2.3639567e-04
   9.1520000e+03   4.8769475e-01  -7.0496625e-05
   9.1680000e+03   4.8804980e-01   4.5662349e-04
   9.1840000e+03   4.8626508e-01   1.2669170e-03
   9.2000000e+03   4.8409027e-01   1.5009263e-03
   9.2160000e+03   4.8451923e-01  -3.3190383e-03
   9.2320000e+03   4.8624854e-01   3.9407517e-03
   9.2480000e+03   4.8534888e-01   8.2815918e-04
   9.2640000e+03   4.8694905e-01   1.6586437e-03
   9.2800000e+03   4.8664178e-01   1.0486523e-03
   9.2960000e+03   4.8460973e-01   2.6079640e-03
   9.3120000e+03   4.8612570e-01   3.4326047e-03
   9.3280000e+03   4.8644590e-01  -1.3033980e-03
   9.3440000e+03   4.8390893e-01   4.1096927e-04
   9.3600000e+03   4.8622723e-01   1.7637885e-03
   9.3760000e+03   4.8413229e-01   2.7809064e-03
   9.3920000e+03   4.7982384e-01  -4.1427587e-03
   9.4080000e+03   4.7892249e-01  -4.1112256e-03
   9.4240000e+03   4.8377087e-01  -3.6794011e-03
   9.4400000e+03   4.7982350e-01   6.5422418e-05
   9.4560000e+03   4.8422929e-01  -1.6650266e-03
   9.4720000e+03   4.8140981e-01  -4.8123988e-03
   9.4880000e+03   4.8324789e-01  -3.7303083e-04
   9.5040000e+03   4.8073070e-01   7.0662061e-04
   9.5200000e+03   4.8293254e-01  -2.4617055e-03
   9.5360000e+03   4.8217787e-01  -4.0557059e-03
   9.5520000e+03   4.8080329e-01   4.0432682e-04
   9.5680000e+03   4.8089679e-01   2.7108594e-03
   9.5840000e+03   4.8357852e-01   1.8523004e-03
   9.6000000e+03   4.8005931e-01   2.3294958e-03
   9.6160000e+03   4.8080652e-01   1.2905415e-03
   9.6320000e+03   4.7922456e-01   2.4904893e-03
   9.6480000e+03   4.7939965e-01  -6.0560187e-04
   9.6640000e+03   4.7763142e-01   2.5803585e-03
   9.6800000e+03   4.7577344e-01   2.8395632e-04
   9.6960000e+03   4.7587909e-01  -2.4174165e-04
   9.7120000e+03   4.7774488e-01   1.0050151e-03
   9.7280000e+03   4.7667133e-01  -3.1980461e-04
   9.7440000e+03   4.7880694e-01   8.2752109e-04
   9.7600000e+03   4.7795936e-01  -3.2925595e-04
   9.7760000e+03   4.7733642e-01  -3.1740168e-04
   9.7920000e+03   4.7846989e-01  -1.8907304e-03
   9.8080000e+03   4.7317249e-01  -4.9857792e-05
   9.8240000e+03   4.7660074e-01  -8.9369652e-04
   9.8400000e+03   4.7608156e-01  -5.5215591e-04
   9.8560000e+03   4.7192578e-01  -3.4432191e-03
   9.8720000e+03   4.7332090e-01   1.9706936e-03
   9.8880000e+03   4.7843041e-01   8.1274675e-04
   9.9040000e+03   4.7271427e-01   9.2709340e-04
   9.9200000e+03   4.7399721e-01   2.1449645e-04
   9.9360000e+03   4.7136034e-01   3.1861563e-03
   9.9520000e+03   4.7308249e-01   1.0872020e-04
   9.9680000e+03   4.7751517e-01   8.5526714e-04
   9.9840000e+03   4.7324569e-01  -1.3516543e-03
   1.0000000e+04   4.7517969e-01   1.7700056e-04
   1.0016000e+04   4.7292365e-01  -2.6951733e-03
   1.0032000e+04   4.7405412e-01   1.8063211e-03
   1.0048000e+04   4.7341426e-01   2.4333750e-03
   1.0064000e+04   4.7457085e-01   1.3527273e-03
   1.0080000e+04   4.6913442e-01  -8.5977499e-04
   1.0096000e+04   4.6803389e-01   1.6748769e-03
   1.0112000e+04   4.6945192e-01   1.6374523e-03
   1.0128000e+04   4.7239581e-01   1.0362760e-03
   1.0144000e+04   4.7265981e-01   9.9531195e-04
   1.0160000e+04   4.7296330e-01   1.8227040e-04
   1.0176000e+04   4.7048919e-01   6.7346729e-04
   1.0192000e+04   4.6576369e-01   4.7032011e-04
   1.0208000e+04   4.6598369e-01  -2.8810352e-03
   1.0224000e+04   4.6852164e-01  -1.9343588e-03
   1.0240000e+04   4.6994400e-01   2.2986420e-03
   1.0256000e+04   4.6705181e-01  -1.5258987e-03
   1.0272000e+04   4.6921233e-01   3.3859555e-03
   1.0288000e+04   4.6780588e-01   1.1207091e-03
   1.0304000e+04   4.6911465e-01   2.5471486e-03
   1.0320000e+04   4.6816051e-01  -1.1148820e-03
   1.0336000e+04   4.6670071e-01   3.3787398e-03
   1.0352000e+04   4.6396676e-01  -8.3398550e-04
   1.0368000e+04   4.6881924e-01  -6.4404177e-04
   1.0384000e+04   4.6525496e-01   2.7141069e-04
   1.0400000e+04   4.6732125e-01  -9.1848099e-04
   1.0416000e+04   4.6271075e-01   2.2874266e-03
   1.0432000e+04   4.6697501e-01  -1.0212041e-03
   1.0448000e+04   4.6655671e-01  -1.5301399e-03
   1.0464000e+04   4.6744148e-01  -1.5041127e-03
   1.0480000e+04   4.6504020e-01   6.3754319e-03
   1.0496000e+04   4.6588099e-01  -1.4262667e-03
   1.0512000e+04   4.6437873e-01   2.8314544e-04
   1.0528000e+04   4.6430288e-01  -1.4874418e-03
   1.0544000e+04   4.6653694e-01   2.7133071e-03
   1.0560000e+04   4.6216234e-01   3.7815912e-03
   1.0576000e+04   4.6070496e-01  -1.6467798e-03
   1.0592000e+04   4.6255423e-01   9.0147476e-05
   1.0608000e+04   4.6613647e-01  -1.3619261e-03
   1.0624000e+04   4.6219610e-01   1.2014770e-03
   1.0640000e+04   4.5924310e-01   5.4092862e-04
   1.0656000e+04   4.6404229e-01   1.9850016e-03
   1.0672000e+04   4.6284189e-01  -1.9457742e-03
   1.0688000e+04   4.6345300e-01   1.9867517e-03
   1.0704000e+04   4.5933347e-01  -1.5629786e-03
   1.0720000e+04   4.6015955e-01  -3.6546040e-03
   1.0736000e+04   4.6439393e-01   4.2718539e-04
   1.0752000e+04   4.5930708e-01   2.1075015e-03
   1.0768000e+04   4.6033629e-01  -4.2325312e-04
   1.0784000e+04   4.5845815e-01   9.7424032e-04
   1.0800000e+04   4.6204933e-01   1.8899488e-03
   1.0816000e+04   4.5651737e-01  -6.5516871e-04
   1.0832000e+04   4.5933573e-01   2.3231071e-03
   1.0848000e+04   4.5712865e-01  -1.4914308e-03
   1.0864000e+04   4.5771977e-01   3.3492570e-03
   1.0880000e+04   4.5703387e-01  -2.3098968e-03
   1.0896000e+04   4.6056942e-01   1.2425437e-03
   1.0912000e+04   4.6116150e-01  -2.0422042e-03
   1.0928000e+04   4.6011189e-01  -1.7817276e-03
   1.0944000e+04   4.5496442e-01   2.1899441e-03
   1.0960000e+04   4.5645724e-01  -2.2107988e-04
   1.0976000e+04   4.5496230e-01   5.8482417e-05
   1.0992000e+04   4.5864840e-01  -4.2071736e-03
   1.1008000e+04   4.5537156e-01  -2.6959410e-03
   1.1024000e+04   4.5374748e-01  -6.1044082e-04
   1.1040000e+04   4.5807996e-01  -1.7788280e-03
   1.1056000e+04   4.5475979e-01  -2.5779906e-03
   1.1072000e+04   4.5404609e-01  -2.0424829e-03
   1.1088000e+04   4.5389800e-01   2.8317837e-03
   1.1104000e+04   4.5382948e-01   4.2309572e-03
   1.1120000e+04   4.5513162e-01   1.0725673e-03
   1.1136000e+04   4.5246970e-01   3.4160972e-03
   1.1152000e+04   4.5261011e-01  -2.3216997e-03
   1.1168000e+04   4.5340188e-01   4.3543751e-03
   1.1184000e+04   4.5010851e-01   3.3530690e-03
   1.1200000e+04   4.5205918e-01  -6.0293870e-04
   1.1216000e+04   4.5034983e-01   9.4234745e-04
   1.1232000e+04   4.5188497e-01   1.5379902e-03
   1.1248000e+04   4.5625570e-01   1.4705596e-03
   1.1264000e+04   4.5299756e-01   2.3355683e-03
   1.1280000e+04   4.5472955e-01   2.9021326e-03
   1.1296000e+04   4.4839123e-01  -6.9725529e-04
   1.1312000e+04   4.5118575e-01  -4.0678025e-04
   1.1328000e+04   4.5114876e-01   1.2670337e-03
   1.1344000e+04   4.4956554e-01   5.0940036e-03
   1.1360000e+04   4.4727055e-01   4.5379339e-05
   1.1376000e+04   4.4433887e-01   1.8567306e-03
   1.1392000e+04   4.4671090e-01   1.0550461e-03
   1.1408000e+04   4.4334231e-01   1.9674054e-03
   1.1424000e+04   4.4561716e-01   8.4129524e-04
   1.1440000e+04   4.4492250e-01   8.7695179e-04
   1.1456000e+04   4.4616598e-01   8.7755267e-04
   1.1472000e+04   4.4812851e-01   1.0329826e-03
   1.1488000e+04   4.4790244e-01   1.4962844e-03
   1.1504000e+04   4.4585403e-01   7.4256325e-05
   1.1520000e+04   4.4473579e-01   4.1872615e-04
   1.1536000e+04   4.4871507e-01  -6.0031346e-04
   1.1552000e+04   4.4764057e-01   1.3798968e-03
   1.1568000e+04   4.4849712e-01   1.4751532e-03
   1.1584000e+04   4.4766776e-01   3.5170841e-06
   1.1600000e+04   4.4612529e-01  -4.7266283e-04
   1.1616000e+04   4.4364195e-01  -7.7912729e-05
   1.1632000e+04   4.4282079e-01   3.3345422e-04
   1.1648000e+04   4.4223290e-01   5.5387725e-04
   1.1664000e+04   4.4171940e-01   2.2834368e-03
   1.1680000e+04   4.4165168e-01  -1.3432212e-03
   1.1696000e+04   4.4175475e-01   1.0880134e-03
   1.1712000e+04   4.4195127e-01   1.0856376e-03
   1.1728000e+04   4.4308886e-01  -2.7489382e-03
   1.1744000e+04   4.4170552e-01  -1.3063214e-03
   1.1760000e+04   4.4551946e-01  -1.7368079e-03
   1.1776000e+04   4.3852672e-01   4.3316436e-03
   1.1792000e+04   4.4298846e-01  -5.9602722e-04
   1.1808000e+04   4.4503709e-01  -1.0433208e-03
   1.1824000e+04   4.4231074e-01  -3.3910223e-03
   1.1840000e+04   4.3968584e-01   2.8956314e-03
   1.1856000e+04   4.4274860e-01   2.5088018e-04
   1.1872000e+04   4.3943619e-01   4.5208633e-04
   1.1888000e+04   4.4015214e-01   1.4517527e-04
   1.1904000e+04   4.3832179e-01  -2.2520850e-03
   1.1920000e+04   4.3764596e-01  -2.0674348e-06
   1.1936000e+04   4.3715248e-01   6.9016552e-04
   1.1952000e+04   4.3924184e-01   2.3094470e-03
   1.1968000e+04   4.3707139e-01  -7.9218569e-05
   1.1984000e+04   4.4129021e-01  -7.0684152e-04
   1.2000000e+04   4.3865103e-01  -1.2427435e-03
   1.2016000e+04   4.3667278e-01  -1.0181141e-03
   1.2032000e+04   4.3631306e-01   9.8723831e-04
   1.2048000e+04   4.3935454e-01   1.7484814e-03
   1.2064000e+04   4.3680948e-01  -4.4671221e-04
   1.2080000e+04   4.3576247e-01   1.9976890e-04
   1.2096000e+04   4.4031648e-01  -1.5416307e-03
   1.2112000e+04   4.3337746e-01  -4.0609754e-03
   1.2128000e+04   4.3566112e-01   2.0196976e-03
   1.2144000e+04   4.3786138e-01  -9.6615109e-04
   1.2160000e+04   4.3461612e-01  -6.5391210e-04
   1.2176000e+04   4.3692374e-01  -2.7465609e-03
   1.2192000e+04   4.3263596e-01  -1.0197190e-03
   1.2208000e+04   4.3650489e-01  -3.5647568e-03
   1.2224000e+04   4.3725091e-01   2.7518640e-03
   1.2240000e+04   4.3525182e-01  -2.3700844e-03
   1.2256000e+04   4.3732878e-01   4.4625215e-03
