   0.0000000e+00   8.6640177e-01   4.7372254e-04
   8.0000000e+00   8.6704081e-01   2.9789250e-03
   1.6000000e+01   8.7139514e-01  -4.4155678e-04
   2.4000000e+01   8.7922180e-01   3.0390288e-03
   3.2000000e+01   8.8522548e-01  -2.2039192e-03
   4.0000000e+01   8.9520177e-01  -1.6881610e-03
   4.8000000e+01   9.0433997e-01  -9.6355573e-04
   5.6000000e+01   9.1589940e-01   7.4533735e-04
   6.4000000e+01   9.3009269e-01  -1.6332390e-04
   7.2000000e+01   9.4070799e-01   1.5557379e-05
   8.0000000e+01   9.5879807e-01  -1.8314228e-03
   8.8000000e+01   9.7058075e-01  -2.8625032e-03
   9.6000000e+01   9.8642604e-01   3.1104128e-03
   1.0400000e+02   9.9717796e-01  -7.6086882e-04
   1.1200000e+02   9.9827705e-01  -9.4809607e-04
   1.2000000e+02   9.9717796e-01   3.7814149e-04
   1.2800000e+02   9.8642604e-01  -1.7795867e-03
   1.3600000e+02   9.7058075e-01  -2.3375582e-03
   1.4400000e+02   9.5879807e-01   4.3271056e-03
   1.5200000e+02   9.4070799e-01   2.0580075e-03
   1.6000000e+02   9.3009269e-01  -1.3481772e-03
   1.6800000e+02   9.1589940e-01   7.7358967e-04
   1.7600000e+02   9.0433997e-01   3.0041195e-03
   1.8400000e+02   8.9520177e-01  -1.1021941e-03
   1.9200000e+02   8.8522548e-01  -1.0646716e-03
   2.0000000e+02   8.7922180e-01  -2.8050820e-03
   2.0800000e+02   8.7139514e-01  -3.5565744e-04
   2.1600000e+02   8.6704081e-01  -9.9549587e-04
   2.2400000e+02   8.6640177e-01  -3.2426821e-03
   2.3200000e+02   8.5881539e-01  -1.6938845e-03
   2.4000000e+02   8.5313426e-01  -4.0435895e-05
   2.4800000e+02   8.5058396e-01   3.8065159e-06
   2.5600000e+02   8.4737005e-01  -2.9059973e-03
   2.6400000e+02   8.4710606e-01   4.8911994e-04
   2.7200000e+02   8.3826303e-01   2.9897709e-03
   2.8000000e+02   8.3257783e-01  -2.1703727e-03
   2.8800000e+02   8.2869589e-01  -2.3067562e-03
   2.9600000e+02   8.2559131e-01  -5.8302681e-04
   3.0400000e+02   8.2173578e-01   6.0577614e-04
   3.1200000e+02   8.1805017e-01  -1.6860945e-04
   3.2000000e+02   8.1582352e-01   5.5320899e-03
   3.2800000e+02   8.1223269e-01  -1.3643617e-03
   3.3600000e+02   8.0531388e-01   1.8055649e-03
   3.4400000e+02   7.9674575e-01   1.5717172e-03
   3.5200000e+02   7.9576513e-01   4.8799408e-04
   3.6000000e+02   7.8926060e-01  -3.4565400e-04
   3.6800000e+02   7.8720405e-01   8.1976115e-04
   3.7600000e+02   7.8451848e-01  -1.5411288e-03
   3.8400000e+02   7.7810645e-01   2.1878686e-03
   3.9200000e+02   7.7431530e-01   2.1552236e-03
   4.0000000e+02   7.7092342e-01  -4.4488691e-03
   4.0800000e+02   7.6924730e-01   1.4683123e-03
   4.1600000e+02   7.6674746e-01   6.3537023e-04
   4.2400000e+02   7.5908422e-01  -8.1116595e-04
   4.3200000e+02   7.5990350e-01   2.0698628e-03
   4.4000000e+02   7.5848890e-01   8.7754857e-04
   4.4800000e+02   7.5321767e-01  -4.6588177e-04
   4.5600000e+02   7.4690200e-01  -1.1848061e-03
   4.6400000e+02   7.4748567e-01   1.1990882e-03
   4.7200000e+02   7.4230579e-01  -7.0416418e-04
   4.8000000e+02   7.4284151e-01  -3.0685552e-04
   4.8800000e+02   7.3954869e-01  -5.9851380e-03
   4.9600000e+02   7.3720036e-01   3.6084865e-04
   5.0400000e+02   7.3536353e-01   1.5290883e-03
   5.1200000e+02   7.3143325e-01   2.9307948e-04
   5.2000000e+02   7.3158138e-01   8.1276622e-04
   5.2800000e+02   7.2829341e-01   2.6791424e-03
   5.3600000e+02   7.2794907e-01  -3.1944798e-04
   5.4400000e+02   7.2284384e-01   9.2539694e-04
   5.5200000e+02   7.2468604e-01  -6.0196504e-04
   5.6000000e+02   7.2099945e-01  -3.0617367e-04
   5.6800000e+02   7.1934670e-01   2.0838342e-03
   5.7600000e+02   7.1807789e-01   5.0753706e-04
   5.8400000e+02   7.1593722e-01   2.2466792e-03
   5.9200000e+02   7.1439642e-01   1.8773240e-03
   6.0000000e+02   7.0848105e-01   1.6404721e-03
   6.0800000e+02   7.0951895e-01  -1.4898686e-03
   6.1600000e+02   7.1101661e-01   2.6584865e-03
   6.2400000e+02   7.0460016e-01   2.5304222e-03
   6.3200000e+02   7.0331208e-01  -9.1241776e-04
   6.4000000e+02   7.0042840e-01   1.6284483e-04
   6.4800000e+02   6.9669171e-01  -1.0870093e-03
   6.5600000e+02   6.9716922e-01   7.6926704e-04
   6.6400000e+02   6.9747082e-01  -3.4787602e-04
   6.7200000e+02   6.9294092e-01  -1.3092163e-03
   6.8000000e+02   6.9311009e-01  -1.4931941e-03
   6.8800000e+02   6.8780221e-01  -1.2909121e-03
   6.9600000e+02   6.9131044e-01  -1.6236160e-03
   7.0400000e+02   6.8921195e-01   3.0344414e-03
   7.1200000e+02   6.8566894e-01  -1.3210097e-03
   7.2000000e+02   6.8349486e-01  -1.2575917e-03
   7.2800000e+02   6.8029228e-01  -1.1407143e-03
   7.3600000e+02   6.7704045e-01   4.6057088e-04
   7.4400000e+02   6.8167433e-01  -6.2480158e-04
   7.5200000e+02   6.7641709e-01  -3.6250492e-04
   7.6000000e+02   6.7347531e-01   5.4624525e-03
   7.6800000e+02   6.7224211e-01   1.4478130e-03
   7.7600000e+02   6.7295355e-01  -3.3994422e-03
   7.8400000e+02   6.6757190e-01  -4.9288928e-04
   7.9200000e+02   6.7151674e-01  -9.4153721e-04
   8.0000000e+02   6.6699046e-01  -1.7218644e-03
   8.0800000e+02   6.6498384e-01   2.3742605e-03
   8.1600000e+02   6.6803762e-01   1.9820274e-03
   8.2400000e+02   6.6519903e-01   1.0437686e-03
   8.3200000e+02   6.6276546e-01   1.4788765e-03
   8.4000000e+02   6.6317763e-01   3.2919320e-03
   8.4800000e+02   6.5835526e-01   2.9880392e-03
   8.5600000e+02   6.5728504e-01  -2.5855583e-03
   8.6400000e+02   6.5617522e-01   2.8178462e-03
   8.7200000e+02   6.5523507e-01   2.1209065e-03
   8.8000000e+02   6.5451575e-01  -4.8384051e-04
   8.8800000e+02   6.5392459e-01  -8.3655139e-04
   8.9600000e+02   6.5018382e-01   2.6512565e-03
   9.0400000e+02   6.4906396e-01   1.3437192e-03
   9.1200000e+02   6.5053409e-01   6.2976643e-04
   9.2000000e+02   6.4606102e-01   1.1548133e-03
   9.2800000e+02   6.4714118e-01   1.7243718e-04
   9.3600000e+02   6.4151325e-01  -1.9101215e-03
   9.4400000e+02   6.4212410e-01  -1.1382382e-03
   9.5200000e+02   6.4151191e-01  -5.6370723e-04
   9.6000000e+02   6.3891758e-01  -3.1715333e-04
   9.6800000e+02   6.4041247e-01  -1.0470274e-03
   9.7600000e+02   6.3724189e-01  -1.0998216e-03
   9.8400000e+02   6.3386912e-01   2.0427003e-03
   9.9200000e+02   6.3553298e-01   1.3380217e-03
   1.0000000e+03   6.3683619e-01   5.1444050e-04
   1.0080000e+03   6.2880014e-01   1.1742785e-03
   1.0160000e+03   6.3459518e-01   2.6383213e-03
   1.0240000e+03   6.2972638e-01   8.3269900e-04
   1.0320000e+03   6.2915289e-01  -7.8321678e-04
   1.0400000e+03   6.2547013e-01  -2.5948117e-04
   1.0480000e+03   6.3047814e-01  -4.9227096e-04
   1.0560000e+03   6.2067604e-01   1.8517225e-03
   1.0640000e+03   6.2332516e-01   9.4861602e-04
   1.0720000e+03   6.2398422e-01  -2.8505389e-04
   1.0800000e+03   6.2095186e-01  -1.5822652e-03
   1.0880000e+03   6.1706849e-01   2.5611990e-03
   1.0960000e+03   6.1739097e-01   9.2814281e-04
   1.1040000e+03   6.2051916e-01  -2.5313338e-04
   1.1120000e+03   6.1557906e-01   3.8073208e-03
   1.1200000e+03   6.2076373e-01   3.2981248e-03
   1.1280000e+03   6.1809537e-01  -1.5826948e-03
   1.1360000e+03   6.1232527e-01  -1.9555304e-03
   1.1440000e+03   6.0913080e-01   2.8559217e-03
   1.1520000e+03   6.1136570e-01   2.9604267e-03
   1.1600000e+03   6.1015382e-01  -1.3269317e-03
   1.1680000e+03   6.0848825e-01   1.1186350e-03
   1.1760000e+03   6.0788702e-01   2.1168618e-03
   1.1840000e+03   6.0843657e-01  -2.4475357e-04
   1.1920000e+03   6.0880708e-01  -3.7618746e-04
   1.2000000e+03   6.0617144e-01  -7.1830454e-04
   1.2080000e+03   6.0485319e-01   9.3921373e-04
   1.2160000e+03   6.0380880e-01  -1.0731155e-04
   1.2240000e+03   6.0561897e-01   5.3095439e-04
   1.2320000e+03   6.0334023e-01   3.3861659e-03
   1.2400000e+03   5.9937823e-01   1.1049314e-03
   1.2480000e+03   6.0195360e-01  -1.4386587e-03
   1.2560000e+03   6.0286565e-01  -3.3945645e-03
   1.2640000e+03   6.0163069e-01   1.2608116e-03
   1.2720000e+03   6.0049052e-01  -1.7770840e-03
   1.2800000e+03   5.9977152e-01  -7.1703218e-04
   1.2880000e+03   5.9478285e-01  -1.2369189e-03
   1.2960000e+03   5.9807933e-01   2.9079164e-04
   1.3040000e+03   5.9490656e-01  -3.8977588e-04
   1.3120000e+03   5.9712521e-01  -2.5698567e-03
   1.3200000e+03   5.9413685e-01   2.9922912e-03
   1.3280000e+03   5.9264284e-01   2.0314421e-03
   1.3360000e+03   5.9297280e-01  -4.4708500e-03
   1.3440000e+03   5.9151316e-01   2.0029280e-03
   1.3520000e+03   5.9082605e-01   1.2107871e-03
   1.3600000e+03   5.9309051e-01  -6.2232873e-04
   1.3680000e+03   5.8841432e-01   4.5087062e-04
   1.3760000e+03   5.8969035e-01  -1.4861756e-03
   1.3840000e+03   5.8944120e-01   1.6890295e-04
   1.3920000e+03   5.8710876e-01   2.9527949e-03
   1.4000000e+03   5.8950085e-01   7.6628039e-04
   1.4080000e+03   5.8593706e-01  -3.8921456e-04
   1.4160000e+03   5.8310282e-01  -4.9877781e-04
   1.4240000e+03   5.8509716e-01   2.1686473e-03
   1.4320000e+03   5.7942586e-01   3.4790365e-03
   1.4400000e+03   5.8431441e-01  -1.2944973e-04
   1.4480000e+03   5.8237275e-01  -1.6783572e-03
   1.4560000e+03   5.8292968e-01  -9.4486727e-04
   1.4640000e+03   5.8333042e-01  -5.2715624e-04
   1.4720000e+03   5.8151143e-01   1.3239842e-03
   1.4800000e+03   5.8462875e-01  -3.8613070e-03
   1.4880000e+03   5.7842983e-01   7.0789235e-04
   1.4960000e+03   5.7994448e-01   1.3581166e-04
   1.5040000e+03   5.8034826e-01  -1.1158193e-03
   1.5120000e+03   5.7903173e-01   2.7567563e-03
   1.5200000e+03   5.7888899e-01  -2.2287820e-03
   1.5280000e+03   5.7491205e-01   2.7100370e-04
   1.5360000e+03   5.7578446e-01   1.2433345e-03
   1.5440000e+03   5.8099715e-01   3.3410239e-04
   1.5520000e+03   5.7602538e-01   1.1299637e-03
   1.5600000e+03   5.7410105e-01   2.2097818e-04
   1.5680000e+03   5.7647836e-01  -9.7336654e-04
   1.5760000e+03   5.7175192e-01   1.8577954e-03
   1.5840000e+03   5.7422728e-01   2.5868533e-03
   1.5920000e+03   5.7022654e-01   2.4536407e-03
   1.6000000e+03   5.7561725e-01   3.7596860e-04
   1.6080000e+03   5.7059372e-01   2.1030574e-04
   1.6160000e+03   5.7153693e-01   4.7439594e-03
   1.6240000e+03   5.7015027e-01  -7.6588180e-04
   1.6320000e+03   5.6962143e-01  -1.4087180e-03
   1.6400000e+03   5.7110018e-01  -2.4919874e-03
   1.6480000e+03   5.6853481e-01  -4.4329014e-05
   1.6560000e+03   5.7148383e-01  -7.9369704e-04
   1.6640000e+03   5.6802010e-01   2.9540139e-03
   1.6720000e+03   5.7043237e-01   1.4334544e-05
   1.6800000e+03   5.6626083e-01   1.9960252e-03
   1.6880000e+03   5.6826913e-01   1.7832030e-03
   1.6960000e+03   5.6982534e-01  -2.4683181e-03
   1.7040000e+03   5.6489673e-01   2.4031764e-03
   1.7120000e+03   5.6866774e-01   1.6723788e-04
   1.7200000e+03   5.6644611e-01   9.1747020e-04
   1.7280000e+03   5.6683534e-01   3.7439237e-04
   1.7360000e+03   5.6316672e-01   1.2498581e-03
   1.7440000e+03   5.6692924e-01  -2.8021111e-03
   1.7520000e+03   5.6474017e-01  -1.8412146e-03
   1.7600000e+03   5.6083308e-01   2.5890617e-03
   1.7680000e+03   5.6239078e-01   1.6652070e-04
   1.7760000e+03   5.6335257e-01   3.4276675e-04
   1.7840000e+03   5.6327283e-01   1.7512335e-03
   1.7920000e+03   5.5929786e-01  -7.7920228e-05
   1.8000000e+03   5.6319684e-01   1.5389432e-03
   1.8080000e+03   5.5874666e-01   3.4803485e-03
   1.8160000e+03   5.6136792e-01  -2.5912169e-03
   1.8240000e+03   5.5893951e-01   1.2064106e-03
   1.8320000e+03   5.5639153e-01   6.1268145e-04
   1.8400000e+03   5.6398109e-01   1.7758712e-03
   1.8480000e+03   5.5643819e-01  -1.8732523e-04
   1.8560000e+03   5.5828729e-01  -2.5902796e-03
   1.8640000e+03   5.5720055e-01   7.3201463e-04
   1.8720000e+03   5.5432687e-01   2.9664700e-04
   1.8800000e+03   5.5355383e-01  -2.1598560e-03
   1.8880000e+03   5.6000717e-01   2.5949557e-03
   1.8960000e+03   5.5711864e-01  -1.4536114e-03
   1.9040000e+03   5.5459134e-01  -1.4858853e-03
   1.9120000e+03   5.5242012e-01  -2.1633307e-03
   1.9200000e+03   5.5335427e-01  -6.9875839e-04
   1.9280000e+03   5.5246148e-01  -8.0740579e-04
   1.9360000e+03   5.4889812e-01   3.0160466e-04
   1.9440000e+03   5.5494547e-01  -1.1424152e-03
   1.9520000e+03   5.5065734e-01   1.5403999e-03
   1.9600000e+03   5.4978336e-01  -1.9328960e-03
   1.9680000e+03   5.4763064e-01   5.1471549e-04
   1.9760000e+03   5.5165505e-01  -1.5635629e-03
   1.9840000e+03   5.4969741e-01   3.5721798e-03
   1.9920000e+03   5.5108672e-01  -2.8849888e-04
   2.0000000e+03   5.4720847e-01   5.8763885e-03
   2.0080000e+03   5.4790611e-01  -6.5200665e-04
   2.0160000e+03   5.5338072e-01  -7.5907562e-04
   2.0240000e+03   5.4952110e-01   1.8597319e-03
   2.0320000e+03   5.4741418e-01   1.0808419e-03
   2.0400000e+03   5.4760709e-01  -2.9049890e-03
   2.0480000e+03   5.4777611e-01   1.6913748e-03
   2.0560000e+03   5.4750427e-01   3.7231814e-03
   2.0640000e+03   5.4802808e-01   1.9922105e-04
   2.0720000e+03   5.4791804e-01   2.7478147e-03
   2.0800000e+03   5.4696944e-01   1.4617362e-03
   2.0880000e+03   5.4494561e-01   5.9265241e-04
   2.0960000e+03   5.4012819e-01  -1.1559666e-03
   2.1040000e+03   5.4596932e-01  -1.2350805e-03
   2.1120000e+03   5.4251126e-01   1.6216957e-03
   2.1200000e+03   5.4369296e-01  -1.1451300e-03
   2.1280000e+03   5.4388842e-01  -2.6452103e-03
   2.1360000e+03   5.4324556e-01   3.3025782e-03
   2.1440000e+03   5.4232815e-01   1.2062959e-03
   2.1520000e+03   5.3876071e-01   1.7631939e-03
   2.1600000e+03   5.4353554e-01   4.8337484e-03
   2.1680000e+03   5.4372525e-01   1.1183961e-03
   2.1760000e+03   5.4264290e-01   3.1285513e-03
   2.1840000e+03   5.4276872e-01   1.5847983e-03
   2.1920000e+03   5.4255297e-01  -1.8957303e-03
   2.2000000e+03   5.3981272e-01   2.0733501e-03
   2.2080000e+03   5.4064075e-01  -4.9616676e-03
   2.2160000e+03   5.3912869e-01   2.5800487e-03
   2.2240000e+03   5.4205812e-01  -1.5141346e-04
   2.2320000e+03   5.4142821e-01  -2.1881089e-04
   2.2400000e+03   5.3807770e-01  -8.2959420e-04
   2.2480000e+03   5.4105793e-01  -5.6528400e-04
   2.2560000e+03   5.3773001e-01  -7.3124743e-05
   2.2640000e+03   5.3655748e-01   3.9201092e-04
   2.2720000e+03   5.3714210e-01  -2.3210532e-03
   2.2800000e+03   5.3498954e-01   2.2030798e-03
   2.2880000e+03   5.3636554e-01  -1.4231046e-03
   2.2960000e+03   5.3902671e-01   9.0606349e-04
   2.3040000e+03   5.3617202e-01  -4.1581269e-04
   2.3120000e+03   5.3550014e-01  -2.3850032e-03
   2.3200000e+03   5.3440881e-01   6.6305530e-04
   2.3280000e+03   5.3644468e-01  -2.2158034e-03
   2.3360000e+03   5.3389011e-01   1.6574517e-04
   2.3440000e+03   5.3524995e-01   1.8738918e-03
   2.3520000e+03   5.3327282e-01  -2.4565849e-03
   2.3600000e+03   5.3175258e-01  -1.2397557e-03
   2.3680000e+03   5.3350019e-01   1.6828277e-03
   2.3760000e+03   5.3059531e-01   1.4108756e-03
   2.3840000e+03   5.3707758e-01  -1.0937281e-03
   2.3920000e+03   5.3193281e-01   2.6862630e-05
   2.4000000e+03   5.2968579e-01  -5.1705033e-04
   2.4080000e+03   5.3406836e-01  -1.5244298e-04
   2.4160000e+03   5.3277714e-01   3.3469924e-03
   2.4240000e+03   5.3302343e-01  -1.7819892e-03
   2.4320000e+03   5.2956976e-01  -2.7111039e-03
   2.4400000e+03   5.2760888e-01  -2.2777150e-03
   2.4480000e+03   5.3269690e-01   1.1828288e-03
   2.4560000e+03   5.3212081e-01   3.9220980e-04
   2.4640000e+03   5.2958617e-01   6.4165625e-04
   2.4720000e+03   5.3185714e-01  -1.8652254e-03
   2.4800000e+03   5.3042789e-01   3.6467350e-03
   2.4880000e+03   5.2848184e-01   1.3958663e-03
   2.4960000e+03   5.2843008e-01   3.1784920e-03
   2.5040000e+03   5.3013186e-01   1.6683883e-03
   2.5120000e+03   5.2826591e-01   4.5539608e-04
   2.5200000e+03   5.2730736e-01   1.0444078e-03
   2.5280000e+03   5.2767198e-01   2.8840853e-03
   2.5360000e+03   5.3000125e-01   2.9178969e-04
   2.5440000e+03   5.2925007e-01   5.8352776e-04
   2.5520000e+03   5.2891897e-01  -1.1316253e-03
   2.5600000e+03   5.2526821e-01  -7.3344704e-04
   2.5680000e+03   5.2664609e-01   2.8351664e-03
   2.5760000e+03   5.2780393e-01  -1.8909197e-03
   2.5840000e+03   5.2384230e-01   2.3952158e-03
   2.5920000e+03   5.3185467e-01   2.6082556e-04
   2.6000000e+03   5.2563443e-01  -3.1768261e-03
   2.6080000e+03   5.2552524e-01  -2.4159342e-03
   2.6160000e+03   5.2744636e-01   2.0172667e-04
   2.6240000e+03   5.2805070e-01   8.7013057e-04
   2.6320000e+03   5.2364613e-01  -4.7422171e-04
   2.6400000e+03   5.2257665e-01  -6.5205047e-04
   2.6480000e+03   5.2465695e-01  -3.1878253e-04
   2.6560000e+03   5.2063861e-01  -4.1635525e-03
   2.6640000e+03   5.2169766e-01  -3.2597763e-03
   2.6720000e+03   5.2093603e-01   4.7794406e-04
   2.6800000e+03   5.2186544e-01   9.1715174e-05
   2.6880000e+03   5.2313003e-01   1.3697096e-03
   2.6960000e+03   5.2465670e-01  -2.7986825e-04
   2.7040000e+03   5.1877747e-01   2.6413445e-03
   2.7120000e+03   5.2549515e-01  -2.0208738e-03
   2.7200000e+03   5.2188698e-01  -2.0791244e-03
   2.7280000e+03   5.2422027e-01  -9.8182210e-04
   2.7360000e+03   5.1979498e-01   3.5686316e-03
   2.7440000e+03   5.2361174e-01   1.8373435e-04
   2.7520000e+03   5.2428251e-01   1.1636439e-04
   2.7600000e+03   5.2050269e-01  -2.2799873e-03
   2.7680000e+03   5.2305140e-01   9.6672859e-04
   2.7760000e+03   5.2373986e-01   1.4340186e-03
   2.7840000e+03   5.2107285e-01   2.7991497e-03
   2.7920000e+03   5.2167091e-01  -1.3753681e-04
   2.8000000e+03   5.2267759e-01   1.6121787e-03
   2.8080000e+03   5.2022572e-01   1.3412240e-03
   2.8160000e+03   5.1560895e-01  -3.7389443e-03
   2.8240000e+03   5.2102227e-01   2.5130186e-04
   2.8320000e+03   5.1788418e-01  -1.6344635e-03
   2.8400000e+03   5.2119250e-01   8.4615415e-04
   2.8480000e+03   5.1792499e-01   2.9409917e-03
   2.8560000e+03   5.2152713e-01  -2.5650331e-03
   2.8640000e+03   5.1806000e-01   3.3793705e-04
   2.8720000e+03   5.1968780e-01  -1.6771770e-03
   2.8800000e+03   5.1900540e-01  -2.5756941e-03
   2.8880000e+03   5.1764654e-01  -1.8114624e-03
   2.8960000e+03   5.1929603e-01  -1.2437169e-03
   2.9040000e+03   5.1375550e-01   2.5930570e-03
   2.9120000e+03   5.1722597e-01   7.4371286e-04
   2.9200000e+03   5.1662656e-01   2.3054667e-03
   2.9280000e+03   5.1810055e-01  -2.0763533e-03
   2.9360000e+03   5.1427743e-01  -5.7069633e-04
   2.9440000e+03   5.1451660e-01   2.6734423e-04
   2.9520000e+03   5.1562685e-01   7.4033336e-04
   2.9600000e+03   5.1915426e-01   3.4609200e-03
   2.9680000e+03   5.1513094e-01   8.4381047e-04
   2.9760000e+03   5.1560076e-01   1.3388747e-03
   2.9840000e+03   5.1381881e-01   1.0073855e-03
   2.9920000e+03   5.1119631e-01   3.7667442e-03
   3.0000000e+03   5.1515187e-01   1.4182935e-03
   3.0080000e+03   5.1819795e-01   2.8348620e-03
   3.0160000e+03   5.1417212e-01  -1.7293371e-03
   3.0240000e+03   5.1051628e-01  -3.6482451e-04
   3.0320000e+03   5.1262848e-01  -2.0900820e-03
   3.0400000e+03   5.1240702e-01   1.2163246e-04
   3.0480000e+03   5.1254067e-01  -3.1718246e-03
   3.0560000e+03   5.1369205e-01  -4.0643121e-03
   3.0640000e+03   5.1424965e-01  -9.4679590e-04
   3.0720000e+03   5.1382258e-01  -1.0421878e-03
   3.0800000e+03   5.1150696e-01   9.0591765e-04
   3.0880000e+03   5.1008513e-01  -1.1308382e-03
   3.0960000e+03   5.1289700e-01  -1.0483982e-03
   3.1040000e+03   5.1195173e-01  -3.2911679e-04
   3.1120000e+03   5.1332208e-01   2.9545169e-04
   3.1200000e+03   5.1164135e-01  -1.3528511e-03
   3.1280000e+03   5.1419657e-01  -1.1646974e-03
   3.1360000e+03   5.1189152e-01   3.1448913e-04
   3.1440000e+03   5.0822979e-01  -1.7206650e-03
   3.1520000e+03   5.1155244e-01  -3.3148381e-03
   3.1600000e+03   5.1018755e-01   1.6018972e-03
   3.1680000e+03   5.0751137e-01  -6.8951355e-04
   3.1760000e+03   5.1171524e-01   1.2284910e-04
   3.1840000e+03   5.0790067e-01  -5.6640662e-04
   3.1920000e+03   5.0919211e-01  -2.1302883e-03
   3.2000000e+03   5.0989389e-01  -5.7657308e-04
   3.2080000e+03   5.0721457e-01   2.8036261e-03
   3.2160000e+03   5.0943951e-01  -3.7121664e-03
   3.2240000e+03   5.1211710e-01  -1.0025606e-03
   3.2320000e+03   5.1029029e-01   1.0079087e-03
   3.2400000e+03   5.0734378e-01  -5.0080531e-05
   3.2480000e+03   5.0893427e-01  -2.0105841e-03
   3.2560000e+03   5.0722635e-01   2.4257838e-04
   3.2640000e+03   5.1126735e-01   9.5349139e-04
   3.2720000e+03   5.1075306e-01  -8.3762464e-04
   3.2800000e+03   5.0724973e-01  -8.3594222e-04
   3.2880000e+03   5.0457883e-01   1.5131130e-03
   3.2960000e+03   5.0389466e-01   2.1633772e-03
   3.3040000e+03   5.0961714e-01   1.8124629e-03
   3.3120000e+03   5.1019203e-01  -1.2882014e-03
   3.3200000e+03   5.0863020e-01   3.5101605e-03
   3.3280000e+03   5.0503794e-01   2.3807932e-04
   3.3360000e+03   5.0822070e-01  -1.4530745e-03
   3.3440000e+03   5.0784991e-01  -2.7827527e-03
   3.3520000e+03   5.0356216e-01   3.9250426e-03
   3.3600000e+03   5.0503010e-01  -2.0711708e-03
   3.3680000e+03   5.0836027e-01  -1.4973445e-03
   3.3760000e+03   5.0265756e-01   1.7218078e-03
   3.3840000e+03   5.0298220e-01  -1.0182537e-03
   3.3920000e+03   5.0652764e-01  -2.5033240e-03
   3.4000000e+03   5.0146668e-01  -3.1730111e-04
   3.4080000e+03   5.0805842e-01  -8.3517376e-04
   3.4160000e+03   5.0442329e-01  -5.6458683e-04
   3.4240000e+03   5.0779427e-01   1.0915302e-03
   3.4320000e+03   5.0450402e-01   8.8658788e-04
   3.4400000e+03   5.0444583e-01  -2.3741824e-03
   3.4480000e+03   5.0130629e-01  -1.0003123e-03
   3.4560000e+03   5.0576065e-01  -2.1187783e-04
   3.4640000e+03   5.0444832e-01   2.3494750e-03
   3.4720000e+03   5.0489826e-01  -5.5400975e-04
   3.4800000e+03   5.0326921e-01  -9.5815674e-04
   3.4880000e+03   5.0477224e-01   4.2021432e-03
   3.4960000e+03   4.9915898e-01  -1.0009745e-03
   3.5040000e+03   5.0348600e-01   2.6658288e-03
   3.5120000e+03   4.9852629e-01   1.8807084e-03
   3.5200000e+03   5.0032093e-01  -8.1540969e-04
   3.5280000e+03   4.9882643e-01  -5.2555203e-04
   3.5360000e+03   5.0327574e-01   7.1070991e-04
   3.5440000e+03   4.9910909e-01  -4.9002921e-04
   3.5520000e+03   5.0221355e-01   2.2948249e-03
   3.5600000e+03   5.0466148e-01   2.1796258e-03
   3.5680000e+03   5.0111779e-01   1.5479453e-03
   3.5760000e+03   5.0206074e-01   2.1684665e-03
   3.5840000e+03   5.0099748e-01  -1.1549728e-03
   3.5920000e+03   4.9951766e-01   6.3576760e-04
   3.6000000e+03   4.9938101e-01  -2.0069944e-04
   3.6080000e+03   5.0288585e-01  -2.6337143e-03
   3.6160000e+03   5.0095888e-01   9.0694742e-04
   3.6240000e+03   5.0103106e-01   2.9742861e-05
   3.6320000e+03   4.9828007e-01   8.8408559e-04
   3.6400000e+03   5.0010463e-01   8.9360793e-05
   3.6480000e+03   5.0094641e-01   1.4211809e-03
   3.6560000e+03   4.9747023e-01   1.1062891e-03
   3.6640000e+03   5.0334230e-01   1.9230729e-04
   3.6720000e+03   4.9807554e-01  -4.4049664e-03
   3.6800000e+03   4.9922395e-01   9.9015527e-04
   3.6880000e+03   4.9733268e-01  -7.5335326e-04
   3.6960000e+03   4.9676135e-01  -1.7523169e-03
   3.7040000e+03   4.9674261e-01   7.2566779e-04
   3.7120000e+03   4.9683680e-01   5.5225794e-04
   3.7200000e+03   4.9866492e-01   1.4541082e-04
   3.7280000e+03   4.9606140e-01  -4.3387745e-03
   3.7360000e+03   4.9352917e-01   5.2736032e-03
   3.7440000e+03   4.9452775e-01   2.6338778e-03
   3.7520000e+03   4.9203558e-01   8.9954092e-04
   3.7600000e+03   4.9550034e-01   1.7929164e-04
   3.7680000e+03   4.9917770e-01   1.9597543e-03
   3.7760000e+03   4.9603660e-01  -1.5528797e-03
   3.7840000e+03   4.9702057e-01   1.7984938e-03
   3.7920000e+03   4.9496153e-01   2.3547619e-04
   3.8000000e+03   4.9589212e-01   9.5225174e-05
   3.8080000e+03   4.9886533e-01   3.6815529e-03
   3.8160000e+03   4.9663386e-01   1.9981592e-03
   3.8240000e+03   4.9592976e-01   2.6055459e-03
   3.8320000e+03   4.9145973e-01  -1.6848812e-03
   3.8400000e+03   4.9341421e-01  -5.1054489e-05
   3.8480000e+03   4.9608528e-01   1.9434843e-03
   3.8560000e+03   4.9344049e-01   4.5308005e-04
   3.8640000e+03   4.9336994e-01   2.0928557e-03
   3.8720000e+03   4.9266360e-01  -2.1491892e-03
   3.8800000e+03   4.9351903e-01  -1.0945116e-03
   3.8880000e+03   4.9275882e-01   6.6861252e-05
   3.8960000e+03   4.9034036e-01  -7.1766665e-04
   3.9040000e+03   4.9391369e-01  -7.8108128e-04
   3.9120000e+03   4.9521167e-01   3.3008748e-03
   3.9200000e+03   4.9150210e-01  -2.6457112e-03
   3.9280000e+03   4.9529864e-01  -3.0605753e-03
   3.9360000e+03   4.9429976e-01   1.3491838e-03
   3.9440000e+03   4.9237049e-01  -2.4894917e-03
   3.9520000e+03   4.9252467e-01   2.2361616e-03
   3.9600000e+03   4.9116964e-01   1.5277806e-03
   3.9680000e+03   4.9154001e-01   7.8506371e-04
   3.9760000e+03   4.8959768e-01   7.4992649e-04
   3.9840000e+03   4.9181138e-01  -8.5461443e-04
   3.9920000e+03   4.8887381e-01   1.7583124e-05
   4.0000000e+03   4.9179438e-01  -2.2735422e-03
   4.0080000e+03   4.9038390e-01   1.2091661e-03
   4.0160000e+03   4.8639263e-01   7.0599613e-04
   4.0240000e+03   4.9160272e-01  -3.2088408e-04
   4.0320000e+03   4.9035193e-01   2.1750275e-03
   4.0400000e+03   4.8836775e-01   1.7705769e-03
   4.0480000e+03   4.8658087e-01   3.3287126e-03
   4.0560000e+03   4.8987965e-01   1.1914510e-04
   4.0640000e+03   4.8712587e-01   9.0620808e-04
   4.0720000e+03   4.8648604e-01  -3.7387305e-04
   4.0800000e+03   4.8502422e-01  -4.0910806e-04
   4.0880000e+03   4.8696988e-01   4.1801957e-03
   4.0960000e+03   4.8762685e-01   8.0483410e-04
   4.1040000e+03   4.8828847e-01   7.1430177e-04
   4.1120000e+03   4.8744562e-01  -7.6496285e-05
   4.1200000e+03   4.8689932e-01  -4.1336080e-03
   4.1280000e+03   4.8715246e-01   4.1360620e-03
   4.1360000e+03   4.8530774e-01  -1.8126208e-04
   4.1440000e+03   4.8477429e-01   1.3144493e-03
   4.1520000e+03   4.8619942e-01   1.1011851e-04
   4.1600000e+03   4.8736757e-01   7.4985721e-04
   4.1680000e+03   4.8636676e-01  -1.4664361e-03
   4.1760000e+03   4.8612480e-01  -1.0381441e-03
   4.1840000e+03   4.8702348e-01  -4.1922062e-03
   4.1920000e+03   4.8538645e-01   1.4704582e-03
   4.2000000e+03   4.8464497e-01   1.3885330e-03
   4.2080000e+03   4.8691886e-01   2.0569645e-04
   4.2160000e+03   4.8697852e-01  -1.9002636e-03
   4.2240000e+03   4.8831575e-01  -1.6685940e-03
   4.2320000e+03   4.8414480e-01   1.2877036e-03
   4.2400000e+03   4.8364722e-01  -1.4394905e-03
   4.2480000e+03   4.8396258e-01   2.8302182e-03
   4.2560000e+03   4.8603746e-01  -1.0749412e-03
   4.2640000e+03   4.7907772e-01   9.6561984e-04
   4.2720000e+03   4.8569910e-01  -1.0252375e-03
   4.2800000e+03   4.8394842e-01   1.7340662e-03
   4.2880000e+03   4.8375527e-01  -6.6343444e-04
   4.2960000e+03   4.8241472e-01  -4.1063206e-04
   4.3040000e+03   4.8580300e-01  -5.7692405e-04
   4.3120000e+03   4.8581578e-01  -8.8335303e-04
   4.3200000e+03   4.8304212e-01  -7.4235044e-05
   4.3280000e+03   4.8529127e-01  -1.5010708e-03
   4.3360000e+03   4.8339367e-01  -1.4178710e-04
   4.3440000e+03   4.8130268e-01  -4.4423701e-03
   4.3520000e+03   4.8414670e-01  -3.1018364e-03
   4.3600000e+03   4.8018104e-01  -3.5672514e-04
   4.3680000e+03   4.8280229e-01   4.9814901e-05
   4.3760000e+03   4.8306489e-01  -2.4609305e-03
   4.3840000e+03   4.8045402e-01  -4.9323642e-04
   4.3920000e+03   4.7890847e-01   1.9654062e-03
   4.4000000e+03   4.8387619e-01   1.9470171e-03
   4.4080000e+03   4.8104836e-01  -8.7301813e-04
   4.4160000e+03   4.7721272e-01  -1.9996184e-03
   4.4240000e+03   4.8077303e-01  -2.1316448e-03
   4.4320000e+03   4.8337501e-01   1.5516411e-03
   4.4400000e+03   4.7979510e-01   9.5457668e-04
   4.4480000e+03   4.8100759e-01  -2.0053222e-03
   4.4560000e+03   4.7587337e-01   4.8246740e-04
   4.4640000e+03   4.7857675e-01   3.5020816e-05
   4.4720000e+03   4.7716264e-01   2.3221261e-03
   4.4800000e+03   4.7943543e-01  -2.9030685e-03
   4.4880000e+03   4.7925439e-01   2.3843307e-04
   4.4960000e+03   4.8145435e-01  -1.6208658e-03
   4.5040000e+03   4.7448364e-01  -6.2499823e-04
   4.5120000e+03   4.7440903e-01   7.5181474e-04
   4.5200000e+03   4.7745276e-01   1.4634619e-03
   4.5280000e+03   4.7906649e-01  -3.0395530e-03
   4.5360000e+03   4.7347108e-01  -1.4109950e-03
   4.5440000e+03   4.7716471e-01  -5.5084199e-03
   4.5520000e+03   4.7448390e-01  -8.8970030e-04
   4.5600000e+03   4.8239201e-01   1.3323111e-03
   4.5680000e+03   4.7567219e-01  -8.3487499e-04
   4.5760000e+03   4.7593604e-01   1.3046267e-03
   4.5840000e+03   4.7763142e-01   1.8980121e-03
   4.5920000e+03   4.7524426e-01   6.6196425e-03
   4.6000000e+03   4.7323029e-01   2.7451248e-03
   4.6080000e+03   4.7409340e-01  -2.7339651e-04
   4.6160000e+03   4.7318707e-01  -1.2339137e-03
   4.6240000e+03   4.7886342e-01   3.3893850e-04
   4.6320000e+03   4.7560617e-01  -1.6798425e-03
   4.6400000e+03   4.7549257e-01   7.8235601e-04
   4.6480000e+03   4.7451895e-01  -9.7137931e-04
   4.6560000e+03   4.7499897e-01   5.8377317e-04
   4.6640000e+03   4.7633352e-01  -3.2300055e-04
   4.6720000e+03   4.7600444e-01  -1.6480135e-03
   4.6800000e+03   4.7278486e-01  -1.8710851e-04
   4.6880000e+03   4.7283812e-01   8.7812086e-04
   4.6960000e+03   4.7392180e-01  -2.4506530e-03
   4.7040000e+03   4.7429442e-01  -1.5074708e-03
   4.7120000e+03   4.7299632e-01   5.9036678e-04
   4.7200000e+03   4.7766935e-01   1.2995701e-03
   4.7280000e+03   4.7533112e-01   1.2648401e-03
   4.7360000e+03   4.7256613e-01  -9.9930998e-04
   4.7440000e+03   4.7270123e-01   2.7733454e-03
   4.7520000e+03   4.7304979e-01  -1.6991490e-03
   4.7600000e+03   4.7248479e-01   1.5214298e-03
   4.7680000e+03   4.7526902e-01   2.4787512e-03
   4.7760000e+03   4.6976918e-01  -2.0277765e-03
   4.7840000e+03   4.7321318e-01  -4.8249374e-04
   4.7920000e+03   4.7282552e-01   5.4954154e-04
   4.8000000e+03   4.6804495e-01   3.1553948e-05
   4.8080000e+03   4.6822448e-01   3.1457362e-04
   4.8160000e+03   4.7447424e-01  -1.3412585e-03
   4.8240000e+03   4.7414096e-01   2.3366246e-03
   4.8320000e+03   4.7116805e-01   4.9278962e-04
   4.8400000e+03   4.7157591e-01  -6.2891456e-04
   4.8480000e+03   4.7046637e-01  -6.0597339e-04
   4.8560000e+03   4.7080331e-01  -2.1722709e-03
   4.8640000e+03   4.6822545e-01  -1.5566914e-03
   4.8720000e+03   4.7027351e-01   1.3909036e-03
   4.8800000e+03   4.7064507e-01  -1.2077459e-03
   4.8880000e+03   4.6892945e-01   1.6710887e-03
   4.8960000e+03   4.6850997e-01   3.4741208e-03
   4.9040000e+03   4.6610842e-01   1.9276563e-03
   4.9120000e+03   4.6759359e-01   5.8674781e-04
   4.9200000e+03   4.6992217e-01   1.2354616e-03
   4.9280000e+03   4.6756793e-01   2.7093718e-03
   4.9360000e+03   4.6778616e-01  -2.9230316e-03
   4.9440000e+03   4.6650314e-01   9.6834784e-04
   4.9520000e+03   4.6753659e-01   6.1568532e-04
   4.9600000e+03   4.6485962e-01  -6.6296463e-04
   4.9680000e+03   4.6765828e-01   4.1167649e-04
   4.9760000e+03   4.6870497e-01  -6.2566812e-04
   4.9840000e+03   4.6635145e-01   3.7206683e-04
   4.9920000e+03   4.6355822e-01  -2.3323730e-03
   5.0000000e+03   4.6676024e-01  -2.5415316e-03
   5.0080000e+03   4.6292677e-01  -1.0970609e-03
   5.0160000e+03   4.6849692e-01   5.7469981e-05
   5.0240000e+03   4.6561720e-01   2.7603613e-03
   5.0320000e+03   4.6313822e-01   9.5299344e-04
   5.0400000e+03   4.6451869e-01   1.8563370e-03
   5.0480000e+03   4.6548897e-01  -3.4148047e-03
   5.0560000e+03   4.6322069e-01   9.9170275e-04
   5.0640000e+03   4.6453596e-01   2.4061532e-03
   5.0720000e+03   4.6114511e-01  -2.5985619e-03
   5.0800000e+03   4.6081012e-01   6.8432554e-04
   5.0880000e+03   4.6393489e-01   3.4234039e-03
   5.0960000e+03   4.6282861e-01   2.1737250e-03
   5.1040000e+03   4.6310210e-01   2.2587676e-03
   5.1120000e+03   4.6504455e-01   1.0762987e-03
   5.1200000e+03   4.6309784e-01  -1.5955949e-03
   5.1280000e+03   4.6037273e-01  -1.9988045e-03
   5.1360000e+03   4.6389724e-01  -5.9289856e-04
   5.1440000e+03   4.6618438e-01  -2.1984671e-03
   5.1520000e+03   4.6148296e-01   3.7441276e-03
   5.1600000e+03   4.5670076e-01   5.7597899e-04
   5.1680000e+03   4.6034982e-01   2.2749574e-04
   5.1760000e+03   4.6061768e-01   2.3571244e-03
   5.1840000e+03   4.6073793e-01   1.0326657e-03
   5.1920000e+03   4.5839662e-01  -7.4735454e-04
   5.2000000e+03   4.6076789e-01  -1.5882928e-03
   5.2080000e+03   4.6058007e-01   1.6992349e-03
   5.2160000e+03   4.5551898e-01   3.9219102e-04
   5.2240000e+03   4.5699217e-01  -2.5942822e-04
   5.2320000e+03   4.5856212e-01  -2.1371139e-03
   5.2400000e+03   4.5884894e-01  -8.2099288e-04
   5.2480000e+03   4.6145270e-01  -1.0906250e-03
   5.2560000e+03   4.5809416e-01  -9.4369219e-04
   5.2640000e+03   4.5860180e-01   1.2922785e-03
   5.2720000e+03   4.6033725e-01   1.3649077e-03
   5.2800000e+03   4.5649475e-01   3.9653112e-05
   5.2880000e+03   4.6051066e-01   3.6119787e-03
   5.2960000e+03   4.5684395e-01   1.4671882e-03
   5.3040000e+03   4.5659148e-01   1.5481417e-03
   5.3120000e+03   4.5840635e-01   2.3471385e-03
   5.3200000e+03   4.5524498e-01   1.0197522e-03
   5.3280000e+03   4.5673969e-01  -1.6124923e-03
   5.3360000e+03   4.5730287e-01   2.5164657e-03
   5.3440000e+03   4.5311476e-01   1.0508621e-04
   5.3520000e+03   4.6013500e-01  -2.1613440e-04
   5.3600000e+03   4.5563282e-01  -5.3375836e-04
   5.3680000e+03   4.5675314e-01  -4.3892907e-04
   5.3760000e+03   4.5783966e-01  -2.8702920e-03
   5.3840000e+03   4.5528790e-01  -1.0360273e-03
   5.3920000e+03   4.5621242e-01   1.9429826e-03
   5.4000000e+03   4.5546770e-01  -2.6548802e-03
   5.4080000e+03   4.5227548e-01  -1.0984212e-03
   5.4160000e+03   4.5438641e-01   1.9749443e-03
   5.4240000e+03   4.5442034e-01   4.8038640e-04
   5.4320000e+03   4.5336668e-01   2.2756986e-03
   5.4400000e+03   4.5574676e-01   1.4912287e-03
   5.4480000e+03   4.5582009e-01   4.4890777e-03
   5.4560000e+03   4.5777645e-01   9.6299265e-04
   5.4640000e+03   4.5506127e-01  -1.3497882e-03
   5.4720000e+03   4.5284529e-01   2.5222943e-03
   5.4800000e+03   4.5518188e-01  -1.1394701e-03
   5.4880000e+03   4.5602598e-01   9.5892528e-04
   5.4960000e+03   4.5346796e-01   7.6476218e-04
   5.5040000e+03   4.5174672e-01  -1.4894353e-03
   5.5120000e+03   4.5462923e-01  -1.0831139e-03
   5.5200000e+03   4.5552505e-01   2.2111691e-03
   5.5280000e+03   4.5306588e-01   2.4422981e-03
   5.5360000e+03   4.5224885e-01   2.1962858e-03
   5.5440000e+03   4.5155082e-01   7.1302937e-04
   5.5520000e+03   4.5169782e-01   8.2558995e-04
   5.5600000e+03   4.5110840e-01  -2.2872952e-03
   5.5680000e+03   4.5681115e-01   1.8714730e-04
   5.5760000e+03   4.5117304e-01   4.0636762e-03
   5.5840000e+03   4.4636021e-01  -9.3638784e-04
   5.5920000e+03   4.5188448e-01   2.5741298e-03
   5.6000000e+03   4.4790499e-01  -2.5440963e-03
   5.6080000e+03   4.4895499e-01   1.1237410e-03
   5.6160000e+03   4.5018938e-01  -1.9780929e-03
   5.6240000e+03   4.5051419e-01  -1.6533317e-03
   5.6320000e+03   4.5226997e-01  -2.0691658e-03
   5.6400000e+03   4.4888102e-01   1.2786578e-03
   5.6480000e+03   4.5106616e-01   9.8839354e-04
   5.6560000e+03   4.4775315e-01   8.8705030e-06
   5.6640000e+03   4.5088440e-01   2.2904268e-03
   5.6720000e+03   4.4770791e-01  -1.8697921e-03
   5.6800000e+03   4.4806128e-01   4.7041487e-04
   5.6880000e+03   4.5065185e-01  -1.2345001e-03
   5.6960000e+03   4.4958524e-01   4.6525489e-03
   5.7040000e+03   4.4622205e-01   3.6827649e-04
   5.7120000e+03   4.4921754e-01  -8.4300296e-04
   5.7200000e+03   4.4443550e-01   4.7990272e-04
   5.7280000e+03   4.4922648e-01  -8.4890341e-04
   5.7360000e+03   4.4770518e-01   1.5142696e-03
   5.7440000e+03   4.4868084e-01  -2.0236536e-03
   5.7520000e+03   4.4609796e-01  -1.1118375e-03
   5.7600000e+03   4.4608107e-01   2.7644829e-03
   5.7680000e+03   4.4747732e-01  -4.6846958e-04
   5.7760000e+03   4.4832295e-01   5.0696173e-04
   5.7840000e+03   4.4730285e-01  -2.0732028e-04
   5.7920000e+03   4.4929214e-01   1.3949960e-03
   5.8000000e+03   4.4670266e-01  -7.3318538e-05
   5.8080000e+03   4.4557805e-01  -1.0148285e-03
   5.8160000e+03   4.4722355e-01  -7.8852212e-04
   5.8240000e+03   4.4701586e-01  -2.1928615e-03
   5.8320000e+03   4.4553934e-01  -1.0904982e-03
   5.8400000e+03   4.4610041e-01  -1.7329704e-03
   5.8480000e+03   4.4760485e-01   1.5810144e-03
   5.8560000e+03   4.4612679e-01   8.6332864e-04
   5.8640000e+03   4.5000534e-01   9.1624395e-04
   5.8720000e+03   4.4585624e-01   1.7294467e-03
   5.8800000e+03   4.4385397e-01   2.8448352e-03
   5.8880000e+03   4.4268820e-01   5.6496282e-04
   5.8960000e+03   4.4218405e-01  -1.0513470e-03
   5.9040000e+03   4.4193832e-01   7.7114202e-04
   5.9120000e+03   4.4497616e-01  -8.6310447e-04
   5.9200000e+03   4.4100021e-01   7.5303289e-04
   5.9280000e+03   4.4026340e-01  -3.0353619e-04
   5.9360000e+03   4.3937069e-01  -1.2044029e-03
   5.9440000e+03   4.4091530e-01   1.0068762e-03
   5.9520000e+03   4.4347480e-01  -8.5163958e-04
   5.9600000e+03   4.4552411e-01   1.2663103e-03
   5.9680000e+03   4.4199466e-01  -2.0712265e-04
   5.9760000e+03   4.4634554e-01  -2.4372291e-03
   5.9840000e+03   4.4090440e-01  -4.3615018e-03
   5.9920000e+03   4.4178493e-01   1.7721069e-03
   6.0000000e+03   4.4326179e-01  -1.2433486e-03
   6.0080000e+03   4.3958114e-01   1.6358242e-03
   6.0160000e+03   4.4509241e-01   3.7008973e-03
   6.0240000e+03   4.4036852e-01   1.0163723e-03
   6.0320000e+03   4.3864199e-01   3.0212978e-03
   6.0400000e+03   4.3921350e-01   4.0731519e-03
   6.0480000e+03   4.4156978e-01   1.9597564e-03
   6.0560000e+03   4.3553904e-01   4.2717474e-03
   6.0640000e+03   4.3923184e-01   3.2050285e-04
   6.0720000e+03   4.3981499e-01   2.7684493e-03
   6.0800000e+03   4.3678060e-01  -4.5224935e-03
   6.0880000e+03   4.3513835e-01   1.3347982e-04
   6.0960000e+03   4.3640301e-01   3.1575893e-03
   6.1040000e+03   4.3932976e-01  -1.2495959e-03
   6.1120000e+03   4.3821722e-01   1.0739135e-04
   6.1200000e+03   4.3956526e-01  -6.5143118e-04
   6.1280000e+03   4.3887591e-01   2.0369707e-03
   6.1360000e+03   4.3618792e-01   1.9710532e-03
   6.1440000e+03   4.3394353e-01   5.4447072e-05
   6.1520000e+03   4.3600831e-01   3.5611390e-04
   6.1600000e+03   4.3826991e-01   8.6779271e-04
   6.1680000e+03   4.3568081e-01   7.5592332e-04
   6.1760000e+03   4.3852965e-01   5.3358474e-05
   6.1840000e+03   4.3831041e-01   3.4596033e-03
   6.1920000e+03   4.3545245e-01  -2.0605392e-03
   6.2000000e+03   4.3867320e-01  -1.7360959e-03
   6.2080000e+03   4.3544681e-01  -9.3727227e-04
   6.2160000e+03   4.3647424e-01   6.9359888e-03
   6.2240000e+03   4.3320274e-01   7.8182160e-04
   6.2320000e+03   4.3342296e-01   5.8648961e-04
   6.2400000e+03   4.3449157e-01  -2.2839995e-03
   6.2480000e+03   4.3625106e-01   2.3341343e-03
   6.2560000e+03   4.3253511e-01  -4.2977844e-04
   6.2640000e+03   4.3629323e-01   2.7636897e-03
   6.2720000e+03   4.3703919e-01  -1.9144575e-03
   6.2800000e+03   4.3396663e-01  -8.2350939e-05
   6.2880000e+03   4.3180901e-01  -1.7645403e-03
   6.2960000e+03   4.3384123e-01  -2.1656153e-03
   6.3040000e+03   4.3555121e-01   1.6868179e-03
   6.3120000e+03   4.3262927e-01  -1.1213963e-03
   6.3200000e+03   4.3435752e-01   2.1227348e-03
   6.3280000e+03   4.3316769e-01  -4.7151028e-04
   6.3360000e+03   4.3035013e-01   3.3587817e-03
   6.3440000e+03   4.3449426e-01   2.9381389e-03
   6.3520000e+03   4.3478222e-01   3.3957412e-04
   6.3600000e+03   4.3531767e-01   5.0484095e-04
   6.3680000e+03   4.3301385e-01   1.7459252e-05
   6.3760000e+03   4.3173781e-01   1.0301818e-04
   6.3840000e+03   4.3034869e-01   5.0669245e-04
   6.3920000e+03   4.3087008e-01   2.0344437e-03
   6.4000000e+03   4.2976123e-01  -9.3299355e-04
   6.4080000e+03   4.2553714e-01   2.4518692e-03
   6.4160000e+03   4.3162635e-01  -2.8346365e-03
   6.4240000e+03   4.2982762e-01  -7.1105556e-05
   6.4320000e+03   4.2917045e-01   1.0727196e-03
   6.4400000e+03   4.3076649e-01   3.2380999e-03
   6.4480000e+03   4.2850825e-01   6.7411925e-04
   6.4560000e+03   4.3378861e-01   6.1502686e-04
   6.4640000e+03   4.2868803e-01   1.1116267e-03
   6.4720000e+03   4.2823196e-01  -8.7498325e-04
   6.4800000e+03   4.2760178e-01  -2.2146622e-04
   6.4880000e+03   4.3384810e-01   8.5167176e-04
   6.4960000e+03   4.2847448e-01   2.4923471e-03
   6.5040000e+03   4.2906748e-01   1.9261221e-03
   6.5120000e+03   4.3038507e-01  -2.5739208e-03
   6.5200000e+03   4.3097949e-01  -4.9316846e-03
   6.5280000e+03   4.2397613e-01   8.5227221e-04
   6.5360000e+03   4.3162403e-01   1.1709018e-03
   6.5440000e+03   4.2803300e-01  -2.0684110e-05
   6.5520000e+03   4.2538273e-01   2.2739106e-03
   6.5600000e+03   4.2532843e-01   1.0356954e-04
   6.5680000e+03   4.2816083e-01   2.9001162e-03
   6.5760000e+03   4.2705874e-01  -1.3126834e-03
   6.5840000e+03   4.2652374e-01   3.7859929e-03
   6.5920000e+03   4.2690912e-01  -8.4586832e-04
   6.6000000e+03   4.2915768e-01   7.3421953e-04
   6.6080000e+03   4.2486308e-01  -8.6387168e-04
   6.6160000e+03   4.2712194e-01   1.5566826e-03
   6.6240000e+03   4.2477917e-01   4.0264723e-04
   6.6320000e+03   4.2531044e-01  -1.7502681e-04
   6.6400000e+03   4.2311753e-01  -1.9783503e-03
   6.6480000e+03   4.2776187e-01   4.9681223e-04
   6.6560000e+03   4.2538399e-01   1.3703774e-05
   6.6640000e+03   4.2280250e-01  -3.4728499e-03
   6.6720000e+03   4.2417248e-01  -1.3049665e-03
   6.6800000e+03   4.2493568e-01  -1.2798663e-03
   6.6880000e+03   4.2591631e-01  -2.4965289e-03
   6.6960000e+03   4.2113793e-01   8.7902419e-04
   6.7040000e+03   4.2672594e-01  -3.0920526e-03
   6.7120000e+03   4.2328723e-01   7.0558077e-04
   6.7200000e+03   4.2241588e-01   2.3604152e-04
   6.7280000e+03   4.2112483e-01   9.4610653e-04
   6.7360000e+03   4.2495711e-01  -3.3551922e-04
   6.7440000e+03   4.2045216e-01  -2.0284055e-03
   6.7520000e+03   4.2076309e-01  -1.9183269e-03
   6.7600000e+03   4.2311830e-01   9.5285744e-04
   6.7680000e+03   4.2055557e-01   1.5673755e-03
   6.7760000e+03   4.2097589e-01  -9.5044915e-04
   6.7840000e+03   4.2202360e-01   3.6523056e-04
   6.7920000e+03   4.2059595e-01   6.5592294e-04
   6.8000000e+03   4.2177520e-01   2.1770263e-03
   6.8080000e+03   4.1875821e-01   6.6670348e-04
   6.8160000e+03   4.1935348e-01   1.4901729e-04
   6.8240000e+03   4.1864459e-01   3.5573333e-04
   6.8320000e+03   4.2039919e-01   1.8871919e-03
   6.8400000e+03   4.2035996e-01  -3.2326332e-04
   6.8480000e+03   4.2125143e-01  -6.5829588e-04
   6.8560000e+03   4.2006489e-01   2.5726628e-03
   6.8640000e+03   4.2245127e-01   1.0111264e-03
   6.8720000e+03   4.2056799e-01   6.1268061e-04
   6.8800000e+03   4.1870839e-01   3.2458258e-03
   6.8880000e+03   4.1948624e-01  -2.6410473e-03
   6.8960000e+03   4.2116957e-01  -1.4145572e-04
   6.9040000e+03   4.2211871e-01  -6.6974812e-04
   6.9120000e+03   4.1913294e-01  -1.7775581e-03
   6.9200000e+03   4.1942237e-01   6.5582899e-04
   6.9280000e+03   4.1900025e-01   3.0716230e-03
   6.9360000e+03   4.1778715e-01   4.4061120e-03
   6.9440000e+03   4.1684782e-01  -4.1678724e-04
   6.9520000e+03   4.2031785e-01   2.8126435e-03
   6.9600000e+03   4.1566206e-01  -2.0349172e-03
   6.9680000e+03   4.1723336e-01   6.9448298e-04
   6.9760000e+03   4.1682560e-01  -2.6830717e-03
   6.9840000e+03   4.1559449e-01   2.4608199e-03
   6.9920000e+03   4.1221128e-01   2.2775307e-04
   7.0000000e+03   4.1576860e-01   1.4311734e-03
   7.0080000e+03   4.1448791e-01   3.9789743e-03
   7.0160000e+03   4.1068700e-01  -2.7819433e-03
   7.0240000e+03   4.1505948e-01   1.5508426e-03
   7.0320000e+03   4.1612209e-01   1.4274423e-03
   7.0400000e+03   4.1628058e-01  -1.6905947e-03
   7.0480000e+03   4.1717356e-01  -1.6765765e-03
   7.0560000e+03   4.1686629e-01   2.1298280e-03
   7.0640000e+03   4.1351157e-01  -1.1010466e-03
   7.0720000e+03   4.1362209e-01  -4.4870860e-04
   7.0800000e+03   4.1125018e-01   2.2400705e-03
   7.0880000e+03   4.1263913e-01   6.5880438e-04
   7.0960000e+03   4.1291642e-01  -4.6668017e-03
   7.1040000e+03   4.1506739e-01   1.3549055e-03
   7.1120000e+03   4.1347327e-01  -2.4584735e-03
   7.1200000e+03   4.1554245e-01   2.6660751e-03
   7.1280000e+03   4.1402275e-01   2.8535066e-04
   7.1360000e+03   4.1109605e-01  -5.2417958e-04
   7.1440000e+03   4.1416192e-01  -2.6918485e-04
   7.1520000e+03   4.1184023e-01  -2.9062236e-04
   7.1600000e+03   4.1260071e-01  -3.6567767e-03
   7.1680000e+03   4.1486436e-01   2.2187322e-03
   7.1760000e+03   4.1082715e-01   2.2363805e-03
   7.1840000e+03   4.1602263e-01  -6.4727109e-05
   7.1920000e+03   4.0908526e-01  -6.6441778e-05
   7.2000000e+03   4.1298417e-01   4.6837229e-04
   7.2080000e+03   4.1012932e-01   5.7430780e-04
   7.2160000e+03   4.1365075e-01  -1.7880972e-04
   7.2240000e+03   4.1180446e-01  -4.6138704e-04
   7.2320000e+03   4.0859015e-01   9.9842512e-05
   7.2400000e+03   4.0736887e-01   9.4542935e-04
   7.2480000e+03   4.1315978e-01   2.3184510e-03
   7.2560000e+03   4.1269097e-01   1.4198972e-03
   7.2640000e+03   4.1137140e-01  -2.0423733e-03
   7.2720000e+03   4.0981517e-01   5.0056921e-04
   7.2800000e+03   4.1096433e-01   3.7198016e-03
   7.2880000e+03   4.0931045e-01   2.3830550e-03
   7.2960000e+03   4.0789277e-01   7.4368400e-04
   7.3040000e+03   4.0720694e-01   6.3385456e-04
   7.3120000e+03   4.0747110e-01  -1.7679963e-03
   7.3200000e+03   4.0791227e-01   9.5504387e-04
   7.3280000e+03   4.0681592e-01  -1.9597285e-03
   7.3360000e+03   4.0343291e-01  -3.5304563e-03
   7.3440000e+03   4.0781089e-01   2.3974389e-03
   7.3520000e+03   4.0874367e-01  -1.1440423e-03
   7.3600000e+03   4.0688891e-01   1.3356335e-03
   7.3680000e+03   4.0560113e-01   4.4718304e-04
   7.3760000e+03   4.0797763e-01  -2.9110579e-03
   7.3840000e+03   4.0668678e-01  -8.1813204e-04
   7.3920000e+03   4.0766294e-01   1.8790466e-03
   7.4000000e+03   4.1104203e-01  -2.9561149e-03
