   0.0000000e+00   9.7949218e-01   1.0850559e-03
   1.6000000e+01   9.8003630e-01   1.9096574e-03
   3.2000000e+01   9.8332728e-01   2.2410386e-03
   4.8000000e+01   9.8537278e-01  -1.0326257e-04
   6.4000000e+01   9.8362395e-01   1.2555573e-03
   8.0000000e+01   9.9199459e-01  -5.2845551e-05
   9.6000000e+01   9.9018321e-01  -1.6888228e-03
   1.1200000e+02   9.9016852e-01  -8.5717467e-04
   1.2800000e+02   9.9009843e-01  -1.3485038e-03
   1.4400000e+02   9.9416764e-01   1.2120618e-04
   1.6000000e+02   9.9494886e-01   3.6488851e-04
   1.7600000e+02   9.9381685e-01  -1.3766829e-03
   1.9200000e+02   9.9760008e-01  -5.2911858e-04
   2.0800000e+02   9.9587847e-01  -1.7419010e-03
   2.2400000e+02   9.9790000e-01   2.1181342e-04
   2.4000000e+02   9.9835775e-01   1.2603151e-03
   2.5600000e+02   9.9911427e-01   1.9860459e-03
   2.7200000e+02   9.9835775e-01  -3.1827316e-03
   2.8800000e+02   9.9790000e-01  -2.9563268e-03
   3.0400000e+02   9.9587847e-01  -3.6587939e-03
   3.2000000e+02   9.9760008e-01   2.4853570e-04
   3.3600000e+02   9.9381685e-01   1.7071102e-03
   3.5200000e+02   9.9494886e-01   2.3408290e-03
   3.6800000e+02   9.9416764e-01   1.4025352e-03
   3.8400000e+02   9.9009843e-01   1.1744725e-03
   4.0000000e+02   9.9016852e-01  -9.3705011e-04
   4.1600000e+02   9.9018321e-01   1.0406538e-04
   4.3200000e+02   9.9199459e-01  -8.7901577e-05
   4.4800000e+02   9.8362395e-01  -2.0455888e-03
   4.6400000e+02   9.8537278e-01   2.9906874e-03
   4.8000000e+02   9.8332728e-01   5.8046405e-04
   4.9600000e+02   9.8003630e-01   1.2146961e-03
   5.1200000e+02   9.7949218e-01   5.5534951e-04
   5.2800000e+02   9.7818840e-01  -5.4068166e-04
   5.4400000e+02   9.7214055e-01   2.3895207e-03
   5.6000000e+02   9.7244145e-01  -2.9254360e-03
   5.7600000e+02   9.6478432e-01  -3.5268513e-03
   5.9200000e+02   9.6645466e-01  -5.5387060e-04
   6.0800000e+02   9.6245860e-01  -8.3528175e-04
   6.2400000e+02   9.5881894e-01   1.1089093e-06
   6.4000000e+02   9.5535379e-01  -7.8483263e-04
   6.5600000e+02   9.5354309e-01  -4.2951251e-04
   6.7200000e+02   9.4825264e-01   7.8978912e-04
   6.8800000e+02   9.4716271e-01  -5.7853658e-04
   7.0400000e+02   9.4282222e-01  -2.0487656e-03
   7.2000000e+02   9.4247995e-01  -1.0179174e-03
   7.3600000e+02   9.3869442e-01  -6.9187273e-06
   7.5200000e+02   9.3506608e-01   2.1507124e-04
   7.6800000e+02   9.3059363e-01  -9.0573383e-04
   7.8400000e+02   9.3029684e-01   2.8922889e-03
   8.0000000e+02   9.2245837e-01   4.4566499e-04
   8.1600000e+02   9.2264441e-01  -2.4984812e-03
   8.3200000e+02   9.1506749e-01  -1.0208570e-03
   8.4800000e+02   9.0978638e-01   5.3514411e-04
   8.6400000e+02   9.0458537e-01   7.7959142e-04
   8.8000000e+02   9.0314786e-01   1.1410015e-04
   8.9600000e+02   9.0108975e-01   9.8384707e-04
   9.1200000e+02   8.9695533e-01  -2.6624151e-03
   9.2800000e+02   8.9068031e-01   6.8972897e-04
   9.4400000e+02   8.8845268e-01  -2.0906453e-04
   9.6000000e+02   8.8472189e-01   2.0390295e-03
   9.7600000e+02   8.7931640e-01   2.1919629e-03
   9.9200000e+02   8.7760433e-01   4.3409632e-05
   1.0080000e+03   8.7200010e-01  -2.3253009e-03
   1.0240000e+03   8.6705831e-01  -4.9437993e-04
   1.0400000e+03   8.6716229e-01   1.8928560e-03
   1.0560000e+03   8.5887223e-01   2.9806919e-03
   1.0720000e+03   8.5783490e-01  -2.5071267e-03
   1.0880000e+03   8.5326183e-01  -6.2551811e-04
   1.1040000e+03   8.4758411e-01  -2.8911625e-04
   1.1200000e+03   8.4486205e-01  -9.1615027e-05
   1.1360000e+03   8.4146850e-01  -2.4352147e-03
   1.1520000e+03   8.3909407e-01   1.0278840e-03
   1.1680000e+03   8.2999210e-01  -1.0692727e-03
   1.1840000e+03   8.2827239e-01   8.2515883e-04
   1.2000000e+03   8.2382187e-01  -3.5230264e-04
   1.2160000e+03   8.2328456e-01   1.6095200e-03
   1.2320000e+03   8.1462833e-01   1.8177147e-03
   1.2480000e+03   8.0993679e-01  -2.2994906e-03
   1.2640000e+03   8.1020199e-01  -1.3045454e-03
   1.2800000e+03   8.0681727e-01   7.0387760e-04
   1.2960000e+03   8.0425461e-01   6.8497859e-04
   1.3120000e+03   7.9488637e-01   8.6482658e-04
   1.3280000e+03   7.9314931e-01  -2.4035006e-03
   1.3440000e+03   7.9015873e-01  -2.8116869e-04
   1.3600000e+03   7.9024828e-01  -1.8947406e-03
   1.3760000e+03   7.8097508e-01  -1.1686453e-03
   1.3920000e+03   7.7669096e-01   4.7374793e-04
   1.4080000e+03   7.7554817e-01   1.6565740e-03
   1.4240000e+03   7.6901587e-01   1.3602531e-03
   1.4400000e+03   7.7062462e-01   1.7115604e-03
   1.4560000e+03   7.6500398e-01   9.2721752e-04
   1.4720000e+03   7.6028995e-01   2.8754159e-03
   1.4880000e+03   7.5642829e-01  -3.3352786e-04
   1.5040000e+03   7.5035514e-01  -1.2956157e-03
   1.5200000e+03   7.4850734e-01  -1.8356569e-03
   1.5360000e+03   7.4418159e-01  -8.6956352e-04
   1.5520000e+03   7.4539735e-01   4.6546624e-03
   1.5680000e+03   7.4156060e-01   5.1445722e-04
   1.5840000e+03   7.3561116e-01   2.8539076e-03
   1.6000000e+03   7.3329949e-01   1.5715562e-03
   1.6160000e+03   7.2787484e-01  -9.3219051e-04
   1.6320000e+03   7.2791959e-01   7.9655239e-04
   1.6480000e+03   7.2385537e-01  -8.9737166e-04
   1.6640000e+03   7.2060419e-01   1.3897359e-03
   1.6800000e+03   7.1425146e-01  -3.6670379e-03
   1.6960000e+03   7.1747070e-01   1.0611621e-03
   1.7120000e+03   7.1161508e-01  -3.5528566e-03
   1.7280000e+03   7.0894941e-01   7.7493028e-04
   1.7440000e+03   7.0370753e-01  -2.2407792e-04
   1.7600000e+03   6.9993375e-01  -1.6088884e-03
   1.7760000e+03   6.9863939e-01  -3.1927037e-03
   1.7920000e+03   6.9571300e-01   1.9666507e-03
   1.8080000e+03   6.9436321e-01  -2.6589037e-03
   1.8240000e+03   6.9070668e-01  -1.3071693e-04
   1.8400000e+03   6.8599502e-01   1.9184376e-03
   1.8560000e+03   6.8285372e-01   1.2606705e-03
   1.8720000e+03   6.8124638e-01   4.1683344e-04
   1.8880000e+03   6.7933411e-01  -2.3704150e-03
   1.9040000e+03   6.7874861e-01  -6.9611210e-04
   1.9200000e+03   6.7711026e-01   2.3382270e-03
   1.9360000e+03   6.7346840e-01  -2.2996945e-03
   1.9520000e+03   6.7466733e-01   1.1588998e-05
   1.9680000e+03   6.6800046e-01  -2.1092641e-03
   1.9840000e+03   6.6725226e-01  -4.2419510e-04
   2.0000000e+03   6.6331627e-01  -5.7630927e-05
   2.0160000e+03   6.6371133e-01   3.4997905e-03
   2.0320000e+03   6.5710779e-01   8.7579140e-04
   2.0480000e+03   6.5747265e-01   9.4760905e-04
   2.0640000e+03   6.5886904e-01   9.2763162e-04
   2.0800000e+03   6.5294487e-01  -7.9858399e-04
   2.0960000e+03   6.4756585e-01  -2.8327504e-04
   2.1120000e+03   6.5038428e-01  -1.6466949e-04
   2.1280000e+03   6.4722460e-01  -1.1686976e-03
   2.1440000e+03   6.4677813e-01   1.5150637e-03
   2.1600000e+03   6.4334026e-01   2.5397282e-03
   2.1760000e+03   6.4105803e-01  -2.4387356e-03
   2.1920000e+03   6.4029243e-01  -3.4218931e-03
   2.2080000e+03   6.3352089e-01   7.6850667e-04
   2.2240000e+03   6.3488833e-01   1.4276851e-03
   2.2400000e+03   6.3332596e-01  -1.5172630e-03
   2.2560000e+03   6.2944410e-01   1.1027105e-03
   2.2720000e+03   6.2801716e-01   2.0500655e-03
   2.2880000e+03   6.2515610e-01   5.0935199e-04
   2.3040000e+03   6.2183697e-01   2.7614025e-04
   2.3200000e+03   6.2144112e-01   1.6320689e-03
   2.3360000e+03   6.2033716e-01   1.5685769e-03
   2.3520000e+03   6.1883233e-01  -7.9611352e-04
   2.3680000e+03   6.1893585e-01  -9.2772978e-04
   2.3840000e+03   6.1601532e-01  -2.1016033e-03
   2.4000000e+03   6.1825030e-01  -6.7486724e-04
   2.4160000e+03   6.1890047e-01  -9.2888488e-04
   2.4320000e+03   6.1160839e-01   2.2764940e-04
   2.4480000e+03   6.0913884e-01  -1.2322384e-03
   2.4640000e+03   6.1009364e-01   1.2836251e-03
   2.4800000e+03   6.0960293e-01   1.7366467e-03
   2.4960000e+03   6.0760276e-01  -3.2366135e-03
   2.5120000e+03   6.0765122e-01  -1.9352284e-03
   2.5280000e+03   6.0738543e-01   1.3446966e-03
   2.5440000e+03   6.0239264e-01   2.4563168e-04
   2.5600000e+03   6.0040010e-01   2.0234594e-03
   2.5760000e+03   6.0265762e-01  -2.4861204e-04
   2.5920000e+03   5.9886802e-01   1.2781128e-03
   2.6080000e+03   6.0132816e-01  -1.6599262e-03
   2.6240000e+03   5.9577782e-01  -7.2823615e-04
   2.6400000e+03   5.9633748e-01  -5.3318131e-04
   2.6560000e+03   5.9384649e-01  -1.5610741e-03
   2.6720000e+03   5.9236900e-01   4.1543764e-04
   2.6880000e+03   5.9386605e-01  -6.5058230e-04
   2.7040000e+03   5.8918813e-01   5.5076774e-04
   2.7200000e+03   5.8897904e-01  -2.5424287e-03
   2.7360000e+03   5.8927818e-01  -4.1032653e-04
   2.7520000e+03   5.8645517e-01   1.5585326e-03
   2.7680000e+03   5.8867255e-01   7.4237630e-04
   2.7840000e+03   5.8589040e-01  -3.2103727e-04
   2.8000000e+03   5.8806648e-01  -6.1671487e-04
   2.8160000e+03   5.8520723e-01  -1.1204612e-04
   2.8320000e+03   5.8469557e-01  -6.5879246e-04
   2.8480000e+03   5.8392566e-01  -2.3965758e-04
   2.8640000e+03   5.8424271e-01  -5.4800479e-04
   2.8800000e+03   5.8279291e-01   1.6809652e-03
   2.8960000e+03   5.8277121e-01  -1.0874291e-03
   2.9120000e+03   5.8493185e-01   3.8434692e-03
   2.9280000e+03   5.7765630e-01   3.8845526e-04
   2.9440000e+03   5.8309607e-01   7.3310626e-05
   2.9600000e+03   5.7734905e-01   4.3925062e-03
   2.9760000e+03   5.7884077e-01   2.0513815e-03
   2.9920000e+03   5.7662978e-01   2.8952661e-03
   3.0080000e+03   5.7697640e-01   1.3179676e-03
   3.0240000e+03   5.7685592e-01  -8.4460361e-04
   3.0400000e+03   5.7642717e-01  -3.7051283e-03
   3.0560000e+03   5.7716878e-01   1.5663888e-03
   3.0720000e+03   5.7929074e-01  -2.2012626e-04
   3.0880000e+03   5.7404676e-01   1.1977612e-03
   3.1040000e+03   5.7468630e-01   2.2730290e-03
   3.1200000e+03   5.7520602e-01   3.1055134e-07
   3.1360000e+03   5.7300108e-01   2.3714635e-03
   3.1520000e+03   5.7159006e-01   1.7669547e-03
   3.1680000e+03   5.7504112e-01  -3.7278232e-03
   3.1840000e+03   5.7504518e-01   1.1491967e-03
   3.2000000e+03   5.7071863e-01   3.5366846e-04
   3.2160000e+03   5.7457553e-01  -1.7378110e-03
   3.2320000e+03   5.7412866e-01   4.6274391e-03
   3.2480000e+03   5.7104616e-01   6.2522561e-04
   3.2640000e+03   5.6955116e-01  -9.4007112e-04
   3.2800000e+03   5.7385488e-01   9.3790361e-06
   3.2960000e+03   5.7139490e-01   2.3095933e-03
   3.3120000e+03   5.7083762e-01   3.9667075e-03
   3.3280000e+03   5.6777365e-01  -3.4819891e-03
   3.3440000e+03   5.6644298e-01   3.1393687e-03
   3.3600000e+03   5.7269853e-01   1.9081858e-03
   3.3760000e+03   5.7118288e-01   1.0339284e-03
   3.3920000e+03   5.6856909e-01  -2.5691734e-03
   3.4080000e+03   5.6548947e-01  -1.5355971e-04
   3.4240000e+03   5.6530675e-01  -1.0072887e-03
   3.4400000e+03   5.6771780e-01   2.2002178e-03
   3.4560000e+03   5.6284670e-01   1.5832741e-03
   3.4720000e+03   5.6533446e-01  -2.9123902e-03
   3.4880000e+03   5.6546372e-01  -1.5953101e-03
   3.5040000e+03   5.6659380e-01   1.2983905e-03
   3.5200000e+03   5.6501537e-01  -2.9036020e-03
   3.5360000e+03   5.6689204e-01  -2.4892018e-03
   3.5520000e+03   5.6852394e-01  -2.2123407e-04
   3.5680000e+03   5.6536882e-01   2.9988026e-03
   3.5840000e+03   5.6598049e-01   2.2426475e-03
   3.6000000e+03   5.6402544e-01  -1.6348559e-03
   3.6160000e+03   5.6363496e-01  -3.7450259e-03
   3.6320000e+03   5.6702213e-01  -2.6027828e-03
   3.6480000e+03   5.6708603e-01   1.6226823e-03
   3.6640000e+03   5.6711828e-01   1.2236242e-03
   3.6800000e+03   5.6594570e-01  -2.6964201e-03
   3.6960000e+03   5.6198811e-01   2.6053158e-03
   3.7120000e+03   5.6720873e-01  -2.2388683e-03
   3.7280000e+03   5.6478200e-01   7.5280077e-04
   3.7440000e+03   5.6870359e-01   2.8683903e-03
   3.7600000e+03   5.6648288e-01  -3.3601630e-05
   3.7760000e+03   5.6932517e-01  -6.9006755e-04
   3.7920000e+03   5.6450193e-01  -2.6786374e-05
   3.8080000e+03   5.6362094e-01  -6.3174697e-04
   3.8240000e+03   5.6543973e-01  -1.1952484e-03
   3.8400000e+03   5.6730612e-01  -6.6260940e-05
   3.8560000e+03   5.6543729e-01  -2.8603012e-03
   3.8720000e+03   5.6537318e-01   1.4337717e-03
   3.8880000e+03   5.6511567e-01   8.1153381e-04
   3.9040000e+03   5.6673122e-01   1.2347300e-03
   3.9200000e+03   5.6453746e-01   1.5500732e-03
   3.9360000e+03   5.6726524e-01  -3.5357459e-03
   3.9520000e+03   5.6430438e-01  -7.5669688e-04
   3.9680000e+03   5.6092140e-01   2.4786369e-04
   3.9840000e+03   5.6248860e-01   7.9372752e-04
   4.0000000e+03   5.6315854e-01  -2.3776106e-04
   4.0160000e+03   5.6645128e-01   5.7875192e-04
   4.0320000e+03   5.6545252e-01   1.5948689e-03
   4.0480000e+03   5.6526928e-01   1.8447062e-03
   4.0640000e+03   5.6635116e-01   1.0942750e-03
   4.0800000e+03   5.6610246e-01  -3.4862400e-04
   4.0960000e+03   5.6485717e-01  -2.0153330e-04
   4.1120000e+03   5.6546965e-01   1.5141988e-03
   4.1280000e+03   5.6432941e-01  -6.0476806e-03
   4.1440000e+03   5.6541510e-01  -1.5908120e-03
   4.1600000e+03   5.6927108e-01   4.7225302e-03
   4.1760000e+03   5.6547323e-01  -2.8365314e-03
   4.1920000e+03   5.6177491e-01  -1.9223534e-03
   4.2080000e+03   5.6242812e-01   5.2183295e-03
   4.2240000e+03   5.6380608e-01  -1.2920741e-03
   4.2400000e+03   5.6462900e-01   8.2985383e-06
   4.2560000e+03   5.6597837e-01   2.1859421e-04
   4.2720000e+03   5.6382696e-01  -1.2257984e-03
   4.2880000e+03   5.6301270e-01  -2.8443605e-03
   4.3040000e+03   5.6449166e-01   1.5334932e-03
   4.3200000e+03   5.6202321e-01   4.8009930e-04
   4.3360000e+03   5.6226620e-01  -7.1791838e-04
   4.3520000e+03   5.6369914e-01  -5.4492074e-04
   4.3680000e+03   5.6240526e-01   5.4984745e-03
   4.3840000e+03   5.6569356e-01   3.3190590e-03
   4.4000000e+03   5.6007971e-01   7.1966079e-04
   4.4160000e+03   5.6833101e-01   1.9625149e-03
   4.4320000e+03   5.6282795e-01   2.7213964e-03
   4.4480000e+03   5.6631398e-01  -2.3438060e-03
   4.4640000e+03   5.6799739e-01  -2.6987791e-03
   4.4800000e+03   5.6747826e-01   5.0002894e-04
   4.4960000e+03   5.6670636e-01   3.2196727e-03
   4.5120000e+03   5.6239660e-01   1.7196933e-03
   4.5280000e+03   5.6535660e-01  -2.7027056e-03
   4.5440000e+03   5.6386989e-01   1.2570758e-03
   4.5600000e+03   5.6203590e-01  -4.0724261e-03
   4.5760000e+03   5.6551757e-01   6.2427508e-04
   4.5920000e+03   5.6490150e-01  -7.6820542e-04
   4.6080000e+03   5.6351670e-01  -1.8948055e-03
   4.6240000e+03   5.6205385e-01   6.7550316e-04
   4.6400000e+03   5.6356098e-01  -3.0786344e-03
   4.6560000e+03   5.6514059e-01   1.7690675e-03
   4.6720000e+03   5.6670469e-01   6.2839914e-04
   4.6880000e+03   5.6749990e-01  -4.3163592e-03
   4.7040000e+03   5.6466427e-01  -4.5484054e-04
   4.7200000e+03   5.6859480e-01   2.7537048e-03
   4.7360000e+03   5.6518418e-01   4.8667324e-04
   4.7520000e+03   5.6745136e-01   1.5073173e-03
   4.7680000e+03   5.6463548e-01   2.2914363e-05
   4.7840000e+03   5.6518424e-01   2.9418463e-03
   4.8000000e+03   5.6726525e-01   8.0473248e-04
   4.8160000e+03   5.6577818e-01   1.0995445e-03
   4.8320000e+03   5.6589610e-01  -2.8340326e-05
   4.8480000e+03   5.6820248e-01   1.1931435e-03
   4.8640000e+03   5.6562399e-01  -1.2311685e-03
   4.8800000e+03   5.6051134e-01  -9.5250880e-04
   4.8960000e+03   5.6197767e-01  -1.1954924e-03
   4.9120000e+03   5.6179403e-01   1.9719319e-03
   4.9280000e+03   5.6735063e-01  -1.2449824e-03
   4.9440000e+03   5.6253182e-01   2.1054315e-04
   4.9600000e+03   5.6540526e-01   4.2289616e-03
   4.9760000e+03   5.6490915e-01   1.7144492e-03
   4.9920000e+03   5.6268087e-01  -2.1364640e-03
   5.0080000e+03   5.6335958e-01   8.7401127e-04
   5.0240000e+03   5.6405631e-01   3.8147647e-04
   5.0400000e+03   5.6717876e-01  -1.0325606e-03
   5.0560000e+03   5.6312627e-01   3.6045734e-03
   5.0720000e+03   5.6512348e-01  -2.2907058e-03
   5.0880000e+03   5.6209432e-01  -1.8116603e-03
   5.1040000e+03   5.6550712e-01   1.4108841e-03
   5.1200000e+03   5.6308799e-01   2.0914854e-04
   5.1360000e+03   5.6428913e-01   5.4654310e-04
   5.1520000e+03   5.6550542e-01  -1.1349883e-03
   5.1680000e+03   5.6981583e-01  -3.8428446e-03
   5.1840000e+03   5.6010945e-01   1.4015699e-03
   5.2000000e+03   5.6090979e-01  -2.1729290e-03
   5.2160000e+03   5.6477101e-01  -3.4518116e-03
   5.2320000e+03   5.6457653e-01   1.1328932e-03
   5.2480000e+03   5.6594598e-01  -5.5646775e-04
   5.2640000e+03   5.6459893e-01  -8.2742062e-05
   5.2800000e+03   5.6585811e-01   2.4165147e-04
   5.2960000e+03   5.6482894e-01   1.2119690e-03
   5.3120000e+03   5.6295896e-01   3.5636940e-04
   5.3280000e+03   5.6759941e-01   2.0019487e-03
   5.3440000e+03   5.6568285e-01   7.7151024e-04
   5.3600000e+03   5.6725434e-01  -3.8449525e-04
   5.3760000e+03   5.6396506e-01   2.7081553e-03
   5.3920000e+03   5.6375961e-01   2.1317751e-04
   5.4080000e+03   5.6638177e-01   2.8341380e-03
   5.4240000e+03   5.6400319e-01  -2.2279319e-03
   5.4400000e+03   5.6299639e-01   8.0946785e-04
   5.4560000e+03   5.6593176e-01  -9.5147226e-04
   5.4720000e+03   5.6408224e-01  -1.4510882e-03
   5.4880000e+03   5.6385506e-01  -2.5671976e-05
   5.5040000e+03   5.6389840e-01  -1.1472239e-03
   5.5200000e+03   5.6098465e-01  -5.9908950e-07
   5.5360000e+03   5.6535332e-01   2.2919182e-04
   5.5520000e+03   5.6098999e-01   1.1722065e-04
   5.5680000e+03   5.6256285e-01   2.8431545e-03
   5.5840000e+03   5.6266728e-01   8.5724044e-04
   5.6000000e+03   5.6500345e-01  -1.3068221e-03
   5.6160000e+03   5.6560064e-01  -2.7570391e-03
   5.6320000e+03   5.6538011e-01   1.7537893e-04
   5.6480000e+03   5.6425089e-01   4.7713375e-04
   5.6640000e+03   5.6247077e-01   2.3167976e-03
   5.6800000e+03   5.6406080e-01  -2.3875768e-04
   5.6960000e+03   5.6221161e-01  -1.3043767e-03
   5.7120000e+03   5.6310945e-01  -1.5560109e-03
   5.7280000e+03   5.6352433e-01   1.3942627e-03
   5.7440000e+03   5.6563477e-01   3.9998660e-04
   5.7600000e+03   5.6703206e-01  -1.4175753e-03
   5.7760000e+03   5.6419210e-01   2.7208633e-03
   5.7920000e+03   5.6633422e-01   1.5021147e-03
   5.8080000e+03   5.6205423e-01  -4.9100428e-04
   5.8240000e+03   5.6346616e-01   2.3852956e-03
   5.8400000e+03   5.6443327e-01   1.9068558e-03
   5.8560000e+03   5.6450251e-01   1.4995506e-03
   5.8720000e+03   5.6633514e-01  -3.8853250e-04
   5.8880000e+03   5.5917104e-01   1.8186175e-04
   5.9040000e+03   5.6421959e-01   1.3812956e-03
   5.9200000e+03   5.6585533e-01   1.0456441e-03
   5.9360000e+03   5.6442300e-01  -1.5659978e-04
   5.9520000e+03   5.6174578e-01  -1.8341002e-03
   5.9680000e+03   5.6381415e-01   3.1098080e-04
   5.9840000e+03   5.6342382e-01  -6.2227114e-04
   6.0000000e+03   5.6516920e-01   2.8905310e-03
   6.0160000e+03   5.6119674e-01   1.3074880e-03
   6.0320000e+03   5.6490375e-01   1.1354241e-03
   6.0480000e+03   5.6547547e-01  -2.3483809e-03
   6.0640000e+03   5.6525963e-01   2.3157183e-03
   6.0800000e+03   5.6503369e-01  -2.3147421e-03
   6.0960000e+03   5.6217170e-01  -7.1504190e-04
   6.1120000e+03   5.6872622e-01   1.0851132e-03
   6.1280000e+03   5.6393863e-01   1.6043969e-03
   6.1440000e+03   5.6590083e-01   1.2818334e-03
   6.1600000e+03   5.6495467e-01   4.8527730e-04
   6.1760000e+03   5.6473604e-01   1.7717137e-03
   6.1920000e+03   5.6004741e-01   7.8453451e-04
   6.2080000e+03   5.6674503e-01   2.5513091e-03
   6.2240000e+03   5.6681942e-01   9.6130935e-04
   6.2400000e+03   5.6256775e-01   2.4922178e-04
   6.2560000e+03   5.6721481e-01  -9.3869443e-04
   6.2720000e+03   5.6519101e-01   7.9335000e-04
   6.2880000e+03   5.6204161e-01  -3.1987443e-03
   6.3040000e+03   5.6442378e-01  -1.9642630e-04
   6.3200000e+03   5.6527720e-01  -2.6048068e-03
   6.3360000e+03   5.6379247e-01  -1.6953487e-03
   6.3520000e+03   5.6623840e-01   1.6019859e-03
   6.3680000e+03   5.6240465e-01   9.7456945e-04
   6.3840000e+03   5.6327118e-01  -1.6163061e-03
   6.4000000e+03   5.6388529e-01   2.8930368e-04
   6.4160000e+03   5.6909615e-01  -1.5204229e-04
   6.4320000e+03   5.6356050e-01   6.1582636e-04
   6.4480000e+03   5.6593188e-01  -4.8598939e-04
   6.4640000e+03   5.6337099e-01   2.2947066e-03
   6.4800000e+03   5.6673380e-01  -1.6759633e-04
   6.4960000e+03   5.6197188e-01   5.0814280e-04
   6.5120000e+03   5.6636769e-01   8.5728479e-05
   6.5280000e+03   5.6118196e-01  -2.1147065e-03
   6.5440000e+03   5.6248506e-01   9.1759586e-04
   6.5600000e+03   5.6506995e-01   3.2446967e-03
   6.5760000e+03   5.6261900e-01   2.0182641e-03
   6.5920000e+03   5.6460836e-01  -1.8064483e-03
   6.6080000e+03   5.6387621e-01  -2.9016912e-03
   6.6240000e+03   5.6277549e-01   1.2564260e-03
   6.6400000e+03   5.6506939e-01  -9.6986054e-04
   6.6560000e+03   5.6365092e-01  -2.1338907e-03
   6.6720000e+03   5.6111460e-01   1.7694169e-03
   6.6880000e+03   5.6205366e-01  -3.5500024e-03
   6.7040000e+03   5.6202596e-01  -5.0474346e-04
   6.7200000e+03   5.6231853e-01  -2.0760580e-04
   6.7360000e+03   5.6638949e-01  -2.1932372e-03
   6.7520000e+03   5.6650241e-01   3.8299632e-04
   6.7680000e+03   5.6625566e-01   4.8833893e-04
   6.7840000e+03   5.6267059e-01   8.8908181e-05
   6.8000000e+03   5.6497488e-01  -1.8198754e-03
   6.8160000e+03   5.6571695e-01  -5.6905103e-04
   6.8320000e+03   5.5967585e-01   4.1749835e-03
   6.8480000e+03   5.6419761e-01  -3.2400141e-03
   6.8640000e+03   5.6146295e-01   4.3557055e-05
   6.8800000e+03   5.6150967e-01   1.6653551e-03
   6.8960000e+03   5.6119949e-01  -3.0289446e-04
   6.9120000e+03   5.6190863e-01  -1.7884146e-03
   6.9280000e+03   5.6172663e-01  -4.6332257e-05
   6.9440000e+03   5.6489830e-01   1.4643045e-03
   6.9600000e+03   5.6412691e-01  -1.3451519e-03
   6.9760000e+03   5.6276443e-01   3.8313767e-05
   6.9920000e+03   5.6246949e-01  -1.7941634e-03
   7.0080000e+03   5.6148307e-01  -8.6713113e-04
   7.0240000e+03   5.6189190e-01   1.9701511e-03
   7.0400000e+03   5.6651154e-01   5.0385667e-03
   7.0560000e+03   5.6301239e-01  -2.8915096e-03
   7.0720000e+03   5.6357546e-01   7.1754310e-04
   7.0880000e+03   5.6546358e-01  -2.4554742e-03
   7.1040000e+03   5.6697424e-01  -1.0677993e-03
   7.1200000e+03   5.6123512e-01  -2.1638197e-03
   7.1360000e+03   5.6227943e-01  -2.3772253e-03
   7.1520000e+03   5.5926257e-01  -6.2106738e-04
   7.1680000e+03   5.6284716e-01   2.0123547e-05
   7.1840000e+03   5.6405095e-01  -3.2385690e-03
   7.2000000e+03   5.6141103e-01  -2.1969223e-03
   7.2160000e+03   5.6135967e-01   6.9167393e-04
   7.2320000e+03   5.6434814e-01   2.2388038e-03
   7.2480000e+03   5.6551920e-01  -2.5588391e-03
   7.2640000e+03   5.6154444e-01   4.3534340e-03
   7.2800000e+03   5.5970442e-01  -2.7264522e-03
   7.2960000e+03   5.6188770e-01  -2.9317257e-03
   7.3120000e+03   5.6270492e-01   2.0641955e-03
   7.3280000e+03   5.6209454e-01   9.8586797e-05
   7.3440000e+03   5.5640727e-01  -2.0111287e-03
   7.3600000e+03   5.5976691e-01  -2.3675511e-04
   7.3760000e+03   5.5937556e-01   2.3221413e-03
   7.3920000e+03   5.6379210e-01   4.3417680e-03
   7.4080000e+03   5.6171394e-01   1.7796128e-03
   7.4240000e+03   5.5971518e-01   4.3721024e-04
   7.4400000e+03   5.5779191e-01  -1.3163151e-03
   7.4560000e+03   5.6286452e-01   1.5855429e-03
   7.4720000e+03   5.6000937e-01  -1.3207872e-03
   7.4880000e+03   5.5873610e-01   1.7623695e-04
   7.5040000e+03   5.6186233e-01  -4.5354403e-04
   7.5200000e+03   5.6144789e-01  -1.6315843e-05
   7.5360000e+03   5.5624386e-01  -2.8329490e-03
   7.5520000e+03   5.5878737e-01   6.6355908e-06
   7.5680000e+03   5.5871451e-01  -2.4029167e-03
   7.5840000e+03   5.5668868e-01  -2.1260777e-03
   7.6000000e+03   5.6100723e-01   3.7266567e-04
   7.6160000e+03   5.5993187e-01   4.0846852e-04
   7.6320000e+03   5.5585451e-01   3.8309545e-04
   7.6480000e+03   5.5931353e-01   2.9895600e-03
   7.6640000e+03   5.5871027e-01   9.4214942e-04
   7.6800000e+03   5.6012169e-01  -2.4768909e-04
   7.6960000e+03   5.5399929e-01   1.0596604e-03
   7.7120000e+03   5.5529626e-01   1.0497482e-03
   7.7280000e+03   5.5695816e-01   1.5530882e-03
   7.7440000e+03   5.5589855e-01  -1.4088183e-03
   7.7600000e+03   5.5703442e-01   8.4133470e-04
   7.7760000e+03   5.5725383e-01   2.0110751e-03
   7.7920000e+03   5.6027835e-01   1.7798404e-03
   7.8080000e+03   5.5694874e-01  -2.1987038e-03
   7.8240000e+03   5.5612138e-01   3.8299949e-04
   7.8400000e+03   5.5458994e-01   2.2353103e-03
   7.8560000e+03   5.5360207e-01  -1.5049891e-05
   7.8720000e+03   5.5710828e-01   1.1953090e-03
   7.8880000e+03   5.5413249e-01  -1.1662692e-04
   7.9040000e+03   5.5313964e-01   3.0994115e-04
   7.9200000e+03   5.5582469e-01   2.3240249e-03
   7.9360000e+03   5.5494736e-01  -6.2454099e-04
   7.9520000e+03   5.5389351e-01  -9.9743751e-04
   7.9680000e+03   5.5415693e-01  -6.2883417e-04
   7.9840000e+03   5.5311371e-01   1.1576943e-04
   8.0000000e+03   5.5440899e-01   1.2928373e-03
   8.0160000e+03   5.5289744e-01   7.7496446e-04
   8.0320000e+03   5.5686781e-01   1.1597668e-03
   8.0480000e+03   5.5387384e-01  -2.1230224e-03
   8.0640000e+03   5.5013341e-01   8.9103005e-04
   8.0800000e+03   5.5031742e-01   2.6166905e-03
   8.0960000e+03   5.5115205e-01   7.3112400e-04
   8.1120000e+03   5.5337661e-01   1.5106203e-03
   8.1280000e+03   5.5196103e-01   3.0615723e-03
   8.1440000e+03   5.5324248e-01  -1.0886385e-03
   8.1600000e+03   5.5171926e-01  -3.4856836e-03
   8.1760000e+03   5.5263494e-01  -2.1363023e-03
   8.1920000e+03   5.5225069e-01   9.8243020e-04
   8.2080000e+03   5.5175894e-01   2.7655148e-03
   8.2240000e+03   5.4849793e-01  -3.9394604e-03
   8.2400000e+03   5.5215884e-01  -7.3163402e-04
   8.2560000e+03   5.5231930e-01   2.0842693e-03
   8.2720000e+03   5.5238336e-01  -9.4250526e-04
   8.2880000e+03   5.4881283e-01   3.6800949e-04
   8.3040000e+03   5.4613685e-01   7.7168600e-04
   8.3200000e+03   5.4737303e-01  -7.7732179e-04
   8.3360000e+03   5.4723466e-01  -2.0162521e-03
   8.3520000e+03   5.4673282e-01  -3.2046025e-04
   8.3680000e+03   5.4681455e-01  -1.7504360e-04
   8.3840000e+03   5.4959786e-01   6.5675632e-05
   8.4000000e+03   5.4889436e-01  -2.4216132e-03
   8.4160000e+03   5.4820016e-01  -1.4573889e-04
   8.4320000e+03   5.4530823e-01  -9.8792573e-04
   8.4480000e+03   5.4687402e-01  -2.4979926e-03
   8.4640000e+03   5.4841115e-01   9.8587909e-04
   8.4800000e+03   5.4751912e-01   4.3667595e-04
   8.4960000e+03   5.4797398e-01  -1.6038153e-03
   8.5120000e+03   5.4879502e-01   2.4143826e-03
   8.5280000e+03   5.4473122e-01   1.6221070e-03
   8.5440000e+03   5.4675159e-01  -6.2780377e-04
   8.5600000e+03   5.4482540e-01   7.0297948e-04
   8.5760000e+03   5.4322601e-01   8.5192570e-04
   8.5920000e+03   5.4440551e-01   1.4172077e-04
   8.6080000e+03   5.4272478e-01  -1.6446983e-03
   8.6240000e+03   5.4300603e-01  -3.5031670e-03
   8.6400000e+03   5.4146707e-01   1.5418549e-03
   8.6560000e+03   5.4508971e-01   3.2175065e-03
   8.6720000e+03   5.4446089e-01   7.7769196e-04
   8.6880000e+03   5.4705477e-01   1.9331017e-04
   8.7040000e+03   5.4189872e-01  -1.3429413e-03
   8.7200000e+03   5.4175864e-01   3.0495831e-03
   8.7360000e+03   5.4434559e-01   2.6958386e-03
   8.7520000e+03   5.4244227e-01   8.7350188e-06
   8.7680000e+03   5.3912395e-01  -2.5472036e-03
   8.7840000e+03   5.4194278e-01  -3.7085633e-03
   8.8000000e+03   5.3976468e-01  -9.2518665e-04
   8.8160000e+03   5.3819297e-01  -1.8617318e-03
   8.8320000e+03   5.4105878e-01   2.9411059e-04
   8.8480000e+03   5.4029847e-01   2.7791995e-04
   8.8640000e+03   5.3918965e-01  -6.5169192e-04
   8.8800000e+03   5.4080955e-01  -2.8506341e-03
   8.8960000e+03   5.4119515e-01   3.3917425e-03
   8.9120000e+03   5.3836972e-01  -2.5004828e-03
   8.9280000e+03   5.4265139e-01  -1.1768131e-03
   8.9440000e+03   5.4035173e-01  -1.2617994e-03
   8.9600000e+03   5.3733115e-01  -3.2139476e-04
   8.9760000e+03   5.3776784e-01   7.7176607e-04
   8.9920000e+03   5.3666281e-01  -6.9159148e-04
   9.0080000e+03   5.3568518e-01  -4.2854798e-04
   9.0240000e+03   5.3692825e-01   1.8074653e-03
   9.0400000e+03   5.3849111e-01   4.4056374e-03
   9.0560000e+03   5.4127491e-01  -5.2896575e-03
   9.0720000e+03   5.3645839e-01   8.1079110e-04
   9.0880000e+03   5.3190189e-01  -9.7760983e-05
   9.1040000e+03   5.3805864e-01   1.9539679e-03
   9.1200000e+03   5.3259033e-01  -6.1048640e-04
   9.1360000e+03   5.3605882e-01   1.5466261e-03
   9.1520000e+03   5.3536013e-01   8.1802502e-05
   9.1680000e+03   5.3198767e-01   3.4787780e-05
   9.1840000e+03   5.3218880e-01  -2.3213214e-04
   9.2000000e+03   5.3263975e-01   4.6444397e-04
   9.2160000e+03   5.3180081e-01  -3.5493462e-03
   9.2320000e+03   5.3321236e-01  -1.5957301e-03
   9.2480000e+03   5.3228231e-01  -6.9652250e-04
   9.2640000e+03   5.3015576e-01  -3.3139841e-03
   9.2800000e+03   5.2985571e-01  -3.8250054e-04
   9.2960000e+03   5.3308625e-01  -1.4419393e-03
   9.3120000e+03   5.2941356e-01   3.4346189e-03
   9.3280000e+03   5.3292328e-01   2.3438868e-03
   9.3440000e+03   5.2898359e-01  -4.9605367e-04
   9.3600000e+03   5.2792309e-01  -1.2120176e-03
   9.3760000e+03   5.2818628e-01   1.3151462e-03
   9.3920000e+03   5.3283731e-01   2.8055364e-03
   9.4080000e+03   5.2985302e-01   1.4958471e-03
   9.4240000e+03   5.2834363e-01   2.6442806e-04
   9.4400000e+03   5.2886090e-01  -3.7830414e-03
   9.4560000e+03   5.2707615e-01  -1.6725737e-03
   9.4720000e+03   5.3032387e-01  -4.6347033e-05
   9.4880000e+03   5.2624731e-01   4.7856941e-04
   9.5040000e+03   5.2588720e-01   1.8576245e-03
   9.5200000e+03   5.3019638e-01  -6.1425684e-04
   9.5360000e+03   5.2604130e-01   7.5871941e-04
   9.5520000e+03   5.2377956e-01  -5.0242454e-04
   9.5680000e+03   5.2287252e-01   2.0440699e-03
   9.5840000e+03   5.2587727e-01   1.0882105e-04
   9.6000000e+03   5.2691416e-01  -3.4644348e-03
   9.6160000e+03   5.2658504e-01  -1.6643374e-04
   9.6320000e+03   5.2913551e-01   1.9593775e-03
   9.6480000e+03   5.2208759e-01   3.5874833e-04
   9.6640000e+03   5.2280276e-01  -9.2865207e-04
   9.6800000e+03   5.1968607e-01  -1.1595420e-03
   9.6960000e+03   5.2328154e-01   2.0626572e-03
   9.7120000e+03   5.2352900e-01  -1.3542489e-03
   9.7280000e+03   5.1972131e-01  -9.8981744e-04
   9.7440000e+03   5.2345949e-01   1.9251986e-03
   9.7600000e+03   5.1992385e-01  -3.5650466e-03
   9.7760000e+03   5.2116296e-01  -2.4395925e-03
   9.7920000e+03   5.2292546e-01   1.4835288e-03
   9.8080000e+03   5.1976239e-01   8.1067220e-04
   9.8240000e+03   5.2098641e-01   1.3468974e-03
   9.8400000e+03   5.2037562e-01   1.7328647e-04
   9.8560000e+03   5.2165235e-01  -2.8391623e-03
   9.8720000e+03   5.1862391e-01   9.5335933e-05
   9.8880000e+03   5.1494086e-01  -5.5697729e-04
   9.9040000e+03   5.2303649e-01  -3.2240752e-04
   9.9200000e+03   5.1810753e-01   5.4481879e-03
   9.9360000e+03   5.1929114e-01  -3.0143235e-03
   9.9520000e+03   5.1837300e-01   8.9730580e-04
   9.9680000e+03   5.1571168e-01  -2.3161578e-03
   9.9840000e+03   5.1581717e-01   1.7389285e-03
   1.0000000e+04   5.1547595e-01   1.1649096e-03
   1.0016000e+04   5.1292787e-01  -2.2166413e-03
   1.0032000e+04   5.1436896e-01  -2.8589111e-03
   1.0048000e+04   5.1366691e-01  -8.3072362e-04
   1.0064000e+04   5.1404436e-01  -2.0051426e-03
   1.0080000e+04   5.1319516e-01  -8.3666739e-04
   1.0096000e+04   5.1814995e-01  -1.5681216e-03
   1.0112000e+04   5.1426949e-01  -3.1761978e-03
   1.0128000e+04   5.2020519e-01   1.3116680e-03
   1.0144000e+04   5.1330720e-01  -2.6826487e-03
   1.0160000e+04   5.1580650e-01  -1.1778542e-03
   1.0176000e+04   5.1257928e-01   5.3937919e-04
   1.0192000e+04   5.1162038e-01   2.2976666e-03
   1.0208000e+04   5.1168269e-01  -8.2238107e-04
   1.0224000e+04   5.1143201e-01   7.4649072e-04
   1.0240000e+04   5.1311987e-01  -9.6727235e-04
   1.0256000e+04   5.1374201e-01   2.7458413e-03
   1.0272000e+04   5.1033937e-01   1.2465069e-03
   1.0288000e+04   5.1135726e-01  -1.4112860e-04
   1.0304000e+04   5.1277906e-01  -2.7892857e-03
   1.0320000e+04   5.0905288e-01   1.5177652e-03
   1.0336000e+04   5.0932523e-01   1.8486282e-04
   1.0352000e+04   5.1111488e-01  -1.6251612e-03
   1.0368000e+04   5.1240906e-01  -1.4485591e-03
   1.0384000e+04   5.0959543e-01  -5.7811359e-04
   1.0400000e+04   5.0888887e-01  -5.1895279e-04
   1.0416000e+04   5.0673691e-01  -8.1897576e-04
   1.0432000e+04   5.0768589e-01   4.3151596e-04
   1.0448000e+04   5.0618475e-01  -2.1387688e-04
   1.0464000e+04   5.0744611e-01  -1.4408870e-03
   1.0480000e+04   5.0852514e-01  -6.8379185e-05
   1.0496000e+04   5.0664876e-01   9.0415297e-04
   1.0512000e+04   5.0263217e-01  -2.0863238e-03
   1.0528000e+04   5.0583974e-01  -6.9787897e-04
   1.0544000e+04   5.0576097e-01   4.5727325e-03
   1.0560000e+04   5.0438081e-01  -2.5029384e-03
   1.0576000e+04   5.0736966e-01   1.1267629e-03
   1.0592000e+04   5.0442027e-01   1.2491066e-03
   1.0608000e+04   5.0433515e-01   9.7601148e-04
   1.0624000e+04   5.0695450e-01  -1.7080931e-04
   1.0640000e+04   5.0176465e-01   9.5532825e-04
   1.0656000e+04   5.0462471e-01   2.8813182e-03
   1.0672000e+04   5.0342823e-01  -7.4823211e-04
   1.0688000e+04   5.0129351e-01   1.9437603e-03
   1.0704000e+04   5.0445885e-01   1.8050060e-03
   1.0720000e+04   5.0246767e-01  -8.0353661e-04
   1.0736000e+04   5.0247232e-01  -2.3201187e-03
   1.0752000e+04   4.9824024e-01   4.7977580e-04
   1.0768000e+04   4.9735052e-01  -2.4843685e-03
   1.0784000e+04   4.9954629e-01  -2.0758302e-03
   1.0800000e+04   5.0050934e-01   2.0773351e-04
   1.0816000e+04   5.0120883e-01   1.3259756e-03
   1.0832000e+04   4.9956422e-01  -2.4648815e-03
   1.0848000e+04   4.9924847e-01  -1.6360439e-03
   1.0864000e+04   4.9833612e-01   4.9646257e-04
   1.0880000e+04   4.9932375e-01   2.9169093e-03
   1.0896000e+04   5.0029760e-01   1.4800396e-03
   1.0912000e+04   4.9898999e-01   7.9146644e-04
   1.0928000e+04   5.0055052e-01   7.9643676e-04
   1.0944000e+04   4.9546842e-01   2.7081927e-03
   1.0960000e+04   5.0199171e-01   1.9885915e-03
   1.0976000e+04   5.0114597e-01  -1.3327183e-03
   1.0992000e+04   4.9964921e-01  -2.4875400e-04
   1.1008000e+04   4.9621560e-01   1.3599940e-03
   1.1024000e+04   4.9777277e-01   8.5048481e-04
   1.1040000e+04   4.9547294e-01   8.5923315e-04
   1.1056000e+04   4.9955621e-01   6.8231809e-05
   1.1072000e+04   4.9595496e-01  -5.3742092e-03
   1.1088000e+04   4.9751449e-01   1.1282205e-03
   1.1104000e+04   4.9390415e-01  -2.5251808e-03
   1.1120000e+04   4.9520807e-01  -1.8626115e-03
   1.1136000e+04   4.9488168e-01   1.7483894e-03
   1.1152000e+04   4.9617449e-01   7.5774505e-04
   1.1168000e+04   4.9418539e-01  -6.5645074e-04
   1.1184000e+04   4.9683239e-01   4.4267087e-03
   1.1200000e+04   4.9696023e-01  -3.9246521e-04
   1.1216000e+04   4.9300173e-01   5.3389825e-05
   1.1232000e+04   4.9338610e-01  -1.7084061e-03
   1.1248000e+04   4.9343568e-01  -4.4074388e-03
   1.1264000e+04   4.9019325e-01  -1.4810736e-03
   1.1280000e+04   4.9289534e-01  -8.7248655e-04
   1.1296000e+04   4.9511635e-01  -3.9094841e-03
   1.1312000e+04   4.9507883e-01   2.0096291e-03
   1.1328000e+04   4.9243562e-01   3.4835276e-03
   1.1344000e+04   4.9460017e-01  -2.6140173e-03
   1.1360000e+04   4.8958761e-01   2.6975965e-03
   1.1376000e+04   4.8981715e-01   5.8115930e-06
   1.1392000e+04   4.9321585e-01   2.3389022e-03
   1.1408000e+04   4.9194488e-01  -8.4114107e-04
   1.1424000e+04   4.9092518e-01  -2.3727007e-03
   1.1440000e+04   4.8742111e-01  -1.3327000e-03
   1.1456000e+04   4.8866093e-01  -2.3237115e-04
   1.1472000e+04   4.9343185e-01  -1.7911440e-03
   1.1488000e+04   4.8902707e-01   2.2133255e-03
   1.1504000e+04   4.8986982e-01  -3.2067625e-05
   1.1520000e+04   4.9105976e-01   2.1012994e-03
   1.1536000e+04   4.9073348e-01  -7.6344646e-04
   1.1552000e+04   4.9115666e-01   1.7680792e-04
   1.1568000e+04   4.8948424e-01  -1.4075953e-03
   1.1584000e+04   4.8947303e-01   4.7990574e-03
   1.1600000e+04   4.8770929e-01   1.3674602e-03
   1.1616000e+04   4.8963510e-01  -7.4297860e-04
   1.1632000e+04   4.8724784e-01  -6.7244352e-04
   1.1648000e+04   4.8655376e-01  -3.7310805e-04
   1.1664000e+04   4.8913024e-01   4.8894530e-03
   1.1680000e+04   4.9026778e-01   1.0299607e-03
   1.1696000e+04   4.8466856e-01  -5.2969983e-03
   1.1712000e+04   4.8881629e-01  -1.1685654e-03
   1.1728000e+04   4.8681624e-01  -2.1853349e-03
   1.1744000e+04   4.8701963e-01   9.2121258e-04
   1.1760000e+04   4.8710671e-01  -1.5324105e-03
   1.1776000e+04   4.8611171e-01   1.2432510e-05
   1.1792000e+04   4.8444249e-01   1.8514246e-03
   1.1808000e+04   4.8758360e-01  -1.4917049e-03
   1.1824000e+04   4.8787851e-01  -1.0618757e-03
   1.1840000e+04   4.8733361e-01   1.2864759e-03
   1.1856000e+04   4.8464702e-01  -3.7932391e-03
   1.1872000e+04   4.8591130e-01   3.3860005e-03
   1.1888000e+04   4.8154970e-01   8.4656516e-06
   1.1904000e+04   4.8291484e-01   2.5206631e-03
   1.1920000e+04   4.8545756e-01   1.8128416e-03
   1.1936000e+04   4.8717124e-01  -8.7767395e-04
   1.1952000e+04   4.8447833e-01   5.2520877e-03
   1.1968000e+04   4.8199903e-01  -1.4875087e-03
   1.1984000e+04   4.8166307e-01   1.9404769e-03
   1.2000000e+04   4.8304444e-01   1.4253705e-03
   1.2016000e+04   4.8572725e-01   8.1291068e-04
   1.2032000e+04   4.7994029e-01   1.4848974e-03
   1.2048000e+04   4.8345674e-01   3.9113415e-04
   1.2064000e+04   4.8125241e-01  -9.4374066e-05
   1.2080000e+04   4.8220656e-01  -3.9439501e-03
   1.2096000e+04   4.8473463e-01  -1.6165154e-03
   1.2112000e+04   4.8234545e-01   3.3760260e-03
   1.2128000e+04   4.7700045e-01   2.7056765e-04
   1.2144000e+04   4.8315023e-01   2.1733641e-03
   1.2160000e+04   4.8043495e-01  -8.3770391e-04
   1.2176000e+04   4.8404090e-01   1.9228835e-04
   1.2192000e+04   4.7937839e-01  -5.3869383e-04
   1.2208000e+04   4.8177253e-01  -2.8414916e-04
   1.2224000e+04   4.7873067e-01  -3.0026892e-03
   1.2240000e+04   4.8048470e-01   4.9699544e-04
   1.2256000e+04   4.8237961e-01   4.4435276e-04
