   0.0000000e+00   9.2617981e-01   1.6592515e-03
   1.6000000e+01   9.3094711e-01   6.8472384e-04
   3.2000000e+01   9.4153073e-01  -7.2274580e-03
   4.8000000e+01   9.4682440e-01   5.2279000e-04
   6.4000000e+01   9.4348143e-01  -2.1237775e-03
   8.0000000e+01   9.5612513e-01   6.9491967e-04
   9.6000000e+01   9.6443071e-01  -3.4080570e-03
   1.1200000e+02   9.6712748e-01  -9.4436511e-05
   1.2800000e+02   9.7719084e-01  -2.4325175e-03
   1.4400000e+02   9.8819576e-01   5.1550890e-03
   1.6000000e+02   9.8229594e-01   2.2098630e-03
   1.7600000e+02   9.9163178e-01  -1.5916693e-03
   1.9200000e+02   9.9208695e-01   8.5598683e-04
   2.0800000e+02   9.9196455e-01  -2.5504663e-04
   2.2400000e+02   1.0003781e+00   5.3786270e-04
   2.4000000e+02   9.9939156e-01  -5.5989462e-04
   2.5600000e+02   9.9697053e-01  -8.3137428e-03
   2.7200000e+02   9.9939156e-01   2.9596741e-03
   2.8800000e+02   1.0003781e+00   2.8743420e-03
   3.0400000e+02   9.9196455e-01   1.4759901e-03
   3.2000000e+02   9.9208695e-01  -4.2355502e-03
   3.3600000e+02   9.9163178e-01  -4.1003847e-03
   3.5200000e+02   9.8229594e-01   5.4659893e-03
   3.6800000e+02   9.8819576e-01   6.2846917e-03
   3.8400000e+02   9.7719084e-01   6.9669348e-04
   4.0000000e+02   9.6712748e-01  -3.6129979e-04
   4.1600000e+02   9.6443071e-01  -2.5445378e-03
   4.3200000e+02   9.5612513e-01  -1.5171684e-03
   4.4800000e+02   9.4348143e-01  -1.8745058e-03
   4.6400000e+02   9.4682440e-01   3.8737430e-03
   4.8000000e+02   9.4153073e-01   3.4895857e-03
   4.9600000e+02   9.3094711e-01   1.0848443e-03
   5.1200000e+02   9.2617981e-01  -5.5140863e-03
   5.2800000e+02   9.1338221e-01  -1.8988604e-04
   5.4400000e+02   9.0683734e-01  -1.8667919e-03
   5.6000000e+02   9.1299477e-01  -1.4004337e-03
   5.7600000e+02   8.9859809e-01   2.8691160e-03
   5.9200000e+02   8.8730341e-01   1.7497175e-04
   6.0800000e+02   8.8564201e-01  -1.0118037e-03
   6.2400000e+02   8.7697867e-01   3.1913984e-03
   6.4000000e+02   8.7716756e-01   1.6091645e-03
   6.5600000e+02   8.6564851e-01  -6.0909012e-04
   6.7200000e+02   8.6204145e-01  -9.1204755e-04
   6.8800000e+02   8.5257854e-01   4.0569115e-03
   7.0400000e+02   8.4726943e-01  -6.4733003e-04
   7.2000000e+02   8.3729856e-01  -5.6290610e-03
   7.3600000e+02   8.3074581e-01   1.5899972e-03
   7.5200000e+02   8.2868016e-01   1.9751206e-03
   7.6800000e+02   8.1948027e-01   5.0397652e-03
   7.8400000e+02   8.1875757e-01   5.9426152e-03
   8.0000000e+02   8.0729238e-01  -1.2762534e-03
   8.1600000e+02   8.0703986e-01   1.9636543e-04
   8.3200000e+02   7.9959714e-01  -2.3131131e-03
   8.4800000e+02   7.9119683e-01   4.3595103e-04
   8.6400000e+02   7.9088978e-01   3.3272003e-04
   8.8000000e+02   7.8955531e-01   2.5430523e-03
   8.9600000e+02   7.8657728e-01  -3.8238711e-03
   9.1200000e+02   7.7202900e-01   3.0208809e-03
   9.2800000e+02   7.6416003e-01   1.3008402e-04
   9.4400000e+02   7.6512381e-01   5.2807775e-03
   9.6000000e+02   7.5247574e-01  -5.1108764e-03
   9.7600000e+02   7.5246202e-01   1.5731729e-03
   9.9200000e+02   7.4206269e-01  -2.0033279e-03
   1.0080000e+03   7.4773151e-01   3.1484035e-03
   1.0240000e+03   7.3619169e-01   2.1319341e-03
   1.0400000e+03   7.2546281e-01   1.3367741e-03
   1.0560000e+03   7.2267263e-01  -1.3578600e-03
   1.0720000e+03   7.2218116e-01  -2.4960999e-03
   1.0880000e+03   7.1521103e-01  -6.9463700e-03
   1.1040000e+03   7.1468395e-01  -1.7677161e-03
   1.1200000e+03   7.0272615e-01   7.3189053e-03
   1.1360000e+03   7.0525614e-01  -2.8887190e-04
   1.1520000e+03   6.9227686e-01   6.3782654e-03
   1.1680000e+03   6.9103351e-01   1.4164322e-03
   1.1840000e+03   6.8386542e-01   2.2633053e-03
   1.2000000e+03   6.7600695e-01   3.3588978e-03
   1.2160000e+03   6.7427247e-01   3.2555149e-03
   1.2320000e+03   6.7481796e-01  -4.5745475e-03
   1.2480000e+03   6.7131940e-01  -2.5361423e-03
   1.2640000e+03   6.6654302e-01  -7.2049719e-03
   1.2800000e+03   6.6073952e-01  -5.1739864e-03
   1.2960000e+03   6.5873215e-01   7.3852937e-03
   1.3120000e+03   6.5179276e-01  -1.4076938e-03
   1.3280000e+03   6.5133027e-01   4.7830201e-03
   1.3440000e+03   6.4825842e-01  -4.7268177e-04
   1.3600000e+03   6.5299960e-01  -6.2889834e-03
   1.3760000e+03   6.4109251e-01  -2.0066823e-03
   1.3920000e+03   6.3338268e-01   2.9690481e-03
   1.4080000e+03   6.3289799e-01  -1.9335528e-03
   1.4240000e+03   6.3580096e-01  -2.7106028e-03
   1.4400000e+03   6.3027798e-01  -6.1097974e-03
   1.4560000e+03   6.3427639e-01   5.2195594e-03
   1.4720000e+03   6.3537747e-01   1.7675217e-03
   1.4880000e+03   6.2171989e-01  -5.3899017e-03
   1.5040000e+03   6.2200120e-01  -6.4008818e-03
   1.5200000e+03   6.2210986e-01  -1.0988895e-03
   1.5360000e+03   6.1113972e-01  -6.8531290e-04
   1.5520000e+03   6.1753892e-01  -4.8015088e-04
   1.5680000e+03   6.0493483e-01  -1.7226362e-04
   1.5840000e+03   6.0658379e-01   5.7762338e-03
   1.6000000e+03   6.1332566e-01  -3.8829432e-03
   1.6160000e+03   6.1268860e-01  -2.9592541e-03
   1.6320000e+03   6.1263735e-01   1.8729513e-03
   1.6480000e+03   6.0662663e-01   2.2631123e-04
   1.6640000e+03   6.0167140e-01  -2.0614456e-03
   1.6800000e+03   5.9479535e-01  -1.3533472e-03
   1.6960000e+03   5.9840582e-01   8.1990030e-05
   1.7120000e+03   5.9996488e-01  -6.6571368e-05
   1.7280000e+03   5.9293880e-01  -1.7689573e-03
   1.7440000e+03   5.9043405e-01  -1.7275627e-03
   1.7600000e+03   5.8927317e-01   9.8018631e-04
   1.7760000e+03   5.8794269e-01   4.3479320e-04
   1.7920000e+03   5.8566022e-01   3.5001851e-04
   1.8080000e+03   5.8433569e-01  -3.8261891e-03
   1.8240000e+03   5.8098948e-01  -2.8970444e-03
   1.8400000e+03   5.8509949e-01  -2.8005270e-03
   1.8560000e+03   5.7690084e-01  -1.0251830e-03
   1.8720000e+03   5.7498339e-01   2.0378823e-03
   1.8880000e+03   5.7840803e-01   4.3563848e-03
   1.9040000e+03   5.7245821e-01  -9.3839147e-03
   1.9200000e+03   5.8254152e-01   4.7208654e-03
   1.9360000e+03   5.7482413e-01  -6.6909923e-03
   1.9520000e+03   5.7754158e-01   4.6094748e-03
   1.9680000e+03   5.7373322e-01  -8.8258570e-03
   1.9840000e+03   5.6981666e-01   2.5575025e-03
   2.0000000e+03   5.7035609e-01  -3.6019270e-03
   2.0160000e+03   5.6656632e-01  -1.7310272e-04
   2.0320000e+03   5.6957273e-01   4.4025143e-03
   2.0480000e+03   5.6226044e-01  -4.9659737e-03
   2.0640000e+03   5.7242600e-01  -4.3305563e-03
   2.0800000e+03   5.6246161e-01  -1.8314600e-03
   2.0960000e+03   5.6676694e-01  -2.3474053e-03
   2.1120000e+03   5.6169343e-01  -4.7905422e-04
   2.1280000e+03   5.6052908e-01   3.7688350e-03
   2.1440000e+03   5.5677446e-01   5.4391303e-03
   2.1600000e+03   5.6502585e-01   1.2169712e-03
   2.1760000e+03   5.6429568e-01  -7.7927235e-03
   2.1920000e+03   5.6058328e-01   2.0135872e-03
   2.2080000e+03   5.6216377e-01   2.7894549e-03
   2.2240000e+03   5.6201668e-01  -1.9796392e-03
   2.2400000e+03   5.6121682e-01  -7.8414802e-04
   2.2560000e+03   5.5520477e-01  -2.4874575e-03
   2.2720000e+03   5.5555355e-01  -8.3582973e-04
   2.2880000e+03   5.5391063e-01   3.3243720e-03
   2.3040000e+03   5.4931504e-01   3.1716574e-03
   2.3200000e+03   5.5971311e-01   2.1460275e-03
   2.3360000e+03   5.6168452e-01  -6.6639464e-03
   2.3520000e+03   5.5771328e-01   6.3461507e-04
   2.3680000e+03   5.5248923e-01  -2.5677670e-03
   2.3840000e+03   5.4370244e-01  -2.6433269e-05
   2.4000000e+03   5.5133820e-01  -6.9880565e-03
   2.4160000e+03   5.5459781e-01  -2.4514908e-03
   2.4320000e+03   5.5057233e-01   7.7636484e-03
   2.4480000e+03   5.5222210e-01   2.7836618e-03
   2.4640000e+03   5.5756004e-01  -3.1835074e-04
   2.4800000e+03   5.4771146e-01  -2.9108433e-04
   2.4960000e+03   5.4834677e-01  -3.6321794e-03
   2.5120000e+03   5.4059356e-01  -3.7431471e-03
   2.5280000e+03   5.5586880e-01   6.3910503e-03
   2.5440000e+03   5.4830363e-01   2.2696925e-03
   2.5600000e+03   5.4647509e-01   4.7270476e-03
   2.5760000e+03   5.4568657e-01   2.2104648e-03
   2.5920000e+03   5.4580289e-01  -2.4035392e-04
   2.6080000e+03   5.4369042e-01   6.9319483e-03
   2.6240000e+03   5.4445701e-01  -2.0262356e-03
   2.6400000e+03   5.4786120e-01  -4.2600232e-03
   2.6560000e+03   5.4471472e-01   1.1585903e-03
   2.6720000e+03   5.4411425e-01  -1.2393091e-03
   2.6880000e+03   5.4981470e-01   4.2206570e-03
   2.7040000e+03   5.4644399e-01  -5.0111451e-03
   2.7200000e+03   5.4570314e-01  -3.5391666e-03
   2.7360000e+03   5.3904039e-01   2.8580664e-03
   2.7520000e+03   5.4368092e-01   1.4997599e-03
   2.7680000e+03   5.5187679e-01   7.8308101e-03
   2.7840000e+03   5.4246043e-01   1.2700592e-03
   2.8000000e+03   5.4257187e-01   1.7900921e-03
   2.8160000e+03   5.4392390e-01  -2.5127133e-03
   2.8320000e+03   5.4083766e-01  -4.2958125e-03
   2.8480000e+03   5.4146759e-01  -2.8450299e-03
   2.8640000e+03   5.4131127e-01  -7.3181292e-04
   2.8800000e+03   5.3850582e-01   1.8950768e-03
   2.8960000e+03   5.3500032e-01  -7.3826348e-03
   2.9120000e+03   5.4615086e-01   1.1554379e-03
   2.9280000e+03   5.4198468e-01  -2.0618901e-03
   2.9440000e+03   5.3774733e-01   3.3829268e-03
   2.9600000e+03   5.4331173e-01   4.3351650e-03
   2.9760000e+03   5.3958637e-01   1.4464056e-04
   2.9920000e+03   5.3735964e-01   2.3795225e-03
   3.0080000e+03   5.3716452e-01   7.4583303e-03
   3.0240000e+03   5.3484255e-01  -6.0625386e-03
   3.0400000e+03   5.3625973e-01   4.6198385e-03
   3.0560000e+03   5.3022885e-01  -4.0790264e-03
   3.0720000e+03   5.3821007e-01  -5.4548846e-04
   3.0880000e+03   5.3689547e-01  -8.6446211e-04
   3.1040000e+03   5.2266817e-01  -5.6987793e-03
   3.1200000e+03   5.3503140e-01  -1.7953951e-04
   3.1360000e+03   5.3857584e-01  -2.2897544e-03
   3.1520000e+03   5.3763484e-01   4.2948094e-04
   3.1680000e+03   5.4260384e-01  -1.0635310e-03
   3.1840000e+03   5.4067799e-01   6.6408380e-03
   3.2000000e+03   5.4103207e-01  -7.6975167e-04
   3.2160000e+03   5.3225650e-01   3.2029849e-03
   3.2320000e+03   5.3995725e-01   3.6262834e-03
   3.2480000e+03   5.3101094e-01   3.8812020e-03
   3.2640000e+03   5.3983561e-01   6.5382630e-03
   3.2800000e+03   5.3578495e-01   4.6281048e-03
   3.2960000e+03   5.3665973e-01  -5.5128019e-03
   3.3120000e+03   5.3258210e-01  -2.6807249e-03
   3.3280000e+03   5.3048980e-01   1.7146000e-04
   3.3440000e+03   5.3780935e-01   5.0456478e-04
   3.3600000e+03   5.3352980e-01  -4.6296573e-03
   3.3760000e+03   5.3495419e-01   5.9199142e-03
   3.3920000e+03   5.3437775e-01  -1.5375102e-03
   3.4080000e+03   5.2618353e-01  -2.7216240e-03
   3.4240000e+03   5.3221468e-01   3.5223208e-03
   3.4400000e+03   5.2933046e-01   4.3544119e-03
   3.4560000e+03   5.3084159e-01  -1.1565780e-03
   3.4720000e+03   5.3080486e-01  -2.3529480e-04
   3.4880000e+03   5.3398831e-01   3.7640693e-03
   3.5040000e+03   5.2978659e-01   1.1993595e-03
   3.5200000e+03   5.3431742e-01   4.9203363e-03
   3.5360000e+03   5.3463259e-01  -5.9267523e-03
   3.5520000e+03   5.3399172e-01  -2.2119076e-03
   3.5680000e+03   5.3918030e-01  -6.8652471e-03
   3.5840000e+03   5.3373368e-01  -4.2662740e-03
   3.6000000e+03   5.3008130e-01   4.6580505e-03
   3.6160000e+03   5.3482540e-01  -7.4158782e-04
   3.6320000e+03   5.3357091e-01  -1.0189548e-03
   3.6480000e+03   5.3372696e-01   5.1958977e-03
   3.6640000e+03   5.3336615e-01  -4.8098752e-04
   3.6800000e+03   5.3188242e-01  -9.5526026e-04
   3.6960000e+03   5.3615332e-01  -8.1299862e-03
   3.7120000e+03   5.2837049e-01   3.3433865e-03
   3.7280000e+03   5.3045906e-01   1.3398303e-03
   3.7440000e+03   5.2602952e-01  -4.2575667e-03
   3.7600000e+03   5.2735498e-01   1.6956644e-03
   3.7760000e+03   5.2740270e-01  -3.7155165e-03
   3.7920000e+03   5.3297129e-01   2.5117040e-03
   3.8080000e+03   5.3646900e-01   4.9170951e-04
   3.8240000e+03   5.3087085e-01   1.7930908e-03
   3.8400000e+03   5.2985588e-01  -2.8151580e-03
   3.8560000e+03   5.3006226e-01  -3.2788705e-03
   3.8720000e+03   5.3036442e-01  -2.9296415e-03
   3.8880000e+03   5.2882156e-01  -2.3608241e-03
   3.9040000e+03   5.3268808e-01   8.2219269e-04
   3.9200000e+03   5.2693486e-01   5.4133106e-03
   3.9360000e+03   5.3382405e-01  -6.5084349e-03
   3.9520000e+03   5.2922938e-01  -5.2103683e-03
   3.9680000e+03   5.2433017e-01   3.0742026e-03
   3.9840000e+03   5.2664503e-01  -3.4705401e-03
   4.0000000e+03   5.2744238e-01   1.3216812e-03
   4.0160000e+03   5.2349447e-01  -1.2296153e-03
   4.0320000e+03   5.3406265e-01   1.9028856e-03
   4.0480000e+03   5.3098552e-01  -2.1600412e-03
   4.0640000e+03   5.2154219e-01  -2.6425728e-03
   4.0800000e+03   5.2518329e-01   7.4785531e-03
   4.0960000e+03   5.2806987e-01   1.3953691e-03
   4.1120000e+03   5.2909944e-01   1.0247730e-03
   4.1280000e+03   5.2539914e-01  -2.3853125e-03
   4.1440000e+03   5.1800924e-01   3.5724250e-03
   4.1600000e+03   5.2460578e-01   4.6071325e-04
   4.1760000e+03   5.2702648e-01  -3.3590192e-03
   4.1920000e+03   5.2599223e-01  -6.9602543e-03
   4.2080000e+03   5.3165486e-01  -4.4328020e-03
   4.2240000e+03   5.2720025e-01   5.6804594e-03
   4.2400000e+03   5.2157076e-01   4.9061752e-03
   4.2560000e+03   5.2889972e-01  -5.2863638e-03
   4.2720000e+03   5.2445908e-01  -4.3821206e-03
   4.2880000e+03   5.3015036e-01   2.6041566e-03
   4.3040000e+03   5.1959958e-01   1.9203915e-03
   4.3200000e+03   5.2309962e-01  -2.2177356e-04
   4.3360000e+03   5.2193880e-01  -2.3491191e-03
   4.3520000e+03   5.2457213e-01  -1.0613910e-03
   4.3680000e+03   5.2177265e-01  -1.8424179e-04
   4.3840000e+03   5.2777907e-01  -7.5521439e-04
   4.4000000e+03   5.2066928e-01   1.0202084e-03
   4.4160000e+03   5.2426758e-01  -9.0135611e-03
   4.4320000e+03   5.1938662e-01   4.7113412e-05
   4.4480000e+03   5.1335823e-01  -1.2902634e-04
   4.4640000e+03   5.1446758e-01  -7.9512493e-03
   4.4800000e+03   5.1502598e-01  -7.8142584e-04
   4.4960000e+03   5.2327175e-01  -6.9031312e-03
   4.5120000e+03   5.2018734e-01  -5.2381752e-03
   4.5280000e+03   5.1527979e-01   1.6155988e-03
   4.5440000e+03   5.2136987e-01  -5.3786488e-03
   4.5600000e+03   5.2208265e-01   5.7022991e-03
   4.5760000e+03   5.1617864e-01  -2.3184597e-03
   4.5920000e+03   5.2246517e-01   6.2146026e-04
   4.6080000e+03   5.1771602e-01   2.1811272e-03
   4.6240000e+03   5.1322992e-01   7.2980440e-05
   4.6400000e+03   5.2574781e-01  -8.4921927e-03
   4.6560000e+03   5.1362979e-01   4.2581629e-04
   4.6720000e+03   5.2509565e-01  -6.6717102e-04
   4.6880000e+03   5.1444798e-01   5.9445707e-04
   4.7040000e+03   5.1852633e-01  -2.9830429e-03
   4.7200000e+03   5.1470948e-01  -1.8949041e-04
   4.7360000e+03   5.1845303e-01  -3.5749343e-03
   4.7520000e+03   5.1818976e-01   5.5798362e-03
   4.7680000e+03   5.1627644e-01  -5.3228606e-03
   4.7840000e+03   5.1481364e-01   1.9140320e-03
   4.8000000e+03   5.1302348e-01  -5.9017154e-03
   4.8160000e+03   5.2511292e-01   9.8737437e-04
   4.8320000e+03   5.1390383e-01  -1.9735601e-03
   4.8480000e+03   5.1637450e-01   7.2196971e-03
   4.8640000e+03   5.1133433e-01   8.3733105e-03
   4.8800000e+03   5.1999920e-01   6.4101391e-03
   4.8960000e+03   5.1709583e-01  -1.2133979e-03
   4.9120000e+03   5.2023115e-01  -3.5506666e-03
   4.9280000e+03   5.1882910e-01   5.1819672e-04
   4.9440000e+03   5.0718136e-01   7.4481687e-03
   4.9600000e+03   5.1746117e-01  -3.1182895e-03
   4.9760000e+03   5.0841104e-01  -4.7682423e-03
   4.9920000e+03   5.1093473e-01   3.1587068e-04
   5.0080000e+03   5.1807863e-01   8.0748810e-04
   5.0240000e+03   5.0679404e-01   2.6490154e-03
   5.0400000e+03   5.1029495e-01   1.5293499e-03
   5.0560000e+03   5.0403650e-01  -5.8587057e-04
   5.0720000e+03   5.0552789e-01   2.0351497e-03
   5.0880000e+03   5.1081558e-01  -5.4857697e-03
   5.1040000e+03   5.0641777e-01   5.7431920e-04
   5.1200000e+03   5.1351854e-01   2.2213241e-03
   5.1360000e+03   5.0795745e-01   4.4563961e-03
   5.1520000e+03   5.0719946e-01  -3.0828603e-03
   5.1680000e+03   5.0930297e-01  -9.9627411e-04
   5.1840000e+03   5.1176829e-01   8.5825721e-03
   5.2000000e+03   5.1385602e-01  -7.7929912e-04
   5.2160000e+03   5.0863776e-01  -7.5868078e-03
   5.2320000e+03   5.0447292e-01  -4.7327384e-03
   5.2480000e+03   5.0918911e-01  -3.1781585e-03
   5.2640000e+03   5.1081889e-01  -4.9710412e-03
   5.2800000e+03   5.1041165e-01  -4.4570723e-03
   5.2960000e+03   5.0392239e-01   2.1275569e-04
   5.3120000e+03   5.0833210e-01  -4.3778271e-03
   5.3280000e+03   5.0153984e-01   2.4506347e-03
   5.3440000e+03   5.0690082e-01  -1.3435558e-03
   5.3600000e+03   5.1406768e-01   1.7967715e-03
   5.3760000e+03   5.1206352e-01   4.5512743e-03
   5.3920000e+03   5.0404917e-01  -3.4887415e-03
   5.4080000e+03   5.0765602e-01  -3.5731136e-03
   5.4240000e+03   5.0275221e-01   3.1526786e-03
   5.4400000e+03   5.0811303e-01  -5.3944653e-04
   5.4560000e+03   5.0318015e-01   4.6949357e-05
   5.4720000e+03   5.0620998e-01   3.2785794e-03
   5.4880000e+03   5.0491161e-01  -3.3800390e-03
   5.5040000e+03   5.0261513e-01   8.0836840e-03
   5.5200000e+03   5.0138828e-01  -8.1750704e-04
   5.5360000e+03   5.0403475e-01   1.5413090e-03
   5.5520000e+03   4.9785275e-01  -6.6274963e-03
   5.5680000e+03   5.0757475e-01   6.3640422e-03
   5.5840000e+03   4.9434922e-01  -1.4166371e-03
   5.6000000e+03   4.9690493e-01  -3.1661309e-03
   5.6160000e+03   5.0382837e-01   7.1569035e-03
   5.6320000e+03   4.9739013e-01  -3.7416659e-03
   5.6480000e+03   5.0319957e-01  -1.3120798e-04
   5.6640000e+03   5.0097718e-01   3.0524578e-03
   5.6800000e+03   4.9637942e-01   1.1067650e-02
   5.6960000e+03   5.0165359e-01   1.5241130e-03
   5.7120000e+03   5.0120358e-01   4.7805247e-03
   5.7280000e+03   5.0076565e-01   1.7103969e-03
   5.7440000e+03   5.0210839e-01   7.3448004e-04
   5.7600000e+03   4.9667366e-01   1.3301169e-03
   5.7760000e+03   4.9889577e-01  -5.6883136e-03
   5.7920000e+03   4.9519837e-01   4.1624108e-04
   5.8080000e+03   4.9021402e-01  -2.4905481e-05
   5.8240000e+03   4.9585636e-01   7.3433854e-04
   5.8400000e+03   4.9492142e-01   8.8160796e-04
   5.8560000e+03   4.8796602e-01   1.4435186e-03
   5.8720000e+03   4.9484104e-01  -2.0404657e-03
   5.8880000e+03   5.0293328e-01   4.8929214e-03
   5.9040000e+03   4.9332138e-01  -4.4725039e-03
   5.9200000e+03   4.9564375e-01  -1.4595959e-03
   5.9360000e+03   4.9463363e-01   3.8244880e-03
   5.9520000e+03   4.9271304e-01  -2.3130687e-03
   5.9680000e+03   4.9149320e-01  -2.4768831e-03
   5.9840000e+03   4.9148709e-01  -8.4640045e-04
   6.0000000e+03   4.9349977e-01   8.1166477e-04
   6.0160000e+03   4.9829390e-01   2.0525591e-03
   6.0320000e+03   4.9152337e-01   6.7986083e-04
   6.0480000e+03   4.9084817e-01  -2.8597926e-03
   6.0640000e+03   4.8825368e-01   3.0104788e-05
   6.0800000e+03   4.8361275e-01   1.0597108e-03
   6.0960000e+03   4.9031238e-01  -3.8691396e-03
   6.1120000e+03   4.9464707e-01  -4.5893154e-03
   6.1280000e+03   4.9603040e-01   1.5410881e-04
   6.1440000e+03   4.9385028e-01  -1.1231701e-03
   6.1600000e+03   4.8713876e-01  -3.3067774e-03
   6.1760000e+03   5.0003390e-01   1.7220621e-03
   6.1920000e+03   4.8915907e-01   2.1923318e-03
   6.2080000e+03   4.8260039e-01   4.0126909e-03
   6.2240000e+03   4.9527366e-01   3.2876767e-03
   6.2400000e+03   4.9289677e-01   3.8496541e-04
   6.2560000e+03   4.9566074e-01  -1.2452608e-03
   6.2720000e+03   4.8748020e-01  -3.2769811e-03
   6.2880000e+03   4.9084697e-01   3.3583057e-03
   6.3040000e+03   4.8480551e-01  -2.2947236e-03
   6.3200000e+03   4.8977398e-01  -4.0041139e-04
   6.3360000e+03   4.8795772e-01   2.3381612e-03
   6.3520000e+03   4.8121026e-01  -3.6357121e-04
   6.3680000e+03   4.8885382e-01  -4.3643947e-03
   6.3840000e+03   4.8467341e-01   2.0465350e-04
   6.4000000e+03   4.8563397e-01   6.6965980e-04
   6.4160000e+03   4.8902363e-01   1.7756515e-03
   6.4320000e+03   4.8491372e-01   1.8352690e-03
   6.4480000e+03   5.0131466e-01  -2.0620470e-03
   6.4640000e+03   4.8721009e-01  -3.9217900e-03
   6.4800000e+03   4.8636748e-01   4.7631596e-03
   6.4960000e+03   4.8681823e-01  -6.8134915e-04
   6.5120000e+03   4.8269387e-01   4.1257488e-03
   6.5280000e+03   4.8100105e-01  -1.4554817e-03
   6.5440000e+03   4.8393413e-01  -1.8768090e-04
   6.5600000e+03   4.8294757e-01   1.6875620e-03
   6.5760000e+03   4.8852959e-01  -5.0783390e-04
   6.5920000e+03   4.8391845e-01   1.0546491e-02
   6.6080000e+03   4.7935120e-01  -3.1829333e-03
   6.6240000e+03   4.7930239e-01   3.6192522e-03
   6.6400000e+03   4.7799945e-01  -3.2785913e-04
   6.6560000e+03   4.8898496e-01   2.4507749e-03
   6.6720000e+03   4.8500725e-01  -2.5611193e-03
   6.6880000e+03   4.8933713e-01   5.6576782e-04
   6.7040000e+03   4.8420372e-01   3.4108832e-03
   6.7200000e+03   4.8511115e-01   4.4385359e-03
   6.7360000e+03   4.7676228e-01   5.9255477e-03
   6.7520000e+03   4.8315927e-01  -3.1698642e-03
   6.7680000e+03   4.8216168e-01  -1.3260789e-03
   6.7840000e+03   4.8201709e-01  -2.1840245e-03
   6.8000000e+03   4.7503465e-01  -5.7285749e-04
   6.8160000e+03   4.7663870e-01  -1.6130695e-03
   6.8320000e+03   4.7851564e-01   4.3479368e-03
   6.8480000e+03   4.8546554e-01  -3.4957800e-03
   6.8640000e+03   4.8280411e-01   6.3227393e-03
   6.8800000e+03   4.8364903e-01  -8.6472386e-04
   6.8960000e+03   4.8076117e-01  -5.9428508e-04
   6.9120000e+03   4.7695650e-01   8.2098012e-04
   6.9280000e+03   4.8126496e-01  -5.4617346e-03
   6.9440000e+03   4.7226322e-01  -6.5462502e-03
   6.9600000e+03   4.8175826e-01  -2.7557148e-03
   6.9760000e+03   4.8054583e-01   1.4357875e-03
   6.9920000e+03   4.7988779e-01  -4.3307732e-03
   7.0080000e+03   4.7665678e-01   6.4898846e-04
   7.0240000e+03   4.7600496e-01  -2.5638335e-03
   7.0400000e+03   4.7382813e-01   1.8519001e-03
   7.0560000e+03   4.8021151e-01   4.7433651e-03
   7.0720000e+03   4.8299010e-01   3.1450060e-03
   7.0880000e+03   4.8182901e-01  -7.4872126e-04
   7.1040000e+03   4.7240189e-01   2.8394964e-03
   7.1200000e+03   4.7206789e-01   2.9058896e-03
   7.1360000e+03   4.7939399e-01  -1.3246607e-03
   7.1520000e+03   4.7823890e-01   5.7951232e-03
   7.1680000e+03   4.8190001e-01   3.5364506e-03
   7.1840000e+03   4.7169736e-01   1.2691361e-03
   7.2000000e+03   4.7020771e-01  -5.1103570e-03
   7.2160000e+03   4.7687048e-01  -4.6237677e-04
   7.2320000e+03   4.6829066e-01  -2.0465967e-03
   7.2480000e+03   4.7715577e-01   3.6813738e-03
   7.2640000e+03   4.7416913e-01   1.6993084e-03
   7.2800000e+03   4.7264841e-01  -4.8546786e-03
   7.2960000e+03   4.7190742e-01   4.5483748e-03
   7.3120000e+03   4.6511768e-01   2.8318428e-03
   7.3280000e+03   4.7069776e-01   4.2406480e-03
   7.3440000e+03   4.6967055e-01   2.4096765e-04
   7.3600000e+03   4.7267817e-01   6.0479759e-03
   7.3760000e+03   4.7070594e-01  -2.3583829e-03
   7.3920000e+03   4.6566075e-01  -1.1784076e-03
   7.4080000e+03   4.7448275e-01   3.6204061e-03
   7.4240000e+03   4.7414131e-01   3.4347136e-03
   7.4400000e+03   4.7503770e-01  -4.0385628e-03
   7.4560000e+03   4.7074161e-01  -3.1744708e-04
   7.4720000e+03   4.6887498e-01   5.1770856e-03
   7.4880000e+03   4.6720725e-01  -3.5720681e-03
   7.5040000e+03   4.7359097e-01  -3.1764590e-03
   7.5200000e+03   4.6822254e-01  -5.5530644e-03
   7.5360000e+03   4.7210990e-01   4.7929223e-03
   7.5520000e+03   4.6957454e-01  -3.6433952e-03
   7.5680000e+03   4.7328811e-01  -1.6651014e-03
   7.5840000e+03   4.7475563e-01  -2.4442838e-03
   7.6000000e+03   4.7048132e-01   1.6581812e-03
   7.6160000e+03   4.5697741e-01  -8.2430012e-03
   7.6320000e+03   4.6836568e-01   2.6529319e-03
   7.6480000e+03   4.6310440e-01   4.7540820e-03
   7.6640000e+03   4.7608827e-01  -6.1594617e-03
   7.6800000e+03   4.6169718e-01   2.7761376e-03
   7.6960000e+03   4.6849751e-01  -2.1041079e-04
   7.7120000e+03   4.6468445e-01   6.9989756e-03
   7.7280000e+03   4.6456341e-01   3.3824377e-03
   7.7440000e+03   4.6636024e-01   3.9320459e-03
   7.7600000e+03   4.7107475e-01  -1.1730309e-02
   7.7760000e+03   4.6426003e-01   3.7793487e-03
   7.7920000e+03   4.6743601e-01   2.8933908e-03
   7.8080000e+03   4.6572977e-01   2.0552755e-04
   7.8240000e+03   4.6849300e-01  -1.9386412e-03
   7.8400000e+03   4.6285540e-01   3.8384244e-03
   7.8560000e+03   4.7244090e-01   2.2623504e-03
   7.8720000e+03   4.6755057e-01   6.2680803e-03
   7.8880000e+03   4.6226011e-01  -3.1951281e-03
   7.9040000e+03   4.6210768e-01   2.3278896e-05
   7.9200000e+03   4.6247554e-01   1.9932119e-03
   7.9360000e+03   4.5819672e-01  -6.2015026e-03
   7.9520000e+03   4.5875210e-01  -3.8301151e-03
   7.9680000e+03   4.6422720e-01   7.2625015e-04
   7.9840000e+03   4.7048759e-01  -6.3065461e-04
   8.0000000e+03   4.5804934e-01   9.2870098e-03
   8.0160000e+03   4.5980997e-01  -3.9004737e-04
   8.0320000e+03   4.6295198e-01   1.4571675e-03
   8.0480000e+03   4.6502982e-01   3.6866632e-03
   8.0640000e+03   4.6983753e-01  -5.6490394e-04
   8.0800000e+03   4.6190946e-01   3.6696566e-03
   8.0960000e+03   4.5541676e-01   6.9513894e-04
   8.1120000e+03   4.6458571e-01   3.2124955e-03
   8.1280000e+03   4.6125116e-01  -6.2861225e-03
   8.1440000e+03   4.6288340e-01  -2.4339896e-03
   8.1600000e+03   4.6090613e-01   1.5522510e-04
   8.1760000e+03   4.5771523e-01  -1.3087422e-04
   8.1920000e+03   4.6287627e-01  -2.9459078e-03
   8.2080000e+03   4.6271711e-01   1.0606727e-02
   8.2240000e+03   4.6471930e-01  -1.4954500e-03
   8.2400000e+03   4.6353984e-01   7.0830767e-03
   8.2560000e+03   4.5914796e-01  -1.5627855e-03
   8.2720000e+03   4.5815292e-01   1.3717225e-03
   8.2880000e+03   4.6567287e-01   4.9074345e-03
   8.3040000e+03   4.5803074e-01  -1.2038987e-03
   8.3200000e+03   4.6373518e-01   3.5196027e-03
   8.3360000e+03   4.6492536e-01   3.3972893e-03
   8.3520000e+03   4.5338459e-01  -1.2460962e-03
   8.3680000e+03   4.6621854e-01  -4.9408963e-03
   8.3840000e+03   4.5830781e-01   1.5305086e-03
   8.4000000e+03   4.5863620e-01  -8.1315793e-04
   8.4160000e+03   4.5991364e-01  -4.1959853e-03
   8.4320000e+03   4.5917861e-01  -2.2259553e-03
   8.4480000e+03   4.6325249e-01   9.3397298e-04
   8.4640000e+03   4.6180544e-01  -2.9472384e-03
   8.4800000e+03   4.5392589e-01   3.5264075e-03
   8.4960000e+03   4.6131502e-01   9.2877266e-03
   8.5120000e+03   4.5958251e-01  -3.2183260e-03
   8.5280000e+03   4.5895812e-01   1.7591736e-03
   8.5440000e+03   4.5740187e-01  -4.4346085e-03
   8.5600000e+03   4.4546625e-01   8.7791902e-03
   8.5760000e+03   4.5444867e-01  -4.1821726e-04
   8.5920000e+03   4.5160546e-01  -2.1831075e-03
   8.6080000e+03   4.5693228e-01   2.4721399e-04
   8.6240000e+03   4.5107240e-01  -3.9758660e-04
   8.6400000e+03   4.4692649e-01  -3.8532507e-03
   8.6560000e+03   4.5008253e-01   2.3610579e-03
   8.6720000e+03   4.5377354e-01   5.9638157e-03
   8.6880000e+03   4.5885444e-01   1.5096686e-03
   8.7040000e+03   4.5229598e-01  -3.1232444e-03
   8.7200000e+03   4.4976416e-01   9.5979867e-03
   8.7360000e+03   4.5311446e-01   3.4786371e-04
   8.7520000e+03   4.5563460e-01  -5.2745856e-03
   8.7680000e+03   4.5868681e-01   1.7223219e-03
   8.7840000e+03   4.5317380e-01   1.4648138e-03
   8.8000000e+03   4.5346972e-01  -1.4401700e-03
   8.8160000e+03   4.5422657e-01   1.3319810e-03
   8.8320000e+03   4.5460032e-01  -1.0329326e-04
   8.8480000e+03   4.5302090e-01  -4.9956746e-03
   8.8640000e+03   4.4738546e-01  -2.9653629e-03
   8.8800000e+03   4.5344252e-01   6.9002451e-04
   8.8960000e+03   4.5293983e-01  -5.6755968e-03
   8.9120000e+03   4.5436947e-01  -6.0168585e-03
   8.9280000e+03   4.4826457e-01  -1.1392922e-03
   8.9440000e+03   4.5618019e-01   1.1365581e-02
   8.9600000e+03   4.5263050e-01  -1.2253562e-03
   8.9760000e+03   4.5517864e-01  -7.9169087e-04
   8.9920000e+03   4.4714133e-01  -1.0204319e-02
   9.0080000e+03   4.4909249e-01  -2.6823761e-04
   9.0240000e+03   4.5636001e-01   5.0932378e-04
   9.0400000e+03   4.4705682e-01   4.2252268e-04
   9.0560000e+03   4.5660457e-01   4.5438452e-03
   9.0720000e+03   4.4809374e-01   2.6168690e-03
   9.0880000e+03   4.4776303e-01   2.0646306e-03
   9.1040000e+03   4.5033478e-01   1.8275461e-03
   9.1200000e+03   4.4157179e-01   1.9040753e-03
   9.1360000e+03   4.4187017e-01   3.2835381e-03
   9.1520000e+03   4.4073595e-01   4.2852911e-03
   9.1680000e+03   4.4037336e-01  -7.3472816e-04
   9.1840000e+03   4.4586385e-01  -1.5118646e-03
   9.2000000e+03   4.4878164e-01  -2.9452953e-03
   9.2160000e+03   4.4596619e-01   2.7966394e-03
   9.2320000e+03   4.4544868e-01  -1.4047074e-03
   9.2480000e+03   4.4688490e-01  -1.3916827e-03
   9.2640000e+03   4.5072262e-01   3.4980218e-03
   9.2800000e+03   4.4635689e-01   2.3059804e-03
   9.2960000e+03   4.4908238e-01   6.3762875e-03
   9.3120000e+03   4.5169445e-01  -2.7783497e-03
   9.3280000e+03   4.4708518e-01  -1.5045146e-03
   9.3440000e+03   4.3778889e-01  -9.6925022e-04
   9.3600000e+03   4.4564746e-01   1.7809344e-03
   9.3760000e+03   4.4816585e-01   2.7755507e-03
   9.3920000e+03   4.4166254e-01   7.1848790e-04
   9.4080000e+03   4.3564994e-01   7.2632437e-03
   9.4240000e+03   4.4079042e-01   1.8320658e-03
   9.4400000e+03   4.4409740e-01  -4.3377621e-04
   9.4560000e+03   4.4575392e-01  -4.4675990e-04
   9.4720000e+03   4.4186740e-01   3.3732697e-03
   9.4880000e+03   4.4606132e-01   2.6131958e-03
   9.5040000e+03   4.4170517e-01  -6.8308918e-03
   9.5200000e+03   4.3379213e-01   5.2414876e-03
   9.5360000e+03   4.3843201e-01  -3.7799657e-04
   9.5520000e+03   4.4419419e-01   2.8595475e-03
   9.5680000e+03   4.4149918e-01  -1.0228525e-02
   9.5840000e+03   4.4998296e-01  -4.0192591e-03
   9.6000000e+03   4.3565435e-01  -7.1793550e-04
   9.6160000e+03   4.3310322e-01  -5.0439070e-03
   9.6320000e+03   4.3812942e-01   3.5015932e-04
   9.6480000e+03   4.3239717e-01   3.8505304e-03
   9.6640000e+03   4.4123374e-01  -2.3973528e-03
   9.6800000e+03   4.4584367e-01  -5.5498817e-03
   9.6960000e+03   4.4376501e-01   1.8893570e-03
   9.7120000e+03   4.3386580e-01  -1.8234089e-03
   9.7280000e+03   4.3741895e-01   1.9041837e-03
   9.7440000e+03   4.3749839e-01   3.6191072e-03
   9.7600000e+03   4.4014488e-01   1.0100796e-02
   9.7760000e+03   4.3353778e-01  -2.0072201e-03
   9.7920000e+03   4.4066464e-01   2.1189669e-03
   9.8080000e+03   4.4153849e-01  -8.4411767e-04
   9.8240000e+03   4.3627383e-01  -2.2237055e-03
   9.8400000e+03   4.3502670e-01  -1.5797432e-03
   9.8560000e+03   4.3091886e-01  -5.2227992e-03
   9.8720000e+03   4.3836350e-01  -4.3944261e-03
   9.8880000e+03   4.3786538e-01   3.3038457e-03
   9.9040000e+03   4.3579929e-01  -5.4971883e-03
   9.9200000e+03   4.3822555e-01  -1.0083515e-03
   9.9360000e+03   4.3120891e-01  -7.5344503e-04
   9.9520000e+03   4.3479081e-01  -3.7475448e-03
   9.9680000e+03   4.4037305e-01   2.9182702e-03
   9.9840000e+03   4.2887314e-01  -3.2112485e-03
   1.0000000e+04   4.3193037e-01  -3.9500659e-03
   1.0016000e+04   4.3687252e-01   1.3009235e-03
   1.0032000e+04   4.3509452e-01   6.3498944e-03
   1.0048000e+04   4.4024911e-01  -7.2626177e-04
   1.0064000e+04   4.3978623e-01   3.3615992e-04
   1.0080000e+04   4.2767187e-01  -4.6872343e-03
   1.0096000e+04   4.3329823e-01  -9.4636869e-04
   1.0112000e+04   4.3045436e-01   1.2427468e-03
   1.0128000e+04   4.2425444e-01  -1.7057136e-03
   1.0144000e+04   4.3651945e-01   9.9850690e-04
   1.0160000e+04   4.3080963e-01  -6.1140353e-03
   1.0176000e+04   4.3045598e-01   2.1189319e-03
   1.0192000e+04   4.3413315e-01  -1.8728155e-03
   1.0208000e+04   4.3364384e-01  -7.1003432e-03
   1.0224000e+04   4.2739077e-01   2.7878950e-03
   1.0240000e+04   4.3646684e-01   3.5420711e-04
   1.0256000e+04   4.2935444e-01  -5.6071209e-04
   1.0272000e+04   4.2758056e-01  -2.3347057e-03
   1.0288000e+04   4.2676295e-01   1.6143758e-03
   1.0304000e+04   4.2809083e-01   4.0119649e-03
   1.0320000e+04   4.3251815e-01  -1.0389369e-03
   1.0336000e+04   4.2863910e-01   3.5865946e-03
   1.0352000e+04   4.2310487e-01   2.2635892e-03
   1.0368000e+04   4.2861051e-01  -2.3538471e-04
   1.0384000e+04   4.1958001e-01   1.1766702e-02
   1.0400000e+04   4.2450256e-01   3.6397730e-03
   1.0416000e+04   4.2218608e-01   2.6831289e-03
   1.0432000e+04   4.2871546e-01  -5.5704533e-03
   1.0448000e+04   4.3216072e-01   1.3838288e-03
   1.0464000e+04   4.2664222e-01  -5.0606040e-03
   1.0480000e+04   4.2502534e-01  -2.5169578e-03
   1.0496000e+04   4.2643956e-01   8.6025745e-03
   1.0512000e+04   4.2311333e-01   6.2572064e-04
   1.0528000e+04   4.2825988e-01  -5.0383595e-04
   1.0544000e+04   4.2777762e-01   6.6733319e-03
   1.0560000e+04   4.2473521e-01   4.8669755e-04
   1.0576000e+04   4.2390788e-01  -3.5830117e-03
   1.0592000e+04   4.2486758e-01  -1.1675902e-03
   1.0608000e+04   4.3101321e-01  -3.6566917e-03
   1.0624000e+04   4.2372344e-01   2.6372455e-03
   1.0640000e+04   4.2516405e-01   2.4948657e-03
   1.0656000e+04   4.2113876e-01   2.1257361e-03
   1.0672000e+04   4.1424446e-01   4.0319959e-03
   1.0688000e+04   4.2154187e-01  -1.5618624e-03
   1.0704000e+04   4.2100465e-01   1.5219333e-03
   1.0720000e+04   4.2536984e-01  -4.2468192e-03
   1.0736000e+04   4.1747315e-01   9.4049045e-03
   1.0752000e+04   4.1938589e-01  -5.6897014e-03
   1.0768000e+04   4.2203762e-01  -3.5357508e-03
   1.0784000e+04   4.2111018e-01   4.6055537e-04
   1.0800000e+04   4.2018650e-01   1.8665144e-03
   1.0816000e+04   4.2539809e-01   5.5709232e-03
   1.0832000e+04   4.2133384e-01  -2.4858030e-04
   1.0848000e+04   4.2607703e-01  -3.7249945e-05
   1.0864000e+04   4.1567256e-01  -9.0674292e-03
   1.0880000e+04   4.2453835e-01   1.5038134e-03
   1.0896000e+04   4.1867245e-01  -3.2168047e-03
   1.0912000e+04   4.1553892e-01  -1.1154123e-03
   1.0928000e+04   4.1340974e-01  -1.0199343e-03
   1.0944000e+04   4.1439012e-01  -6.5777200e-03
   1.0960000e+04   4.1710321e-01  -3.2722152e-03
   1.0976000e+04   4.1758146e-01  -1.0926334e-03
   1.0992000e+04   4.1665525e-01   4.8257316e-03
   1.1008000e+04   4.1331425e-01  -2.9260164e-03
   1.1024000e+04   4.1626624e-01  -2.6619625e-03
   1.1040000e+04   4.1938232e-01   2.6011930e-03
   1.1056000e+04   4.1266680e-01   2.0966015e-03
   1.1072000e+04   4.1395397e-01   4.5213983e-03
   1.1088000e+04   4.1402198e-01   1.0318371e-03
   1.1104000e+04   4.1726235e-01  -4.6009763e-03
   1.1120000e+04   4.1542723e-01   1.2037031e-03
   1.1136000e+04   4.2178044e-01   5.8303379e-04
   1.1152000e+04   4.2430144e-01   5.6052926e-03
   1.1168000e+04   4.0797586e-01   1.1366742e-03
   1.1184000e+04   4.1442748e-01   1.6529233e-03
   1.1200000e+04   4.0979444e-01  -5.6850963e-03
   1.1216000e+04   4.1687463e-01   7.8087571e-03
   1.1232000e+04   4.1456929e-01   8.3380343e-04
   1.1248000e+04   4.0712615e-01   3.4598897e-03
   1.1264000e+04   4.1104526e-01   4.2645577e-03
   1.1280000e+04   4.1460690e-01   2.7808559e-03
   1.1296000e+04   4.1689074e-01  -4.1804519e-03
   1.1312000e+04   4.1543695e-01   2.6321829e-03
   1.1328000e+04   4.1593101e-01   3.4561913e-03
   1.1344000e+04   4.1244307e-01   4.7614945e-03
   1.1360000e+04   4.0752429e-01  -1.8928078e-03
   1.1376000e+04   4.0913333e-01   3.2422636e-03
   1.1392000e+04   4.1650765e-01   3.7676953e-03
   1.1408000e+04   4.1607391e-01   2.2398211e-03
   1.1424000e+04   4.1456033e-01  -1.0593382e-03
   1.1440000e+04   4.0700539e-01  -6.2143747e-03
   1.1456000e+04   4.1212940e-01   7.5382893e-04
   1.1472000e+04   4.1201719e-01  -1.5486392e-03
   1.1488000e+04   4.1057414e-01  -1.3327193e-03
   1.1504000e+04   4.0179363e-01   2.5088836e-03
   1.1520000e+04   4.0619723e-01  -4.8096766e-03
   1.1536000e+04   4.0466054e-01  -8.4631842e-04
   1.1552000e+04   4.1132749e-01   1.2459537e-03
   1.1568000e+04   4.1075418e-01   3.0157624e-03
   1.1584000e+04   4.0854304e-01  -4.9115090e-03
   1.1600000e+04   4.1370283e-01   1.9258725e-03
   1.1616000e+04   4.0638882e-01   1.6739543e-03
   1.1632000e+04   4.1097378e-01  -2.9815124e-04
   1.1648000e+04   4.0327506e-01  -4.2313580e-03
   1.1664000e+04   4.0397069e-01  -2.3740172e-04
   1.1680000e+04   4.0652381e-01  -3.2499502e-04
   1.1696000e+04   4.1049852e-01  -1.8823648e-03
   1.1712000e+04   4.0165719e-01  -4.0930380e-03
   1.1728000e+04   4.0964728e-01  -3.2447004e-03
   1.1744000e+04   4.0599297e-01   3.4564366e-03
   1.1760000e+04   4.0376505e-01   2.0776694e-03
   1.1776000e+04   4.0236096e-01  -1.3312546e-03
   1.1792000e+04   4.0318054e-01  -4.2401328e-03
   1.1808000e+04   4.0338385e-01   4.8899281e-04
   1.1824000e+04   4.0354494e-01   3.0213255e-03
   1.1840000e+04   4.0306503e-01   2.9404295e-03
   1.1856000e+04   4.0630329e-01  -2.2297190e-03
   1.1872000e+04   4.0261963e-01  -1.9698095e-03
   1.1888000e+04   3.9742902e-01   5.0008144e-03
   1.1904000e+04   4.0693192e-01   1.4483346e-03
   1.1920000e+04   3.9390312e-01  -1.5396312e-03
   1.1936000e+04   3.9674518e-01   3.8388229e-03
   1.1952000e+04   3.9881703e-01  -3.9216367e-03
   1.1968000e+04   4.0782498e-01   4.6649108e-04
   1.1984000e+04   4.0449842e-01   3.0860284e-04
   1.2000000e+04   4.0539485e-01   6.1852347e-03
   1.2016000e+04   4.0508225e-01   7.9896987e-05
   1.2032000e+04   4.0116404e-01   2.5603460e-03
   1.2048000e+04   4.0494265e-01   2.4908832e-03
   1.2064000e+04   4.0141754e-01  -1.5459414e-03
   1.2080000e+04   4.0673723e-01   7.9565528e-04
   1.2096000e+04   4.0675115e-01  -2.9895623e-03
   1.2112000e+04   4.0012484e-01  -3.3308948e-04
   1.2128000e+04   3.9603392e-01   9.0600535e-03
   1.2144000e+04   3.9473997e-01  -2.0700405e-03
   1.2160000e+04   4.0126295e-01  -3.0388813e-03
   1.2176000e+04   4.0067761e-01   4.1634381e-04
   1.2192000e+04   4.0598213e-01  -2.7991684e-03
   1.2208000e+04   3.9509470e-01   7.2027790e-04
   1.2224000e+04   3.9844601e-01   9.2884240e-03
   1.2240000e+04   3.9385014e-01  -5.6509100e-04
   1.2256000e+04   3.9592686e-01   3.4746264e-03
