   0.0000000e+00   9.7842876e-01  -4.5537970e-03
   1.6000000e+01   9.7958213e-01  -1.7230707e-03
   3.2000000e+01   9.8157327e-01   6.5790481e-04
   4.8000000e+01   9.8754476e-01   2.3495163e-03
   6.4000000e+01   9.8579193e-01  -2.9328113e-03
   8.0000000e+01   9.8740403e-01  -4.9541289e-03
   9.6000000e+01   9.9000857e-01   1.1078781e-03
   1.1200000e+02   9.9208089e-01   2.5429788e-03
   1.2800000e+02   9.9467677e-01   1.4909150e-03
   1.4400000e+02   9.9252304e-01  -4.5583287e-04
   1.6000000e+02   9.9782284e-01  -2.0362914e-03
   1.7600000e+02   9.9750033e-01   3.5917305e-04
   1.9200000e+02   9.9770475e-01   4.5217573e-04
   2.0800000e+02   9.9940446e-01  -4.0102327e-04
   2.2400000e+02   1.0015392e+00  -2.3538108e-04
   2.4000000e+02   1.0000730e+00  -3.3744914e-03
   2.5600000e+02   1.0005350e+00   1.6396955e-03
   2.7200000e+02   1.0000730e+00  -9.8407559e-04
   2.8800000e+02   1.0015392e+00   8.6913773e-04
   3.0400000e+02   9.9940446e-01   1.0374633e-03
   3.2000000e+02   9.9770475e-01   3.6818623e-03
   3.3600000e+02   9.9750033e-01  -1.5653211e-03
   3.5200000e+02   9.9782284e-01   1.4648680e-05
   3.6800000e+02   9.9252304e-01   1.0519368e-03
   3.8400000e+02   9.9467677e-01  -3.7591160e-03
   4.0000000e+02   9.9208089e-01   8.4030121e-05
   4.1600000e+02   9.9000857e-01  -1.8170533e-03
   4.3200000e+02   9.8740403e-01   3.4581029e-04
   4.4800000e+02   9.8579193e-01   2.3406831e-03
   4.6400000e+02   9.8754476e-01   2.7947688e-03
   4.8000000e+02   9.8157327e-01   1.7377726e-03
   4.9600000e+02   9.7958213e-01   1.7434128e-03
   5.1200000e+02   9.7842876e-01  -6.0673310e-03
   5.2800000e+02   9.7678270e-01  -3.2055955e-04
   5.4400000e+02   9.7674531e-01  -1.1705499e-03
   5.6000000e+02   9.7267473e-01   9.6776460e-04
   5.7600000e+02   9.6917655e-01  -3.8210649e-03
   5.9200000e+02   9.6506410e-01   1.6456123e-04
   6.0800000e+02   9.6540659e-01  -1.7986482e-03
   6.2400000e+02   9.5885613e-01   1.8178152e-03
   6.4000000e+02   9.5889206e-01  -4.7394208e-04
   6.5600000e+02   9.5454895e-01   3.8205197e-04
   6.7200000e+02   9.5090877e-01   2.4714058e-03
   6.8800000e+02   9.5071645e-01  -6.2115403e-04
   7.0400000e+02   9.4422213e-01  -2.2839942e-03
   7.2000000e+02   9.4448064e-01   1.1550452e-03
   7.3600000e+02   9.3825458e-01  -1.3156214e-03
   7.5200000e+02   9.3593977e-01   4.8889329e-04
   7.6800000e+02   9.3621371e-01  -1.0172562e-03
   7.8400000e+02   9.2890322e-01  -1.8453769e-03
   8.0000000e+02   9.2594487e-01  -2.1946129e-03
   8.1600000e+02   9.2269521e-01  -3.6562001e-03
   8.3200000e+02   9.2196914e-01  -2.5717389e-03
   8.4800000e+02   9.1492903e-01  -4.6173986e-03
   8.6400000e+02   9.1327332e-01   1.6752014e-03
   8.8000000e+02   9.1027893e-01  -2.0442818e-03
   8.9600000e+02   9.0616495e-01   3.8411282e-03
   9.1200000e+02   9.0361332e-01   3.3116215e-04
   9.2800000e+02   8.9931951e-01   1.3825623e-04
   9.4400000e+02   8.9807169e-01  -8.9575619e-04
   9.6000000e+02   8.9307855e-01  -6.7790817e-04
   9.7600000e+02   8.9140364e-01   1.7280156e-03
   9.9200000e+02   8.8700536e-01   5.9209481e-04
   1.0080000e+03   8.8022650e-01  -7.7653806e-04
   1.0240000e+03   8.7910220e-01   1.5103312e-03
   1.0400000e+03   8.7420762e-01   9.9124488e-04
   1.0560000e+03   8.7304492e-01   2.9349136e-04
   1.0720000e+03   8.6734030e-01   3.3237082e-03
   1.0880000e+03   8.6556683e-01  -1.6679951e-03
   1.1040000e+03   8.6180385e-01  -6.6952013e-04
   1.1200000e+03   8.5576928e-01   3.2701370e-03
   1.1360000e+03   8.5520949e-01  -1.1009052e-03
   1.1520000e+03   8.5047055e-01  -5.8544791e-05
   1.1680000e+03   8.4539058e-01  -9.9715692e-04
   1.1840000e+03   8.4201846e-01  -1.5978737e-03
   1.2000000e+03   8.4008889e-01  -1.7349273e-04
   1.2160000e+03   8.3787186e-01  -2.0863710e-03
   1.2320000e+03   8.3207400e-01   1.6340140e-03
   1.2480000e+03   8.3000475e-01  -1.9369633e-03
   1.2640000e+03   8.2676197e-01   2.1840720e-03
   1.2800000e+03   8.2653841e-01   2.9710957e-03
   1.2960000e+03   8.1977506e-01  -1.1380109e-03
   1.3120000e+03   8.1605873e-01  -3.2014230e-03
   1.3280000e+03   8.1430293e-01   3.6204479e-04
   1.3440000e+03   8.1182562e-01  -1.4102531e-03
   1.3600000e+03   8.0641052e-01  -3.5531322e-03
   1.3760000e+03   8.0528860e-01   2.3850134e-03
   1.3920000e+03   8.0211099e-01   2.0876478e-03
   1.4080000e+03   7.9764435e-01  -2.2405945e-03
   1.4240000e+03   7.9412712e-01  -3.6855042e-04
   1.4400000e+03   7.8942225e-01  -1.7127534e-04
   1.4560000e+03   7.8305926e-01   2.2248839e-04
   1.4720000e+03   7.8533906e-01  -1.8129519e-03
   1.4880000e+03   7.8389537e-01   8.5732007e-05
   1.5040000e+03   7.7859726e-01  -5.1938505e-05
   1.5200000e+03   7.7726817e-01  -4.6336744e-04
   1.5360000e+03   7.7820138e-01   9.4479593e-04
   1.5520000e+03   7.7155603e-01   1.2411544e-03
   1.5680000e+03   7.6930906e-01   5.6451992e-04
   1.5840000e+03   7.6855090e-01  -9.1074968e-04
   1.6000000e+03   7.6460978e-01   2.5942862e-03
   1.6160000e+03   7.5641644e-01  -1.6594032e-03
   1.6320000e+03   7.5990831e-01  -1.0975906e-03
   1.6480000e+03   7.5282770e-01  -8.4881784e-04
   1.6640000e+03   7.5460988e-01   7.8452368e-04
   1.6800000e+03   7.4752331e-01   8.9507053e-04
   1.6960000e+03   7.4603949e-01  -5.9328407e-04
   1.7120000e+03   7.4462182e-01   8.5020461e-04
   1.7280000e+03   7.4312299e-01  -1.7565868e-03
   1.7440000e+03   7.3963261e-01  -2.5203299e-03
   1.7600000e+03   7.3700886e-01   2.3034069e-04
   1.7760000e+03   7.3492058e-01   1.3852677e-03
   1.7920000e+03   7.3563172e-01   1.7132678e-03
   1.8080000e+03   7.3518307e-01   3.7327984e-05
   1.8240000e+03   7.3219429e-01   1.9122481e-04
   1.8400000e+03   7.2884658e-01   9.8597379e-04
   1.8560000e+03   7.2437180e-01   2.4591066e-03
   1.8720000e+03   7.2327989e-01   4.0560581e-03
   1.8880000e+03   7.2329477e-01  -2.0721268e-03
   1.9040000e+03   7.1852271e-01  -2.2061081e-03
   1.9200000e+03   7.1880284e-01   2.6938873e-03
   1.9360000e+03   7.1099699e-01  -2.5589915e-04
   1.9520000e+03   7.1353811e-01   9.1683795e-04
   1.9680000e+03   7.1072443e-01   2.3350641e-03
   1.9840000e+03   7.1176256e-01   1.1272959e-04
   2.0000000e+03   7.0965744e-01  -4.6008688e-03
   2.0160000e+03   7.0828809e-01  -9.9881948e-04
   2.0320000e+03   7.0227546e-01  -9.4075547e-04
   2.0480000e+03   7.0297454e-01  -9.9933743e-04
   2.0640000e+03   6.9722949e-01   1.8175770e-03
   2.0800000e+03   7.0005709e-01  -1.0674461e-03
   2.0960000e+03   6.9683330e-01   2.6365991e-03
   2.1120000e+03   6.9528515e-01  -2.5075181e-04
   2.1280000e+03   6.9458455e-01   7.3337581e-05
   2.1440000e+03   6.9412605e-01   1.8481007e-03
   2.1600000e+03   6.8950443e-01   2.2217640e-04
   2.1760000e+03   6.9163538e-01   4.3657469e-03
   2.1920000e+03   6.8641652e-01  -1.6656079e-03
   2.2080000e+03   6.9254539e-01  -2.0296552e-03
   2.2240000e+03   6.8649818e-01   1.8257218e-03
   2.2400000e+03   6.8434134e-01   1.9738479e-03
   2.2560000e+03   6.8263404e-01  -1.6141648e-03
   2.2720000e+03   6.8184121e-01   9.0800391e-04
   2.2880000e+03   6.7925695e-01  -6.4857572e-04
   2.3040000e+03   6.7878467e-01  -1.9382214e-04
   2.3200000e+03   6.7860592e-01   5.0934765e-04
   2.3360000e+03   6.7551217e-01   5.7799025e-05
   2.3520000e+03   6.7268150e-01  -1.2499960e-03
   2.3680000e+03   6.7514821e-01  -1.3979306e-03
   2.3840000e+03   6.7291492e-01   2.7667537e-03
   2.4000000e+03   6.7150497e-01  -2.1916091e-04
   2.4160000e+03   6.7337187e-01   3.3997510e-05
   2.4320000e+03   6.7262516e-01  -9.9562559e-04
   2.4480000e+03   6.7134006e-01   1.0115258e-03
   2.4640000e+03   6.6919960e-01  -3.4065050e-04
   2.4800000e+03   6.6848258e-01   2.3769202e-03
   2.4960000e+03   6.7302594e-01  -3.5170602e-04
   2.5120000e+03   6.6700941e-01   5.0840242e-04
   2.5280000e+03   6.6620977e-01  -3.1992811e-03
   2.5440000e+03   6.7083969e-01  -1.9733039e-03
   2.5600000e+03   6.6486038e-01  -1.2241902e-03
   2.5760000e+03   6.6231032e-01  -4.7856374e-04
   2.5920000e+03   6.6115391e-01   1.3918543e-03
   2.6080000e+03   6.6290083e-01  -3.7191451e-04
   2.6240000e+03   6.5807431e-01   1.6379857e-03
   2.6400000e+03   6.6165031e-01   2.2565829e-03
   2.6560000e+03   6.6004575e-01  -5.8850188e-04
   2.6720000e+03   6.6174943e-01   5.4644034e-04
   2.6880000e+03   6.5740837e-01  -2.4219990e-03
   2.7040000e+03   6.5851067e-01  -1.5928205e-03
   2.7200000e+03   6.5602058e-01   9.7253068e-04
   2.7360000e+03   6.5769529e-01  -9.5804910e-04
   2.7520000e+03   6.5573498e-01   3.0445677e-03
   2.7680000e+03   6.5539561e-01  -1.0798885e-03
   2.7840000e+03   6.5226220e-01   2.3971060e-03
   2.8000000e+03   6.5482441e-01   8.3332681e-04
   2.8160000e+03   6.5445911e-01   1.9793147e-03
   2.8320000e+03   6.5124591e-01  -7.5979271e-04
   2.8480000e+03   6.5090596e-01   1.6545985e-03
   2.8640000e+03   6.5194157e-01   3.6200786e-03
   2.8800000e+03   6.5203365e-01   1.1724658e-03
   2.8960000e+03   6.5125338e-01  -2.6504179e-03
   2.9120000e+03   6.4851541e-01   8.7409456e-04
   2.9280000e+03   6.4807695e-01  -3.7451565e-04
   2.9440000e+03   6.4677171e-01   6.0227681e-04
   2.9600000e+03   6.4652679e-01  -1.1823973e-03
   2.9760000e+03   6.4840632e-01  -1.2028406e-03
   2.9920000e+03   6.4667766e-01  -9.6204481e-05
   3.0080000e+03   6.4754555e-01  -7.5794561e-06
   3.0240000e+03   6.4756201e-01  -1.0953847e-03
   3.0400000e+03   6.4523585e-01   1.1897872e-03
   3.0560000e+03   6.4663926e-01  -6.4424619e-04
   3.0720000e+03   6.4673676e-01   1.1660837e-03
   3.0880000e+03   6.4416372e-01  -2.6955224e-03
   3.1040000e+03   6.4180576e-01   2.7448936e-03
   3.1200000e+03   6.4676500e-01   2.9288276e-03
   3.1360000e+03   6.4480337e-01  -8.4919442e-04
   3.1520000e+03   6.4368585e-01   4.6270805e-04
   3.1680000e+03   6.4450050e-01  -1.7189578e-03
   3.1840000e+03   6.4485530e-01  -3.2238803e-03
   3.2000000e+03   6.4379453e-01  -1.4333553e-03
   3.2160000e+03   6.4468502e-01   3.6713491e-04
   3.2320000e+03   6.4289737e-01  -1.5664485e-03
   3.2480000e+03   6.4273981e-01  -1.6510333e-03
   3.2640000e+03   6.4356917e-01  -1.6261578e-03
   3.2800000e+03   6.4321058e-01  -9.8452905e-06
   3.2960000e+03   6.4173203e-01   4.0954158e-03
   3.3120000e+03   6.3968567e-01  -1.1983224e-03
   3.3280000e+03   6.4082899e-01  -3.3163436e-03
   3.3440000e+03   6.3901878e-01   7.5555974e-04
   3.3600000e+03   6.3769539e-01   7.9749128e-04
   3.3760000e+03   6.3981014e-01   4.1323169e-04
   3.3920000e+03   6.4165073e-01  -9.0226094e-04
   3.4080000e+03   6.4258303e-01  -9.9954739e-04
   3.4240000e+03   6.4068162e-01   1.1648237e-03
   3.4400000e+03   6.4033619e-01   5.1258835e-03
   3.4560000e+03   6.3998647e-01   6.5138242e-04
   3.4720000e+03   6.3998041e-01   2.2421988e-03
   3.4880000e+03   6.4096436e-01   3.7194025e-04
   3.5040000e+03   6.4022343e-01  -4.8056803e-03
   3.5200000e+03   6.3793754e-01  -1.4352574e-03
   3.5360000e+03   6.3900312e-01   2.6315101e-03
   3.5520000e+03   6.4147858e-01   3.0380691e-03
   3.5680000e+03   6.4262115e-01  -3.1762999e-03
   3.5840000e+03   6.4222303e-01  -1.2659157e-04
   3.6000000e+03   6.3908745e-01   4.0138949e-03
   3.6160000e+03   6.3946495e-01  -1.6050520e-03
   3.6320000e+03   6.4137967e-01  -2.9359980e-03
   3.6480000e+03   6.3998127e-01  -1.9229653e-03
   3.6640000e+03   6.4111795e-01   2.2819075e-03
   3.6800000e+03   6.4002073e-01   6.4951650e-05
   3.6960000e+03   6.3671626e-01   1.0080169e-03
   3.7120000e+03   6.3689838e-01  -5.2756380e-04
   3.7280000e+03   6.4011366e-01  -4.1409624e-04
   3.7440000e+03   6.4142992e-01  -4.2271766e-04
   3.7600000e+03   6.3938513e-01  -4.1542408e-04
   3.7760000e+03   6.4126120e-01   1.8615890e-03
   3.7920000e+03   6.4189087e-01  -6.4635414e-04
   3.8080000e+03   6.4019679e-01   3.6782463e-04
   3.8240000e+03   6.4317016e-01  -3.5151696e-03
   3.8400000e+03   6.3969427e-01   1.0263531e-03
   3.8560000e+03   6.3894810e-01   3.5031253e-03
   3.8720000e+03   6.3829817e-01   2.3386008e-03
   3.8880000e+03   6.4063184e-01  -1.0859601e-03
   3.9040000e+03   6.4092849e-01   5.8228417e-04
   3.9200000e+03   6.4044838e-01  -6.9772412e-04
   3.9360000e+03   6.4527094e-01   3.1878631e-03
   3.9520000e+03   6.4064773e-01   7.9027212e-04
   3.9680000e+03   6.4132326e-01   2.1982442e-03
   3.9840000e+03   6.4433970e-01   3.4720259e-03
   4.0000000e+03   6.4286717e-01   2.2393781e-03
   4.0160000e+03   6.4420278e-01  -5.0034598e-04
   4.0320000e+03   6.4390409e-01   1.9267616e-03
   4.0480000e+03   6.4255213e-01   2.4785572e-03
   4.0640000e+03   6.4563743e-01   1.5568006e-05
   4.0800000e+03   6.4447946e-01   1.3088809e-03
   4.0960000e+03   6.4270620e-01  -3.3849281e-05
   4.1120000e+03   6.4445955e-01  -8.6741473e-04
   4.1280000e+03   6.4416135e-01   1.6162297e-04
   4.1440000e+03   6.4790409e-01  -3.7686401e-04
   4.1600000e+03   6.4571334e-01   2.7942712e-04
   4.1760000e+03   6.4475007e-01   4.9629306e-04
   4.1920000e+03   6.4122549e-01   2.3020978e-03
   4.2080000e+03   6.4293958e-01   2.4997076e-03
   4.2240000e+03   6.4427509e-01   7.4152367e-04
   4.2400000e+03   6.4401713e-01  -1.9623697e-04
   4.2560000e+03   6.4549988e-01  -6.6067425e-04
   4.2720000e+03   6.4827524e-01  -3.3242850e-03
   4.2880000e+03   6.4532633e-01   5.5120202e-04
   4.3040000e+03   6.4537755e-01  -7.0991030e-04
   4.3200000e+03   6.4887974e-01   1.9528278e-03
   4.3360000e+03   6.4813886e-01  -2.0897582e-03
   4.3520000e+03   6.4779274e-01  -3.6953930e-04
   4.3680000e+03   6.4618825e-01   5.2867915e-03
   4.3840000e+03   6.4874854e-01   3.0884715e-03
   4.4000000e+03   6.4737050e-01   4.0899937e-03
   4.4160000e+03   6.5060846e-01  -2.1366199e-03
   4.4320000e+03   6.4941166e-01   1.6129940e-03
   4.4480000e+03   6.4828374e-01  -2.3094049e-04
   4.4640000e+03   6.5081992e-01   7.6083279e-04
   4.4800000e+03   6.5246080e-01  -2.2129571e-04
   4.4960000e+03   6.5020370e-01  -3.4033406e-04
   4.5120000e+03   6.5013059e-01  -1.0727450e-03
   4.5280000e+03   6.4981396e-01   2.6299243e-04
   4.5440000e+03   6.4857142e-01   2.4689060e-03
   4.5600000e+03   6.4866947e-01   8.5759890e-04
   4.5760000e+03   6.5255087e-01   3.1348232e-03
   4.5920000e+03   6.5181628e-01  -2.0344269e-03
   4.6080000e+03   6.4846554e-01  -5.5750028e-04
   4.6240000e+03   6.4705174e-01   1.4281256e-03
   4.6400000e+03   6.5071222e-01   3.6495939e-04
   4.6560000e+03   6.5082735e-01   1.3696035e-03
   4.6720000e+03   6.5325492e-01  -9.0488913e-04
   4.6880000e+03   6.4889116e-01   3.5587648e-04
   4.7040000e+03   6.5131545e-01  -1.8545260e-03
   4.7200000e+03   6.5297065e-01   1.3504338e-03
   4.7360000e+03   6.5299121e-01  -1.7537252e-03
   4.7520000e+03   6.5156464e-01  -4.7534104e-04
   4.7680000e+03   6.5191201e-01  -8.2867848e-04
   4.7840000e+03   6.5565577e-01  -2.8077712e-03
   4.8000000e+03   6.5194700e-01   1.4776558e-03
   4.8160000e+03   6.5124400e-01  -7.6874218e-04
   4.8320000e+03   6.5359560e-01   3.2155597e-03
   4.8480000e+03   6.5671523e-01  -2.4212990e-04
   4.8640000e+03   6.5609216e-01   9.2311691e-05
   4.8800000e+03   6.5245226e-01  -9.4162058e-04
   4.8960000e+03   6.5456773e-01  -8.2473267e-04
   4.9120000e+03   6.5330508e-01  -3.3405336e-03
   4.9280000e+03   6.5383130e-01  -6.5963416e-04
   4.9440000e+03   6.5406315e-01  -3.4518419e-04
   4.9600000e+03   6.5584055e-01   1.6048098e-03
   4.9760000e+03   6.5494382e-01   3.0786670e-03
   4.9920000e+03   6.5349716e-01  -2.6251871e-03
   5.0080000e+03   6.5507870e-01  -1.8958957e-04
   5.0240000e+03   6.5769418e-01   1.8214057e-03
   5.0400000e+03   6.5301041e-01   1.4235238e-03
   5.0560000e+03   6.5191212e-01   3.8387509e-04
   5.0720000e+03   6.5464882e-01  -6.3206648e-04
   5.0880000e+03   6.5506432e-01   4.5595426e-05
   5.1040000e+03   6.5430715e-01  -8.6507655e-04
   5.1200000e+03   6.5442322e-01   1.0164858e-03
   5.1360000e+03   6.5475652e-01   1.9805233e-03
   5.1520000e+03   6.5713457e-01  -5.0375443e-03
   5.1680000e+03   6.5548090e-01   1.7627255e-03
   5.1840000e+03   6.5692127e-01   3.0585587e-04
   5.2000000e+03   6.5635354e-01   1.0747403e-03
   5.2160000e+03   6.5430559e-01  -1.9549469e-03
   5.2320000e+03   6.5569253e-01  -2.3049711e-04
   5.2480000e+03   6.5412519e-01   1.2303930e-03
   5.2640000e+03   6.5479508e-01   1.1174780e-03
   5.2800000e+03   6.5604161e-01  -3.3669374e-04
   5.2960000e+03   6.5612654e-01  -9.5771423e-04
   5.3120000e+03   6.5638425e-01  -1.5863695e-03
   5.3280000e+03   6.5513573e-01   1.9510801e-03
   5.3440000e+03   6.5728388e-01  -5.8621880e-04
   5.3600000e+03   6.5491281e-01  -2.3306451e-03
   5.3760000e+03   6.5540672e-01   8.3134173e-04
   5.3920000e+03   6.5597436e-01   4.8383154e-04
   5.4080000e+03   6.5798822e-01  -1.4210725e-03
   5.4240000e+03   6.6031711e-01  -2.1556680e-03
   5.4400000e+03   6.5714142e-01   9.7386546e-04
   5.4560000e+03   6.5452167e-01   3.3733025e-04
   5.4720000e+03   6.5261177e-01  -3.9204856e-03
   5.4880000e+03   6.5654007e-01  -3.9659479e-04
   5.5040000e+03   6.5779086e-01   8.7616340e-04
   5.5200000e+03   6.5623532e-01   2.6075001e-03
   5.5360000e+03   6.5687865e-01  -2.9673468e-04
   5.5520000e+03   6.5640498e-01  -1.1443294e-03
   5.5680000e+03   6.5720751e-01   2.4787085e-03
   5.5840000e+03   6.5296475e-01  -7.6490907e-04
   5.6000000e+03   6.5305340e-01   5.7458893e-04
   5.6160000e+03   6.5752601e-01  -1.1640102e-03
   5.6320000e+03   6.5883084e-01   4.6035701e-04
   5.6480000e+03   6.5678390e-01  -8.0490828e-04
   5.6640000e+03   6.5535160e-01  -2.6382018e-04
   5.6800000e+03   6.5559638e-01   1.1301579e-03
   5.6960000e+03   6.5431978e-01  -5.2008480e-03
   5.7120000e+03   6.5433301e-01   6.8795482e-04
   5.7280000e+03   6.5312481e-01   1.5429154e-03
   5.7440000e+03   6.5400273e-01  -1.9520550e-03
   5.7600000e+03   6.5602537e-01  -1.2343402e-03
   5.7760000e+03   6.5263140e-01  -2.6872640e-04
   5.7920000e+03   6.5395491e-01  -2.6609526e-04
   5.8080000e+03   6.5500864e-01   1.4463715e-04
   5.8240000e+03   6.5669538e-01   6.0425421e-03
   5.8400000e+03   6.5403032e-01  -1.1846407e-03
   5.8560000e+03   6.5329801e-01   3.7460950e-04
   5.8720000e+03   6.5261370e-01   4.3111752e-03
   5.8880000e+03   6.5185806e-01   1.2119444e-03
   5.9040000e+03   6.5141265e-01   2.5047630e-03
   5.9200000e+03   6.5640266e-01  -1.5345159e-03
   5.9360000e+03   6.5522783e-01  -1.8218633e-03
   5.9520000e+03   6.5338839e-01   7.2370853e-05
   5.9680000e+03   6.5571415e-01   1.7491005e-03
   5.9840000e+03   6.5228412e-01   1.1990292e-04
   6.0000000e+03   6.5547493e-01  -8.3957744e-04
   6.0160000e+03   6.5135550e-01   1.1342702e-03
   6.0320000e+03   6.5156969e-01   3.1393638e-03
   6.0480000e+03   6.5147132e-01  -9.3774100e-04
   6.0640000e+03   6.5418134e-01   9.4136356e-04
   6.0800000e+03   6.4911992e-01   2.3261638e-03
   6.0960000e+03   6.5187593e-01   1.0421607e-03
   6.1120000e+03   6.5098853e-01  -8.6447121e-04
   6.1280000e+03   6.5012256e-01   3.9477114e-04
   6.1440000e+03   6.5493946e-01  -1.4972754e-03
   6.1600000e+03   6.5098578e-01  -1.1830734e-03
   6.1760000e+03   6.4944576e-01   1.4538284e-04
   6.1920000e+03   6.5215690e-01  -4.9307045e-04
   6.2080000e+03   6.4520859e-01   2.7073921e-04
   6.2240000e+03   6.4923566e-01   5.0268625e-03
   6.2400000e+03   6.4766099e-01  -7.0548797e-04
   6.2560000e+03   6.5061028e-01   4.1054170e-04
   6.2720000e+03   6.4844493e-01  -2.0400030e-03
   6.2880000e+03   6.4878213e-01   2.2368900e-03
   6.3040000e+03   6.4984165e-01  -1.1221628e-03
   6.3200000e+03   6.4700335e-01   3.3689887e-04
   6.3360000e+03   6.4659875e-01  -1.7392243e-03
   6.3520000e+03   6.4673798e-01  -3.7132694e-04
   6.3680000e+03   6.5075627e-01   2.0818106e-03
   6.3840000e+03   6.4517176e-01  -1.9910361e-03
   6.4000000e+03   6.4667646e-01  -1.6221024e-04
   6.4160000e+03   6.4461522e-01  -2.5476649e-03
   6.4320000e+03   6.4832453e-01   9.8875281e-04
   6.4480000e+03   6.4845011e-01  -3.5039837e-03
   6.4640000e+03   6.4589189e-01  -1.2989160e-03
   6.4800000e+03   6.4811749e-01   2.8183000e-03
   6.4960000e+03   6.4274515e-01  -7.3378346e-04
   6.5120000e+03   6.4835092e-01  -1.1885709e-03
   6.5280000e+03   6.4456916e-01  -1.5305828e-04
   6.5440000e+03   6.4597703e-01   4.1722520e-04
   6.5600000e+03   6.4643720e-01  -4.6764939e-04
   6.5760000e+03   6.4444315e-01  -3.4247007e-03
   6.5920000e+03   6.4288534e-01  -2.1370979e-03
   6.6080000e+03   6.4491576e-01  -1.1734025e-04
   6.6240000e+03   6.4317163e-01   1.4761418e-03
   6.6400000e+03   6.4016849e-01   7.5117816e-05
   6.6560000e+03   6.4043573e-01   1.1212299e-03
   6.6720000e+03   6.4272493e-01   2.2875429e-03
   6.6880000e+03   6.4347665e-01  -2.5173361e-03
   6.7040000e+03   6.4266719e-01   2.0866285e-03
   6.7200000e+03   6.4055030e-01  -1.2122596e-03
   6.7360000e+03   6.3976711e-01   1.2015077e-03
   6.7520000e+03   6.4161770e-01   7.1798436e-04
   6.7680000e+03   6.4065508e-01  -1.9122015e-03
   6.7840000e+03   6.3833195e-01  -2.3732849e-03
   6.8000000e+03   6.4004658e-01  -1.4413533e-03
   6.8160000e+03   6.4044881e-01  -2.8052439e-03
   6.8320000e+03   6.4137138e-01   2.3672939e-04
   6.8480000e+03   6.3794308e-01   6.7454292e-04
   6.8640000e+03   6.3969948e-01   2.2681400e-03
   6.8800000e+03   6.3651974e-01  -1.4377803e-04
   6.8960000e+03   6.3948293e-01   1.6245454e-03
   6.9120000e+03   6.4219178e-01   1.6916347e-04
   6.9280000e+03   6.3817146e-01  -3.4805325e-03
   6.9440000e+03   6.3589678e-01  -9.0478560e-05
   6.9600000e+03   6.3691248e-01  -4.8775827e-04
   6.9760000e+03   6.3562772e-01  -8.7665340e-04
   6.9920000e+03   6.3882283e-01  -1.4410796e-03
   7.0080000e+03   6.3755036e-01  -3.2472357e-03
   7.0240000e+03   6.3532950e-01   6.8489754e-04
   7.0400000e+03   6.3605369e-01  -7.8870613e-04
   7.0560000e+03   6.3460889e-01  -1.3414260e-03
   7.0720000e+03   6.3403302e-01  -4.8623670e-04
   7.0880000e+03   6.3405349e-01  -9.9400797e-04
   7.1040000e+03   6.3333444e-01  -2.2067246e-03
   7.1200000e+03   6.3212149e-01  -1.9725166e-03
   7.1360000e+03   6.3616185e-01   3.5815688e-03
   7.1520000e+03   6.3335067e-01  -1.7231718e-04
   7.1680000e+03   6.3296265e-01   1.0893493e-03
   7.1840000e+03   6.3548227e-01  -1.2585752e-03
   7.2000000e+03   6.3194915e-01  -8.5200398e-04
   7.2160000e+03   6.3147577e-01  -7.0695703e-04
   7.2320000e+03   6.3302232e-01  -9.8735560e-04
   7.2480000e+03   6.3105021e-01  -2.2159388e-03
   7.2640000e+03   6.3493078e-01  -2.1901044e-04
   7.2800000e+03   6.3429713e-01   3.0666608e-04
   7.2960000e+03   6.2984754e-01  -3.1498995e-03
   7.3120000e+03   6.3173861e-01  -1.4757990e-03
   7.3280000e+03   6.3274960e-01   3.0478247e-03
   7.3440000e+03   6.3303275e-01   3.4523516e-04
   7.3600000e+03   6.3038410e-01  -1.5954704e-03
   7.3760000e+03   6.2831029e-01   1.0124447e-03
   7.3920000e+03   6.2731752e-01   7.6841614e-04
   7.4080000e+03   6.3116758e-01  -1.0131387e-03
   7.4240000e+03   6.3072922e-01   2.0414273e-03
   7.4400000e+03   6.2644237e-01  -1.5126750e-03
   7.4560000e+03   6.2753631e-01   2.9498182e-03
   7.4720000e+03   6.2908019e-01   2.7715535e-03
   7.4880000e+03   6.2723631e-01  -2.2402067e-03
   7.5040000e+03   6.2840592e-01  -3.5524493e-04
   7.5200000e+03   6.2516972e-01   1.3356632e-04
   7.5360000e+03   6.2443890e-01   2.9264695e-03
   7.5520000e+03   6.2923021e-01  -2.0180795e-03
   7.5680000e+03   6.2412050e-01   4.8855659e-03
   7.5840000e+03   6.2815327e-01  -1.1501567e-03
   7.6000000e+03   6.2640104e-01  -1.3388433e-03
   7.6160000e+03   6.2460673e-01   2.5805734e-03
   7.6320000e+03   6.2639691e-01   1.2718696e-05
   7.6480000e+03   6.2568368e-01   8.8326392e-04
   7.6640000e+03   6.2353694e-01   2.0049747e-03
   7.6800000e+03   6.2234514e-01   3.7522142e-03
   7.6960000e+03   6.2740671e-01   3.0100357e-03
   7.7120000e+03   6.2689143e-01  -1.6326842e-03
   7.7280000e+03   6.2655446e-01  -2.1759011e-03
   7.7440000e+03   6.2654808e-01  -1.7271089e-03
   7.7600000e+03   6.2206338e-01   1.6791083e-03
   7.7760000e+03   6.2091613e-01   1.6999139e-03
   7.7920000e+03   6.2000711e-01  -3.1493729e-03
   7.8080000e+03   6.2442665e-01  -1.6019415e-03
   7.8240000e+03   6.2298936e-01  -2.9797749e-03
   7.8400000e+03   6.2180941e-01  -1.5488369e-03
   7.8560000e+03   6.2479379e-01  -1.3312997e-03
   7.8720000e+03   6.2082024e-01  -1.4678819e-03
   7.8880000e+03   6.2318132e-01   9.1912389e-04
   7.9040000e+03   6.2292297e-01  -6.2247591e-04
   7.9200000e+03   6.2292086e-01   3.8937523e-03
   7.9360000e+03   6.2147987e-01   1.0614675e-03
   7.9520000e+03   6.2185193e-01   7.2108092e-04
   7.9680000e+03   6.1948901e-01  -1.2719653e-05
   7.9840000e+03   6.2270916e-01   9.1336166e-04
   8.0000000e+03   6.1867473e-01  -1.7179803e-03
   8.0160000e+03   6.2177135e-01   6.5766660e-04
   8.0320000e+03   6.1747610e-01   1.6537131e-03
   8.0480000e+03   6.1645874e-01   1.3099389e-04
   8.0640000e+03   6.1923793e-01  -2.7425558e-03
   8.0800000e+03   6.1672609e-01   5.0049610e-04
   8.0960000e+03   6.1948717e-01  -3.1274225e-04
   8.1120000e+03   6.1991035e-01  -1.1609533e-03
   8.1280000e+03   6.1633611e-01  -4.6776928e-04
   8.1440000e+03   6.1649067e-01  -6.8036646e-04
   8.1600000e+03   6.1973536e-01   4.1474756e-04
   8.1760000e+03   6.1877141e-01   2.1614362e-03
   8.1920000e+03   6.1771241e-01   9.3611683e-04
   8.2080000e+03   6.1539956e-01   4.5281922e-04
   8.2240000e+03   6.1862132e-01  -1.1909674e-03
   8.2400000e+03   6.1544260e-01   3.0649795e-03
   8.2560000e+03   6.1680404e-01   6.5207655e-04
   8.2720000e+03   6.1491873e-01   9.6087794e-04
   8.2880000e+03   6.1378636e-01   6.4701111e-04
   8.3040000e+03   6.1837060e-01   1.3396669e-03
   8.3200000e+03   6.1579336e-01   4.0336837e-03
   8.3360000e+03   6.1237382e-01  -7.8804993e-04
   8.3520000e+03   6.1404115e-01   9.3384111e-04
   8.3680000e+03   6.1470888e-01   2.6408860e-03
   8.3840000e+03   6.1443720e-01  -5.0287235e-04
   8.4000000e+03   6.1121522e-01  -1.1393280e-03
   8.4160000e+03   6.1160369e-01   1.0373322e-03
   8.4320000e+03   6.1087800e-01   7.5676264e-04
   8.4480000e+03   6.0970530e-01   1.5805019e-03
   8.4640000e+03   6.1078478e-01   6.8635656e-04
   8.4800000e+03   6.1216571e-01   1.4361189e-03
   8.4960000e+03   6.1174091e-01  -2.2055465e-03
   8.5120000e+03   6.1261979e-01  -1.3876252e-03
   8.5280000e+03   6.1294824e-01  -1.2618611e-04
   8.5440000e+03   6.1315961e-01   1.5502460e-03
   8.5600000e+03   6.1217452e-01  -2.6200493e-03
   8.5760000e+03   6.0957984e-01   1.8508657e-03
   8.5920000e+03   6.0972866e-01   2.1588015e-03
   8.6080000e+03   6.1551595e-01   9.8262924e-04
   8.6240000e+03   6.1471001e-01   1.2958700e-04
   8.6400000e+03   6.1565877e-01  -3.7064099e-03
   8.6560000e+03   6.1049495e-01   3.8352665e-03
   8.6720000e+03   6.0814804e-01  -1.7556103e-03
   8.6880000e+03   6.0966004e-01   2.5317247e-03
   8.7040000e+03   6.1124551e-01   1.2354435e-03
   8.7200000e+03   6.0801909e-01   9.4197538e-05
   8.7360000e+03   6.0931429e-01  -2.6250085e-03
   8.7520000e+03   6.0951536e-01  -2.4222899e-03
   8.7680000e+03   6.1029031e-01  -1.7817453e-03
   8.7840000e+03   6.0975704e-01  -1.3889640e-03
   8.8000000e+03   6.0801291e-01  -9.4911949e-04
   8.8160000e+03   6.0726904e-01  -4.3643704e-03
   8.8320000e+03   6.0698413e-01  -2.1074452e-04
   8.8480000e+03   6.0786494e-01   2.8324657e-03
   8.8640000e+03   6.0685610e-01   1.2737073e-04
   8.8800000e+03   6.0749212e-01   3.3358911e-04
   8.8960000e+03   6.0589686e-01  -9.1444512e-05
   8.9120000e+03   6.0859741e-01   3.9387678e-03
   8.9280000e+03   6.0739962e-01   6.4766555e-04
   8.9440000e+03   6.0870018e-01   1.5136162e-03
   8.9600000e+03   6.0612855e-01  -9.8028940e-04
   8.9760000e+03   6.0396466e-01  -1.2666398e-03
   8.9920000e+03   6.0689946e-01   8.5689242e-04
   9.0080000e+03   6.0524111e-01   6.9322776e-04
   9.0240000e+03   6.0548029e-01  -1.4871753e-03
   9.0400000e+03   6.0534754e-01   4.6898024e-05
   9.0560000e+03   6.0722518e-01  -1.4359493e-03
   9.0720000e+03   6.0620412e-01  -4.5573836e-04
   9.0880000e+03   6.0550927e-01  -1.3057987e-03
   9.1040000e+03   6.0266291e-01   5.7518158e-03
   9.1200000e+03   6.0542065e-01   7.3507959e-04
   9.1360000e+03   6.0478909e-01  -9.8479993e-04
   9.1520000e+03   6.0378087e-01  -1.8085188e-03
   9.1680000e+03   6.0221786e-01  -3.4614503e-03
   9.1840000e+03   6.0436135e-01  -1.8642382e-03
   9.2000000e+03   6.0454708e-01   1.4253967e-03
   9.2160000e+03   6.0131448e-01  -1.5532569e-03
   9.2320000e+03   6.0075861e-01  -1.5356091e-04
   9.2480000e+03   6.0401085e-01  -2.3113601e-07
   9.2640000e+03   6.0342242e-01   1.3707238e-03
   9.2800000e+03   6.0600454e-01  -8.8068701e-04
   9.2960000e+03   5.9989955e-01   5.0918549e-04
   9.3120000e+03   6.0174725e-01  -3.1320220e-04
   9.3280000e+03   6.0430806e-01  -4.8661305e-04
   9.3440000e+03   6.0494809e-01   1.4254637e-03
   9.3600000e+03   6.0215370e-01   6.0397223e-04
   9.3760000e+03   6.0180588e-01  -2.2596625e-03
   9.3920000e+03   6.0070023e-01  -1.1370069e-04
   9.4080000e+03   6.0230787e-01  -5.0740388e-04
   9.4240000e+03   5.9777795e-01  -5.3652036e-04
   9.4400000e+03   5.9985636e-01   2.4274345e-03
   9.4560000e+03   5.9885046e-01   2.7063999e-03
   9.4720000e+03   5.9933512e-01   3.7518525e-04
   9.4880000e+03   5.9939036e-01   3.7375527e-03
   9.5040000e+03   6.0283622e-01   1.1268120e-03
   9.5200000e+03   6.0130679e-01  -8.6640324e-05
   9.5360000e+03   5.9866784e-01   8.4498433e-04
   9.5520000e+03   5.9919670e-01   4.2451532e-04
   9.5680000e+03   6.0041911e-01  -5.8153985e-03
   9.5840000e+03   6.0229606e-01   5.1435415e-05
   9.6000000e+03   5.9899179e-01   1.4815767e-03
   9.6160000e+03   5.9548144e-01  -2.2059844e-03
   9.6320000e+03   6.0051056e-01  -1.0243638e-03
   9.6480000e+03   6.0008072e-01   2.3364045e-03
   9.6640000e+03   5.9727740e-01   1.1703664e-03
   9.6800000e+03   5.9872400e-01  -1.8765273e-03
   9.6960000e+03   5.9596139e-01  -6.0820324e-04
   9.7120000e+03   5.9929756e-01   1.7240566e-03
   9.7280000e+03   5.9559567e-01  -1.0022608e-04
   9.7440000e+03   5.9964263e-01   1.8422862e-03
   9.7600000e+03   5.9974870e-01  -1.3079403e-03
   9.7760000e+03   5.9738526e-01  -3.9328641e-05
   9.7920000e+03   5.9623392e-01   2.9983917e-03
   9.8080000e+03   5.9283889e-01   3.5662886e-04
   9.8240000e+03   5.9697945e-01   3.9192378e-03
   9.8400000e+03   5.9581822e-01   1.5658993e-05
   9.8560000e+03   5.9779162e-01   1.4346108e-03
   9.8720000e+03   5.9794770e-01   1.8038450e-03
   9.8880000e+03   5.9497294e-01   1.1042717e-03
   9.9040000e+03   5.9506854e-01   2.8782075e-03
   9.9200000e+03   5.9840359e-01   2.3047399e-03
   9.9360000e+03   5.9701922e-01  -3.1604205e-03
   9.9520000e+03   5.9290289e-01   1.8185649e-03
   9.9680000e+03   5.9618153e-01  -4.3076416e-04
   9.9840000e+03   5.9230187e-01   2.6574768e-03
   1.0000000e+04   5.9352386e-01  -4.5060390e-04
   1.0016000e+04   5.9037062e-01  -4.4924832e-04
   1.0032000e+04   5.9337940e-01   7.5074265e-04
   1.0048000e+04   5.9040085e-01  -6.5344163e-04
   1.0064000e+04   5.9450556e-01   2.2307718e-03
   1.0080000e+04   5.9384980e-01  -9.7058310e-04
   1.0096000e+04   5.9342144e-01  -2.6821474e-03
   1.0112000e+04   5.9524595e-01  -9.9090211e-04
   1.0128000e+04   5.9001817e-01  -5.7258506e-04
   1.0144000e+04   5.9137546e-01  -6.7646536e-04
   1.0160000e+04   5.9277908e-01   4.9192478e-04
   1.0176000e+04   5.9449539e-01   1.3724779e-03
   1.0192000e+04   5.9055006e-01  -2.6303227e-04
   1.0208000e+04   5.9341243e-01   1.9422911e-03
   1.0224000e+04   5.9103289e-01  -1.3472802e-03
   1.0240000e+04   5.9371587e-01  -3.9849013e-03
   1.0256000e+04   5.9077414e-01  -1.5081925e-04
   1.0272000e+04   5.9337194e-01  -2.7709525e-04
   1.0288000e+04   5.9257888e-01  -1.3587513e-03
   1.0304000e+04   5.9393098e-01  -9.4124535e-05
   1.0320000e+04   5.9383896e-01  -1.4691738e-03
   1.0336000e+04   5.8824432e-01   3.3192738e-05
   1.0352000e+04   5.8931782e-01   1.5764218e-03
   1.0368000e+04   5.9348701e-01  -4.0811374e-03
   1.0384000e+04   5.8771510e-01   7.2389272e-04
   1.0400000e+04   5.9145472e-01  -2.2573773e-04
   1.0416000e+04   5.9065188e-01  -2.3016872e-03
   1.0432000e+04   5.9022163e-01  -1.3639915e-03
   1.0448000e+04   5.8904868e-01  -6.4263691e-04
   1.0464000e+04   5.8965213e-01  -1.1453858e-03
   1.0480000e+04   5.9249833e-01   2.8829220e-03
   1.0496000e+04   5.8770229e-01   6.1577902e-04
   1.0512000e+04   5.8957061e-01  -2.6268784e-04
   1.0528000e+04   5.8887051e-01   2.9112256e-03
   1.0544000e+04   5.8646459e-01  -1.7376261e-03
   1.0560000e+04   5.8606092e-01   3.3163416e-03
   1.0576000e+04   5.9111189e-01  -2.1326049e-03
   1.0592000e+04   5.8915396e-01  -3.7791216e-03
   1.0608000e+04   5.8876072e-01  -1.9987884e-04
   1.0624000e+04   5.9102873e-01  -1.3588319e-03
   1.0640000e+04   5.8402303e-01  -2.8516661e-03
   1.0656000e+04   5.8427907e-01  -1.9597781e-03
   1.0672000e+04   5.8282146e-01   1.4825249e-03
   1.0688000e+04   5.8357834e-01  -8.6659555e-04
   1.0704000e+04   5.8903199e-01   2.3863490e-03
   1.0720000e+04   5.8484372e-01  -6.7283270e-04
   1.0736000e+04   5.8544699e-01   3.7852902e-03
   1.0752000e+04   5.8705562e-01  -2.2335084e-03
   1.0768000e+04   5.8347947e-01  -4.6622308e-04
   1.0784000e+04   5.8460080e-01  -2.1762457e-03
   1.0800000e+04   5.8521600e-01   1.5739617e-03
   1.0816000e+04   5.8432305e-01  -1.4662200e-03
   1.0832000e+04   5.8311942e-01   1.4165446e-03
   1.0848000e+04   5.8351968e-01   2.5396020e-03
   1.0864000e+04   5.8027258e-01   2.7966816e-03
   1.0880000e+04   5.8769496e-01  -3.3338677e-03
   1.0896000e+04   5.8498126e-01  -1.3625117e-03
   1.0912000e+04   5.7991527e-01   3.2673893e-04
   1.0928000e+04   5.8344264e-01  -1.7416423e-03
   1.0944000e+04   5.8364157e-01   8.3686538e-04
   1.0960000e+04   5.8276011e-01   3.5813271e-03
   1.0976000e+04   5.8435078e-01   2.0891065e-03
   1.0992000e+04   5.8113867e-01   7.9247481e-04
   1.1008000e+04   5.8228430e-01   1.5089781e-03
   1.1024000e+04   5.8020097e-01   5.4061755e-04
   1.1040000e+04   5.8032844e-01   3.2660497e-03
   1.1056000e+04   5.8207980e-01   5.0877365e-04
   1.1072000e+04   5.8219023e-01  -9.3292212e-04
   1.1088000e+04   5.8058242e-01   4.3242046e-04
   1.1104000e+04   5.8234735e-01  -2.1549072e-04
   1.1120000e+04   5.7652170e-01  -1.8501559e-03
   1.1136000e+04   5.7869924e-01  -2.4029546e-03
   1.1152000e+04   5.8016401e-01   2.7585318e-03
   1.1168000e+04   5.8448807e-01  -1.0541680e-03
   1.1184000e+04   5.7733866e-01  -7.1062062e-04
   1.1200000e+04   5.7798318e-01   1.4971241e-04
   1.1216000e+04   5.7846658e-01   1.8753928e-03
   1.1232000e+04   5.8047299e-01  -3.5326244e-03
   1.1248000e+04   5.7451788e-01  -5.0569340e-03
   1.1264000e+04   5.7721951e-01   9.8546504e-04
   1.1280000e+04   5.8011702e-01  -1.1745845e-03
   1.1296000e+04   5.7941048e-01   4.7117986e-04
   1.1312000e+04   5.7547562e-01   8.8204998e-04
   1.1328000e+04   5.7726358e-01  -1.4982575e-03
   1.1344000e+04   5.7576515e-01  -2.2052988e-03
   1.1360000e+04   5.7708992e-01  -1.5224507e-03
   1.1376000e+04   5.7591459e-01   6.6946399e-04
   1.1392000e+04   5.7861016e-01   7.7474828e-04
   1.1408000e+04   5.7328778e-01  -1.7931934e-03
   1.1424000e+04   5.7805816e-01   2.1836656e-03
   1.1440000e+04   5.7387255e-01   2.1151764e-04
   1.1456000e+04   5.7162394e-01   9.3134029e-04
   1.1472000e+04   5.7401358e-01   6.0798611e-04
   1.1488000e+04   5.7238962e-01   3.9045045e-03
   1.1504000e+04   5.7343966e-01   2.6639897e-03
   1.1520000e+04   5.7610539e-01   6.3426806e-04
   1.1536000e+04   5.7462676e-01   7.9177066e-04
   1.1552000e+04   5.7476168e-01  -1.4213127e-03
   1.1568000e+04   5.7200297e-01  -8.5205005e-04
   1.1584000e+04   5.7221570e-01   1.6340082e-03
   1.1600000e+04   5.7326748e-01  -1.9850779e-04
   1.1616000e+04   5.6995338e-01  -1.1512231e-03
   1.1632000e+04   5.7180347e-01  -2.6386095e-04
   1.1648000e+04   5.7363537e-01  -3.6758988e-05
   1.1664000e+04   5.7317400e-01   1.5895210e-03
   1.1680000e+04   5.7524440e-01  -2.7507686e-03
   1.1696000e+04   5.7385079e-01  -4.0594049e-04
   1.1712000e+04   5.7141597e-01   1.7049905e-03
   1.1728000e+04   5.7222940e-01  -7.2977067e-03
   1.1744000e+04   5.6888197e-01   3.6486464e-05
   1.1760000e+04   5.7428397e-01   3.4578476e-03
   1.1776000e+04   5.7056559e-01   4.2110154e-04
   1.1792000e+04   5.6925369e-01  -6.3143051e-04
   1.1808000e+04   5.7073360e-01   1.1961570e-03
   1.1824000e+04   5.6936699e-01   1.5918374e-03
   1.1840000e+04   5.6693940e-01   9.1493018e-04
   1.1856000e+04   5.6824938e-01   1.7140466e-03
   1.1872000e+04   5.7311324e-01   5.1959948e-04
   1.1888000e+04   5.7185791e-01   1.2791865e-03
   1.1904000e+04   5.6715371e-01  -8.8795686e-04
   1.1920000e+04   5.6895020e-01  -1.4650538e-04
   1.1936000e+04   5.6933342e-01  -5.6510292e-04
   1.1952000e+04   5.6510852e-01   1.0896364e-04
   1.1968000e+04   5.6938991e-01   3.6879887e-03
   1.1984000e+04   5.6651956e-01  -2.6554081e-03
   1.2000000e+04   5.6913136e-01  -2.1979159e-03
   1.2016000e+04   5.7093956e-01   1.4929917e-03
   1.2032000e+04   5.6751610e-01  -4.1088262e-03
   1.2048000e+04   5.6752225e-01   1.5295722e-03
   1.2064000e+04   5.6536539e-01  -2.4403869e-03
   1.2080000e+04   5.6720839e-01  -3.0175762e-03
   1.2096000e+04   5.6526657e-01   1.5670007e-03
   1.2112000e+04   5.6578712e-01  -4.3353162e-04
   1.2128000e+04   5.6614249e-01   3.9168759e-04
   1.2144000e+04   5.6767230e-01   2.7655716e-04
   1.2160000e+04   5.6482221e-01   7.0149204e-04
   1.2176000e+04   5.6224280e-01  -1.6643952e-03
   1.2192000e+04   5.6385451e-01  -4.6291922e-04
   1.2208000e+04   5.6470236e-01  -3.6709551e-04
   1.2224000e+04   5.6624895e-01   5.7288669e-05
   1.2240000e+04   5.6726857e-01   7.0606981e-04
   1.2256000e+04   5.6166138e-01   1.8027946e-03
