   0.0000000e+00   8.8137849e-01  -9.2393656e-03
   1.6000000e+01   8.9354816e-01  -5.9602039e-02
   3.2000000e+01   8.9998501e-01   1.0858829e-02
   4.8000000e+01   9.2454964e-01   1.1536833e-02
   6.4000000e+01   8.8882444e-01   4.6071721e-02
   8.0000000e+01   9.2881334e-01  -8.8618028e-02
   9.6000000e+01   8.8320628e-01  -5.3769277e-02
   1.1200000e+02   8.1060543e-01  -7.1690874e-02
   1.2800000e+02   9.7049699e-01   1.4079235e-01
   1.4400000e+02   8.8083054e-01   7.5555144e-03
   1.6000000e+02   9.2455597e-01   6.9148253e-02
   1.7600000e+02   1.0534282e+00  -3.6866647e-02
   1.9200000e+02   8.9032823e-01  -1.0845477e-01
   2.0800000e+02   9.6334534e-01   5.9839771e-02
   2.2400000e+02   9.2715754e-01   1.3897716e-01
   2.4000000e+02   1.0382298e+00  -2.6477531e-02
   2.5600000e+02   9.5853896e-01  -3.4223497e-02
   2.7200000e+02   9.6019406e-01  -7.8923390e-02
   2.8800000e+02   9.2092003e-01   5.5155569e-02
   3.0400000e+02   1.0664746e+00  -9.3307747e-03
   3.2000000e+02   9.9952965e-01  -3.7981245e-03
   3.3600000e+02   9.4223868e-01  -4.4526934e-02
   3.5200000e+02   9.5532129e-01  -1.4309972e-01
   3.6800000e+02   1.0814602e+00  -7.6706407e-02
   3.8400000e+02   9.4694848e-01  -1.2923701e-01
   4.0000000e+02   8.2689248e-01  -3.5535231e-02
   4.1600000e+02   8.2019712e-01  -1.0738071e-01
   4.3200000e+02   8.6486710e-01   6.1830935e-02
   4.4800000e+02   8.4333891e-01   1.0991690e-02
   4.6400000e+02   1.0411777e+00   7.3663021e-02
   4.8000000e+02   8.9558992e-01   1.9532718e-02
   4.9600000e+02   9.0517905e-01  -3.0133268e-02
   5.1200000e+02   8.3191695e-01   4.9825168e-02
   5.2800000e+02   9.5117453e-01  -4.6353324e-02
   5.4400000e+02   7.8541321e-01  -4.8070079e-02
   5.6000000e+02   9.0935007e-01   8.2289512e-03
   5.7600000e+02   8.4701911e-01  -5.6504471e-02
   5.9200000e+02   7.4013253e-01   3.0509193e-02
   6.0800000e+02   7.7132817e-01   4.7534053e-02
   6.2400000e+02   8.1244216e-01  -1.4285298e-02
   6.4000000e+02   8.6929829e-01  -1.9339839e-02
   6.5600000e+02   7.8971881e-01  -1.0133846e-01
   6.7200000e+02   8.1356994e-01   8.3339209e-02
   6.8800000e+02   8.0787359e-01   9.9327479e-02
   7.0400000e+02   8.3554222e-01   8.4443374e-03
   7.2000000e+02   7.5703945e-01   3.6222758e-02
   7.3600000e+02   8.6479039e-01   5.9856057e-02
   7.5200000e+02   8.0580238e-01  -3.4501168e-03
   7.6800000e+02   7.6392475e-01   9.9797191e-02
   7.8400000e+02   6.9430099e-01   2.8020611e-02
   8.0000000e+02   7.9885980e-01   6.8303229e-03
   8.1600000e+02   7.4704893e-01   1.7267314e-02
   8.3200000e+02   6.8372138e-01  -1.0033329e-01
   8.4800000e+02   7.0615879e-01  -8.0636579e-02
   8.6400000e+02   8.3001519e-01   8.8938061e-02
   8.8000000e+02   8.2460520e-01  -2.7048191e-02
   8.9600000e+02   6.6465300e-01   8.3463658e-02
   9.1200000e+02   7.1207332e-01  -8.3769590e-02
   9.2800000e+02   8.6589489e-01  -3.4600355e-02
   9.4400000e+02   7.0871729e-01  -6.7024101e-02
   9.6000000e+02   7.5414587e-01  -9.6881212e-02
   9.7600000e+02   8.8168634e-01   1.2728630e-01
   9.9200000e+02   7.2847664e-01   3.6565161e-02
   1.0080000e+03   8.6395635e-01   3.2108451e-05
   1.0240000e+03   7.5273588e-01   9.7135629e-03
   1.0400000e+03   8.0309754e-01  -2.6169813e-02
   1.0560000e+03   8.2612821e-01  -1.3570814e-02
   1.0720000e+03   7.3843617e-01  -1.5937643e-03
   1.0880000e+03   8.5930473e-01  -1.3421773e-02
   1.1040000e+03   7.4377928e-01   3.1182413e-02
   1.1200000e+03   8.0712213e-01   9.4870312e-02
   1.1360000e+03   7.2655690e-01   6.8123076e-02
   1.1520000e+03   7.5086461e-01  -2.9446861e-02
   1.1680000e+03   7.9980141e-01   2.7337875e-02
   1.1840000e+03   8.1658445e-01   2.1644679e-02
   1.2000000e+03   9.0192925e-01   9.2827138e-02
   1.2160000e+03   8.6249036e-01  -2.6318122e-02
   1.2320000e+03   7.9230545e-01   2.0145815e-02
   1.2480000e+03   7.6229790e-01  -5.0308206e-03
   1.2640000e+03   8.0123174e-01   8.0711489e-02
   1.2800000e+03   7.8566744e-01  -6.4189510e-02
   1.2960000e+03   7.1294907e-01  -5.0202733e-02
   1.3120000e+03   8.2880871e-01   9.0991137e-02
   1.3280000e+03   7.3452633e-01   1.8768749e-02
   1.3440000e+03   8.1647732e-01  -7.8390759e-02
   1.3600000e+03   7.5810735e-01   1.2984160e-02
   1.3760000e+03   7.8524385e-01  -7.5152990e-02
   1.3920000e+03   6.6598319e-01  -8.4063852e-02
   1.4080000e+03   8.2758671e-01   7.4826239e-02
   1.4240000e+03   8.3781688e-01   4.5987054e-02
   1.4400000e+03   7.9294220e-01  -6.0539738e-03
   1.4560000e+03   7.5400534e-01  -6.6033885e-02
   1.4720000e+03   6.6560584e-01   8.3358932e-03
   1.4880000e+03   7.1645040e-01  -3.1992854e-02
   1.5040000e+03   7.2938992e-01   3.0176962e-02
   1.5200000e+03   9.0694616e-01   4.9117469e-02
   1.5360000e+03   7.0397948e-01   2.4206809e-02
   1.5520000e+03   7.4432101e-01  -2.0100342e-02
   1.5680000e+03   7.5838658e-01  -1.4375604e-01
   1.5840000e+03   6.1767780e-01  -8.4240994e-02
   1.6000000e+03   8.2399451e-01   9.1157420e-02
   1.6160000e+03   7.8942469e-01  -1.1005277e-01
   1.6320000e+03   6.7031069e-01   1.2119976e-01
   1.6480000e+03   7.4899471e-01  -3.5531619e-02
   1.6640000e+03   7.5822661e-01  -7.9290879e-02
   1.6800000e+03   8.0586289e-01   5.2847924e-02
   1.6960000e+03   7.4044840e-01  -3.1856766e-02
   1.7120000e+03   7.5066396e-01   1.1484312e-01
   1.7280000e+03   8.2369594e-01  -3.3803405e-02
   1.7440000e+03   7.2463095e-01  -8.8825805e-02
   1.7600000e+03   7.2847884e-01   1.3367261e-02
   1.7760000e+03   7.0895287e-01  -7.5226863e-02
   1.7920000e+03   8.0248348e-01   2.6461022e-02
   1.8080000e+03   5.7617288e-01   1.6487772e-02
   1.8240000e+03   7.3360265e-01  -9.6735983e-02
   1.8400000e+03   8.0297127e-01   2.5352806e-02
   1.8560000e+03   8.2425709e-01   2.6214773e-02
   1.8720000e+03   7.3176053e-01   8.7580687e-02
   1.8880000e+03   6.2064005e-01  -5.2483369e-02
   1.9040000e+03   6.3293900e-01   4.1811971e-02
   1.9200000e+03   7.5975578e-01  -6.0396854e-03
   1.9360000e+03   6.9645225e-01  -7.8247614e-03
   1.9520000e+03   6.6758177e-01   5.1923468e-02
   1.9680000e+03   6.8898868e-01   1.5621167e-02
   1.9840000e+03   7.8164660e-01  -9.1362515e-02
   2.0000000e+03   6.4795239e-01   1.2462852e-01
   2.0160000e+03   7.6388599e-01  -1.6830537e-03
   2.0320000e+03   6.4170311e-01  -1.4489346e-02
   2.0480000e+03   6.0211169e-01   2.9791548e-02
   2.0640000e+03   5.2705567e-01  -9.4690261e-02
   2.0800000e+03   8.1579275e-01   3.8269390e-02
   2.0960000e+03   7.2096619e-01  -1.2254462e-01
   2.1120000e+03   6.4731571e-01   1.7666506e-02
   2.1280000e+03   6.8127398e-01  -8.7183141e-03
   2.1440000e+03   7.4442150e-01   6.8843605e-03
   2.1600000e+03   6.6259739e-01  -5.7342242e-02
   2.1760000e+03   6.9077704e-01  -1.1965580e-01
   2.1920000e+03   6.3978710e-01  -7.7081446e-02
   2.2080000e+03   8.4569001e-01   4.4356935e-02
   2.2240000e+03   7.1610539e-01  -7.8842803e-02
   2.2400000e+03   7.7872426e-01   2.5599363e-02
   2.2560000e+03   6.5063803e-01  -7.4065813e-03
   2.2720000e+03   6.7614074e-01  -3.6034606e-03
   2.2880000e+03   6.8695528e-01   6.0984915e-02
   2.3040000e+03   7.6866564e-01   1.0592857e-01
   2.3200000e+03   5.4767850e-01  -3.5876148e-02
   2.3360000e+03   6.1057767e-01   6.0769700e-03
   2.3520000e+03   7.5948293e-01  -4.8280059e-02
   2.3680000e+03   5.6069857e-01   4.8276366e-02
   2.3840000e+03   7.1174986e-01  -3.7496032e-02
   2.4000000e+03   6.2647813e-01   1.8980101e-02
   2.4160000e+03   6.3063164e-01   7.2103175e-04
   2.4320000e+03   7.9658584e-01   6.2423602e-02
   2.4480000e+03   6.5427129e-01  -5.9058044e-02
   2.4640000e+03   6.5432486e-01   4.0693981e-02
   2.4800000e+03   7.1436163e-01  -8.0955659e-02
   2.4960000e+03   6.5012913e-01  -6.4220663e-02
   2.5120000e+03   6.8842337e-01   3.3661124e-02
   2.5280000e+03   7.0905522e-01   6.4133992e-02
   2.5440000e+03   6.7008503e-01   3.1502012e-04
   2.5600000e+03   6.5668212e-01   8.1058977e-02
   2.5760000e+03   7.3260249e-01   1.7916797e-02
   2.5920000e+03   7.5205733e-01  -2.3977558e-02
   2.6080000e+03   7.1822139e-01  -5.5859856e-02
   2.6240000e+03   7.2127654e-01  -8.4795196e-02
   2.6400000e+03   5.9856758e-01   4.6484793e-02
   2.6560000e+03   5.5696895e-01  -6.7988373e-02
   2.6720000e+03   7.4141401e-01   7.2922897e-02
   2.6880000e+03   7.3608433e-01  -5.1100250e-02
   2.7040000e+03   8.0343544e-01  -4.7059504e-03
   2.7200000e+03   5.5092439e-01  -1.3362399e-02
   2.7360000e+03   6.7000566e-01  -6.3001637e-02
   2.7520000e+03   7.2550138e-01  -1.7368905e-02
   2.7680000e+03   5.8087596e-01  -6.2534962e-02
   2.7840000e+03   7.5004317e-01  -6.7050654e-02
   2.8000000e+03   6.3402215e-01   6.0579283e-03
   2.8160000e+03   7.0269394e-01   2.2435346e-03
   2.8320000e+03   7.0950183e-01   4.0286351e-02
   2.8480000e+03   7.3532581e-01   4.1369292e-02
   2.8640000e+03   6.3177660e-01  -6.1245343e-02
   2.8800000e+03   6.8009507e-01   9.6669443e-03
   2.8960000e+03   7.1513757e-01   6.8378924e-02
   2.9120000e+03   6.7596525e-01  -1.5636796e-02
   2.9280000e+03   7.3622482e-01   8.9997495e-03
   2.9440000e+03   5.8892324e-01   1.9593810e-03
   2.9600000e+03   7.3741933e-01   4.1311793e-02
   2.9760000e+03   6.4421380e-01  -7.2457068e-02
   2.9920000e+03   6.9040129e-01   7.9191717e-02
   3.0080000e+03   7.6472534e-01  -4.9292160e-02
   3.0240000e+03   7.7922111e-01   2.6178729e-02
   3.0400000e+03   6.1511270e-01   6.1069079e-02
   3.0560000e+03   7.6702408e-01  -1.7187732e-03
   3.0720000e+03   6.8954966e-01   4.0882024e-02
   3.0880000e+03   5.9043622e-01   3.2593007e-02
   3.1040000e+03   6.0080276e-01  -6.3682481e-02
   3.1200000e+03   6.3527835e-01  -4.0905773e-02
   3.1360000e+03   7.3582825e-01   5.4023698e-02
   3.1520000e+03   6.1486318e-01  -2.3392186e-02
   3.1680000e+03   6.6861495e-01  -5.3905807e-02
   3.1840000e+03   7.0917066e-01  -2.6805691e-03
   3.2000000e+03   7.5397596e-01   1.4649049e-02
   3.2160000e+03   7.0586051e-01   3.4412300e-02
   3.2320000e+03   6.7168687e-01   7.5500064e-02
   3.2480000e+03   7.5451013e-01   4.6875759e-02
   3.2640000e+03   6.0880605e-01   2.6622005e-02
   3.2800000e+03   7.1165550e-01   5.2880227e-03
   3.2960000e+03   5.8036082e-01  -4.4583842e-02
   3.3120000e+03   6.2516298e-01  -5.3071406e-02
   3.3280000e+03   6.1094492e-01   9.6143167e-03
   3.3440000e+03   5.8555759e-01   4.4140108e-02
   3.3600000e+03   6.1177673e-01  -7.2920393e-02
   3.3760000e+03   7.5995440e-01   6.6818690e-02
   3.3920000e+03   5.8524206e-01   1.1474854e-01
   3.4080000e+03   7.1874575e-01   1.5478628e-01
   3.4240000e+03   7.2357183e-01   3.0124626e-02
   3.4400000e+03   5.8279541e-01   3.0373562e-02
   3.4560000e+03   7.2204890e-01   1.4766400e-02
   3.4720000e+03   5.8819360e-01   8.9276848e-02
   3.4880000e+03   6.6491961e-01   1.1394813e-01
   3.5040000e+03   7.7109643e-01   1.6137801e-01
   3.5200000e+03   8.2399485e-01   1.3540859e-01
   3.5360000e+03   6.1670848e-01   3.9614922e-02
   3.5520000e+03   6.7815097e-01   5.5398383e-02
   3.5680000e+03   6.7063278e-01   2.7085049e-02
   3.5840000e+03   5.6304007e-01   2.4542790e-02
   3.6000000e+03   6.5231223e-01  -1.2866512e-01
   3.6160000e+03   6.2042451e-01  -6.5043769e-02
   3.6320000e+03   7.2583285e-01   8.3419959e-02
   3.6480000e+03   7.1320360e-01   3.6113896e-02
   3.6640000e+03   6.2453429e-01  -3.0712136e-03
   3.6800000e+03   5.9700527e-01  -2.7014481e-02
   3.6960000e+03   5.9876257e-01  -1.0156442e-01
   3.7120000e+03   5.9395556e-01  -2.5868142e-02
   3.7280000e+03   6.8492007e-01  -9.2095536e-02
   3.7440000e+03   7.3337311e-01   4.9068841e-02
   3.7600000e+03   7.0186657e-01   5.4610597e-03
   3.7760000e+03   6.3611647e-01   6.0383191e-02
   3.7920000e+03   6.6794971e-01   1.1915396e-01
   3.8080000e+03   6.0644803e-01   5.5557230e-03
   3.8240000e+03   7.9379133e-01   2.2416086e-02
   3.8400000e+03   6.3985720e-01   5.1031919e-02
   3.8560000e+03   7.3665874e-01   1.0695098e-01
   3.8720000e+03   5.7415326e-01   5.6982722e-02
   3.8880000e+03   6.5446283e-01  -1.1433086e-01
   3.9040000e+03   7.7341403e-01   3.6028461e-03
   3.9200000e+03   7.6801659e-01   1.1728981e-01
   3.9360000e+03   7.2258927e-01   8.2954717e-02
   3.9520000e+03   6.6887165e-01   5.4652335e-02
   3.9680000e+03   6.2047883e-01  -1.0280037e-02
   3.9840000e+03   6.5429913e-01  -4.3208043e-02
   4.0000000e+03   6.0256958e-01   5.3156106e-02
   4.0160000e+03   5.5357437e-01  -3.3208270e-02
   4.0320000e+03   6.6688652e-01   1.8541982e-02
   4.0480000e+03   6.9915524e-01   9.5243476e-03
   4.0640000e+03   5.7813280e-01  -4.1932920e-02
   4.0800000e+03   6.1527944e-01  -1.8358344e-02
   4.0960000e+03   7.3048878e-01   9.3291216e-03
   4.1120000e+03   7.8644165e-01  -7.4710562e-02
   4.1280000e+03   6.7695688e-01   9.2710166e-02
   4.1440000e+03   7.3606439e-01   1.6728254e-01
   4.1600000e+03   6.7509191e-01  -1.0129135e-02
   4.1760000e+03   6.2624910e-01  -2.5972277e-02
   4.1920000e+03   5.6811739e-01   7.4126913e-02
   4.2080000e+03   5.6478781e-01  -9.0953138e-02
   4.2240000e+03   6.7876848e-01  -1.7487490e-02
   4.2400000e+03   6.8624836e-01  -4.4658762e-03
   4.2560000e+03   6.7102951e-01   6.3449899e-02
   4.2720000e+03   6.8112964e-01  -3.8090136e-02
   4.2880000e+03   7.2348523e-01   1.2990270e-02
   4.3040000e+03   7.0161423e-01   2.1714237e-02
   4.3200000e+03   7.7760045e-01   1.4078137e-02
   4.3360000e+03   5.9199988e-01  -2.4320869e-02
   4.3520000e+03   5.6676071e-01   4.2790248e-02
   4.3680000e+03   5.7085282e-01  -9.1571695e-02
   4.3840000e+03   6.6573011e-01  -6.8181834e-02
   4.4000000e+03   5.8523023e-01  -5.0840438e-02
   4.4160000e+03   7.9796987e-01   4.5462302e-02
   4.4320000e+03   5.6734608e-01   4.3200770e-02
   4.4480000e+03   6.4706597e-01  -4.4566531e-02
   4.4640000e+03   5.5089268e-01  -8.9632010e-04
   4.4800000e+03   6.3567760e-01  -5.3835649e-02
   4.4960000e+03   6.1154119e-01  -6.3784011e-03
   4.5120000e+03   7.0775125e-01   5.0504601e-02
   4.5280000e+03   5.6174209e-01   5.6864826e-02
   4.5440000e+03   5.7606196e-01  -9.1354178e-03
   4.5600000e+03   7.0380719e-01   1.6324898e-03
   4.5760000e+03   5.9495860e-01  -4.1095800e-02
   4.5920000e+03   6.5465614e-01  -1.5403279e-02
   4.6080000e+03   7.5835125e-01   1.1319524e-01
   4.6240000e+03   6.8124975e-01   1.1674582e-01
   4.6400000e+03   7.4529975e-01  -8.2887592e-02
   4.6560000e+03   6.8931243e-01  -8.7319049e-03
   4.6720000e+03   6.5563853e-01   8.7399036e-02
   4.6880000e+03   5.5130650e-01   1.0765792e-01
   4.7040000e+03   4.9478854e-01  -1.0298647e-01
   4.7200000e+03   6.3138047e-01  -3.7239953e-02
   4.7360000e+03   5.5539745e-01  -3.4287164e-04
   4.7520000e+03   5.4189850e-01  -5.1102965e-02
   4.7680000e+03   7.2364198e-01  -1.2137118e-01
   4.7840000e+03   6.7986699e-01  -2.9996401e-02
   4.8000000e+03   6.7705443e-01  -1.8599326e-02
   4.8160000e+03   6.0676157e-01  -2.0106468e-03
   4.8320000e+03   5.2929830e-01  -4.0226707e-02
   4.8480000e+03   6.7613573e-01  -2.5899625e-02
   4.8640000e+03   7.1593727e-01  -9.0798397e-02
   4.8800000e+03   6.3758274e-01  -5.8253960e-02
   4.8960000e+03   5.9586530e-01   1.1022662e-01
   4.9120000e+03   5.8226808e-01   2.7123172e-02
   4.9280000e+03   6.1806743e-01  -3.1256478e-02
   4.9440000e+03   6.9083423e-01  -1.1305871e-02
   4.9600000e+03   5.8791767e-01   1.0033900e-01
   4.9760000e+03   5.9252833e-01  -6.4201822e-03
   4.9920000e+03   6.1767631e-01  -3.1475055e-02
   5.0080000e+03   6.5617176e-01   2.5750265e-03
   5.0240000e+03   7.3507775e-01  -7.5763002e-02
   5.0400000e+03   6.3687358e-01   3.8860899e-02
   5.0560000e+03   5.2205493e-01  -1.0234108e-02
   5.0720000e+03   5.4829380e-01   4.7010269e-02
   5.0880000e+03   4.3218344e-01   5.7602816e-02
   5.1040000e+03   7.3335299e-01  -1.0456988e-01
   5.1200000e+03   6.3737564e-01   1.0638802e-01
   5.1360000e+03   5.2794081e-01  -1.1632582e-02
   5.1520000e+03   5.9999030e-01  -8.7307113e-02
   5.1680000e+03   5.9988263e-01  -1.1608464e-01
   5.1840000e+03   6.7431635e-01  -6.6727177e-02
   5.2000000e+03   6.1530558e-01   2.5660324e-02
   5.2160000e+03   5.1038434e-01  -3.7179167e-02
   5.2320000e+03   6.1817242e-01  -2.0206228e-02
   5.2480000e+03   7.1585528e-01   1.2437342e-01
   5.2640000e+03   6.0363002e-01  -9.6092328e-03
   5.2800000e+03   7.1771681e-01   1.2427265e-02
   5.2960000e+03   5.5253301e-01   3.7993384e-02
   5.3120000e+03   5.4769579e-01   1.0969775e-01
   5.3280000e+03   7.0256872e-01  -2.6928900e-02
   5.3440000e+03   5.9797670e-01   3.4267476e-02
   5.3600000e+03   4.9670423e-01  -2.4204427e-02
   5.3760000e+03   6.8141431e-01  -1.2918996e-01
   5.3920000e+03   7.1735937e-01   3.0147510e-02
   5.4080000e+03   5.9018618e-01  -2.7191528e-02
   5.4240000e+03   6.0243882e-01   1.5258181e-01
   5.4400000e+03   7.3204397e-01   1.1886622e-01
   5.4560000e+03   5.8821588e-01   5.2003052e-02
   5.4720000e+03   6.0679343e-01  -4.3995288e-02
   5.4880000e+03   6.1633723e-01  -7.7645318e-03
   5.5040000e+03   5.0003006e-01   1.0534259e-01
   5.5200000e+03   6.7930529e-01  -2.4655811e-03
   5.5360000e+03   7.1904092e-01  -2.1399359e-02
   5.5520000e+03   5.9678791e-01  -1.0700749e-01
   5.5680000e+03   5.7831562e-01   3.3897181e-02
   5.5840000e+03   6.0789332e-01   4.1101680e-02
   5.6000000e+03   5.8956417e-01  -5.6103884e-02
   5.6160000e+03   6.5840017e-01  -1.1115054e-01
   5.6320000e+03   6.1905294e-01  -4.6461276e-02
   5.6480000e+03   7.9174028e-01   5.7118321e-02
   5.6640000e+03   6.1711258e-01   9.7558275e-03
   5.6800000e+03   5.8062956e-01   7.0159637e-02
   5.6960000e+03   6.1252797e-01   4.5449831e-02
   5.7120000e+03   6.3177372e-01   7.6243250e-02
   5.7280000e+03   5.6978203e-01  -1.1957470e-02
   5.7440000e+03   6.1578130e-01   9.2835500e-02
   5.7600000e+03   5.7052504e-01  -4.3343896e-02
   5.7760000e+03   6.3175152e-01  -1.2666676e-02
   5.7920000e+03   6.5985659e-01  -1.2170342e-01
   5.8080000e+03   6.0931910e-01  -3.9391390e-02
   5.8240000e+03   6.3682537e-01   4.8361038e-03
   5.8400000e+03   5.8167996e-01   4.4392024e-02
   5.8560000e+03   5.6396669e-01   7.5624568e-02
   5.8720000e+03   5.6148713e-01   8.6202631e-03
   5.8880000e+03   5.1650301e-01   5.9372920e-02
   5.9040000e+03   5.7301793e-01  -2.6759841e-02
   5.9200000e+03   7.0356831e-01  -6.7353644e-02
   5.9360000e+03   5.6583113e-01   5.3405506e-03
   5.9520000e+03   7.1994164e-01   6.4045347e-02
   5.9680000e+03   5.4786825e-01  -1.1602178e-02
   5.9840000e+03   6.6463028e-01   4.8687467e-02
   6.0000000e+03   5.7815416e-01   6.4532114e-03
   6.0160000e+03   6.7645038e-01   2.3242307e-02
   6.0320000e+03   6.4829679e-01   5.6306041e-02
   6.0480000e+03   6.4119626e-01  -2.3998486e-02
   6.0640000e+03   6.5783120e-01   9.2432008e-04
   6.0800000e+03   7.1044449e-01  -3.6770626e-02
   6.0960000e+03   6.0306730e-01   1.2188985e-01
   6.1120000e+03   7.1696415e-01  -1.1053722e-02
   6.1280000e+03   6.4890640e-01   1.2125119e-02
   6.1440000e+03   7.3484053e-01  -5.2641008e-02
   6.1600000e+03   6.5949920e-01   6.5843916e-02
   6.1760000e+03   6.3774514e-01   4.7545884e-02
   6.1920000e+03   6.0224648e-01  -3.5449794e-02
   6.2080000e+03   6.5945688e-01   1.3610297e-01
   6.2240000e+03   6.5781128e-01  -8.7636906e-02
   6.2400000e+03   6.3786447e-01   2.6692915e-02
   6.2560000e+03   6.6937371e-01   3.3493831e-02
   6.2720000e+03   6.9072233e-01   1.4304797e-01
   6.2880000e+03   5.6080901e-01  -2.1502144e-02
   6.3040000e+03   6.9070769e-01   3.4041936e-02
   6.3200000e+03   5.0585051e-01  -1.0439760e-01
   6.3360000e+03   6.5410896e-01   1.1664558e-02
   6.3520000e+03   6.7094898e-01   8.8445920e-02
   6.3680000e+03   5.2326235e-01   4.5455308e-02
   6.3840000e+03   6.2987153e-01   6.9654055e-02
   6.4000000e+03   5.4904740e-01  -5.1906745e-02
   6.4160000e+03   6.4746499e-01   1.5350430e-01
   6.4320000e+03   6.2209155e-01   4.1560156e-02
   6.4480000e+03   6.1235601e-01   5.1486029e-02
   6.4640000e+03   6.7343896e-01  -2.9634008e-02
   6.4800000e+03   5.2717059e-01   2.7233665e-02
   6.4960000e+03   5.4292877e-01   3.1824345e-03
   6.5120000e+03   6.3047871e-01   8.1251327e-02
   6.5280000e+03   7.2702455e-01  -2.5696997e-02
   6.5440000e+03   6.6145754e-01  -1.7748576e-02
   6.5600000e+03   6.3308153e-01   3.0372121e-02
   6.5760000e+03   7.0235448e-01  -1.8488836e-02
   6.5920000e+03   5.7253847e-01  -6.6518174e-02
   6.6080000e+03   6.8199146e-01  -5.1879219e-02
   6.6240000e+03   6.0725401e-01  -2.6617302e-02
   6.6400000e+03   6.6581333e-01  -1.0583771e-03
   6.6560000e+03   5.7292473e-01   1.1919730e-01
   6.6720000e+03   5.3701416e-01  -4.3532727e-03
   6.6880000e+03   7.1976742e-01  -3.2085848e-02
   6.7040000e+03   6.4186419e-01  -1.0472069e-01
   6.7200000e+03   6.2303545e-01   1.2472150e-01
   6.7360000e+03   5.7562440e-01   1.0938173e-02
   6.7520000e+03   5.9911951e-01  -4.2018207e-03
   6.7680000e+03   6.6764571e-01   1.2687139e-02
   6.7840000e+03   6.2418603e-01   2.4733970e-02
   6.8000000e+03   6.1903839e-01  -2.8094189e-02
   6.8160000e+03   7.1074214e-01  -2.8681161e-02
   6.8320000e+03   6.7746054e-01   4.7896200e-02
   6.8480000e+03   6.8751146e-01   6.3806711e-02
   6.8640000e+03   5.1519236e-01  -2.3000216e-02
   6.8800000e+03   6.0227588e-01   8.6899314e-02
   6.8960000e+03   6.5938855e-01  -8.8758999e-02
   6.9120000e+03   4.9078912e-01   3.6185426e-02
   6.9280000e+03   7.2619669e-01   1.3332255e-01
   6.9440000e+03   6.6021830e-01  -6.7545726e-03
   6.9600000e+03   6.3319939e-01  -3.5645052e-02
   6.9760000e+03   6.5747197e-01   1.0199748e-01
   6.9920000e+03   6.0266914e-01   2.6176028e-02
   7.0080000e+03   6.7634298e-01  -7.6405583e-02
   7.0240000e+03   6.5215972e-01   2.8746404e-02
   7.0400000e+03   6.1698888e-01   1.4138752e-01
   7.0560000e+03   5.5041471e-01   1.0782131e-01
   7.0720000e+03   5.4987017e-01   2.3707335e-02
   7.0880000e+03   5.0743835e-01  -7.3615594e-02
   7.1040000e+03   5.4908390e-01   1.6200850e-02
   7.1200000e+03   5.9822177e-01  -1.2117508e-01
   7.1360000e+03   5.5607784e-01   5.7766205e-03
   7.1520000e+03   6.9882648e-01  -7.2810811e-02
   7.1680000e+03   6.1092708e-01  -3.7634953e-02
   7.1840000e+03   6.6298908e-01  -1.1565439e-01
   7.2000000e+03   6.1827118e-01  -6.1839552e-02
   7.2160000e+03   5.7532303e-01   1.8959683e-02
   7.2320000e+03   7.2109203e-01  -4.6151075e-02
   7.2480000e+03   7.0056835e-01   7.1211413e-02
   7.2640000e+03   6.5481403e-01   6.3969340e-02
   7.2800000e+03   6.4601341e-01   6.4681255e-02
   7.2960000e+03   6.2707337e-01   1.8936322e-01
   7.3120000e+03   5.5698448e-01   4.2389597e-02
   7.3280000e+03   6.8570267e-01  -2.3639331e-03
   7.3440000e+03   5.5180912e-01   8.6322551e-02
   7.3600000e+03   6.2927179e-01   6.2215012e-03
   7.3760000e+03   4.9288436e-01   7.9519575e-02
   7.3920000e+03   5.1740282e-01   1.1070991e-01
   7.4080000e+03   5.5134359e-01   3.8178351e-02
   7.4240000e+03   7.0915791e-01  -2.6341290e-02
   7.4400000e+03   5.1567104e-01   1.4817078e-02
   7.4560000e+03   5.3579706e-01   1.4729800e-02
   7.4720000e+03   6.4266393e-01  -4.6985377e-02
   7.4880000e+03   6.1610232e-01   4.7643988e-03
   7.5040000e+03   7.1282900e-01  -5.3431185e-02
   7.5200000e+03   6.3320281e-01  -6.7811830e-02
   7.5360000e+03   7.0728981e-01  -5.1644471e-02
   7.5520000e+03   6.2361962e-01  -3.8968552e-03
   7.5680000e+03   5.5280277e-01  -1.4889634e-01
   7.5840000e+03   7.7623867e-01   1.2429563e-01
   7.6000000e+03   5.9011050e-01   1.1618779e-01
   7.6160000e+03   4.8642999e-01   1.3886471e-01
   7.6320000e+03   5.9176987e-01  -9.1879200e-03
   7.6480000e+03   5.6032371e-01   8.1422752e-02
   7.6640000e+03   5.6432698e-01  -2.1240677e-03
   7.6800000e+03   7.3717472e-01   4.9891378e-02
   7.6960000e+03   6.8912386e-01   2.2935177e-02
   7.7120000e+03   6.7344774e-01   5.8516203e-02
   7.7280000e+03   6.5064451e-01  -8.2871403e-02
   7.7440000e+03   6.5427099e-01   7.2467970e-02
   7.7600000e+03   7.5556328e-01   3.3273960e-02
   7.7760000e+03   5.4887463e-01  -3.0950085e-04
   7.7920000e+03   6.5987480e-01  -3.3217259e-02
   7.8080000e+03   6.5305269e-01   9.4581890e-03
   7.8240000e+03   5.7002635e-01   1.1297210e-02
   7.8400000e+03   4.6911848e-01  -1.3210654e-01
   7.8560000e+03   6.0282514e-01   2.7564047e-02
   7.8720000e+03   5.7630933e-01   8.8533627e-02
   7.8880000e+03   4.8292427e-01  -1.2762520e-02
   7.9040000e+03   4.8525347e-01   2.4136684e-02
   7.9200000e+03   5.5216786e-01   4.5583165e-02
   7.9360000e+03   6.8630898e-01   4.0061296e-02
   7.9520000e+03   6.5973975e-01   1.1882465e-01
   7.9680000e+03   6.7761171e-01  -1.0980745e-02
   7.9840000e+03   5.0558882e-01   1.5140332e-02
   8.0000000e+03   5.2962572e-01   7.7577437e-02
   8.0160000e+03   6.8212153e-01   1.1879162e-01
   8.0320000e+03   5.6132958e-01   4.2116937e-02
   8.0480000e+03   7.3736825e-01   8.5412649e-02
   8.0640000e+03   5.8751998e-01   3.5177311e-02
   8.0800000e+03   5.8854728e-01  -3.5216349e-02
   8.0960000e+03   7.6007067e-01  -2.4067379e-02
   8.1120000e+03   6.1734375e-01   2.3099564e-03
   8.1280000e+03   5.4563713e-01  -1.1331878e-01
   8.1440000e+03   4.7131530e-01  -3.6087351e-02
   8.1600000e+03   5.4905486e-01   2.9445375e-02
   8.1760000e+03   5.4518822e-01  -6.7361310e-02
   8.1920000e+03   5.5076577e-01  -1.2091406e-03
   8.2080000e+03   5.6350750e-01   1.2105888e-01
   8.2240000e+03   5.5853744e-01   1.3863596e-02
   8.2400000e+03   6.5964614e-01  -6.2732096e-02
   8.2560000e+03   6.4794638e-01   1.0733401e-01
   8.2720000e+03   6.4974190e-01   1.1915271e-01
   8.2880000e+03   6.4549790e-01  -5.7699058e-03
   8.3040000e+03   6.8172369e-01   6.1614934e-02
   8.3200000e+03   5.1308266e-01   1.6641015e-01
   8.3360000e+03   6.3430181e-01   2.9200183e-02
   8.3520000e+03   5.8332431e-01   1.2107828e-01
   8.3680000e+03   5.5371734e-01   4.7768844e-02
   8.3840000e+03   6.5642569e-01   4.2324000e-02
   8.4000000e+03   5.4299232e-01  -7.5529748e-02
   8.4160000e+03   6.6642214e-01   2.1240766e-02
   8.4320000e+03   6.2140648e-01  -1.4870240e-01
   8.4480000e+03   6.7894359e-01  -2.6593184e-02
   8.4640000e+03   7.0816097e-01   4.6761659e-02
   8.4800000e+03   6.1354699e-01  -2.7727492e-02
   8.4960000e+03   6.1075344e-01  -8.5321583e-02
   8.5120000e+03   6.0671676e-01  -9.2253151e-02
   8.5280000e+03   5.8480851e-01  -3.2569335e-02
   8.5440000e+03   6.7926858e-01   5.8463893e-03
   8.5600000e+03   6.2903648e-01   2.8281501e-02
   8.5760000e+03   5.2271081e-01  -3.4780025e-02
   8.5920000e+03   6.5334165e-01  -2.3472713e-02
   8.6080000e+03   5.9057052e-01  -8.8199060e-02
   8.6240000e+03   6.3661827e-01  -4.2021524e-02
   8.6400000e+03   5.5799455e-01  -4.2869121e-02
   8.6560000e+03   7.0369760e-01  -8.2911797e-02
   8.6720000e+03   6.8714154e-01   1.5017724e-02
   8.6880000e+03   6.2154677e-01   5.9527522e-02
   8.7040000e+03   5.2079446e-01   2.5957336e-02
   8.7200000e+03   5.2287309e-01   6.8023104e-02
   8.7360000e+03   6.0948258e-01   1.8232494e-02
   8.7520000e+03   5.5900790e-01   2.1844251e-04
   8.7680000e+03   6.2436229e-01   7.4592463e-02
   8.7840000e+03   5.7833401e-01  -9.2104193e-03
   8.8000000e+03   6.3036821e-01  -1.0972572e-01
   8.8160000e+03   5.3219889e-01   8.2342457e-02
   8.8320000e+03   5.3314019e-01  -3.0133883e-02
   8.8480000e+03   6.0604299e-01  -1.6889811e-01
   8.8640000e+03   5.2991331e-01   7.2617827e-02
   8.8800000e+03   6.6147750e-01  -3.3859612e-02
   8.8960000e+03   5.4992751e-01  -1.7939860e-02
   8.9120000e+03   7.1208923e-01  -9.3545245e-02
   8.9280000e+03   5.5768526e-01  -7.1101146e-02
   8.9440000e+03   5.8282773e-01  -9.2874607e-02
   8.9600000e+03   6.0735923e-01  -8.6805335e-02
   8.9760000e+03   7.2831423e-01  -1.6507461e-04
   8.9920000e+03   6.7842578e-01   8.5110811e-02
   9.0080000e+03   5.6847657e-01  -5.1355613e-02
   9.0240000e+03   7.0273313e-01   6.8736951e-02
   9.0400000e+03   6.2595980e-01   7.7663884e-02
   9.0560000e+03   6.2614885e-01  -6.8673963e-02
   9.0720000e+03   5.4093594e-01  -7.1718223e-02
   9.0880000e+03   6.1486745e-01   2.3281117e-02
   9.1040000e+03   5.8993703e-01   9.0868717e-02
   9.1200000e+03   6.2847206e-01  -1.2212723e-02
   9.1360000e+03   6.8032136e-01  -1.5682694e-02
   9.1520000e+03   5.5546634e-01   5.0444748e-02
   9.1680000e+03   5.8203338e-01   1.3695091e-04
   9.1840000e+03   5.4597663e-01  -7.9326035e-03
   9.2000000e+03   7.4629151e-01  -4.9470599e-02
   9.2160000e+03   7.0996118e-01   1.2072436e-01
   9.2320000e+03   6.6487441e-01   4.8990050e-02
   9.2480000e+03   4.9088019e-01  -2.2314765e-02
   9.2640000e+03   6.4426918e-01   1.8710828e-02
   9.2800000e+03   5.1384044e-01   2.0612148e-02
   9.2960000e+03   6.1171593e-01   6.2267713e-02
   9.3120000e+03   3.6398355e-01  -8.3468254e-02
   9.3280000e+03   6.9811101e-01   1.2852944e-02
   9.3440000e+03   5.9709615e-01  -2.9662208e-02
   9.3600000e+03   5.3374993e-01   3.2510165e-02
   9.3760000e+03   6.6469288e-01   3.1601515e-02
   9.3920000e+03   5.8700166e-01  -1.4159657e-02
   9.4080000e+03   5.0459268e-01  -3.3263080e-02
   9.4240000e+03   5.2840491e-01   4.4374147e-02
   9.4400000e+03   5.8170420e-01  -4.1920664e-02
   9.4560000e+03   7.1499761e-01   2.3665618e-02
   9.4720000e+03   6.9117775e-01  -3.3015750e-02
   9.4880000e+03   5.2446769e-01   3.8523850e-02
   9.5040000e+03   6.0747091e-01   6.5738804e-02
   9.5200000e+03   6.0619827e-01   2.1607699e-02
   9.5360000e+03   6.3490229e-01  -1.7312576e-02
   9.5520000e+03   6.0931398e-01   1.0881866e-01
   9.5680000e+03   5.9755678e-01   6.0927979e-02
   9.5840000e+03   4.5059875e-01   3.5028737e-02
   9.6000000e+03   5.2666972e-01  -1.0612370e-01
   9.6160000e+03   5.1507114e-01   2.4501428e-02
   9.6320000e+03   5.7345241e-01  -7.7227613e-02
   9.6480000e+03   5.3409063e-01   1.4068544e-01
   9.6640000e+03   5.1594417e-01  -7.7534525e-02
   9.6800000e+03   5.4125261e-01   8.4857792e-02
   9.6960000e+03   6.2283521e-01   1.2539824e-02
   9.7120000e+03   5.4449869e-01   1.6177510e-02
   9.7280000e+03   5.7167154e-01  -5.3671989e-02
   9.7440000e+03   5.2542969e-01   1.0619353e-01
   9.7600000e+03   6.1060295e-01   3.4777887e-02
   9.7760000e+03   5.6352529e-01   7.5499400e-03
   9.7920000e+03   5.7431235e-01   1.2538124e-01
   9.8080000e+03   6.3222404e-01  -7.1463098e-02
   9.8240000e+03   6.8095830e-01   1.2075417e-01
   9.8400000e+03   6.2867081e-01   3.0895247e-02
   9.8560000e+03   4.1265103e-01  -1.6917041e-02
   9.8720000e+03   4.8509627e-01   5.0450330e-02
   9.8880000e+03   6.4921756e-01  -6.6598054e-03
   9.9040000e+03   5.8534484e-01  -7.0983388e-02
   9.9200000e+03   7.5984809e-01  -1.3361343e-02
   9.9360000e+03   5.4399551e-01   5.4571446e-02
   9.9520000e+03   6.3439575e-01   1.1125242e-01
   9.9680000e+03   6.4737099e-01  -4.1375067e-02
   9.9840000e+03   6.2371303e-01  -4.9833199e-02
   1.0000000e+04   6.2855073e-01  -1.3536637e-02
   1.0016000e+04   5.3749586e-01  -6.1334680e-03
   1.0032000e+04   5.5975479e-01   9.7644385e-02
   1.0048000e+04   5.5781821e-01   7.3239171e-02
   1.0064000e+04   5.4659443e-01   7.8130178e-02
   1.0080000e+04   4.9542253e-01   1.1497384e-02
   1.0096000e+04   5.0390408e-01   6.7242336e-02
   1.0112000e+04   5.9565807e-01  -2.9694418e-02
   1.0128000e+04   5.8081665e-01  -2.5398357e-03
   1.0144000e+04   5.7970554e-01  -1.7268999e-02
   1.0160000e+04   6.1525002e-01  -2.2253303e-02
   1.0176000e+04   4.5972661e-01   3.2944496e-02
   1.0192000e+04   5.3974477e-01   1.6690377e-01
   1.0208000e+04   6.0025514e-01   6.0811662e-02
   1.0224000e+04   6.1406073e-01  -1.2367971e-02
   1.0240000e+04   6.4764664e-01   5.0231351e-02
   1.0256000e+04   4.6295589e-01  -9.6344354e-02
   1.0272000e+04   6.5013485e-01   7.7063092e-02
   1.0288000e+04   5.9919074e-01  -8.0329467e-02
   1.0304000e+04   5.7160798e-01   2.2234920e-02
   1.0320000e+04   5.8822082e-01   8.7447236e-02
   1.0336000e+04   6.3503755e-01   5.4066132e-02
   1.0352000e+04   5.5587536e-01  -2.3510295e-03
   1.0368000e+04   4.9524232e-01   1.1289447e-01
   1.0384000e+04   6.5458747e-01   8.6642840e-02
   1.0400000e+04   6.3727159e-01  -8.1154796e-02
   1.0416000e+04   6.5908849e-01  -3.9585862e-02
   1.0432000e+04   6.0410118e-01   9.0993018e-02
   1.0448000e+04   6.1472305e-01   1.0834872e-01
   1.0464000e+04   5.9521303e-01   1.4680716e-02
   1.0480000e+04   4.6660767e-01   4.8731263e-02
   1.0496000e+04   5.0074747e-01   6.8033921e-02
   1.0512000e+04   6.0190805e-01  -2.2936894e-02
   1.0528000e+04   5.5924679e-01  -2.8409069e-02
   1.0544000e+04   4.9967494e-01  -3.0187706e-03
   1.0560000e+04   5.8191493e-01  -4.5958526e-02
   1.0576000e+04   3.9833199e-01   8.3008003e-03
   1.0592000e+04   5.3238110e-01  -8.6505895e-02
   1.0608000e+04   5.2022947e-01  -4.3759361e-02
   1.0624000e+04   6.4797128e-01   5.5721194e-02
   1.0640000e+04   5.8544066e-01   6.3491307e-02
   1.0656000e+04   5.5060206e-01  -4.8314385e-02
   1.0672000e+04   5.4696033e-01  -1.6018696e-02
   1.0688000e+04   6.0796235e-01   8.6973344e-02
   1.0704000e+04   5.5275254e-01  -1.7641579e-01
   1.0720000e+04   4.2070648e-01  -2.6564783e-02
   1.0736000e+04   6.9998875e-01  -7.8867515e-02
   1.0752000e+04   5.5284341e-01   2.7089591e-02
   1.0768000e+04   5.2162382e-01  -3.2143883e-02
   1.0784000e+04   4.6661001e-01  -3.8332885e-02
   1.0800000e+04   5.5672415e-01   4.0087073e-02
   1.0816000e+04   5.9943031e-01  -8.5723911e-02
   1.0832000e+04   5.8527902e-01   1.0377793e-01
   1.0848000e+04   7.4280300e-01   2.2997965e-02
   1.0864000e+04   4.8992447e-01   2.6012166e-02
   1.0880000e+04   4.3399953e-01  -5.5981130e-02
   1.0896000e+04   4.9094464e-01   2.1351685e-02
   1.0912000e+04   5.2719494e-01   6.2464647e-02
   1.0928000e+04   5.8077441e-01   9.7121951e-02
   1.0944000e+04   6.7933658e-01   6.4567958e-03
   1.0960000e+04   6.4119663e-01   2.0520370e-02
   1.0976000e+04   5.9272169e-01   4.8277265e-02
   1.0992000e+04   6.2455724e-01  -1.4617547e-01
   1.1008000e+04   5.0470041e-01   8.0463114e-02
   1.1024000e+04   6.4122565e-01   4.9011170e-02
   1.1040000e+04   4.9463516e-01   9.2350218e-03
   1.1056000e+04   7.4778952e-01  -3.0708598e-02
   1.1072000e+04   5.9758575e-01  -8.2521674e-03
   1.1088000e+04   5.0305131e-01  -1.7832990e-02
   1.1104000e+04   5.9557634e-01   2.9882528e-02
   1.1120000e+04   6.4336448e-01  -6.4456869e-02
   1.1136000e+04   4.6441937e-01  -2.2885005e-02
   1.1152000e+04   6.2033598e-01   1.6606421e-02
   1.1168000e+04   5.1087655e-01   1.1120370e-02
   1.1184000e+04   6.4767044e-01  -1.9081887e-02
   1.1200000e+04   5.5511246e-01   4.1266879e-02
   1.1216000e+04   4.3304287e-01   1.4417549e-02
   1.1232000e+04   5.7516545e-01   7.5754816e-03
   1.1248000e+04   5.9934454e-01   2.3453005e-03
   1.1264000e+04   5.8046819e-01  -2.4113427e-02
   1.1280000e+04   6.6823940e-01   2.0609833e-02
   1.1296000e+04   5.1189554e-01   2.5776415e-02
   1.1312000e+04   6.0988674e-01   5.1888643e-02
   1.1328000e+04   5.3862882e-01   3.7390795e-02
   1.1344000e+04   5.9871356e-01  -3.3043363e-02
   1.1360000e+04   6.3120916e-01  -8.3083439e-02
   1.1376000e+04   6.7852239e-01  -4.7856136e-03
   1.1392000e+04   5.8212513e-01  -8.0212395e-02
   1.1408000e+04   6.7168985e-01  -6.3209730e-02
   1.1424000e+04   6.0734472e-01  -5.9122536e-02
   1.1440000e+04   6.3425343e-01   9.3781531e-02
   1.1456000e+04   5.6596627e-01   2.9808228e-02
   1.1472000e+04   5.2207955e-01  -3.7991813e-02
   1.1488000e+04   5.4495649e-01  -7.6907552e-03
   1.1504000e+04   6.4115701e-01   7.4261510e-03
   1.1520000e+04   5.3103663e-01   3.2288761e-02
   1.1536000e+04   6.2891238e-01   3.6965671e-02
   1.1552000e+04   6.2461886e-01   5.9099359e-02
   1.1568000e+04   4.3213582e-01  -2.3534112e-02
   1.1584000e+04   6.5479740e-01   8.3241115e-03
   1.1600000e+04   5.3578739e-01  -8.5820542e-02
   1.1616000e+04   5.6482211e-01   7.4367073e-02
   1.1632000e+04   5.3398037e-01   3.4933492e-02
   1.1648000e+04   6.0214945e-01   1.0461340e-01
   1.1664000e+04   5.9681420e-01   1.8343237e-02
   1.1680000e+04   4.5849566e-01  -5.1418300e-02
   1.1696000e+04   5.5493156e-01  -1.2709626e-01
   1.1712000e+04   6.2559488e-01   8.5141660e-02
   1.1728000e+04   6.4353554e-01   1.2819654e-01
   1.1744000e+04   4.7972261e-01  -1.2673115e-01
   1.1760000e+04   6.1665785e-01   3.0491205e-02
   1.1776000e+04   5.3957667e-01  -7.6932865e-04
   1.1792000e+04   5.2409911e-01  -5.8269666e-03
   1.1808000e+04   6.6372643e-01  -1.0083073e-01
   1.1824000e+04   6.7436317e-01   5.8438261e-03
   1.1840000e+04   5.8135202e-01   6.4865150e-04
   1.1856000e+04   5.6529261e-01  -1.6026957e-01
   1.1872000e+04   5.1194623e-01  -1.4945208e-03
   1.1888000e+04   5.9430949e-01   3.2641259e-03
   1.1904000e+04   6.8690918e-01  -9.5839049e-02
   1.1920000e+04   6.3136252e-01   1.5837240e-02
   1.1936000e+04   5.3334724e-01   5.8487120e-02
   1.1952000e+04   5.4371994e-01  -1.5284764e-01
   1.1968000e+04   5.2249517e-01  -2.9676363e-02
   1.1984000e+04   5.9092557e-01  -1.7206514e-03
   1.2000000e+04   6.3927327e-01   7.9723613e-02
   1.2016000e+04   5.9562585e-01   1.2427685e-02
   1.2032000e+04   4.2762597e-01   2.3885936e-02
   1.2048000e+04   6.1427249e-01  -3.1449530e-03
   1.2064000e+04   6.0021183e-01  -9.5796696e-02
   1.2080000e+04   5.0138390e-01   4.4770525e-02
   1.2096000e+04   5.3611867e-01  -8.5289638e-02
   1.2112000e+04   6.1268341e-01  -1.4926280e-03
   1.2128000e+04   6.2873419e-01  -3.1045766e-03
   1.2144000e+04   4.9746378e-01  -3.8651981e-03
   1.2160000e+04   6.1664109e-01  -3.5612524e-02
   1.2176000e+04   7.3806168e-01  -6.8787986e-02
   1.2192000e+04   6.1182944e-01  -3.3273913e-02
   1.2208000e+04   6.3189989e-01   1.0575479e-03
   1.2224000e+04   6.4530434e-01  -3.9662245e-02
   1.2240000e+04   6.8417539e-01  -1.3063120e-01
   1.2256000e+04   5.1428160e-01   9.4731676e-02
