   0.0000000e+00   8.3236607e-01  -2.8344875e-02
   8.0000000e+00   8.5311589e-01  -3.5195762e-02
   1.6000000e+01   8.8541687e-01  -4.6157812e-03
   2.4000000e+01   8.7171475e-01  -1.1293252e-02
   3.2000000e+01   9.0880798e-01  -4.0685527e-03
   4.0000000e+01   9.0072416e-01   2.9074118e-02
   4.8000000e+01   9.0558245e-01  -3.2949926e-02
   5.6000000e+01   9.0296175e-01  -1.7922441e-02
   6.4000000e+01   9.0613350e-01  -8.0905941e-03
   7.2000000e+01   9.0648321e-01   5.7369857e-03
   8.0000000e+01   9.2189060e-01   7.2960740e-03
   8.8000000e+01   9.3136948e-01   2.8506984e-02
   9.6000000e+01   1.0093888e+00   1.2589946e-02
   1.0400000e+02   9.5795503e-01   1.0050155e-02
   1.1200000e+02   9.7377678e-01   6.2361267e-03
   1.2000000e+02   1.0230255e+00  -2.2238168e-02
   1.2800000e+02   9.9891337e-01  -2.0303299e-03
   1.3600000e+02   9.9137483e-01  -3.4670006e-03
   1.4400000e+02   9.6458479e-01  -1.8597972e-03
   1.5200000e+02   9.8957909e-01  -1.0118701e-02
   1.6000000e+02   9.6800046e-01   7.9121367e-03
   1.6800000e+02   9.6531852e-01   2.9000164e-02
   1.7600000e+02   9.2409301e-01  -8.9788239e-03
   1.8400000e+02   9.4923937e-01  -3.6011810e-03
   1.9200000e+02   9.1952401e-01  -1.1237491e-02
   2.0000000e+02   8.9878553e-01  -2.1062343e-02
   2.0800000e+02   8.9006742e-01  -2.6601902e-03
   2.1600000e+02   9.1687509e-01   1.7091177e-02
   2.2400000e+02   8.7889620e-01  -8.2071478e-03
   2.3200000e+02   8.7438989e-01   1.5865371e-02
   2.4000000e+02   8.7619798e-01  -5.9038460e-03
   2.4800000e+02   8.2378438e-01   7.5793896e-03
   2.5600000e+02   8.1602486e-01   6.4278680e-03
   2.6400000e+02   8.5632502e-01  -1.3842635e-02
   2.7200000e+02   8.1764688e-01   1.0141400e-02
   2.8000000e+02   8.2141343e-01   4.9360132e-03
   2.8800000e+02   8.1166380e-01   1.0266244e-02
   2.9600000e+02   8.0051401e-01  -1.8838476e-03
   3.0400000e+02   7.7982651e-01  -1.8311913e-03
   3.1200000e+02   8.0137536e-01  -2.9332159e-03
   3.2000000e+02   8.0396601e-01   7.6546353e-03
   3.2800000e+02   8.0710038e-01   6.1768836e-04
   3.3600000e+02   8.3284392e-01  -4.5539423e-04
   3.4400000e+02   8.0434279e-01  -4.9720515e-03
   3.5200000e+02   7.7667695e-01  -1.4150407e-02
   3.6000000e+02   7.8572585e-01   1.1789620e-02
   3.6800000e+02   7.9151773e-01   7.0171548e-03
   3.7600000e+02   7.6679021e-01  -1.5960506e-02
   3.8400000e+02   7.5779129e-01  -2.5633439e-03
   3.9200000e+02   7.7177350e-01   8.5905450e-04
   4.0000000e+02   7.4908409e-01  -8.2709779e-04
   4.0800000e+02   7.3610456e-01  -2.5255067e-03
   4.1600000e+02   7.4011569e-01   8.1615861e-03
   4.2400000e+02   7.4949632e-01  -3.1199843e-02
   4.3200000e+02   7.3454529e-01   1.3551382e-03
   4.4000000e+02   7.7173855e-01  -2.8474275e-04
   4.4800000e+02   7.3880284e-01   2.2257288e-03
   4.5600000e+02   7.4732614e-01  -7.4022778e-03
   4.6400000e+02   7.0063271e-01   1.1766426e-02
   4.7200000e+02   7.6604067e-01  -4.7252050e-02
   4.8000000e+02   7.4611688e-01   2.2677965e-02
   4.8800000e+02   7.3426150e-01  -8.2141740e-03
   4.9600000e+02   7.4389621e-01   1.8824255e-02
   5.0400000e+02   7.1424754e-01  -1.8615158e-02
   5.1200000e+02   7.1132260e-01   2.1445783e-03
   5.2000000e+02   7.1901583e-01  -2.3915178e-02
   5.2800000e+02   7.0482578e-01   3.0060999e-03
   5.3600000e+02   7.1002217e-01   2.2162602e-02
   5.4400000e+02   7.4292948e-01   1.2672765e-03
   5.5200000e+02   7.0970318e-01   1.7721027e-02
   5.6000000e+02   6.9871213e-01  -1.0846940e-02
   5.6800000e+02   7.3222543e-01   3.0561737e-03
   5.7600000e+02   7.1904107e-01   1.1023977e-02
   5.8400000e+02   7.3674129e-01   2.4370943e-02
   5.9200000e+02   7.1192199e-01   2.2969407e-02
   6.0000000e+02   7.1500775e-01   7.6847682e-03
   6.0800000e+02   7.2984620e-01  -4.7976936e-04
   6.1600000e+02   7.0886340e-01   1.2000576e-02
   6.2400000e+02   7.0753521e-01  -1.5701609e-02
   6.3200000e+02   7.0347966e-01  -2.0058680e-02
   6.4000000e+02   6.9108532e-01   1.8819733e-02
   6.4800000e+02   7.2038679e-01   5.2544134e-04
   6.5600000e+02   6.8990263e-01   1.3234946e-02
   6.6400000e+02   7.1466679e-01   2.3368471e-02
   6.7200000e+02   7.2479129e-01  -3.6033412e-03
   6.8000000e+02   6.7264422e-01   1.3977456e-03
   6.8800000e+02   7.2565342e-01  -1.6989362e-03
   6.9600000e+02   7.0089969e-01  -1.5325771e-02
   7.0400000e+02   6.9109282e-01   8.2951317e-04
   7.1200000e+02   7.0244980e-01  -1.6061865e-02
   7.2000000e+02   7.0752258e-01  -7.8722211e-03
   7.2800000e+02   6.9655014e-01   2.7314996e-02
   7.3600000e+02   6.9482100e-01  -1.3255683e-02
   7.4400000e+02   7.0709943e-01  -2.5290043e-03
   7.5200000e+02   7.2013686e-01   4.1204679e-02
   7.6000000e+02   7.3427124e-01   4.9374243e-03
   7.6800000e+02   6.7516443e-01  -1.9892263e-02
   7.7600000e+02   7.0581991e-01  -1.1131261e-03
   7.8400000e+02   7.3364149e-01  -1.7192961e-02
   7.9200000e+02   7.0178379e-01   4.8660149e-04
   8.0000000e+02   7.2598549e-01   2.6335360e-02
   8.0800000e+02   7.2709039e-01   2.4639794e-02
   8.1600000e+02   7.1436269e-01   2.8702653e-03
   8.2400000e+02   7.2469968e-01  -9.6588634e-04
   8.3200000e+02   6.8466887e-01  -3.7587971e-02
   8.4000000e+02   7.1067500e-01  -2.7458214e-03
   8.4800000e+02   6.5988592e-01   4.8047333e-03
   8.5600000e+02   7.2479872e-01  -1.2743362e-02
   8.6400000e+02   6.7261755e-01  -2.8804044e-03
   8.7200000e+02   7.2851335e-01  -1.1073527e-02
   8.8000000e+02   7.1975114e-01  -1.7740397e-02
   8.8800000e+02   6.9399278e-01   1.5340767e-02
   8.9600000e+02   6.7524497e-01  -1.3721935e-02
   9.0400000e+02   6.8838755e-01  -1.1253440e-03
   9.1200000e+02   6.9574503e-01   7.5840803e-03
   9.2000000e+02   7.0134444e-01  -5.1533533e-03
   9.2800000e+02   7.3511288e-01  -1.4400324e-02
   9.3600000e+02   7.0304307e-01   1.2546975e-02
   9.4400000e+02   7.1098557e-01   1.5623705e-02
   9.5200000e+02   6.8524403e-01   8.7701051e-03
   9.6000000e+02   7.1849490e-01   9.0219787e-03
   9.6800000e+02   7.2046484e-01   3.3984132e-02
   9.7600000e+02   6.7787499e-01   2.0262815e-02
   9.8400000e+02   6.6588466e-01  -3.1139211e-02
   9.9200000e+02   6.8906366e-01  -1.2663943e-02
   1.0000000e+03   6.8724387e-01  -7.8063775e-03
   1.0080000e+03   7.0073563e-01  -1.2673040e-02
   1.0160000e+03   6.5692595e-01   2.0485589e-02
   1.0240000e+03   6.6044456e-01  -3.4977081e-02
   1.0320000e+03   6.8331725e-01   1.0702088e-02
   1.0400000e+03   7.0625044e-01   4.8161131e-02
   1.0480000e+03   6.9198279e-01  -1.4743650e-02
   1.0560000e+03   7.1202994e-01  -3.0398944e-02
   1.0640000e+03   6.8362848e-01   8.5020360e-03
   1.0720000e+03   6.7857758e-01   8.3089083e-03
   1.0800000e+03   6.8735118e-01   1.8365246e-02
   1.0880000e+03   6.8513422e-01   3.7721638e-02
   1.0960000e+03   6.8046906e-01   3.1360499e-03
   1.1040000e+03   6.7599653e-01  -7.4030385e-03
   1.1120000e+03   7.1370985e-01   1.7015412e-02
   1.1200000e+03   6.8907623e-01  -4.0817279e-02
   1.1280000e+03   6.8048968e-01   1.6825063e-02
   1.1360000e+03   7.2243827e-01  -1.1218004e-02
   1.1440000e+03   6.7152410e-01   1.3117447e-02
   1.1520000e+03   6.9088758e-01  -1.0650181e-02
   1.1600000e+03   7.2802922e-01   2.7874867e-02
   1.1680000e+03   7.1972234e-01  -2.3464572e-02
   1.1760000e+03   6.7686725e-01   3.3918342e-02
   1.1840000e+03   6.8880794e-01  -1.2369974e-02
   1.1920000e+03   6.8045514e-01  -1.1662837e-03
   1.2000000e+03   6.7615575e-01   1.8098256e-02
   1.2080000e+03   7.0595452e-01  -4.3685373e-03
   1.2160000e+03   7.2906884e-01   1.1814340e-03
   1.2240000e+03   6.8494937e-01  -1.0463856e-02
   1.2320000e+03   6.8778458e-01   5.2281129e-03
   1.2400000e+03   7.3423821e-01  -1.1858983e-02
   1.2480000e+03   7.0336421e-01  -1.3965214e-03
   1.2560000e+03   6.4005895e-01   2.5784484e-03
   1.2640000e+03   6.6483246e-01  -3.2206806e-02
   1.2720000e+03   7.0805987e-01  -2.2369114e-02
   1.2800000e+03   6.6979683e-01  -9.2465713e-03
   1.2880000e+03   7.0292523e-01  -3.7368534e-03
   1.2960000e+03   6.9605194e-01   6.5114669e-03
   1.3040000e+03   7.1195483e-01  -1.5305015e-02
   1.3120000e+03   6.6565253e-01   1.7775962e-02
   1.3200000e+03   6.9815716e-01   3.5807118e-02
   1.3280000e+03   6.8506842e-01  -3.0571242e-03
   1.3360000e+03   7.1292610e-01  -3.5604767e-02
   1.3440000e+03   7.2225085e-01  -1.9361415e-02
   1.3520000e+03   6.8994623e-01  -5.3318685e-03
   1.3600000e+03   7.1168631e-01   1.5646903e-04
   1.3680000e+03   6.9103186e-01   3.3995435e-03
   1.3760000e+03   7.0431612e-01   8.5751019e-03
   1.3840000e+03   6.6352309e-01   1.3324431e-02
   1.3920000e+03   6.9182321e-01  -2.6085003e-02
   1.4000000e+03   6.8721829e-01  -1.7403596e-02
   1.4080000e+03   6.9941940e-01  -3.8747962e-02
   1.4160000e+03   6.8899121e-01  -1.4970662e-03
   1.4240000e+03   7.2958507e-01  -2.5796139e-03
   1.4320000e+03   6.5700083e-01  -3.4730221e-02
   1.4400000e+03   6.9617735e-01  -4.0295337e-03
   1.4480000e+03   6.8265576e-01   2.5047051e-02
   1.4560000e+03   7.1232779e-01  -2.7083132e-02
   1.4640000e+03   6.8621627e-01   1.4413266e-04
   1.4720000e+03   6.9166214e-01  -3.7836425e-03
   1.4800000e+03   6.9367077e-01   1.4522814e-02
   1.4880000e+03   6.9880099e-01   4.3472598e-03
   1.4960000e+03   6.8082620e-01   1.7783053e-02
   1.5040000e+03   7.0055206e-01   1.5052569e-02
   1.5120000e+03   7.1758982e-01  -5.3443177e-03
   1.5200000e+03   7.3060439e-01   1.0634000e-02
   1.5280000e+03   6.6621694e-01  -1.2281875e-02
   1.5360000e+03   7.0306683e-01   1.1860577e-02
   1.5440000e+03   6.6682551e-01   7.8142346e-03
   1.5520000e+03   6.8059094e-01  -9.1647513e-03
   1.5600000e+03   6.9249479e-01   1.5629133e-02
   1.5680000e+03   6.7151189e-01   1.0135658e-02
   1.5760000e+03   6.8911634e-01  -7.9064897e-03
   1.5840000e+03   6.9961219e-01   7.2666211e-04
   1.5920000e+03   7.0136550e-01   3.8348897e-03
   1.6000000e+03   7.0397312e-01   7.3162853e-03
   1.6080000e+03   6.9954948e-01  -9.5995037e-03
   1.6160000e+03   6.5660248e-01  -1.3701009e-02
   1.6240000e+03   7.0191702e-01  -3.4661738e-02
   1.6320000e+03   6.8384981e-01  -6.1049419e-03
   1.6400000e+03   6.8397201e-01  -3.7445600e-02
   1.6480000e+03   7.0263271e-01   2.2747483e-03
   1.6560000e+03   6.9650086e-01  -5.3393770e-03
   1.6640000e+03   7.0054777e-01   1.7452740e-02
   1.6720000e+03   7.2175087e-01   9.9236246e-03
   1.6800000e+03   6.7155684e-01  -8.1760452e-03
   1.6880000e+03   6.6348570e-01  -1.9004954e-02
   1.6960000e+03   6.5637974e-01  -6.2259184e-03
   1.7040000e+03   6.9405079e-01  -3.3084237e-03
   1.7120000e+03   7.0382774e-01   1.8970069e-03
   1.7200000e+03   7.1154816e-01   2.2822959e-02
   1.7280000e+03   6.9776093e-01   2.2367590e-03
   1.7360000e+03   6.9704934e-01  -1.7113986e-03
   1.7440000e+03   7.0111487e-01  -2.3401763e-02
   1.7520000e+03   6.8427625e-01   2.6097109e-03
   1.7600000e+03   6.7013883e-01   2.5207256e-02
   1.7680000e+03   7.0289087e-01   4.8888938e-02
   1.7760000e+03   6.6307128e-01  -1.4094313e-02
   1.7840000e+03   6.8615815e-01  -3.1712077e-02
   1.7920000e+03   6.9373660e-01   4.1944488e-03
   1.8000000e+03   6.6112186e-01   2.5519433e-02
   1.8080000e+03   6.9028703e-01  -2.5270084e-02
   1.8160000e+03   6.7132800e-01  -2.6039804e-02
   1.8240000e+03   7.0017077e-01   6.7694957e-03
   1.8320000e+03   6.8194642e-01  -2.3879631e-02
   1.8400000e+03   6.8953748e-01  -2.3650827e-02
   1.8480000e+03   6.5903116e-01  -1.7250168e-03
   1.8560000e+03   6.9211475e-01   1.1660204e-02
   1.8640000e+03   6.8277870e-01   4.8766317e-03
   1.8720000e+03   7.0037195e-01  -1.8051133e-02
   1.8800000e+03   6.9063076e-01   2.9864013e-02
   1.8880000e+03   6.4343340e-01  -8.7916715e-03
   1.8960000e+03   6.8725520e-01  -1.0448770e-02
   1.9040000e+03   6.7642966e-01  -4.5291082e-03
   1.9120000e+03   6.9153741e-01   7.5354532e-03
   1.9200000e+03   6.7567467e-01  -7.4947129e-03
   1.9280000e+03   7.1407194e-01  -1.9987225e-03
   1.9360000e+03   7.0750364e-01   2.4215402e-02
   1.9440000e+03   6.9530123e-01   3.0176283e-02
   1.9520000e+03   6.9734531e-01   3.6508578e-03
   1.9600000e+03   6.6851487e-01  -2.5387547e-02
   1.9680000e+03   6.5499702e-01  -1.8758853e-02
   1.9760000e+03   6.8222598e-01  -1.1930133e-02
   1.9840000e+03   6.7587349e-01   2.1250381e-02
   1.9920000e+03   6.9947603e-01   1.9445597e-02
   2.0000000e+03   6.6926759e-01   1.4601081e-02
   2.0080000e+03   6.9285064e-01  -1.5242207e-02
   2.0160000e+03   6.8462949e-01  -2.2076461e-02
   2.0240000e+03   7.1464958e-01   4.3517452e-03
   2.0320000e+03   6.5411630e-01  -4.8267088e-03
   2.0400000e+03   6.9355174e-01  -2.1414556e-02
   2.0480000e+03   6.5739650e-01  -1.1670065e-03
   2.0560000e+03   6.9530786e-01  -2.4534344e-02
   2.0640000e+03   6.9437843e-01  -2.2111602e-02
   2.0720000e+03   7.1958705e-01  -2.1435913e-02
   2.0800000e+03   6.7186559e-01  -4.9499647e-03
   2.0880000e+03   6.6246635e-01   4.6416022e-02
   2.0960000e+03   7.1858538e-01   1.1953120e-02
   2.1040000e+03   7.0581844e-01   1.5476079e-02
   2.1120000e+03   7.1708186e-01   1.8166286e-02
   2.1200000e+03   6.8224267e-01   2.1528120e-02
   2.1280000e+03   6.7577721e-01   3.6702104e-02
   2.1360000e+03   6.6585421e-01   7.9872494e-03
   2.1440000e+03   6.6496821e-01  -4.0398831e-02
   2.1520000e+03   6.8965454e-01   1.9083142e-02
   2.1600000e+03   6.7000992e-01   8.4399701e-03
   2.1680000e+03   7.2310631e-01  -3.0315209e-02
   2.1760000e+03   6.7762976e-01  -1.6599789e-02
   2.1840000e+03   6.6681318e-01  -6.8767260e-03
   2.1920000e+03   6.6673205e-01  -1.6286239e-02
   2.2000000e+03   6.6172523e-01   3.9807435e-02
   2.2080000e+03   7.0851651e-01   1.2112624e-02
   2.2160000e+03   6.6454476e-01   1.0531682e-02
   2.2240000e+03   6.9049218e-01  -1.1341162e-02
   2.2320000e+03   6.6940076e-01   6.5555862e-04
   2.2400000e+03   6.9896346e-01   1.3194433e-02
   2.2480000e+03   6.6869977e-01  -5.7165994e-03
   2.2560000e+03   7.1507029e-01   6.0277223e-03
   2.2640000e+03   6.8446607e-01   1.3165741e-02
   2.2720000e+03   6.6551018e-01  -1.9813967e-02
   2.2800000e+03   6.7867004e-01   1.8164490e-02
   2.2880000e+03   6.9094960e-01  -2.8431601e-02
   2.2960000e+03   6.8770612e-01  -1.7562360e-02
   2.3040000e+03   6.5862985e-01   2.4140680e-03
   2.3120000e+03   6.7094835e-01  -2.5735269e-03
   2.3200000e+03   7.0057662e-01  -2.0079274e-02
   2.3280000e+03   6.9063444e-01  -1.4304568e-02
   2.3360000e+03   6.8319002e-01   1.1750369e-02
   2.3440000e+03   6.6997817e-01   2.2421464e-02
   2.3520000e+03   7.0340130e-01  -9.1448965e-03
   2.3600000e+03   6.8580055e-01  -1.7671948e-02
   2.3680000e+03   6.7632150e-01  -1.0490991e-02
   2.3760000e+03   6.9044970e-01   1.7989139e-02
   2.3840000e+03   6.6897894e-01  -1.2075542e-02
   2.3920000e+03   6.7787987e-01  -3.5657171e-03
   2.4000000e+03   6.9270296e-01  -2.0991247e-02
   2.4080000e+03   6.8289855e-01  -8.8414998e-03
   2.4160000e+03   6.8209151e-01   7.8099986e-03
   2.4240000e+03   6.6046171e-01  -9.6087444e-03
   2.4320000e+03   6.7181014e-01  -2.1581328e-02
   2.4400000e+03   7.0518318e-01  -6.8471725e-03
   2.4480000e+03   6.8568065e-01  -6.6677848e-03
   2.4560000e+03   6.7553771e-01  -2.6702483e-02
   2.4640000e+03   6.8018016e-01  -1.1876052e-02
   2.4720000e+03   6.9908318e-01  -2.7330557e-02
   2.4800000e+03   6.9198639e-01  -1.5540334e-02
   2.4880000e+03   6.8832764e-01   4.5552851e-03
   2.4960000e+03   6.8290017e-01  -4.8604835e-03
   2.5040000e+03   6.7953075e-01   3.3694384e-03
   2.5120000e+03   6.5322019e-01  -7.0400013e-03
   2.5200000e+03   6.7181085e-01   6.0457704e-03
   2.5280000e+03   6.6312837e-01   2.9900854e-02
   2.5360000e+03   7.2725731e-01   1.8180466e-02
   2.5440000e+03   6.5803597e-01  -1.4264518e-02
   2.5520000e+03   6.7088645e-01   2.9343295e-02
   2.5600000e+03   6.8645716e-01   1.2908492e-02
   2.5680000e+03   6.7764515e-01   3.6920637e-03
   2.5760000e+03   6.5972396e-01   1.7138219e-02
   2.5840000e+03   6.8859598e-01  -1.8760204e-03
   2.5920000e+03   6.9533121e-01  -5.7257542e-03
   2.6000000e+03   6.8406233e-01  -2.1552647e-02
   2.6080000e+03   6.6968405e-01  -1.3006188e-03
   2.6160000e+03   6.6224517e-01   2.1362988e-02
   2.6240000e+03   6.4580920e-01  -1.4729490e-02
   2.6320000e+03   6.7711539e-01  -1.3832094e-02
   2.6400000e+03   7.1454068e-01  -2.0466185e-03
   2.6480000e+03   6.7177499e-01  -9.9501503e-03
   2.6560000e+03   6.6541439e-01  -5.8156220e-03
   2.6640000e+03   6.7613412e-01   4.6039508e-03
   2.6720000e+03   6.5000129e-01   2.0445941e-02
   2.6800000e+03   6.5121824e-01  -4.1647954e-03
   2.6880000e+03   6.7878289e-01  -5.9069952e-03
   2.6960000e+03   6.5082251e-01  -1.7386128e-02
   2.7040000e+03   6.7756693e-01   1.0754513e-02
   2.7120000e+03   6.8939218e-01   3.1001619e-02
   2.7200000e+03   6.7023889e-01   5.2475527e-03
   2.7280000e+03   6.5338845e-01  -1.0801806e-02
   2.7360000e+03   6.7298429e-01   1.0262401e-02
   2.7440000e+03   6.6835807e-01   1.6647052e-02
   2.7520000e+03   6.9607526e-01  -9.3596720e-03
   2.7600000e+03   6.5464591e-01   3.8458407e-04
   2.7680000e+03   6.5519416e-01  -3.3609104e-02
   2.7760000e+03   6.6098315e-01   2.0382938e-02
   2.7840000e+03   6.7435371e-01  -8.9957173e-03
   2.7920000e+03   6.6456671e-01   1.6507547e-03
   2.8000000e+03   6.7692200e-01   9.0052634e-03
   2.8080000e+03   6.5872802e-01   1.9601682e-02
   2.8160000e+03   6.8129953e-01   1.2229144e-02
   2.8240000e+03   6.6852378e-01  -1.1007523e-02
   2.8320000e+03   6.8309560e-01  -8.7236823e-04
   2.8400000e+03   6.6048969e-01  -1.3467343e-02
   2.8480000e+03   6.3072888e-01   4.2627976e-02
   2.8560000e+03   6.5354077e-01   2.4297227e-03
   2.8640000e+03   6.5654185e-01   2.2312344e-02
   2.8720000e+03   6.7139219e-01   4.3988656e-02
   2.8800000e+03   6.8071063e-01  -2.0496881e-03
   2.8880000e+03   6.7161293e-01  -1.0612860e-02
   2.8960000e+03   6.5993463e-01  -2.7524679e-02
   2.9040000e+03   6.7979894e-01   2.1216351e-02
   2.9120000e+03   6.6947703e-01  -1.1303780e-02
   2.9200000e+03   6.9398320e-01  -5.0555479e-03
   2.9280000e+03   6.5312358e-01  -7.2078151e-03
   2.9360000e+03   6.8611683e-01  -6.0513927e-03
   2.9440000e+03   6.6543790e-01  -1.0864132e-02
   2.9520000e+03   6.7439536e-01   4.0880329e-03
   2.9600000e+03   6.7219312e-01   1.5816835e-02
   2.9680000e+03   6.4378370e-01  -6.7669282e-04
   2.9760000e+03   6.6817242e-01   1.2288150e-02
   2.9840000e+03   6.7198070e-01  -3.5175124e-02
   2.9920000e+03   6.4715000e-01  -2.2241025e-02
   3.0000000e+03   6.7211496e-01  -1.1998170e-02
   3.0080000e+03   6.3727202e-01  -8.2891916e-03
   3.0160000e+03   6.6641441e-01   3.1367746e-02
   3.0240000e+03   6.4675889e-01   2.4003713e-03
   3.0320000e+03   6.5112182e-01   1.8567736e-02
   3.0400000e+03   6.6164466e-01  -9.2202447e-03
   3.0480000e+03   6.8548171e-01   4.4978372e-03
   3.0560000e+03   6.9683759e-01   4.8631759e-03
   3.0640000e+03   6.5965340e-01   1.9567255e-02
   3.0720000e+03   6.8157071e-01   1.5100854e-02
   3.0800000e+03   6.5855169e-01  -1.6539279e-02
   3.0880000e+03   6.8544789e-01  -9.2285706e-03
   3.0960000e+03   6.6562812e-01  -2.3329172e-02
   3.1040000e+03   6.4302418e-01  -3.0276705e-02
   3.1120000e+03   6.3760833e-01   2.9536244e-02
   3.1200000e+03   6.7748312e-01   2.4321360e-02
   3.1280000e+03   6.8003118e-01  -1.0717666e-02
   3.1360000e+03   6.2476832e-01   3.5467081e-02
   3.1440000e+03   6.5785109e-01  -2.0371661e-03
   3.1520000e+03   6.9351919e-01   8.8746394e-03
   3.1600000e+03   6.8551294e-01   2.0500906e-02
   3.1680000e+03   6.6003040e-01  -2.0078573e-02
   3.1760000e+03   6.8363427e-01   1.4687703e-02
   3.1840000e+03   6.7679292e-01   1.2233787e-02
   3.1920000e+03   6.4087549e-01   5.3435398e-03
   3.2000000e+03   6.8661458e-01  -1.4945400e-02
   3.2080000e+03   6.4334287e-01  -5.8489980e-03
   3.2160000e+03   6.8299323e-01   1.3192235e-02
   3.2240000e+03   6.4464486e-01   7.5662539e-03
   3.2320000e+03   6.9188106e-01   1.3483195e-02
   3.2400000e+03   6.8343531e-01   2.0474649e-02
   3.2480000e+03   6.6655616e-01   4.3573760e-02
   3.2560000e+03   6.7383485e-01   1.2729750e-02
   3.2640000e+03   6.7805876e-01  -8.8162993e-03
   3.2720000e+03   6.7384387e-01  -7.9414585e-03
   3.2800000e+03   6.6408659e-01  -3.2209314e-02
   3.2880000e+03   7.0295543e-01   1.1524505e-03
   3.2960000e+03   6.7170570e-01   1.2659182e-02
   3.3040000e+03   6.3300879e-01  -1.0936166e-02
   3.3120000e+03   6.6065361e-01  -3.2635578e-02
   3.3200000e+03   6.6756908e-01   2.0026596e-02
   3.3280000e+03   6.5307782e-01  -4.6295680e-03
   3.3360000e+03   6.7229789e-01  -1.2303321e-02
   3.3440000e+03   6.2879481e-01  -1.1517197e-02
   3.3520000e+03   6.5491533e-01   2.2629274e-02
   3.3600000e+03   6.4964690e-01  -2.1620336e-02
   3.3680000e+03   6.7201983e-01   1.0641501e-03
   3.3760000e+03   6.3894012e-01   7.9226426e-03
   3.3840000e+03   6.9043275e-01  -1.5512754e-02
   3.3920000e+03   6.5949437e-01   9.6861777e-03
   3.4000000e+03   6.7702516e-01  -7.0898570e-03
   3.4080000e+03   6.7808481e-01  -1.7167379e-02
   3.4160000e+03   6.2695256e-01  -1.1379564e-02
   3.4240000e+03   6.6889265e-01  -2.0286849e-03
   3.4320000e+03   6.5232862e-01   2.4657626e-02
   3.4400000e+03   6.5754525e-01  -7.3780833e-03
   3.4480000e+03   6.6430841e-01   6.7742085e-03
   3.4560000e+03   6.5365446e-01  -2.8447171e-03
   3.4640000e+03   6.2674481e-01  -4.2630382e-03
   3.4720000e+03   6.4721294e-01   8.7176023e-03
   3.4800000e+03   6.6715353e-01   8.5498864e-03
   3.4880000e+03   6.2268960e-01  -2.6935423e-02
   3.4960000e+03   6.4693857e-01  -1.8279669e-02
   3.5040000e+03   6.6769379e-01   4.3785400e-03
   3.5120000e+03   6.5114444e-01  -2.6350987e-02
   3.5200000e+03   6.5979578e-01  -1.2019085e-02
   3.5280000e+03   6.4648346e-01  -2.5627194e-02
   3.5360000e+03   6.7013988e-01   1.8040600e-02
   3.5440000e+03   6.7603519e-01   1.0312923e-03
   3.5520000e+03   6.4027075e-01  -1.2221089e-02
   3.5600000e+03   6.5790748e-01  -5.0998964e-03
   3.5680000e+03   6.5784332e-01  -1.7565698e-02
   3.5760000e+03   6.5824834e-01  -1.8377064e-02
   3.5840000e+03   6.6301386e-01  -1.6118126e-02
   3.5920000e+03   6.7697361e-01  -7.4244558e-03
   3.6000000e+03   6.5663709e-01  -1.5660849e-03
   3.6080000e+03   6.8354038e-01   6.5328959e-03
   3.6160000e+03   6.5465995e-01   1.5446600e-02
   3.6240000e+03   6.3098557e-01   5.7456761e-03
   3.6320000e+03   6.5867055e-01   1.1509496e-02
   3.6400000e+03   6.5175327e-01  -1.2926248e-02
   3.6480000e+03   6.5177439e-01  -9.6698638e-03
   3.6560000e+03   6.7151187e-01   1.0369144e-03
   3.6640000e+03   6.4777798e-01  -2.6459787e-02
   3.6720000e+03   6.6958856e-01   7.2888270e-03
   3.6800000e+03   6.8601294e-01  -7.5217993e-03
   3.6880000e+03   6.6977768e-01   1.1424353e-02
   3.6960000e+03   6.5117805e-01   2.7955202e-02
   3.7040000e+03   6.5929245e-01   1.5490072e-02
   3.7120000e+03   6.2189655e-01  -3.8273993e-06
   3.7200000e+03   6.6527172e-01  -1.3407646e-02
   3.7280000e+03   6.7214176e-01   3.4834388e-02
   3.7360000e+03   6.7108485e-01  -1.0461850e-02
   3.7440000e+03   6.4214770e-01   5.6930304e-03
   3.7520000e+03   6.5994967e-01   3.3745093e-02
   3.7600000e+03   6.3304714e-01  -1.4290063e-02
   3.7680000e+03   6.5178821e-01  -2.4830818e-02
   3.7760000e+03   6.6454080e-01   2.1387683e-02
   3.7840000e+03   6.7080571e-01  -1.3534583e-02
   3.7920000e+03   6.2739424e-01   3.3865937e-02
   3.8000000e+03   6.6459892e-01   1.4126669e-03
   3.8080000e+03   6.4637996e-01   1.0586929e-02
   3.8160000e+03   6.7364225e-01  -1.5533337e-02
   3.8240000e+03   6.4552653e-01   2.8368481e-02
   3.8320000e+03   6.6019830e-01   1.3252870e-02
   3.8400000e+03   6.3435488e-01  -3.8093009e-03
   3.8480000e+03   6.3534032e-01   1.3544191e-02
   3.8560000e+03   6.5900530e-01  -2.8000602e-04
   3.8640000e+03   6.4622588e-01  -9.0137979e-03
   3.8720000e+03   6.3179380e-01   1.2773316e-02
   3.8800000e+03   6.6329400e-01   3.1052406e-02
   3.8880000e+03   6.4706523e-01   9.2850202e-03
   3.8960000e+03   6.4990481e-01  -2.2274558e-02
   3.9040000e+03   6.2338546e-01  -2.8971278e-03
   3.9120000e+03   6.5192684e-01   7.3565459e-03
   3.9200000e+03   6.5501758e-01  -1.5510381e-03
   3.9280000e+03   6.3081879e-01  -8.5005275e-03
   3.9360000e+03   6.9447493e-01  -4.4762659e-03
   3.9440000e+03   6.4456799e-01   7.2079988e-03
   3.9520000e+03   6.5190091e-01   3.2420839e-02
   3.9600000e+03   6.6597902e-01   2.1871976e-02
   3.9680000e+03   6.4878734e-01   3.1130833e-02
   3.9760000e+03   6.5052901e-01   3.0696773e-02
   3.9840000e+03   6.5377617e-01   2.4096096e-02
   3.9920000e+03   6.3751097e-01   2.0431964e-02
   4.0000000e+03   6.5962753e-01  -3.0059378e-02
   4.0080000e+03   6.2600141e-01   1.0382737e-02
   4.0160000e+03   6.3815475e-01   5.6348938e-03
   4.0240000e+03   6.4168934e-01   3.1682799e-02
   4.0320000e+03   6.6244847e-01   9.7179226e-03
   4.0400000e+03   6.5954850e-01  -5.6020823e-03
   4.0480000e+03   6.9208639e-01  -4.1510046e-03
   4.0560000e+03   6.7320192e-01   1.3550494e-03
   4.0640000e+03   6.3604940e-01  -4.1709339e-02
   4.0720000e+03   6.3824935e-01  -1.5417592e-02
   4.0800000e+03   6.5740085e-01   1.0392436e-02
   4.0880000e+03   6.4076865e-01   2.7760734e-02
   4.0960000e+03   6.1937535e-01  -2.9148695e-02
   4.1040000e+03   6.4708358e-01   1.7693214e-02
   4.1120000e+03   6.8467215e-01  -4.4984360e-02
   4.1200000e+03   6.6766567e-01  -2.0449427e-02
   4.1280000e+03   6.4308726e-01   7.5000878e-03
   4.1360000e+03   6.3768050e-01  -6.8189198e-03
   4.1440000e+03   6.6917665e-01  -1.5933057e-03
   4.1520000e+03   6.6301133e-01   1.4223793e-02
   4.1600000e+03   6.5830024e-01   9.5350625e-03
   4.1680000e+03   6.4179617e-01  -3.2891488e-02
   4.1760000e+03   6.3859006e-01   1.6060405e-02
   4.1840000e+03   6.4026648e-01   9.9736305e-03
   4.1920000e+03   6.6164227e-01   6.8450490e-04
   4.2000000e+03   6.3699553e-01  -2.8007452e-02
   4.2080000e+03   6.4057694e-01   1.4256450e-03
   4.2160000e+03   6.8824016e-01  -1.6576049e-02
   4.2240000e+03   6.5340130e-01  -1.6551322e-02
   4.2320000e+03   6.5336719e-01  -5.0124499e-03
   4.2400000e+03   6.6119739e-01   1.9537899e-02
   4.2480000e+03   6.3794540e-01  -1.7926015e-02
   4.2560000e+03   6.3433506e-01  -1.0314028e-04
   4.2640000e+03   6.6936764e-01   2.1888063e-04
   4.2720000e+03   6.4174682e-01  -4.7298527e-04
   4.2800000e+03   6.4484692e-01   3.3298228e-02
   4.2880000e+03   6.3652404e-01  -1.2225136e-02
   4.2960000e+03   6.2077282e-01  -3.4717837e-03
   4.3040000e+03   6.5740327e-01  -1.2839864e-02
   4.3120000e+03   6.6521059e-01  -2.3178732e-02
   4.3200000e+03   6.2814692e-01   2.9539718e-02
   4.3280000e+03   6.7119113e-01  -3.8190456e-03
   4.3360000e+03   6.2357751e-01  -1.2572485e-03
   4.3440000e+03   6.4018323e-01  -2.5255554e-02
   4.3520000e+03   6.4626698e-01   1.2059613e-02
   4.3600000e+03   6.6169213e-01   2.3163936e-02
   4.3680000e+03   6.1335495e-01  -3.8049691e-02
   4.3760000e+03   6.4208737e-01  -2.0511771e-02
   4.3840000e+03   6.6705036e-01  -4.8319211e-04
   4.3920000e+03   6.4423522e-01  -3.4766760e-02
   4.4000000e+03   6.5410173e-01   6.4580521e-03
   4.4080000e+03   6.0848566e-01   1.1571264e-03
   4.4160000e+03   6.5829654e-01  -3.2188372e-03
   4.4240000e+03   6.3067420e-01  -8.6725691e-03
   4.4320000e+03   6.6285602e-01   3.1977966e-03
   4.4400000e+03   6.7620968e-01   1.4327952e-03
   4.4480000e+03   6.4512944e-01  -1.9663637e-03
   4.4560000e+03   6.5039714e-01   2.4064591e-02
   4.4640000e+03   6.2702146e-01   7.3996339e-03
   4.4720000e+03   6.3487966e-01  -1.3883748e-02
   4.4800000e+03   6.2922020e-01   8.9005856e-03
   4.4880000e+03   6.1192278e-01  -2.5837727e-02
   4.4960000e+03   6.3976773e-01  -1.5103476e-02
   4.5040000e+03   6.5388973e-01   1.4501044e-02
   4.5120000e+03   6.6155632e-01  -1.6359857e-02
   4.5200000e+03   6.1972464e-01   5.4783843e-03
   4.5280000e+03   6.2913649e-01   1.1231622e-02
   4.5360000e+03   6.0852641e-01  -1.0476925e-02
   4.5440000e+03   6.3271937e-01  -1.5079393e-03
   4.5520000e+03   6.2294967e-01   1.7212512e-02
   4.5600000e+03   6.4598193e-01  -1.0188882e-02
   4.5680000e+03   6.2879823e-01  -2.7462942e-03
   4.5760000e+03   6.3559128e-01   2.7599875e-02
   4.5840000e+03   6.3043646e-01   2.8498791e-02
   4.5920000e+03   6.7189463e-01  -5.4690582e-03
   4.6000000e+03   6.5429856e-01  -9.1475442e-03
   4.6080000e+03   6.4060447e-01  -4.9403411e-03
   4.6160000e+03   6.7602257e-01  -9.3584909e-03
   4.6240000e+03   6.7254618e-01   2.3740347e-02
   4.6320000e+03   6.5315910e-01  -2.2567135e-02
   4.6400000e+03   6.5641664e-01   6.1222843e-03
   4.6480000e+03   6.0619672e-01  -2.6097913e-02
   4.6560000e+03   6.3211648e-01   1.6280442e-02
   4.6640000e+03   6.6951158e-01   4.4273177e-02
   4.6720000e+03   6.3386301e-01   8.7444614e-03
   4.6800000e+03   6.4172921e-01   2.2478608e-02
   4.6880000e+03   6.6631941e-01  -1.6954952e-02
   4.6960000e+03   6.2380399e-01   1.5101269e-03
   4.7040000e+03   6.4048872e-01  -5.0591011e-03
   4.7120000e+03   6.5398410e-01  -1.8339072e-02
   4.7200000e+03   6.3202358e-01   1.4726658e-02
   4.7280000e+03   6.2628801e-01  -2.2534391e-03
   4.7360000e+03   6.2423161e-01   2.6620477e-02
   4.7440000e+03   6.3635486e-01  -2.1169051e-03
   4.7520000e+03   6.5224274e-01  -2.8423095e-02
   4.7600000e+03   6.4447437e-01   1.2028349e-02
   4.7680000e+03   6.4617978e-01   1.5787041e-02
   4.7760000e+03   6.3094034e-01  -3.6325212e-03
   4.7840000e+03   6.3447990e-01  -9.0938807e-03
   4.7920000e+03   6.2588425e-01   1.1102182e-02
   4.8000000e+03   6.5080178e-01   3.1882789e-03
   4.8080000e+03   6.6251088e-01   2.0786036e-02
   4.8160000e+03   6.5523285e-01  -1.2336983e-02
   4.8240000e+03   6.3140272e-01   5.9090449e-03
   4.8320000e+03   6.4141815e-01  -1.8353014e-02
   4.8400000e+03   6.5059510e-01   5.6728456e-03
   4.8480000e+03   6.2365974e-01   2.1346072e-02
   4.8560000e+03   6.5315789e-01  -1.2916148e-02
   4.8640000e+03   6.5569492e-01   7.2048956e-05
   4.8720000e+03   6.3738885e-01  -1.7945955e-02
   4.8800000e+03   6.2784756e-01   1.7395103e-02
   4.8880000e+03   6.2522566e-01  -1.7022566e-02
   4.8960000e+03   6.2879706e-01  -9.8984119e-03
   4.9040000e+03   5.8507105e-01   3.0825606e-02
   4.9120000e+03   6.2163988e-01  -3.0685950e-02
   4.9200000e+03   6.7252716e-01  -1.0118958e-02
   4.9280000e+03   6.6262808e-01   3.4219509e-02
   4.9360000e+03   6.2579925e-01   4.5603302e-05
   4.9440000e+03   6.5342631e-01  -1.7646825e-02
   4.9520000e+03   6.2065078e-01  -8.3670941e-03
   4.9600000e+03   6.5453462e-01  -5.9340404e-03
   4.9680000e+03   6.5241560e-01   2.2655346e-02
   4.9760000e+03   6.4781893e-01  -3.0961988e-03
   4.9840000e+03   6.4087139e-01  -1.8053601e-02
   4.9920000e+03   6.2506575e-01  -5.7982568e-02
   5.0000000e+03   6.1617845e-01   1.0275508e-02
   5.0080000e+03   6.5280975e-01   2.7061396e-02
   5.0160000e+03   6.5152595e-01   1.4457751e-02
   5.0240000e+03   6.6712186e-01  -1.9570788e-02
   5.0320000e+03   6.4285997e-01   2.5375890e-03
   5.0400000e+03   6.2777217e-01  -1.5481615e-02
   5.0480000e+03   6.3534838e-01  -1.6997331e-02
   5.0560000e+03   6.3198583e-01  -2.0881039e-02
   5.0640000e+03   6.5824938e-01   1.1006601e-02
   5.0720000e+03   6.3305452e-01   8.8448212e-03
   5.0800000e+03   6.3600310e-01  -1.1956025e-02
   5.0880000e+03   6.3590465e-01  -7.5060897e-03
   5.0960000e+03   6.0800661e-01   1.6038545e-02
   5.1040000e+03   6.6117020e-01   3.6593033e-03
   5.1120000e+03   6.1987761e-01  -1.4716818e-02
   5.1200000e+03   6.1231642e-01   8.0671538e-03
   5.1280000e+03   6.2051530e-01   5.0323401e-03
   5.1360000e+03   6.4874594e-01   6.1056084e-03
   5.1440000e+03   6.2756858e-01   9.2198579e-03
   5.1520000e+03   6.5681978e-01   3.0677553e-02
   5.1600000e+03   6.3879105e-01   4.0593196e-04
   5.1680000e+03   6.4555361e-01  -3.2830332e-03
   5.1760000e+03   6.3181580e-01  -2.8678067e-04
   5.1840000e+03   6.3519963e-01  -1.9951694e-02
   5.1920000e+03   6.2597477e-01   9.3850805e-03
   5.2000000e+03   6.3250622e-01   1.5600936e-02
   5.2080000e+03   6.1820431e-01   2.4277616e-04
   5.2160000e+03   6.5296140e-01  -1.4882023e-02
   5.2240000e+03   6.4324941e-01   2.9039241e-02
   5.2320000e+03   6.2675365e-01   2.0685139e-02
   5.2400000e+03   6.4296434e-01  -2.4312498e-02
   5.2480000e+03   6.4127954e-01   2.7804723e-03
   5.2560000e+03   6.0098750e-01  -2.6561355e-02
   5.2640000e+03   6.1343154e-01  -9.5032302e-03
   5.2720000e+03   6.3823840e-01  -8.3991308e-03
   5.2800000e+03   6.3371428e-01   1.2339028e-02
   5.2880000e+03   6.4628283e-01  -5.0969021e-03
   5.2960000e+03   6.3440465e-01  -1.7764085e-02
   5.3040000e+03   6.2978982e-01   8.9935436e-03
   5.3120000e+03   6.4120536e-01  -3.3962463e-03
   5.3200000e+03   6.1763729e-01   1.8813532e-02
   5.3280000e+03   6.2932978e-01   8.4223436e-03
   5.3360000e+03   6.2186930e-01   3.8213422e-03
   5.3440000e+03   6.3040742e-01  -2.4569401e-02
   5.3520000e+03   6.4747809e-01  -8.4411200e-03
   5.3600000e+03   6.1661268e-01   1.0364057e-02
   5.3680000e+03   6.4754883e-01   8.7022588e-03
   5.3760000e+03   5.9969530e-01  -3.8896122e-02
   5.3840000e+03   6.1742913e-01   2.1902244e-03
   5.3920000e+03   6.3426729e-01  -8.0533773e-03
   5.4000000e+03   6.4678477e-01   2.3971503e-02
   5.4080000e+03   6.3520680e-01   1.0367667e-02
   5.4160000e+03   6.1867660e-01  -3.0143752e-02
   5.4240000e+03   6.1529133e-01   2.4938478e-03
   5.4320000e+03   6.4139920e-01  -3.1084372e-02
   5.4400000e+03   6.5479111e-01   1.4296141e-02
   5.4480000e+03   6.1937140e-01  -3.5209958e-02
   5.4560000e+03   6.2208387e-01  -2.3118872e-02
   5.4640000e+03   6.1387748e-01   2.8704840e-04
   5.4720000e+03   6.4717387e-01  -3.3761020e-02
   5.4800000e+03   6.3571201e-01   9.6374407e-03
   5.4880000e+03   6.3488466e-01   2.2570163e-02
   5.4960000e+03   6.2892135e-01   9.7262051e-03
   5.5040000e+03   6.3053238e-01   2.3763434e-03
   5.5120000e+03   6.0486309e-01  -1.5037939e-03
   5.5200000e+03   6.6674297e-01   2.8406688e-02
   5.5280000e+03   6.2396089e-01   1.9769178e-02
   5.5360000e+03   5.9695316e-01  -7.7846297e-03
   5.5440000e+03   6.1965521e-01   2.2810643e-02
   5.5520000e+03   5.9490529e-01   3.4341288e-02
   5.5600000e+03   6.1889166e-01   3.7693078e-03
   5.5680000e+03   6.2852647e-01   1.0595545e-04
   5.5760000e+03   5.9049255e-01  -8.3469356e-03
   5.5840000e+03   6.0358495e-01  -1.2397465e-02
   5.5920000e+03   6.2628674e-01  -1.8737177e-02
   5.6000000e+03   6.4823204e-01   1.3019658e-02
   5.6080000e+03   6.3560274e-01  -2.9204325e-02
   5.6160000e+03   6.2286812e-01   6.8692504e-03
   5.6240000e+03   6.1101420e-01   2.0281853e-02
   5.6320000e+03   6.2226505e-01  -2.1219569e-02
   5.6400000e+03   6.2430193e-01   3.6777202e-03
   5.6480000e+03   6.6453819e-01  -2.0358533e-02
   5.6560000e+03   6.2326371e-01  -2.2642143e-02
   5.6640000e+03   6.4918244e-01   1.4530768e-02
   5.6720000e+03   6.2840922e-01   1.9913347e-02
   5.6800000e+03   6.2691759e-01  -3.0650176e-02
   5.6880000e+03   6.1308855e-01  -5.2126319e-03
   5.6960000e+03   6.2865613e-01  -1.8230508e-02
   5.7040000e+03   6.4333189e-01  -2.2347647e-03
   5.7120000e+03   6.3104791e-01  -2.7771677e-02
   5.7200000e+03   6.2634469e-01   1.6921902e-02
   5.7280000e+03   6.3620437e-01   2.8132129e-02
   5.7360000e+03   6.2470596e-01   1.5793095e-02
   5.7440000e+03   6.1585494e-01   7.7819515e-03
   5.7520000e+03   6.4980223e-01  -4.5596561e-03
   5.7600000e+03   6.2533353e-01   2.3011860e-02
   5.7680000e+03   6.2281850e-01   1.1435386e-02
   5.7760000e+03   6.3547221e-01  -1.6457581e-03
   5.7840000e+03   6.0201585e-01   6.3061036e-03
   5.7920000e+03   6.1547450e-01  -9.1342313e-03
   5.8000000e+03   6.3518544e-01   8.8563267e-03
   5.8080000e+03   6.1800258e-01  -2.0586354e-02
   5.8160000e+03   6.1598815e-01   2.1980750e-04
   5.8240000e+03   6.1641578e-01   9.0685924e-03
   5.8320000e+03   5.9620061e-01   2.1799700e-02
   5.8400000e+03   6.2363413e-01   8.8254008e-03
   5.8480000e+03   6.3203791e-01   2.3092373e-02
   5.8560000e+03   6.6112415e-01  -2.3348812e-02
   5.8640000e+03   5.9102973e-01   8.7953084e-04
   5.8720000e+03   6.0250607e-01  -2.1066980e-02
   5.8800000e+03   6.1950152e-01  -2.1395046e-02
   5.8880000e+03   6.1708144e-01   2.2996583e-02
   5.8960000e+03   6.2662971e-01   4.3676918e-03
   5.9040000e+03   6.3737575e-01  -1.5384587e-02
   5.9120000e+03   5.9305382e-01   1.4740057e-02
   5.9200000e+03   6.3277594e-01   1.0220441e-02
   5.9280000e+03   6.0337008e-01   1.3972265e-02
   5.9360000e+03   6.2204128e-01  -1.3225122e-02
   5.9440000e+03   6.2652230e-01  -1.5600072e-02
   5.9520000e+03   6.2495864e-01   6.5311245e-04
   5.9600000e+03   5.9350494e-01  -1.1486166e-02
   5.9680000e+03   6.0796655e-01  -2.9916732e-02
   5.9760000e+03   6.2255504e-01   1.6412378e-02
   5.9840000e+03   6.1933444e-01   1.9379852e-02
   5.9920000e+03   6.3181594e-01   7.5751058e-03
   6.0000000e+03   5.9453270e-01  -2.5353553e-02
   6.0080000e+03   6.3015118e-01  -1.0918425e-02
   6.0160000e+03   6.2531800e-01  -4.1413897e-03
   6.0240000e+03   6.1760239e-01  -2.7553526e-02
   6.0320000e+03   5.9088133e-01   3.8120293e-03
   6.0400000e+03   5.9974946e-01   2.2132160e-02
   6.0480000e+03   6.3103259e-01   6.8480012e-03
   6.0560000e+03   5.9847137e-01   2.3267128e-02
   6.0640000e+03   6.1161094e-01  -1.4691788e-02
   6.0720000e+03   6.1728577e-01  -9.4670213e-03
   6.0800000e+03   6.0531055e-01   1.1503415e-03
   6.0880000e+03   6.1469720e-01  -1.8605278e-04
   6.0960000e+03   6.3066940e-01   1.1200029e-02
   6.1040000e+03   6.3807824e-01  -9.2838362e-03
   6.1120000e+03   6.2364328e-01   9.7812781e-04
   6.1200000e+03   6.3411189e-01   2.1292123e-02
   6.1280000e+03   6.2621735e-01   5.4684451e-03
   6.1360000e+03   6.4996920e-01   1.0066851e-02
   6.1440000e+03   6.0826056e-01   5.4244065e-03
   6.1520000e+03   6.1533688e-01  -9.6921818e-04
   6.1600000e+03   6.2144366e-01  -1.8563582e-02
   6.1680000e+03   6.1713070e-01  -1.8045176e-02
   6.1760000e+03   6.0985905e-01  -1.1817532e-02
   6.1840000e+03   6.0602388e-01  -7.3405548e-04
   6.1920000e+03   6.0940983e-01  -1.7258350e-02
   6.2000000e+03   6.1922978e-01  -6.4966663e-03
   6.2080000e+03   6.2319254e-01   1.8911708e-02
   6.2160000e+03   6.1943857e-01   3.2860068e-02
   6.2240000e+03   6.2919927e-01  -6.7909838e-03
   6.2320000e+03   6.0279224e-01  -1.5090164e-03
   6.2400000e+03   5.9206249e-01   2.7869256e-02
   6.2480000e+03   6.0496857e-01  -1.0774722e-02
   6.2560000e+03   6.1412637e-01   2.6260268e-02
   6.2640000e+03   6.1817740e-01  -3.4153045e-02
   6.2720000e+03   5.7926262e-01   4.9431784e-03
   6.2800000e+03   6.3307745e-01   1.6410862e-02
   6.2880000e+03   6.1498982e-01  -1.0371089e-03
   6.2960000e+03   6.5656675e-01   2.6852406e-02
   6.3040000e+03   6.1268206e-01   5.1830775e-03
   6.3120000e+03   6.1084373e-01   2.1823274e-02
   6.3200000e+03   6.1278880e-01  -1.8038915e-03
   6.3280000e+03   6.1721558e-01   1.9597422e-02
   6.3360000e+03   6.1267230e-01  -1.4027601e-02
   6.3440000e+03   6.0608839e-01  -1.7469429e-02
   6.3520000e+03   6.3559884e-01  -7.3982387e-03
   6.3600000e+03   6.2920738e-01   1.0384583e-02
   6.3680000e+03   6.0905532e-01  -1.5840428e-02
   6.3760000e+03   6.2882118e-01  -8.6344060e-03
   6.3840000e+03   6.2178850e-01   6.4350029e-03
   6.3920000e+03   5.9873427e-01  -3.0520041e-02
   6.4000000e+03   6.1557802e-01   2.4438150e-02
   6.4080000e+03   5.8681511e-01   6.8948302e-03
   6.4160000e+03   6.3841065e-01   1.0739397e-02
   6.4240000e+03   6.3199000e-01   1.9948737e-02
   6.4320000e+03   5.9714654e-01  -3.9903424e-03
   6.4400000e+03   6.2107483e-01  -1.5662344e-02
   6.4480000e+03   6.3866042e-01  -1.2989315e-02
   6.4560000e+03   6.2672928e-01  -1.8656502e-03
   6.4640000e+03   5.9556106e-01   2.1437013e-02
   6.4720000e+03   5.9220603e-01  -9.8042652e-03
   6.4800000e+03   6.0698414e-01   1.0335302e-02
   6.4880000e+03   5.9250555e-01  -2.7558262e-03
   6.4960000e+03   6.3698655e-01  -3.4285350e-02
   6.5040000e+03   6.2979470e-01  -2.8263523e-02
   6.5120000e+03   6.0552498e-01  -9.9130857e-03
   6.5200000e+03   6.1627516e-01   1.3841302e-02
   6.5280000e+03   6.0371166e-01   7.2321981e-03
   6.5360000e+03   5.7953513e-01  -1.0680321e-02
   6.5440000e+03   6.0448080e-01  -2.0329052e-02
   6.5520000e+03   6.2555915e-01   6.8323823e-03
   6.5600000e+03   6.0845018e-01   1.3369576e-02
   6.5680000e+03   6.4880444e-01  -1.3938559e-02
   6.5760000e+03   6.2844968e-01   4.6216074e-03
   6.5840000e+03   6.3734495e-01   1.4662993e-02
   6.5920000e+03   6.1739390e-01   2.0616272e-02
   6.6000000e+03   6.0740403e-01  -2.5764189e-02
   6.6080000e+03   6.2503639e-01   3.7402927e-02
   6.6160000e+03   6.2553921e-01   1.1630721e-02
   6.6240000e+03   5.9031886e-01   2.0644187e-03
   6.6320000e+03   5.8201455e-01   1.0723401e-02
   6.6400000e+03   6.2204527e-01  -1.5003256e-02
   6.6480000e+03   6.1824095e-01   6.2447789e-03
   6.6560000e+03   5.8261011e-01   1.1256480e-02
   6.6640000e+03   6.1156831e-01   3.5451973e-03
   6.6720000e+03   5.8897063e-01   5.3136142e-03
   6.6800000e+03   6.2015547e-01   2.1793627e-03
   6.6880000e+03   6.0173483e-01   6.0281610e-03
   6.6960000e+03   5.7071875e-01  -5.0178253e-02
   6.7040000e+03   5.8831712e-01   5.8264036e-03
   6.7120000e+03   6.0736463e-01   1.6543424e-03
   6.7200000e+03   6.1061882e-01   2.4749779e-02
   6.7280000e+03   6.3755520e-01   4.3468672e-03
   6.7360000e+03   6.3960101e-01  -5.5767002e-03
   6.7440000e+03   6.2916263e-01  -2.1824023e-02
   6.7520000e+03   6.0394348e-01  -4.0478034e-04
   6.7600000e+03   6.0741164e-01   1.3753403e-02
   6.7680000e+03   6.0985549e-01   6.8834768e-04
   6.7760000e+03   6.2471086e-01  -2.0279501e-02
   6.7840000e+03   5.8768299e-01   4.9123661e-03
   6.7920000e+03   6.0327314e-01   2.8025334e-02
   6.8000000e+03   6.1997380e-01   3.8596140e-02
   6.8080000e+03   6.4241354e-01  -4.9151476e-03
   6.8160000e+03   6.4588335e-01  -3.3033808e-02
   6.8240000e+03   6.2484389e-01   1.8867782e-02
   6.8320000e+03   6.0410609e-01  -2.4715558e-03
   6.8400000e+03   6.1172086e-01   3.0359506e-02
   6.8480000e+03   6.3594808e-01  -2.3408812e-02
   6.8560000e+03   6.1741650e-01  -1.2822708e-02
   6.8640000e+03   5.9655208e-01  -4.2478939e-02
   6.8720000e+03   5.9775665e-01   3.3864781e-02
   6.8800000e+03   5.9337668e-01  -1.7218281e-02
