   0.0000000e+00   9.0785415e-01   6.1635311e-02
   8.0000000e+00   9.0378500e-01   2.9109484e-02
   1.6000000e+01   9.1949939e-01   2.0180701e-02
   2.4000000e+01   9.3196633e-01  -5.7109163e-03
   3.2000000e+01   9.6095632e-01   2.5070793e-02
   4.0000000e+01   9.2558338e-01   5.7997139e-02
   4.8000000e+01   9.1672165e-01   1.7862363e-02
   5.6000000e+01   1.0033327e+00  -2.2048226e-02
   6.4000000e+01   9.8207705e-01   1.6754353e-03
   7.2000000e+01   9.1454176e-01   1.4334832e-03
   8.0000000e+01   9.5155347e-01   3.7190465e-02
   8.8000000e+01   1.0778475e+00  -5.0516475e-02
   9.6000000e+01   1.0223537e+00   4.5941230e-02
   1.0400000e+02   1.0038249e+00   1.2233503e-02
   1.1200000e+02   9.6344807e-01   4.4276241e-02
   1.2000000e+02   1.0131092e+00  -8.8103000e-02
   1.2800000e+02   9.7977575e-01  -4.0210792e-02
   1.3600000e+02   9.5959420e-01   4.9346163e-02
   1.4400000e+02   9.4490782e-01  -4.6607358e-03
   1.5200000e+02   9.6734213e-01   6.6623955e-03
   1.6000000e+02   1.0241933e+00   6.7105440e-03
   1.6800000e+02   9.9109641e-01   4.4134529e-02
   1.7600000e+02   1.0146563e+00  -5.4748261e-03
   1.8400000e+02   9.9942525e-01   3.1218591e-02
   1.9200000e+02   9.6637452e-01  -2.9784873e-02
   2.0000000e+02   9.4125195e-01  -1.1919397e-02
   2.0800000e+02   9.6378259e-01  -3.4645484e-03
   2.1600000e+02   1.0010464e+00  -5.2446548e-03
   2.2400000e+02   9.3576882e-01   1.3191419e-02
   2.3200000e+02   9.4409715e-01  -4.5118925e-02
   2.4000000e+02   8.8863003e-01  -2.6218495e-02
   2.4800000e+02   8.6162629e-01   1.3498296e-02
   2.5600000e+02   9.2181179e-01   9.6922470e-03
   2.6400000e+02   8.6768087e-01  -1.4626910e-02
   2.7200000e+02   9.0447088e-01   6.8807978e-03
   2.8000000e+02   8.8478106e-01   1.8280729e-02
   2.8800000e+02   8.6540978e-01   2.8658924e-02
   2.9600000e+02   9.1719423e-01  -5.1345893e-04
   3.0400000e+02   9.1592123e-01   5.5254786e-02
   3.1200000e+02   8.0557377e-01   1.0762707e-04
   3.2000000e+02   8.5052976e-01   8.8766902e-03
   3.2800000e+02   8.2234962e-01   2.1356962e-02
   3.3600000e+02   7.7536521e-01  -1.7067234e-02
   3.4400000e+02   8.6892277e-01  -5.3527222e-02
   3.5200000e+02   7.7709061e-01   3.9999715e-02
   3.6000000e+02   7.7989088e-01  -1.4930665e-02
   3.6800000e+02   7.4899066e-01   2.4795658e-03
   3.7600000e+02   7.4987194e-01  -2.5302929e-02
   3.8400000e+02   8.2573474e-01   4.2842713e-02
   3.9200000e+02   7.1223219e-01   2.7565705e-02
   4.0000000e+02   7.6267670e-01   7.1740086e-02
   4.0800000e+02   7.8978596e-01  -4.7045230e-02
   4.1600000e+02   8.2876593e-01  -3.6416039e-02
   4.2400000e+02   7.7488826e-01   1.0637857e-01
   4.3200000e+02   7.9815509e-01  -1.6357040e-02
   4.4000000e+02   7.6290092e-01  -8.3610313e-03
   4.4800000e+02   7.4834440e-01  -5.2316680e-02
   4.5600000e+02   7.6287654e-01   4.3790275e-03
   4.6400000e+02   7.1338195e-01   2.4395624e-03
   4.7200000e+02   7.7997991e-01   1.8322367e-02
   4.8000000e+02   7.2097319e-01   2.1120338e-02
   4.8800000e+02   6.4215435e-01  -4.2779546e-02
   4.9600000e+02   7.2998060e-01  -1.7700610e-02
   5.0400000e+02   6.9773962e-01  -2.3187999e-02
   5.1200000e+02   6.6408071e-01  -8.6504791e-03
   5.2000000e+02   6.9739751e-01  -1.4608888e-02
   5.2800000e+02   7.0784109e-01   2.1204335e-02
   5.3600000e+02   6.7205537e-01   1.1372287e-02
   5.4400000e+02   6.9252519e-01  -1.2788566e-03
   5.5200000e+02   6.6562414e-01   4.8825646e-02
   5.6000000e+02   7.2571293e-01   9.2164681e-03
   5.6800000e+02   7.2875928e-01   1.6311393e-02
   5.7600000e+02   6.8567148e-01   3.7366833e-02
   5.8400000e+02   6.7021118e-01   3.9399568e-02
   5.9200000e+02   6.7665346e-01  -3.6298662e-02
   6.0000000e+02   6.5822837e-01   1.0001856e-02
   6.0800000e+02   6.8153539e-01  -4.1628083e-02
   6.1600000e+02   6.9657841e-01   1.2362968e-02
   6.2400000e+02   5.7557238e-01   2.6040385e-02
   6.3200000e+02   6.0257637e-01  -3.0252694e-03
   6.4000000e+02   6.6193428e-01  -1.0834470e-02
   6.4800000e+02   6.4132210e-01  -3.5644872e-03
   6.5600000e+02   6.6153628e-01   2.0026126e-02
   6.6400000e+02   6.1818612e-01   4.5024343e-02
   6.7200000e+02   6.4065991e-01   4.1013516e-02
   6.8000000e+02   6.3839950e-01  -1.8628391e-02
   6.8800000e+02   5.9735309e-01   8.0940012e-03
   6.9600000e+02   7.2604269e-01  -4.6430674e-02
   7.0400000e+02   6.6045117e-01  -4.3406880e-02
   7.1200000e+02   6.4777373e-01   1.5669945e-02
   7.2000000e+02   6.6173281e-01  -5.6122218e-02
   7.2800000e+02   5.8388965e-01   4.2608683e-02
   7.3600000e+02   6.4903961e-01  -1.1371874e-02
   7.4400000e+02   6.1577270e-01  -3.6045483e-02
   7.5200000e+02   6.4504413e-01   2.9142448e-03
   7.6000000e+02   6.8708673e-01  -3.2906126e-02
   7.6800000e+02   6.6073437e-01  -6.2225129e-04
   7.7600000e+02   6.4012889e-01   1.8510977e-02
   7.8400000e+02   6.6982976e-01   1.2814879e-02
   7.9200000e+02   6.6368973e-01   1.6243576e-02
   8.0000000e+02   6.3313335e-01  -3.7392891e-02
   8.0800000e+02   6.7394219e-01  -7.5368478e-03
   8.1600000e+02   5.5949849e-01  -2.6179464e-02
   8.2400000e+02   7.0094501e-01  -9.8309632e-03
   8.3200000e+02   6.0275493e-01   2.4313363e-05
   8.4000000e+02   6.4571538e-01   1.0016066e-02
   8.4800000e+02   6.2532767e-01   1.6315822e-02
   8.5600000e+02   6.0479210e-01  -5.1182294e-02
   8.6400000e+02   6.0706023e-01  -6.7300507e-02
   8.7200000e+02   6.2342591e-01   1.2694080e-02
   8.8000000e+02   6.2256916e-01   5.8608542e-03
   8.8800000e+02   6.4766881e-01   9.4048059e-03
   8.9600000e+02   6.1807246e-01  -1.8409695e-02
   9.0400000e+02   5.8444037e-01  -8.8312029e-02
   9.1200000e+02   6.7495961e-01   5.1315688e-02
   9.2000000e+02   6.2865469e-01  -3.4641379e-02
   9.2800000e+02   6.8148662e-01   1.0096161e-01
   9.3600000e+02   5.9062093e-01  -5.6129086e-02
   9.4400000e+02   6.5725225e-01  -1.6899641e-02
   9.5200000e+02   5.9545339e-01  -1.7358427e-02
   9.6000000e+02   6.2112067e-01   3.1610005e-02
   9.6800000e+02   6.0898405e-01  -5.4449643e-02
   9.7600000e+02   6.8781336e-01   2.1355057e-02
   9.8400000e+02   6.5038861e-01  -3.8602841e-03
   9.9200000e+02   6.1817833e-01   4.0405861e-02
   1.0000000e+03   6.0252345e-01  -5.0264234e-04
   1.0080000e+03   5.6534688e-01   9.7481240e-03
   1.0160000e+03   6.3287644e-01   4.5881956e-02
   1.0240000e+03   5.9021090e-01  -3.4844410e-02
   1.0320000e+03   6.5913543e-01   1.2548393e-02
   1.0400000e+03   6.2080975e-01   1.3023060e-02
   1.0480000e+03   6.4355434e-01  -2.7082413e-02
   1.0560000e+03   6.4411124e-01  -2.3967871e-02
   1.0640000e+03   7.0338778e-01  -3.8419657e-02
   1.0720000e+03   5.7883236e-01  -2.5089128e-02
   1.0800000e+03   6.3152236e-01  -5.5616784e-02
   1.0880000e+03   6.3306828e-01   3.2129674e-02
   1.0960000e+03   5.7134845e-01  -3.4811465e-02
   1.1040000e+03   6.0832282e-01   3.8176131e-02
   1.1120000e+03   6.5897443e-01  -1.0374089e-02
   1.1200000e+03   6.1204595e-01   1.9070894e-02
   1.1280000e+03   6.3778735e-01   3.3784109e-02
   1.1360000e+03   5.4060443e-01  -7.0763247e-03
   1.1440000e+03   6.7612377e-01   1.9746322e-03
   1.1520000e+03   6.1063541e-01   2.5156112e-02
   1.1600000e+03   6.2181366e-01  -6.4665716e-02
   1.1680000e+03   5.6934342e-01  -2.0637007e-02
   1.1760000e+03   6.0191860e-01   7.4320983e-02
   1.1840000e+03   6.5950152e-01  -1.7639624e-02
   1.1920000e+03   6.6585073e-01  -4.0366975e-02
   1.2000000e+03   5.9295774e-01   1.2260584e-02
   1.2080000e+03   6.2399578e-01  -6.3803102e-02
   1.2160000e+03   5.5264904e-01  -3.0717801e-02
   1.2240000e+03   6.0949065e-01  -9.0604337e-03
   1.2320000e+03   6.2141484e-01  -7.4013927e-02
   1.2400000e+03   6.0412526e-01  -2.0159952e-02
   1.2480000e+03   5.8671723e-01  -3.8957328e-02
   1.2560000e+03   6.5392955e-01  -2.2791527e-02
   1.2640000e+03   6.3911864e-01  -3.5884036e-03
   1.2720000e+03   5.8002887e-01   5.5660279e-02
   1.2800000e+03   6.2165152e-01  -9.5254280e-03
   1.2880000e+03   6.1088268e-01  -6.2518665e-02
   1.2960000e+03   5.7075264e-01  -2.8379014e-03
   1.3040000e+03   6.0167405e-01   2.8078924e-02
   1.3120000e+03   5.8367942e-01  -1.4446740e-02
   1.3200000e+03   6.0332883e-01  -5.0706502e-02
   1.3280000e+03   6.3382593e-01  -3.5178950e-02
   1.3360000e+03   6.3170909e-01   3.5432359e-02
   1.3440000e+03   6.4162484e-01  -1.5299509e-03
   1.3520000e+03   6.0163238e-01   4.3539565e-02
   1.3600000e+03   6.1364704e-01   3.0581160e-02
   1.3680000e+03   6.5873320e-01   7.6016073e-02
   1.3760000e+03   6.0216774e-01  -2.0269927e-02
   1.3840000e+03   5.7613639e-01   2.2925619e-04
   1.3920000e+03   6.3760893e-01  -1.8192591e-02
   1.4000000e+03   6.3163778e-01   2.5145833e-03
   1.4080000e+03   5.5651016e-01  -8.3692742e-02
   1.4160000e+03   5.7427982e-01   3.6961617e-02
   1.4240000e+03   6.5835708e-01   1.1670425e-02
   1.4320000e+03   6.4322831e-01  -1.4497276e-02
   1.4400000e+03   6.0511417e-01   7.7295160e-02
   1.4480000e+03   6.4153509e-01   3.7676021e-02
   1.4560000e+03   6.0333941e-01  -9.2953077e-03
   1.4640000e+03   6.6112897e-01  -1.0959092e-02
   1.4720000e+03   6.1691668e-01   4.0849463e-02
   1.4800000e+03   6.2477638e-01   6.1468582e-02
   1.4880000e+03   5.8313860e-01   1.8818851e-02
   1.4960000e+03   6.1945957e-01  -7.3103942e-02
   1.5040000e+03   6.3948039e-01  -1.7474481e-02
   1.5120000e+03   5.7913414e-01   3.9084810e-02
   1.5200000e+03   6.5496218e-01   1.1538178e-02
   1.5280000e+03   5.9171558e-01   4.0876881e-02
   1.5360000e+03   6.1744258e-01  -7.1468253e-03
   1.5440000e+03   6.3519126e-01   1.6925527e-05
   1.5520000e+03   5.7969187e-01  -1.4184558e-02
   1.5600000e+03   6.1971374e-01   2.5213516e-02
   1.5680000e+03   5.8320765e-01   5.2712104e-02
   1.5760000e+03   6.0363215e-01  -6.9073660e-02
   1.5840000e+03   6.1026197e-01  -6.5352274e-03
   1.5920000e+03   5.8574282e-01   3.6809176e-02
   1.6000000e+03   6.6514146e-01  -4.9310374e-03
   1.6080000e+03   6.5162577e-01   1.4316640e-03
   1.6160000e+03   6.0410194e-01   9.2200310e-02
   1.6240000e+03   5.6729550e-01   2.2429576e-03
   1.6320000e+03   6.3524267e-01   1.8394906e-02
   1.6400000e+03   5.5769369e-01  -4.3457521e-02
   1.6480000e+03   6.0408352e-01  -3.7844122e-02
   1.6560000e+03   5.8275126e-01   2.9913541e-02
   1.6640000e+03   7.0268040e-01   6.3153536e-02
   1.6720000e+03   5.9587507e-01  -2.6020360e-02
   1.6800000e+03   6.4349997e-01   7.4104683e-03
   1.6880000e+03   5.6925478e-01   2.1260362e-02
   1.6960000e+03   6.2797085e-01   5.1019377e-03
   1.7040000e+03   6.0788274e-01   6.6382712e-03
   1.7120000e+03   6.1875019e-01  -1.4538630e-02
   1.7200000e+03   6.4262077e-01   1.0817649e-02
   1.7280000e+03   6.0290125e-01   3.8091939e-02
   1.7360000e+03   6.5469321e-01  -1.5075973e-02
   1.7440000e+03   6.2613081e-01   6.2183172e-02
   1.7520000e+03   6.2431813e-01  -3.2072289e-02
   1.7600000e+03   6.2099314e-01   4.6750142e-02
   1.7680000e+03   6.8997143e-01  -5.3153327e-02
   1.7760000e+03   6.0527386e-01  -9.1761439e-03
   1.7840000e+03   6.1804817e-01  -3.7342302e-02
   1.7920000e+03   5.7807677e-01   5.7439596e-03
   1.8000000e+03   5.9284609e-01   2.3919747e-02
   1.8080000e+03   5.7150109e-01  -8.4162703e-03
   1.8160000e+03   6.1913999e-01  -1.2420429e-02
   1.8240000e+03   6.6527112e-01  -4.3329575e-02
   1.8320000e+03   6.5407456e-01  -2.0983671e-02
   1.8400000e+03   6.1856758e-01  -3.9868813e-02
   1.8480000e+03   5.8224176e-01   4.9980837e-03
   1.8560000e+03   6.3242885e-01   2.9292654e-02
   1.8640000e+03   5.4206231e-01  -3.4061514e-02
   1.8720000e+03   6.1567831e-01   2.6879363e-02
   1.8800000e+03   6.7274917e-01  -3.3781386e-04
   1.8880000e+03   6.3316886e-01   7.0426977e-03
   1.8960000e+03   6.3089013e-01  -4.9113763e-02
   1.9040000e+03   6.5975654e-01   2.7115552e-02
   1.9120000e+03   6.6429111e-01  -4.6569078e-02
   1.9200000e+03   5.8521546e-01  -8.5611616e-03
   1.9280000e+03   6.4424144e-01   3.6757839e-02
   1.9360000e+03   5.6132060e-01   5.1059026e-02
   1.9440000e+03   6.1951664e-01   1.1366369e-02
   1.9520000e+03   6.7210290e-01  -4.1056291e-02
   1.9600000e+03   5.8404023e-01  -1.2345132e-02
   1.9680000e+03   5.8541211e-01  -1.1686941e-02
   1.9760000e+03   5.1187959e-01   6.0397886e-04
   1.9840000e+03   6.0158915e-01   1.3938225e-02
   1.9920000e+03   5.9327505e-01   2.7889971e-02
   2.0000000e+03   5.7024869e-01  -2.8265195e-02
   2.0080000e+03   6.1343202e-01  -4.8834459e-02
   2.0160000e+03   5.7115984e-01  -2.6450162e-03
   2.0240000e+03   6.8399246e-01   2.6804637e-02
   2.0320000e+03   6.2962622e-01   5.2480601e-02
   2.0400000e+03   5.7501941e-01  -3.0782665e-02
   2.0480000e+03   6.1207644e-01  -1.4333315e-02
   2.0560000e+03   5.8868970e-01   1.2541365e-03
   2.0640000e+03   6.0791660e-01   5.0656695e-02
   2.0720000e+03   6.2567835e-01   7.1167293e-03
   2.0800000e+03   6.2768106e-01  -1.3266091e-02
   2.0880000e+03   5.9235777e-01   4.6245481e-02
   2.0960000e+03   6.2147845e-01  -6.6288414e-02
   2.1040000e+03   6.0991614e-01  -6.8583888e-03
   2.1120000e+03   5.9591227e-01   1.9320487e-02
   2.1200000e+03   6.3651274e-01  -6.5022751e-03
   2.1280000e+03   6.1086962e-01  -4.5047545e-02
   2.1360000e+03   5.5148349e-01  -3.8548532e-02
   2.1440000e+03   6.5521525e-01   1.1034747e-02
   2.1520000e+03   6.0905083e-01  -8.1145953e-02
   2.1600000e+03   6.2271072e-01   7.8278907e-02
   2.1680000e+03   5.9592344e-01   6.2696388e-02
   2.1760000e+03   6.0174550e-01   3.0752962e-02
   2.1840000e+03   7.0417297e-01   5.1658811e-03
   2.1920000e+03   6.3121143e-01   4.1421543e-02
   2.2000000e+03   5.8935127e-01  -2.1496089e-02
   2.2080000e+03   5.9759622e-01   1.0461882e-02
   2.2160000e+03   6.0276236e-01  -2.5055313e-02
   2.2240000e+03   6.3501532e-01   6.3275467e-02
   2.2320000e+03   6.2797153e-01   4.2248335e-02
   2.2400000e+03   6.3755976e-01  -1.8062240e-02
   2.2480000e+03   6.1248270e-01   4.6608149e-02
   2.2560000e+03   6.2538989e-01   4.2904190e-02
   2.2640000e+03   5.3646537e-01   7.5932911e-02
   2.2720000e+03   6.3072310e-01   8.3079841e-03
   2.2800000e+03   5.9034916e-01   5.7296082e-02
   2.2880000e+03   6.0896338e-01  -1.7440010e-02
   2.2960000e+03   6.6096566e-01  -2.2392370e-02
   2.3040000e+03   5.3769298e-01   3.4272680e-02
   2.3120000e+03   5.9529111e-01   2.4222888e-03
   2.3200000e+03   6.7237224e-01  -1.1108218e-02
   2.3280000e+03   5.8780174e-01   1.8742103e-02
   2.3360000e+03   6.3629043e-01  -5.8009153e-02
   2.3440000e+03   5.8673201e-01  -3.6358491e-03
   2.3520000e+03   5.8454400e-01   9.4990595e-03
   2.3600000e+03   6.3395228e-01   2.3585107e-02
   2.3680000e+03   6.0186976e-01   1.9345705e-02
   2.3760000e+03   5.7017494e-01  -1.2383053e-02
   2.3840000e+03   6.7562620e-01  -2.6483037e-02
   2.3920000e+03   5.8616878e-01   4.5205622e-02
   2.4000000e+03   5.5420338e-01   1.1558348e-02
   2.4080000e+03   6.0216394e-01   3.7269361e-02
   2.4160000e+03   5.7390312e-01  -6.8311105e-02
   2.4240000e+03   6.2671597e-01  -2.1187689e-02
   2.4320000e+03   5.5854746e-01  -1.5085159e-02
   2.4400000e+03   5.8093751e-01  -2.1519602e-03
   2.4480000e+03   5.2984079e-01  -2.9642690e-02
   2.4560000e+03   6.1437989e-01  -4.6043362e-03
   2.4640000e+03   5.9783646e-01  -8.6376402e-03
   2.4720000e+03   6.5785043e-01   4.4411555e-03
   2.4800000e+03   5.6564897e-01  -3.7186616e-02
   2.4880000e+03   5.9609703e-01   3.3680661e-02
   2.4960000e+03   6.2631231e-01  -3.4763651e-02
   2.5040000e+03   6.4412491e-01  -1.5529094e-02
   2.5120000e+03   5.9371689e-01   3.0126658e-02
   2.5200000e+03   5.7921824e-01   4.3572862e-02
   2.5280000e+03   5.6331510e-01  -7.6296781e-03
   2.5360000e+03   5.7437654e-01  -1.8677471e-03
   2.5440000e+03   5.8697399e-01   1.6094347e-02
   2.5520000e+03   6.2160355e-01  -2.9469726e-03
   2.5600000e+03   5.6029102e-01  -4.9314303e-02
   2.5680000e+03   6.3972124e-01   8.9611650e-04
   2.5760000e+03   5.8117115e-01   9.5137484e-03
   2.5840000e+03   5.8152738e-01   5.8080470e-03
   2.5920000e+03   6.7600685e-01  -2.0397302e-02
   2.6000000e+03   6.0405862e-01  -4.5176245e-02
   2.6080000e+03   6.3417592e-01   9.8030872e-03
   2.6160000e+03   5.8441747e-01  -4.2077005e-02
   2.6240000e+03   6.5920195e-01   3.4874067e-02
   2.6320000e+03   5.8617373e-01  -1.3726355e-02
   2.6400000e+03   5.9093113e-01   4.3936735e-02
   2.6480000e+03   5.8967811e-01   3.9941234e-03
   2.6560000e+03   5.8643969e-01   1.3701750e-02
   2.6640000e+03   6.1137376e-01  -5.4052008e-03
   2.6720000e+03   5.7437779e-01   6.9383026e-02
   2.6800000e+03   5.5659733e-01   2.8090633e-03
   2.6880000e+03   5.4127481e-01  -8.4391518e-02
   2.6960000e+03   6.1056749e-01   2.4037389e-02
   2.7040000e+03   5.9090274e-01   2.6813542e-02
   2.7120000e+03   5.8890095e-01  -1.1665036e-02
   2.7200000e+03   6.5932102e-01   2.3932276e-02
   2.7280000e+03   5.7063880e-01  -1.0246493e-02
   2.7360000e+03   6.1200859e-01  -1.8318315e-02
   2.7440000e+03   6.0641057e-01  -9.9776888e-03
   2.7520000e+03   5.7325204e-01  -1.4911699e-02
   2.7600000e+03   5.8303255e-01   3.0380740e-02
   2.7680000e+03   5.9209096e-01  -7.7401395e-02
   2.7760000e+03   6.6859817e-01  -2.3498194e-02
   2.7840000e+03   6.0685126e-01  -2.0354422e-02
   2.7920000e+03   5.4171881e-01  -1.5167209e-02
   2.8000000e+03   6.0540951e-01  -4.7133583e-02
   2.8080000e+03   6.3939047e-01  -9.6182145e-03
   2.8160000e+03   5.8507850e-01  -2.5474036e-02
   2.8240000e+03   5.4752016e-01   7.1505430e-03
   2.8320000e+03   6.3552104e-01  -2.3649997e-02
   2.8400000e+03   6.0926050e-01  -1.8064053e-02
   2.8480000e+03   6.0178570e-01  -7.9540413e-03
   2.8560000e+03   6.6265356e-01  -1.4900798e-02
   2.8640000e+03   6.5273718e-01  -1.4664673e-02
   2.8720000e+03   6.0567925e-01  -1.1611042e-02
   2.8800000e+03   5.6890645e-01   3.7102668e-03
   2.8880000e+03   5.6120252e-01  -5.3608645e-02
   2.8960000e+03   5.9605277e-01  -1.5363395e-03
   2.9040000e+03   5.3520764e-01  -2.9192662e-02
   2.9120000e+03   5.6402206e-01   6.8134319e-03
   2.9200000e+03   6.1242314e-01   3.4349144e-03
   2.9280000e+03   6.2937152e-01   6.0345690e-02
   2.9360000e+03   6.1834293e-01   2.0943176e-02
   2.9440000e+03   5.9542342e-01   5.8123376e-02
   2.9520000e+03   6.3113283e-01  -2.6390533e-03
   2.9600000e+03   5.9755169e-01   4.4198594e-02
   2.9680000e+03   5.9536398e-01   1.4364380e-02
   2.9760000e+03   5.8898218e-01   5.8460704e-03
   2.9840000e+03   5.9638483e-01  -1.3411966e-02
   2.9920000e+03   6.1372642e-01   2.3347043e-02
   3.0000000e+03   5.5796062e-01  -1.0017856e-02
   3.0080000e+03   6.3478399e-01   2.6383084e-02
   3.0160000e+03   5.5790547e-01   2.3110116e-02
   3.0240000e+03   5.5947131e-01  -2.7452929e-02
   3.0320000e+03   5.9656560e-01   4.1553821e-02
   3.0400000e+03   5.7675722e-01  -8.9934383e-02
   3.0480000e+03   6.2792657e-01   5.6136915e-02
   3.0560000e+03   5.7382373e-01  -1.5775456e-02
   3.0640000e+03   5.8101131e-01  -6.6762493e-02
   3.0720000e+03   5.6519650e-01   1.3710498e-02
   3.0800000e+03   5.2281118e-01   3.4842597e-02
   3.0880000e+03   6.0494915e-01   4.9138615e-03
   3.0960000e+03   5.1915202e-01  -3.5418401e-02
   3.1040000e+03   6.2318105e-01   3.6886140e-03
   3.1120000e+03   5.6472374e-01  -4.6415434e-03
   3.1200000e+03   6.1475118e-01   4.0759512e-03
   3.1280000e+03   6.6308591e-01  -3.4043195e-02
   3.1360000e+03   5.8887582e-01  -2.2331901e-02
   3.1440000e+03   6.1290161e-01  -5.1376704e-02
   3.1520000e+03   5.9552472e-01   1.2733500e-03
   3.1600000e+03   6.2024290e-01  -7.7366573e-02
   3.1680000e+03   6.2983030e-01  -1.1473284e-02
   3.1760000e+03   5.9766312e-01  -3.0031166e-02
   3.1840000e+03   6.2333624e-01  -4.8811641e-02
   3.1920000e+03   6.3156604e-01   1.8968413e-02
   3.2000000e+03   5.8635150e-01   5.8989065e-03
   3.2080000e+03   6.3775146e-01  -3.9113099e-02
   3.2160000e+03   6.4588017e-01  -2.8243472e-02
   3.2240000e+03   6.2018882e-01   4.4207237e-02
   3.2320000e+03   6.0248207e-01  -2.6477767e-02
   3.2400000e+03   5.7469109e-01  -3.1397523e-02
   3.2480000e+03   6.1080671e-01  -3.1976589e-02
   3.2560000e+03   5.7317839e-01   1.4451761e-02
   3.2640000e+03   5.9652267e-01  -1.8710298e-02
   3.2720000e+03   6.3296812e-01   4.5428268e-03
   3.2800000e+03   5.5047839e-01   2.2502625e-02
   3.2880000e+03   6.4363368e-01  -1.9716025e-02
   3.2960000e+03   5.5088745e-01  -9.6947167e-03
   3.3040000e+03   5.7028546e-01   1.3376348e-02
   3.3120000e+03   5.8195047e-01  -9.7644217e-04
   3.3200000e+03   6.5000382e-01   7.9651385e-02
   3.3280000e+03   6.0077244e-01  -5.8614769e-03
   3.3360000e+03   6.5631918e-01   2.7056433e-02
   3.3440000e+03   5.4709947e-01  -2.7903738e-03
   3.3520000e+03   6.1000325e-01   1.8662031e-02
   3.3600000e+03   6.2413652e-01   8.0346689e-02
   3.3680000e+03   6.4681667e-01  -6.1002366e-02
   3.3760000e+03   5.6932795e-01   5.7883307e-02
   3.3840000e+03   5.2287111e-01  -8.1805725e-03
   3.3920000e+03   6.1305281e-01  -3.1010994e-02
   3.4000000e+03   5.8919544e-01   5.7604487e-02
   3.4080000e+03   6.2102319e-01  -4.6146444e-02
   3.4160000e+03   5.7780864e-01  -1.5339990e-02
   3.4240000e+03   5.6997622e-01  -2.3107924e-02
   3.4320000e+03   5.5121347e-01  -1.2817366e-02
   3.4400000e+03   5.7402766e-01  -4.3603428e-02
   3.4480000e+03   5.9035426e-01  -9.8621902e-03
   3.4560000e+03   6.1461245e-01  -1.8439083e-02
   3.4640000e+03   6.0319439e-01   5.7933376e-02
   3.4720000e+03   5.9056661e-01   7.5387441e-02
   3.4800000e+03   6.4248036e-01   8.8000754e-03
   3.4880000e+03   5.7450154e-01   1.5989999e-02
   3.4960000e+03   6.5603151e-01   2.0978036e-02
   3.5040000e+03   5.5905971e-01   1.2474894e-02
   3.5120000e+03   5.3736074e-01   4.0276735e-02
   3.5200000e+03   5.7564999e-01   2.8351663e-02
   3.5280000e+03   5.4985740e-01  -1.0336453e-02
   3.5360000e+03   6.1527877e-01  -1.6379566e-02
   3.5440000e+03   5.4125814e-01   4.7152682e-02
   3.5520000e+03   5.5346311e-01   1.5908643e-02
   3.5600000e+03   5.3367056e-01  -8.8005507e-04
   3.5680000e+03   6.4265019e-01  -2.9220729e-02
   3.5760000e+03   6.2295382e-01  -3.0231742e-02
   3.5840000e+03   6.0836144e-01   3.1106740e-02
   3.5920000e+03   6.5010216e-01   2.4118978e-02
   3.6000000e+03   5.7751286e-01   6.6635218e-02
   3.6080000e+03   6.0337913e-01  -2.5873613e-02
   3.6160000e+03   6.3380245e-01  -9.8812555e-03
   3.6240000e+03   6.3337970e-01  -3.2534756e-02
   3.6320000e+03   5.3424944e-01   5.4518047e-03
   3.6400000e+03   5.6516405e-01   9.4334842e-03
   3.6480000e+03   5.4393049e-01  -4.0388881e-02
   3.6560000e+03   5.9686549e-01   1.6271432e-02
   3.6640000e+03   6.4744616e-01  -2.0092311e-02
   3.6720000e+03   5.7320226e-01   3.5358452e-03
   3.6800000e+03   6.6582953e-01  -8.5950234e-02
   3.6880000e+03   5.7838811e-01   3.1845969e-02
   3.6960000e+03   5.5011866e-01  -4.3937001e-02
   3.7040000e+03   5.4770621e-01   1.5909339e-02
   3.7120000e+03   5.6476641e-01  -1.7911447e-02
   3.7200000e+03   5.9138210e-01  -6.0782408e-04
   3.7280000e+03   6.0803815e-01  -2.1604319e-02
   3.7360000e+03   5.8257358e-01  -3.8083567e-02
   3.7440000e+03   5.9859685e-01  -3.9977336e-03
   3.7520000e+03   5.5380799e-01  -4.3748368e-02
   3.7600000e+03   5.9395339e-01  -4.9273093e-02
   3.7680000e+03   5.8402655e-01  -5.6865563e-02
   3.7760000e+03   6.2624038e-01  -6.6376576e-03
   3.7840000e+03   5.8463290e-01   7.1631337e-03
   3.7920000e+03   5.6442899e-01  -2.6647534e-02
   3.8000000e+03   5.8197292e-01   2.1713751e-02
   3.8080000e+03   6.1563841e-01  -3.2354789e-02
   3.8160000e+03   6.1683742e-01  -5.2844107e-02
   3.8240000e+03   6.1780414e-01   1.2402329e-02
   3.8320000e+03   5.6844640e-01   5.0482902e-02
   3.8400000e+03   5.9735574e-01  -5.0239302e-03
   3.8480000e+03   5.8215832e-01   3.6437831e-02
   3.8560000e+03   6.0043366e-01  -2.8468493e-02
   3.8640000e+03   5.5209755e-01   6.9538834e-02
   3.8720000e+03   5.3765343e-01   4.7010039e-02
   3.8800000e+03   5.6478649e-01   2.6246914e-02
   3.8880000e+03   5.8437116e-01  -2.2355382e-03
   3.8960000e+03   6.3179117e-01  -1.0087822e-02
   3.9040000e+03   5.6264618e-01   1.3865638e-02
   3.9120000e+03   6.6106321e-01   3.2925992e-02
   3.9200000e+03   5.5734822e-01   1.7615166e-02
   3.9280000e+03   5.4132491e-01  -1.0747235e-02
   3.9360000e+03   5.9566816e-01   3.7303867e-02
   3.9440000e+03   5.6564420e-01   4.0540440e-02
   3.9520000e+03   5.7100610e-01  -4.1332736e-02
   3.9600000e+03   5.5303925e-01  -6.0665525e-02
   3.9680000e+03   5.3528040e-01   2.4227206e-02
   3.9760000e+03   6.2465246e-01  -3.5511563e-02
   3.9840000e+03   5.6638808e-01   2.9855820e-02
   3.9920000e+03   5.7580312e-01  -4.7634518e-02
   4.0000000e+03   5.8655576e-01   1.0036626e-02
   4.0080000e+03   6.1930910e-01  -4.7620021e-02
   4.0160000e+03   6.5991230e-01  -7.2554465e-02
   4.0240000e+03   5.9809993e-01   1.1245279e-02
   4.0320000e+03   5.8963867e-01   5.2428881e-02
   4.0400000e+03   4.9982236e-01   3.6002223e-02
   4.0480000e+03   5.4433424e-01  -2.7106750e-02
   4.0560000e+03   5.4678307e-01   9.3077269e-03
   4.0640000e+03   5.7481286e-01  -2.6314592e-02
   4.0720000e+03   5.9580476e-01  -2.5774238e-02
   4.0800000e+03   6.2284917e-01  -2.1348877e-02
   4.0880000e+03   5.4032452e-01   1.2132583e-02
   4.0960000e+03   5.9877773e-01   2.4761303e-02
   4.1040000e+03   6.2026410e-01  -9.0900268e-03
   4.1120000e+03   5.9306168e-01   4.2240063e-02
   4.1200000e+03   6.2712294e-01   1.8290847e-02
   4.1280000e+03   5.6836362e-01   6.1388855e-02
   4.1360000e+03   6.0343101e-01   6.1664860e-02
   4.1440000e+03   5.9881769e-01   2.6017560e-02
   4.1520000e+03   5.5844442e-01  -1.9393387e-02
   4.1600000e+03   6.0511251e-01  -4.7034355e-03
   4.1680000e+03   5.6050228e-01   2.5798293e-04
   4.1760000e+03   5.7195272e-01   4.4526245e-02
   4.1840000e+03   4.8844844e-01   5.3665058e-03
   4.1920000e+03   5.1760674e-01  -2.4045973e-02
   4.2000000e+03   5.9506453e-01  -2.5866486e-02
   4.2080000e+03   6.3597853e-01   1.3364361e-02
   4.2160000e+03   5.2539443e-01   3.4558620e-02
   4.2240000e+03   5.7729399e-01  -3.2223664e-02
   4.2320000e+03   5.8508695e-01  -3.6050481e-02
   4.2400000e+03   5.6187548e-01  -2.7588662e-02
   4.2480000e+03   5.7072111e-01   1.3019697e-02
   4.2560000e+03   5.6010688e-01  -1.0129955e-02
   4.2640000e+03   6.1894990e-01   6.3823567e-02
   4.2720000e+03   5.2894738e-01  -4.8149676e-02
   4.2800000e+03   5.5479282e-01  -8.0175952e-02
   4.2880000e+03   5.6845302e-01  -9.8174970e-02
   4.2960000e+03   5.0562715e-01  -7.4490603e-03
   4.3040000e+03   5.0535060e-01  -5.2734011e-02
   4.3120000e+03   5.7308530e-01   1.5701940e-02
   4.3200000e+03   5.9934940e-01  -3.5929651e-02
   4.3280000e+03   5.6026119e-01   6.6221693e-02
   4.3360000e+03   5.3676633e-01   3.5500785e-03
   4.3440000e+03   5.2584335e-01   4.8315875e-02
   4.3520000e+03   5.9026466e-01  -1.0523610e-01
   4.3600000e+03   6.3182438e-01  -1.5680296e-02
   4.3680000e+03   5.9645470e-01   5.2894286e-02
   4.3760000e+03   5.6657053e-01   6.4260266e-03
   4.3840000e+03   5.3641593e-01  -1.1915224e-02
   4.3920000e+03   6.0293040e-01   2.6333387e-02
   4.4000000e+03   5.8121382e-01  -2.1992212e-02
   4.4080000e+03   5.4313174e-01   1.7325681e-02
   4.4160000e+03   5.6154574e-01   1.6204562e-02
   4.4240000e+03   5.3855792e-01  -7.3271967e-03
   4.4320000e+03   5.6148986e-01   2.1660955e-02
   4.4400000e+03   5.6920053e-01   2.0389142e-02
   4.4480000e+03   5.8968113e-01   5.2332419e-03
   4.4560000e+03   5.9560509e-01   2.4636061e-03
   4.4640000e+03   5.4388894e-01   4.3787554e-02
   4.4720000e+03   5.6358206e-01  -7.4168071e-02
   4.4800000e+03   5.3017884e-01  -2.8946761e-02
   4.4880000e+03   5.7675979e-01  -1.6923660e-03
   4.4960000e+03   5.7603711e-01   3.9539727e-02
   4.5040000e+03   6.2403498e-01   2.8832876e-02
   4.5120000e+03   6.0375791e-01  -2.6469519e-02
   4.5200000e+03   5.3572314e-01   2.0998212e-02
   4.5280000e+03   5.5697911e-01   2.3323754e-02
   4.5360000e+03   5.9307711e-01   4.0266295e-02
   4.5440000e+03   5.8930896e-01   7.3896041e-03
   4.5520000e+03   5.8892354e-01  -7.6960969e-03
   4.5600000e+03   5.3767633e-01   1.0966329e-02
   4.5680000e+03   5.8381835e-01   3.9215439e-04
   4.5760000e+03   5.8764505e-01  -2.7360541e-02
   4.5840000e+03   5.3275119e-01   4.5424786e-02
   4.5920000e+03   6.1606727e-01  -7.2209900e-03
   4.6000000e+03   6.1377670e-01   3.5209024e-02
   4.6080000e+03   6.1794999e-01  -1.0906211e-02
   4.6160000e+03   4.8406111e-01   3.4137740e-02
   4.6240000e+03   5.4981147e-01   2.8026996e-02
   4.6320000e+03   5.6131787e-01  -7.1942026e-03
   4.6400000e+03   5.7750377e-01   3.8808489e-02
   4.6480000e+03   5.9064695e-01  -2.2152448e-02
   4.6560000e+03   5.6003389e-01  -2.9790445e-03
   4.6640000e+03   5.3202045e-01  -3.5745599e-02
   4.6720000e+03   5.4271548e-01  -2.1634865e-03
   4.6800000e+03   5.7434685e-01  -2.1949730e-02
   4.6880000e+03   5.5244884e-01  -3.8235451e-02
   4.6960000e+03   5.1402703e-01   6.3361304e-03
   4.7040000e+03   5.9467469e-01   5.1362241e-02
   4.7120000e+03   5.6266524e-01   3.1930515e-02
   4.7200000e+03   5.4619571e-01  -8.1190892e-02
   4.7280000e+03   5.7402661e-01   9.5247681e-03
   4.7360000e+03   5.4204295e-01   2.2688720e-02
   4.7440000e+03   5.5957934e-01   1.1902710e-02
   4.7520000e+03   5.1557496e-01   4.9974834e-02
   4.7600000e+03   5.6298530e-01   5.3700535e-02
   4.7680000e+03   5.0719789e-01   1.6929489e-02
   4.7760000e+03   5.3827434e-01   4.6458707e-02
   4.7840000e+03   5.5423366e-01  -2.5050701e-02
   4.7920000e+03   5.6676635e-01  -6.6108362e-02
   4.8000000e+03   5.0984398e-01  -2.8962467e-02
   4.8080000e+03   5.1091596e-01  -8.1411690e-02
   4.8160000e+03   5.0009519e-01   1.2553759e-02
   4.8240000e+03   5.4793044e-01   2.0081798e-03
   4.8320000e+03   5.5894497e-01  -2.0621579e-02
   4.8400000e+03   5.3488909e-01   9.5621621e-03
   4.8480000e+03   5.6615160e-01   1.6666513e-02
   4.8560000e+03   5.9065401e-01   1.3085784e-02
   4.8640000e+03   5.6945626e-01   1.4229074e-04
   4.8720000e+03   4.8707466e-01  -8.0339402e-02
   4.8800000e+03   5.1450278e-01   2.2226030e-02
   4.8880000e+03   6.4312982e-01  -3.7180319e-02
   4.8960000e+03   5.1412208e-01  -8.7230620e-03
   4.9040000e+03   5.9836912e-01   1.5895652e-02
   4.9120000e+03   5.5075203e-01   6.9800739e-02
   4.9200000e+03   5.3306167e-01   5.9348152e-02
   4.9280000e+03   5.8628816e-01  -1.5619217e-02
   4.9360000e+03   5.4090086e-01  -6.2201607e-02
   4.9440000e+03   5.3424286e-01   3.1467987e-02
   4.9520000e+03   5.2485829e-01   2.6076007e-02
   4.9600000e+03   5.3131507e-01  -4.7114551e-02
   4.9680000e+03   6.1348575e-01   8.0795012e-02
   4.9760000e+03   5.4184675e-01  -4.1707319e-02
   4.9840000e+03   5.6333143e-01  -6.4567555e-03
   4.9920000e+03   5.5403549e-01  -9.2820455e-03
   5.0000000e+03   6.1043205e-01   4.7067762e-02
   5.0080000e+03   5.4641816e-01  -1.1994575e-02
   5.0160000e+03   5.2920505e-01   1.5366708e-02
   5.0240000e+03   5.3064844e-01   4.4172682e-02
   5.0320000e+03   5.8407914e-01   6.7211968e-02
   5.0400000e+03   5.3928733e-01   3.4118061e-02
   5.0480000e+03   5.9347296e-01  -3.4816680e-02
   5.0560000e+03   5.0812103e-01   2.0204657e-03
   5.0640000e+03   5.5639499e-01   7.4779446e-02
   5.0720000e+03   6.0074060e-01   1.4269679e-03
   5.0800000e+03   5.9203971e-01  -2.8935867e-02
   5.0880000e+03   5.0652007e-01   3.7628280e-02
   5.0960000e+03   5.4557463e-01   2.7517707e-02
   5.1040000e+03   5.5586550e-01   4.6761386e-02
   5.1120000e+03   4.7234004e-01  -3.6701452e-02
   5.1200000e+03   5.5653495e-01  -1.5393972e-02
   5.1280000e+03   5.5154179e-01  -3.0991881e-02
   5.1360000e+03   5.3595734e-01  -2.0750248e-02
   5.1440000e+03   5.4065950e-01  -2.2396427e-02
   5.1520000e+03   5.6850706e-01   1.4475649e-02
   5.1600000e+03   4.8653037e-01  -1.0567610e-02
   5.1680000e+03   5.6153540e-01   1.1189389e-03
   5.1760000e+03   5.3139608e-01   2.7817787e-02
   5.1840000e+03   6.5886323e-01  -2.1056374e-02
   5.1920000e+03   5.9512044e-01  -3.6239233e-04
   5.2000000e+03   5.1183979e-01  -2.8827598e-02
   5.2080000e+03   4.9645320e-01  -6.0593338e-02
   5.2160000e+03   5.6627443e-01   1.9968059e-02
   5.2240000e+03   5.4514130e-01  -1.5707525e-02
   5.2320000e+03   5.5316968e-01  -2.9638274e-02
   5.2400000e+03   5.5887549e-01   4.8378211e-02
   5.2480000e+03   5.6754348e-01   3.9239510e-02
   5.2560000e+03   5.7263679e-01   2.7076422e-02
   5.2640000e+03   5.9567594e-01  -3.1523227e-02
   5.2720000e+03   5.9773978e-01   1.3952714e-02
   5.2800000e+03   5.8629721e-01  -4.2760529e-02
   5.2880000e+03   5.4929713e-01   3.4714338e-02
   5.2960000e+03   5.8887196e-01  -5.4989418e-02
   5.3040000e+03   5.7856676e-01   5.8971808e-02
   5.3120000e+03   5.5255304e-01  -4.2449661e-03
   5.3200000e+03   5.4114589e-01  -4.1227197e-02
   5.3280000e+03   5.1368535e-01  -7.9780266e-04
   5.3360000e+03   5.0201657e-01  -2.3214127e-03
   5.3440000e+03   6.2203004e-01   1.4797973e-02
   5.3520000e+03   5.2798606e-01   1.7305149e-02
   5.3600000e+03   5.2532392e-01   1.2274841e-02
   5.3680000e+03   5.0290698e-01  -9.9280322e-03
   5.3760000e+03   5.2547550e-01   3.0882075e-02
   5.3840000e+03   5.2613077e-01   3.8970679e-02
   5.3920000e+03   5.9290556e-01  -1.7982996e-02
   5.4000000e+03   5.2975295e-01   2.8273574e-02
   5.4080000e+03   5.7476670e-01   1.0047005e-02
   5.4160000e+03   5.2029499e-01  -4.8861876e-02
   5.4240000e+03   5.0431924e-01   5.8650412e-03
   5.4320000e+03   5.3399330e-01   2.9991993e-02
   5.4400000e+03   5.2685569e-01   2.1136265e-02
   5.4480000e+03   5.7707781e-01  -6.3367601e-02
   5.4560000e+03   5.9985481e-01   1.6851019e-02
   5.4640000e+03   6.4209207e-01   7.4701563e-03
   5.4720000e+03   5.9693645e-01  -1.6979583e-02
   5.4800000e+03   5.5769951e-01  -2.1859674e-02
   5.4880000e+03   4.9707380e-01  -5.0403948e-02
   5.4960000e+03   5.7587628e-01   5.5482916e-03
   5.5040000e+03   5.7111182e-01  -2.3921230e-03
   5.5120000e+03   5.1069714e-01  -4.2218063e-02
   5.5200000e+03   5.2501251e-01  -4.1410209e-03
   5.5280000e+03   5.6424859e-01   2.8913623e-02
   5.5360000e+03   5.4223640e-01   3.0939373e-04
   5.5440000e+03   5.7382463e-01   3.1130598e-03
   5.5520000e+03   5.1409074e-01   3.9546708e-02
   5.5600000e+03   5.1487855e-01   2.2249499e-02
   5.5680000e+03   5.7340775e-01   4.1053310e-03
   5.5760000e+03   5.1064598e-01  -3.1052508e-02
   5.5840000e+03   4.8074278e-01  -1.6325830e-02
   5.5920000e+03   5.3196134e-01  -2.9895969e-02
   5.6000000e+03   5.6576666e-01  -1.7705133e-02
   5.6080000e+03   5.4730732e-01   1.3544341e-02
   5.6160000e+03   5.4864354e-01  -2.8724783e-02
   5.6240000e+03   5.0795609e-01  -2.7018839e-02
   5.6320000e+03   5.8769036e-01   4.4535071e-02
   5.6400000e+03   5.1323319e-01   3.3839289e-02
   5.6480000e+03   5.9200816e-01  -7.2748924e-02
   5.6560000e+03   5.7227225e-01  -2.3271086e-02
   5.6640000e+03   5.2740557e-01  -3.9196401e-02
   5.6720000e+03   5.8848899e-01   1.2276687e-02
   5.6800000e+03   5.8361877e-01   4.1567194e-02
   5.6880000e+03   4.9760386e-01   2.7494307e-02
   5.6960000e+03   4.9316371e-01  -9.2527610e-03
   5.7040000e+03   5.1250795e-01  -4.4289971e-02
   5.7120000e+03   6.2318434e-01   2.4694502e-02
   5.7200000e+03   4.8330593e-01   8.6064532e-03
   5.7280000e+03   5.1647525e-01  -7.0139207e-02
   5.7360000e+03   5.3950912e-01  -3.4769614e-03
   5.7440000e+03   5.1165767e-01  -1.8150820e-03
   5.7520000e+03   5.5186397e-01  -4.0754246e-02
   5.7600000e+03   5.2710920e-01  -1.1885722e-02
   5.7680000e+03   5.3881762e-01  -1.8426033e-02
   5.7760000e+03   4.9724272e-01   1.6786259e-02
   5.7840000e+03   5.5643341e-01  -5.8897353e-02
   5.7920000e+03   5.9839468e-01  -5.8189136e-03
   5.8000000e+03   5.8621367e-01  -7.5083892e-03
   5.8080000e+03   5.3370571e-01  -3.1209952e-02
   5.8160000e+03   5.5022719e-01  -1.7252676e-02
   5.8240000e+03   5.7014387e-01   3.6394118e-02
   5.8320000e+03   5.8237751e-01  -2.4519148e-02
   5.8400000e+03   5.2246864e-01   6.8653759e-03
   5.8480000e+03   5.1033924e-01  -2.9809091e-02
   5.8560000e+03   5.6869298e-01  -2.1662311e-02
   5.8640000e+03   5.2292564e-01  -4.2420504e-02
   5.8720000e+03   5.5884988e-01   9.0098795e-03
   5.8800000e+03   5.4454217e-01   8.9168757e-02
   5.8880000e+03   4.7266129e-01   2.2587734e-03
   5.8960000e+03   5.4313993e-01   4.6595841e-03
   5.9040000e+03   5.8224632e-01   7.5125429e-02
   5.9120000e+03   5.1132970e-01  -2.0778931e-02
   5.9200000e+03   5.4439253e-01  -3.4105492e-02
   5.9280000e+03   5.4436840e-01  -3.0282621e-02
   5.9360000e+03   5.7041868e-01  -4.6837794e-02
   5.9440000e+03   5.2856115e-01  -6.2889446e-02
   5.9520000e+03   4.9566861e-01   1.5528804e-02
   5.9600000e+03   6.0498820e-01   3.7408939e-02
   5.9680000e+03   4.9412707e-01  -6.3485311e-03
   5.9760000e+03   6.1339121e-01   1.0242399e-02
   5.9840000e+03   5.5159110e-01   4.9876683e-02
   5.9920000e+03   5.1642660e-01  -1.7454700e-02
   6.0000000e+03   5.5389822e-01  -6.6750578e-03
   6.0080000e+03   5.4430386e-01   7.6190377e-02
   6.0160000e+03   5.1263387e-01   5.0208045e-02
   6.0240000e+03   5.5578144e-01   9.5099780e-03
   6.0320000e+03   6.0216683e-01   3.8042247e-02
   6.0400000e+03   4.9848603e-01  -1.1498176e-02
   6.0480000e+03   5.2567216e-01  -2.2205780e-02
   6.0560000e+03   5.1486619e-01   3.7687687e-02
   6.0640000e+03   5.0035153e-01   8.8252726e-03
   6.0720000e+03   5.0340378e-01  -5.4955904e-06
   6.0800000e+03   5.2805604e-01  -1.9604981e-02
   6.0880000e+03   5.2391695e-01   3.8123413e-02
   6.0960000e+03   5.0166977e-01  -2.5664432e-02
   6.1040000e+03   5.4290719e-01   1.0573538e-02
   6.1120000e+03   5.7894288e-01  -2.3381716e-02
   6.1200000e+03   6.0356027e-01  -3.8303245e-02
   6.1280000e+03   5.5047164e-01   5.2936971e-02
   6.1360000e+03   5.8581029e-01  -4.1423194e-02
   6.1440000e+03   5.4863427e-01   2.9214093e-02
   6.1520000e+03   5.5774416e-01  -2.6048156e-02
   6.1600000e+03   5.0663976e-01  -7.1239720e-02
   6.1680000e+03   5.6467556e-01  -3.1968757e-02
   6.1760000e+03   5.3534487e-01  -1.3142502e-02
   6.1840000e+03   5.3459194e-01   2.6206096e-02
   6.1920000e+03   5.6515349e-01   3.6753846e-02
   6.2000000e+03   5.6886688e-01   5.7633621e-02
   6.2080000e+03   5.2670542e-01  -1.9995415e-02
   6.2160000e+03   5.2861632e-01  -4.0841107e-02
   6.2240000e+03   5.3847831e-01   6.8461815e-02
   6.2320000e+03   5.3926511e-01  -7.4079865e-02
   6.2400000e+03   5.6703702e-01   1.9309533e-02
   6.2480000e+03   5.8698731e-01  -3.4272022e-02
   6.2560000e+03   5.2229663e-01  -4.5829390e-02
   6.2640000e+03   5.6487366e-01   4.6353594e-03
   6.2720000e+03   4.9466316e-01  -6.7444963e-02
   6.2800000e+03   5.1692315e-01  -3.0757912e-02
   6.2880000e+03   5.1880414e-01  -3.6189698e-02
   6.2960000e+03   5.2205415e-01   9.1010983e-02
   6.3040000e+03   6.0043170e-01  -3.8493936e-02
   6.3120000e+03   5.4470429e-01   3.1210736e-02
   6.3200000e+03   5.4600320e-01   5.7345589e-02
   6.3280000e+03   5.1517623e-01   6.8554412e-02
   6.3360000e+03   5.7586929e-01   1.6858322e-02
   6.3440000e+03   5.3245532e-01  -4.7618254e-02
   6.3520000e+03   5.5275292e-01  -2.3983354e-02
   6.3600000e+03   5.6025298e-01  -1.1845809e-02
   6.3680000e+03   4.9303659e-01   1.5252466e-02
   6.3760000e+03   5.6963665e-01  -9.2882309e-02
   6.3840000e+03   5.2356290e-01   1.3824868e-02
   6.3920000e+03   5.0683543e-01   2.8928694e-02
   6.4000000e+03   5.1024385e-01  -2.2201179e-02
   6.4080000e+03   5.0616213e-01   2.0262983e-02
   6.4160000e+03   5.8341407e-01   1.7700129e-02
   6.4240000e+03   5.2608977e-01  -1.3177459e-02
   6.4320000e+03   5.8949399e-01   1.8035536e-02
   6.4400000e+03   5.5028887e-01   4.0042697e-02
   6.4480000e+03   5.7123991e-01  -1.4260750e-02
   6.4560000e+03   4.7171865e-01  -1.7655225e-02
   6.4640000e+03   5.6584754e-01  -2.6695332e-02
   6.4720000e+03   5.4594936e-01  -1.5088670e-03
   6.4800000e+03   4.7400446e-01   1.7881177e-02
   6.4880000e+03   5.1447256e-01   7.6482655e-02
   6.4960000e+03   5.6823081e-01   5.8680603e-02
   6.5040000e+03   5.8655430e-01  -1.0370563e-02
   6.5120000e+03   5.2020744e-01  -1.3464894e-02
   6.5200000e+03   5.4021085e-01  -3.8489253e-02
   6.5280000e+03   5.1626195e-01  -9.3114760e-03
   6.5360000e+03   5.1846640e-01  -3.6831336e-04
   6.5440000e+03   5.2568705e-01  -2.4792548e-02
   6.5520000e+03   5.3931898e-01  -1.2664585e-02
   6.5600000e+03   4.9834476e-01   9.6017759e-03
   6.5680000e+03   5.3119970e-01   2.7061160e-02
   6.5760000e+03   5.3346045e-01  -7.2759726e-02
   6.5840000e+03   4.5347423e-01  -8.5797432e-02
   6.5920000e+03   5.2928823e-01  -1.5856544e-02
   6.6000000e+03   6.0297125e-01  -4.5072286e-02
   6.6080000e+03   5.7178927e-01   2.7947444e-02
   6.6160000e+03   4.9918444e-01   4.5893441e-02
   6.6240000e+03   5.2364684e-01   1.0927743e-02
   6.6320000e+03   5.7949736e-01   6.5928064e-03
   6.6400000e+03   5.1308524e-01   1.3199115e-02
   6.6480000e+03   4.5523403e-01   2.5172225e-02
   6.6560000e+03   5.6582941e-01  -3.9738378e-02
   6.6640000e+03   5.1569594e-01   6.1306219e-02
   6.6720000e+03   4.9364522e-01  -2.9658389e-02
   6.6800000e+03   5.3893491e-01   3.5293077e-02
   6.6880000e+03   5.4545056e-01  -5.6334937e-02
   6.6960000e+03   4.8170309e-01  -5.4230978e-02
   6.7040000e+03   5.1104433e-01  -1.0824991e-02
   6.7120000e+03   5.8696263e-01  -3.8947234e-02
   6.7200000e+03   5.7444046e-01  -2.1903765e-02
   6.7280000e+03   4.7935749e-01   3.3595607e-02
   6.7360000e+03   5.4500710e-01  -4.4651332e-03
   6.7440000e+03   5.2689056e-01   2.6711264e-02
   6.7520000e+03   5.4327229e-01  -4.1015438e-02
   6.7600000e+03   4.8163734e-01  -2.1596713e-02
   6.7680000e+03   4.9733924e-01  -1.6861547e-03
   6.7760000e+03   5.2523588e-01   2.9634908e-02
   6.7840000e+03   5.1710797e-01   6.2241080e-04
   6.7920000e+03   5.5474194e-01  -4.8293376e-04
   6.8000000e+03   5.4109019e-01  -5.5760026e-04
   6.8080000e+03   5.4309730e-01  -5.6285016e-02
   6.8160000e+03   5.5249504e-01   8.4395361e-03
   6.8240000e+03   5.1752153e-01   2.5305842e-02
   6.8320000e+03   6.0975882e-01   2.7407378e-02
   6.8400000e+03   5.4083660e-01   5.4598083e-03
   6.8480000e+03   5.3274952e-01  -1.1429236e-02
   6.8560000e+03   5.4804839e-01  -2.6781280e-02
   6.8640000e+03   5.2815866e-01  -7.7959927e-03
   6.8720000e+03   4.8260881e-01  -2.2457448e-02
   6.8800000e+03   4.8957171e-01  -9.9501063e-02
   6.8880000e+03   5.6819539e-01   3.8251746e-02
   6.8960000e+03   5.0479787e-01   4.1570202e-02
   6.9040000e+03   5.2759192e-01  -3.6878669e-03
   6.9120000e+03   5.4929675e-01  -3.5013594e-02
   6.9200000e+03   4.9142126e-01  -2.5553723e-02
   6.9280000e+03   4.8983696e-01  -3.0875535e-02
   6.9360000e+03   4.6567347e-01  -4.5988193e-02
   6.9440000e+03   5.5688055e-01   1.9463970e-03
   6.9520000e+03   5.8026143e-01   3.1697348e-02
   6.9600000e+03   5.1368074e-01   4.2813525e-02
   6.9680000e+03   5.2885741e-01   2.5560709e-02
   6.9760000e+03   5.4525628e-01  -3.2329131e-02
   6.9840000e+03   5.5373607e-01  -3.3126488e-02
   6.9920000e+03   5.5004256e-01  -9.9559001e-04
   7.0000000e+03   5.4473598e-01   2.1938962e-02
   7.0080000e+03   5.1273917e-01   2.4680439e-02
   7.0160000e+03   5.2555784e-01   1.5566707e-02
