   0.0000000e+00   8.8554859e-01  -3.1220762e-03
   8.0000000e+00   8.9162659e-01   1.1394861e-04
   1.6000000e+01   8.9930466e-01  -3.5586193e-04
   2.4000000e+01   9.0128311e-01  -6.6242850e-03
   3.2000000e+01   9.0578490e-01   5.6108730e-03
   4.0000000e+01   9.1553426e-01  -1.6500081e-03
   4.8000000e+01   9.2191881e-01   5.8715246e-04
   5.6000000e+01   9.3253971e-01  -9.5302207e-03
   6.4000000e+01   9.4331314e-01  -5.9187181e-03
   7.2000000e+01   9.5373310e-01  -4.0637081e-03
   8.0000000e+01   9.6573872e-01  -3.9632381e-03
   8.8000000e+01   9.6931836e-01  -6.3278385e-03
   9.6000000e+01   9.8741527e-01   2.7597774e-03
   1.0400000e+02   9.9752965e-01  -8.8320658e-04
   1.1200000e+02   9.9847484e-01  -3.5147714e-03
   1.2000000e+02   9.9468136e-01   7.2971938e-04
   1.2800000e+02   9.8525815e-01   6.1020267e-03
   1.3600000e+02   9.7550764e-01  -1.2059939e-03
   1.4400000e+02   9.6206527e-01   1.4224846e-03
   1.5200000e+02   9.5194695e-01   1.9357175e-03
   1.6000000e+02   9.3856429e-01  -1.0755941e-04
   1.6800000e+02   9.3031675e-01  -2.5220070e-03
   1.7600000e+02   9.1579241e-01   3.0808439e-04
   1.8400000e+02   9.1769971e-01   1.5814623e-03
   1.9200000e+02   9.0627993e-01  -6.9485008e-03
   2.0000000e+02   9.0741164e-01   5.7202446e-04
   2.0800000e+02   8.9981667e-01  -2.8979670e-03
   2.1600000e+02   8.8706304e-01   2.3190359e-03
   2.2400000e+02   8.9259326e-01   2.6894162e-03
   2.3200000e+02   8.7504386e-01  -1.5233052e-04
   2.4000000e+02   8.8214885e-01   2.9419003e-03
   2.4800000e+02   8.7445252e-01  -4.1627288e-03
   2.5600000e+02   8.7472258e-01  -3.8365329e-03
   2.6400000e+02   8.6392796e-01   1.5152187e-03
   2.7200000e+02   8.6307619e-01   2.5889516e-03
   2.8000000e+02   8.6104320e-01  -2.5680128e-03
   2.8800000e+02   8.5209923e-01   1.3171108e-03
   2.9600000e+02   8.5365092e-01   2.8511237e-03
   3.0400000e+02   8.5050271e-01   4.2847754e-03
   3.1200000e+02   8.4305621e-01  -4.8719206e-04
   3.2000000e+02   8.4861398e-01  -3.5563303e-03
   3.2800000e+02   8.3948732e-01  -2.9556753e-05
   3.3600000e+02   8.3553796e-01  -2.0551985e-03
   3.4400000e+02   8.4051103e-01   5.6019787e-04
   3.5200000e+02   8.2594271e-01  -1.0287738e-03
   3.6000000e+02   8.2594010e-01  -3.7585498e-03
   3.6800000e+02   8.2840200e-01   7.3126566e-03
   3.7600000e+02   8.2271959e-01   2.3438030e-04
   3.8400000e+02   8.2073006e-01   2.4054636e-03
   3.9200000e+02   8.1635755e-01  -1.8804974e-04
   4.0000000e+02   8.1727146e-01   2.3975166e-04
   4.0800000e+02   8.0928155e-01   1.3083469e-03
   4.1600000e+02   8.0234639e-01  -1.4889731e-03
   4.2400000e+02   8.0566125e-01  -4.9002492e-03
   4.3200000e+02   8.0263942e-01   1.6401447e-03
   4.4000000e+02   7.9399433e-01   2.4036436e-03
   4.4800000e+02   7.9378533e-01   2.4661317e-04
   4.5600000e+02   7.9131292e-01  -2.2647323e-03
   4.6400000e+02   7.8302907e-01  -6.4984656e-04
   4.7200000e+02   7.8318363e-01  -2.4000643e-03
   4.8000000e+02   7.8547548e-01  -4.3108887e-03
   4.8800000e+02   7.8169459e-01   8.0434480e-03
   4.9600000e+02   7.8402400e-01  -4.2364943e-03
   5.0400000e+02   7.7598690e-01  -3.5636622e-03
   5.1200000e+02   7.7403260e-01  -6.1469144e-03
   5.2000000e+02   7.6772532e-01  -2.5249794e-03
   5.2800000e+02   7.7537275e-01   1.9684198e-03
   5.3600000e+02   7.6629707e-01  -1.6380019e-03
   5.4400000e+02   7.5877261e-01   5.7897549e-03
   5.5200000e+02   7.6585328e-01  -2.0932051e-03
   5.6000000e+02   7.6106484e-01   2.9465069e-03
   5.6800000e+02   7.5433424e-01  -2.3274882e-03
   5.7600000e+02   7.6366778e-01  -3.7432156e-04
   5.8400000e+02   7.5904985e-01  -4.7172835e-03
   5.9200000e+02   7.5143802e-01   1.4750625e-03
   6.0000000e+02   7.4986352e-01   4.3484625e-03
   6.0800000e+02   7.4586816e-01   8.8219617e-04
   6.1600000e+02   7.4960311e-01  -5.2116479e-03
   6.2400000e+02   7.4923165e-01   1.9313192e-03
   6.3200000e+02   7.4476772e-01   3.4769336e-03
   6.4000000e+02   7.4521587e-01  -5.0257472e-03
   6.4800000e+02   7.3995162e-01   7.3019901e-03
   6.5600000e+02   7.4706432e-01  -1.8444825e-03
   6.6400000e+02   7.3528696e-01   2.7467544e-03
   6.7200000e+02   7.3473025e-01   1.0650941e-03
   6.8000000e+02   7.3538042e-01   3.7341265e-03
   6.8800000e+02   7.4003992e-01   3.9519739e-03
   6.9600000e+02   7.3312410e-01   3.6263786e-03
   7.0400000e+02   7.3511357e-01  -9.3437875e-04
   7.1200000e+02   7.3182120e-01   6.5754384e-04
   7.2000000e+02   7.2320320e-01   5.9116528e-03
   7.2800000e+02   7.3318726e-01   2.1193205e-03
   7.3600000e+02   7.2192407e-01  -3.4344414e-03
   7.4400000e+02   7.2679779e-01   1.8248025e-03
   7.5200000e+02   7.2572758e-01  -2.0704791e-03
   7.6000000e+02   7.2391047e-01  -4.2133283e-03
   7.6800000e+02   7.2289969e-01  -1.2060253e-03
   7.7600000e+02   7.1921626e-01   4.3988310e-03
   7.8400000e+02   7.1821959e-01   9.4544814e-04
   7.9200000e+02   7.2241788e-01   3.1984347e-03
   8.0000000e+02   7.1465552e-01   3.2887048e-03
   8.0800000e+02   7.1497392e-01   5.9730429e-03
   8.1600000e+02   7.1536155e-01   2.6127501e-03
   8.2400000e+02   7.1324493e-01  -2.2102992e-03
   8.3200000e+02   7.1169274e-01   3.5670102e-03
   8.4000000e+02   7.1370659e-01   3.4777070e-03
   8.4800000e+02   7.1034156e-01  -4.4096309e-03
   8.5600000e+02   7.1139944e-01   1.4994487e-03
   8.6400000e+02   7.1595437e-01   7.1960933e-03
   8.7200000e+02   7.0345974e-01  -4.6977261e-04
   8.8000000e+02   7.0285011e-01  -3.8164813e-04
   8.8800000e+02   7.0696332e-01  -9.7717659e-03
   8.9600000e+02   6.9547968e-01   6.2115148e-03
   9.0400000e+02   7.0373489e-01   5.3392264e-03
   9.1200000e+02   7.0137755e-01  -7.3917551e-04
   9.2000000e+02   7.0220785e-01  -2.3913513e-03
   9.2800000e+02   6.9695078e-01  -9.0987942e-04
   9.3600000e+02   6.9280508e-01   3.4753055e-03
   9.4400000e+02   6.9890752e-01  -3.4422387e-03
   9.5200000e+02   7.0010705e-01  -9.0392254e-03
   9.6000000e+02   6.9176158e-01  -2.8503871e-05
   9.6800000e+02   6.9456895e-01  -7.4849869e-03
   9.7600000e+02   6.9266200e-01   1.0497110e-03
   9.8400000e+02   6.9135442e-01   4.4887146e-03
   9.9200000e+02   6.8953244e-01   2.4357910e-04
   1.0000000e+03   6.8928611e-01   2.3188503e-03
   1.0080000e+03   6.8980079e-01   3.4430891e-03
   1.0160000e+03   6.8892451e-01   2.6662231e-04
   1.0240000e+03   6.8272186e-01   6.6371503e-03
   1.0320000e+03   6.8486358e-01  -7.5077363e-06
   1.0400000e+03   6.8058991e-01  -2.6919215e-03
   1.0480000e+03   6.7362507e-01  -3.4096770e-03
   1.0560000e+03   6.8292690e-01  -2.6505471e-03
   1.0640000e+03   6.7936517e-01   1.9736629e-03
   1.0720000e+03   6.8408210e-01  -1.4707463e-03
   1.0800000e+03   6.8410084e-01  -4.3029903e-03
   1.0880000e+03   6.6579346e-01  -9.4337073e-03
   1.0960000e+03   6.7769185e-01  -6.8130304e-04
   1.1040000e+03   6.7529772e-01   5.8088501e-03
   1.1120000e+03   6.8308424e-01  -1.6145642e-03
   1.1200000e+03   6.8164616e-01  -7.6277461e-04
   1.1280000e+03   6.7805332e-01  -4.7938054e-03
   1.1360000e+03   6.6584355e-01   4.7067596e-03
   1.1440000e+03   6.6638878e-01   4.4560718e-03
   1.1520000e+03   6.7006058e-01   2.0741636e-03
   1.1600000e+03   6.6557670e-01   4.7820409e-03
   1.1680000e+03   6.6487246e-01   7.3744651e-04
   1.1760000e+03   6.6805554e-01  -1.2654108e-03
   1.1840000e+03   6.6469651e-01  -1.5070337e-03
   1.1920000e+03   6.6972521e-01  -1.4092727e-04
   1.2000000e+03   6.6513517e-01  -5.4150609e-04
   1.2080000e+03   6.6496633e-01   4.7903445e-03
   1.2160000e+03   6.6154196e-01   2.6826768e-03
   1.2240000e+03   6.5922768e-01  -1.2811808e-02
   1.2320000e+03   6.5906789e-01   8.7542165e-04
   1.2400000e+03   6.5919690e-01   7.5121096e-03
   1.2480000e+03   6.5581557e-01   2.9081816e-03
   1.2560000e+03   6.5683315e-01  -7.9962783e-03
   1.2640000e+03   6.5185076e-01  -7.3656515e-04
   1.2720000e+03   6.5647268e-01   3.4409071e-04
   1.2800000e+03   6.4740986e-01  -8.1803934e-03
   1.2880000e+03   6.5401122e-01   3.3528594e-03
   1.2960000e+03   6.4706188e-01   1.8394107e-03
   1.3040000e+03   6.4660010e-01  -7.2606795e-03
   1.3120000e+03   6.4861519e-01  -3.0514165e-03
   1.3200000e+03   6.5006239e-01  -7.7437522e-03
   1.3280000e+03   6.5124564e-01   3.3230097e-03
   1.3360000e+03   6.3603071e-01   2.9156367e-03
   1.3440000e+03   6.4594778e-01  -5.1838927e-03
   1.3520000e+03   6.4528823e-01  -1.1454852e-03
   1.3600000e+03   6.4269540e-01   1.4274956e-02
   1.3680000e+03   6.4059300e-01   1.9597743e-03
   1.3760000e+03   6.3672520e-01   6.0387094e-03
   1.3840000e+03   6.3415416e-01  -4.1714309e-03
   1.3920000e+03   6.4441484e-01  -1.3850263e-03
   1.4000000e+03   6.3607302e-01  -8.8774787e-04
   1.4080000e+03   6.3872700e-01  -1.1210684e-03
   1.4160000e+03   6.3115725e-01  -1.3753358e-04
   1.4240000e+03   6.3518758e-01   6.9732297e-03
   1.4320000e+03   6.3357103e-01  -3.0698229e-03
   1.4400000e+03   6.3743281e-01  -4.0119919e-03
   1.4480000e+03   6.3211566e-01   6.7862113e-04
   1.4560000e+03   6.2732648e-01  -1.7894615e-03
   1.4640000e+03   6.2866436e-01   4.2378352e-03
   1.4720000e+03   6.2216063e-01  -5.1652409e-03
   1.4800000e+03   6.2654728e-01  -4.0923488e-03
   1.4880000e+03   6.2916076e-01  -4.1579649e-03
   1.4960000e+03   6.2858397e-01  -2.1593065e-03
   1.5040000e+03   6.2139696e-01   3.1461038e-03
   1.5120000e+03   6.2256579e-01  -1.3461962e-03
   1.5200000e+03   6.2218999e-01   1.1592411e-03
   1.5280000e+03   6.1990129e-01   9.1865281e-04
   1.5360000e+03   6.1822100e-01  -7.3061061e-03
   1.5440000e+03   6.1878163e-01  -2.6333670e-03
   1.5520000e+03   6.2610349e-01   1.0748686e-03
   1.5600000e+03   6.1671510e-01  -2.7799718e-03
   1.5680000e+03   6.1069906e-01   2.7840755e-03
   1.5760000e+03   6.2417874e-01   6.5646578e-03
   1.5840000e+03   6.2149478e-01  -1.9811536e-03
   1.5920000e+03   6.1668567e-01   5.6172072e-03
   1.6000000e+03   6.1847734e-01   3.6510436e-03
   1.6080000e+03   6.1998176e-01  -3.9782458e-03
   1.6160000e+03   6.1634348e-01   6.1351094e-03
   1.6240000e+03   6.1267208e-01  -4.5198669e-03
   1.6320000e+03   6.1335962e-01   3.0966316e-03
   1.6400000e+03   6.0870791e-01  -6.0423517e-04
   1.6480000e+03   6.1249198e-01  -1.0046557e-03
   1.6560000e+03   6.1601153e-01  -5.4249571e-04
   1.6640000e+03   6.0726187e-01   3.4890514e-03
   1.6720000e+03   6.0393431e-01   2.6633647e-03
   1.6800000e+03   6.0724750e-01   8.9777847e-04
   1.6880000e+03   6.0458836e-01   4.9083933e-03
   1.6960000e+03   6.0753023e-01   2.5938742e-03
   1.7040000e+03   6.0079861e-01  -1.3297686e-03
   1.7120000e+03   6.0938268e-01   1.2584989e-03
   1.7200000e+03   6.0361426e-01   1.7856221e-03
   1.7280000e+03   6.0540035e-01  -1.6315509e-03
   1.7360000e+03   6.1039961e-01  -3.1712785e-03
   1.7440000e+03   5.9750966e-01   4.5559894e-03
   1.7520000e+03   5.9905159e-01   1.7984272e-03
   1.7600000e+03   6.0184964e-01   2.5298680e-03
   1.7680000e+03   6.0588903e-01   4.3371139e-03
   1.7760000e+03   6.0085735e-01   4.5355059e-03
   1.7840000e+03   6.0448362e-01   2.7400619e-03
   1.7920000e+03   6.0097040e-01   5.5154441e-03
   1.8000000e+03   5.9976424e-01  -1.4345123e-03
   1.8080000e+03   5.9895334e-01  -9.0521004e-04
   1.8160000e+03   5.9585476e-01   5.7039988e-03
   1.8240000e+03   5.9617110e-01   2.2813347e-03
   1.8320000e+03   5.9547046e-01  -2.5885129e-03
   1.8400000e+03   5.9754909e-01   6.1195652e-03
   1.8480000e+03   5.9283568e-01   2.4241816e-03
   1.8560000e+03   5.9302459e-01   4.2331419e-03
   1.8640000e+03   5.9766015e-01   3.6735193e-03
   1.8720000e+03   5.9610738e-01  -2.2070462e-03
   1.8800000e+03   5.9623070e-01   2.7421393e-03
   1.8880000e+03   5.8934051e-01  -1.3482464e-03
   1.8960000e+03   5.9108265e-01  -7.6704398e-03
   1.9040000e+03   5.8819251e-01  -1.0115823e-03
   1.9120000e+03   5.9110142e-01  -3.2562392e-03
   1.9200000e+03   5.8592562e-01   2.6774296e-03
   1.9280000e+03   5.8897160e-01  -2.2897844e-03
   1.9360000e+03   5.8751597e-01  -2.2695996e-03
   1.9440000e+03   5.8822797e-01   3.2255109e-03
   1.9520000e+03   5.8952117e-01   2.3234743e-03
   1.9600000e+03   5.8988957e-01  -1.3907702e-03
   1.9680000e+03   5.8794403e-01   4.1989728e-03
   1.9760000e+03   5.8726864e-01   3.9591896e-04
   1.9840000e+03   5.8715048e-01  -2.1558898e-03
   1.9920000e+03   5.8601620e-01   7.2981681e-03
   2.0000000e+03   5.9119684e-01   3.3143218e-03
   2.0080000e+03   5.8629841e-01   2.9204169e-03
   2.0160000e+03   5.8968380e-01  -1.6883595e-03
   2.0240000e+03   5.8200338e-01   1.0706989e-03
   2.0320000e+03   5.8168550e-01  -2.7941069e-03
   2.0400000e+03   5.8888227e-01   5.1594785e-04
   2.0480000e+03   5.8526369e-01  -5.9541668e-03
   2.0560000e+03   5.8534592e-01   1.8317587e-03
   2.0640000e+03   5.8452972e-01   2.2929008e-03
   2.0720000e+03   5.8605248e-01   7.0858371e-03
   2.0800000e+03   5.8419404e-01  -6.4801388e-03
   2.0880000e+03   5.8172709e-01  -1.2016255e-03
   2.0960000e+03   5.8323858e-01  -4.4521120e-04
   2.1040000e+03   5.8385487e-01   3.5702632e-03
   2.1120000e+03   5.8589511e-01   2.6851613e-04
   2.1200000e+03   5.8056028e-01  -1.4767390e-03
   2.1280000e+03   5.8078387e-01  -1.8663293e-03
   2.1360000e+03   5.8096360e-01  -2.5503395e-03
   2.1440000e+03   5.7874141e-01   4.4006692e-03
   2.1520000e+03   5.8478745e-01   3.7889535e-03
   2.1600000e+03   5.7837743e-01   1.2741752e-03
   2.1680000e+03   5.7303359e-01   4.5683249e-03
   2.1760000e+03   5.7302499e-01  -2.5595470e-03
   2.1840000e+03   5.7482313e-01   1.8139992e-03
   2.1920000e+03   5.7967996e-01  -6.8152605e-03
   2.2000000e+03   5.7366207e-01  -7.3026233e-04
   2.2080000e+03   5.7981976e-01   2.2036456e-03
   2.2160000e+03   5.7451917e-01  -5.7063186e-04
   2.2240000e+03   5.7655327e-01  -4.1609659e-03
   2.2320000e+03   5.7466620e-01   4.1848426e-03
   2.2400000e+03   5.7733557e-01   3.8025708e-03
   2.2480000e+03   5.7176965e-01   9.2803011e-04
   2.2560000e+03   5.7109288e-01   1.5398737e-03
   2.2640000e+03   5.7294601e-01  -2.9809567e-03
   2.2720000e+03   5.6891384e-01   7.6969351e-04
   2.2800000e+03   5.7012985e-01  -5.7293801e-04
   2.2880000e+03   5.7170790e-01  -3.5740730e-03
   2.2960000e+03   5.6438603e-01  -8.2335433e-04
   2.3040000e+03   5.7019266e-01   2.0808520e-03
   2.3120000e+03   5.6522241e-01   3.3577130e-03
   2.3200000e+03   5.7232016e-01  -1.0577575e-03
   2.3280000e+03   5.7112385e-01  -5.0466202e-05
   2.3360000e+03   5.7069318e-01   4.0746070e-03
   2.3440000e+03   5.6819872e-01  -1.7864790e-03
   2.3520000e+03   5.6658017e-01  -2.7120593e-03
   2.3600000e+03   5.6210319e-01   3.9875004e-03
   2.3680000e+03   5.6817802e-01   2.4789832e-03
   2.3760000e+03   5.6924707e-01   4.0016707e-03
   2.3840000e+03   5.5908148e-01  -1.5114156e-03
   2.3920000e+03   5.6673508e-01  -2.6221783e-03
   2.4000000e+03   5.6809853e-01   2.5654609e-03
   2.4080000e+03   5.7053397e-01   6.0927250e-04
   2.4160000e+03   5.7130988e-01   1.5718774e-03
   2.4240000e+03   5.6296579e-01   3.0714588e-03
   2.4320000e+03   5.6579065e-01  -1.5527053e-03
   2.4400000e+03   5.6457978e-01   2.2764806e-03
   2.4480000e+03   5.6340792e-01  -3.7199772e-03
   2.4560000e+03   5.6908883e-01   5.2110418e-03
   2.4640000e+03   5.6716966e-01   5.1027359e-03
   2.4720000e+03   5.6396734e-01  -3.0819577e-03
   2.4800000e+03   5.5269371e-01  -6.4954813e-03
   2.4880000e+03   5.6271389e-01   4.8640992e-03
   2.4960000e+03   5.5846581e-01   1.8548548e-03
   2.5040000e+03   5.6278897e-01  -1.0864849e-03
   2.5120000e+03   5.6157155e-01  -2.0024153e-03
   2.5200000e+03   5.6725577e-01   4.2695765e-03
   2.5280000e+03   5.6636342e-01  -5.1481829e-03
   2.5360000e+03   5.5473696e-01   3.1149980e-03
   2.5440000e+03   5.6419452e-01  -5.1710182e-04
   2.5520000e+03   5.5712466e-01   1.5319910e-03
   2.5600000e+03   5.5879303e-01  -5.3068375e-03
   2.5680000e+03   5.6278120e-01   1.9938467e-03
   2.5760000e+03   5.6043597e-01   2.2863386e-03
   2.5840000e+03   5.5162138e-01  -4.4140302e-04
   2.5920000e+03   5.5962366e-01   3.0086956e-03
   2.6000000e+03   5.5480778e-01  -2.3319416e-03
   2.6080000e+03   5.5284154e-01  -5.0467289e-03
   2.6160000e+03   5.5558965e-01  -3.5593242e-03
   2.6240000e+03   5.5449778e-01   2.5381516e-03
   2.6320000e+03   5.5730560e-01   1.7865497e-03
   2.6400000e+03   5.4823320e-01  -4.9612775e-03
   2.6480000e+03   5.5471146e-01  -3.7441065e-03
   2.6560000e+03   5.5514072e-01   4.5484288e-03
   2.6640000e+03   5.5770440e-01  -3.4066749e-03
   2.6720000e+03   5.5285953e-01  -3.3786465e-03
   2.6800000e+03   5.5375737e-01   5.6470073e-04
   2.6880000e+03   5.5772889e-01  -4.6584465e-03
   2.6960000e+03   5.4506532e-01   1.0383700e-03
   2.7040000e+03   5.5421663e-01  -8.3706336e-03
   2.7120000e+03   5.5570275e-01   1.7727505e-03
   2.7200000e+03   5.5280637e-01  -1.1758523e-03
   2.7280000e+03   5.4672370e-01   1.0793968e-02
   2.7360000e+03   5.5400207e-01  -3.0006262e-03
   2.7440000e+03   5.5106435e-01   5.8374088e-04
   2.7520000e+03   5.4656752e-01  -7.2482595e-04
   2.7600000e+03   5.4305712e-01   3.2359414e-04
   2.7680000e+03   5.5511443e-01   2.7200845e-03
   2.7760000e+03   5.4620757e-01   7.3528978e-03
   2.7840000e+03   5.5193231e-01   3.7518992e-03
   2.7920000e+03   5.4978062e-01   1.0646565e-03
   2.8000000e+03   5.4733476e-01  -8.4223804e-04
   2.8080000e+03   5.4516367e-01   1.3998864e-03
   2.8160000e+03   5.4992428e-01  -3.2924237e-03
   2.8240000e+03   5.5212995e-01   3.2450317e-03
   2.8320000e+03   5.5027084e-01   2.7854588e-03
   2.8400000e+03   5.4880815e-01   2.6714662e-03
   2.8480000e+03   5.5043939e-01  -3.0509197e-03
   2.8560000e+03   5.4133602e-01  -5.5728544e-03
   2.8640000e+03   5.4820419e-01   1.6050305e-03
   2.8720000e+03   5.5155259e-01  -2.7152521e-03
   2.8800000e+03   5.4440038e-01  -5.3258827e-04
   2.8880000e+03   5.4447889e-01   6.0531412e-03
   2.8960000e+03   5.4800500e-01  -1.8966645e-03
   2.9040000e+03   5.4787751e-01   1.7641153e-03
   2.9120000e+03   5.4326581e-01  -7.2408594e-03
   2.9200000e+03   5.3746441e-01  -4.3158545e-04
   2.9280000e+03   5.4433131e-01  -1.2631717e-03
   2.9360000e+03   5.3980350e-01  -2.4329824e-03
   2.9440000e+03   5.5239397e-01  -1.5783847e-03
   2.9520000e+03   5.4207577e-01  -5.6289446e-04
   2.9600000e+03   5.4244097e-01  -1.2317421e-03
   2.9680000e+03   5.3919178e-01  -7.1076940e-03
   2.9760000e+03   5.4297941e-01   1.6643772e-03
   2.9840000e+03   5.3970784e-01  -1.4292986e-03
   2.9920000e+03   5.4176387e-01  -4.7714956e-03
   3.0000000e+03   5.4671162e-01  -5.2797274e-03
   3.0080000e+03   5.4217774e-01   1.3865005e-03
   3.0160000e+03   5.4762092e-01  -5.4071754e-03
   3.0240000e+03   5.3635027e-01   3.4032010e-03
   3.0320000e+03   5.3708624e-01  -3.2774388e-03
   3.0400000e+03   5.4017574e-01  -3.0315841e-03
   3.0480000e+03   5.3965778e-01  -3.5167102e-03
   3.0560000e+03   5.4360530e-01   1.3195134e-03
   3.0640000e+03   5.4419729e-01  -2.1790473e-03
   3.0720000e+03   5.4098511e-01   2.0192442e-03
   3.0800000e+03   5.4780961e-01   4.8029620e-03
   3.0880000e+03   5.3512481e-01   4.5539865e-03
   3.0960000e+03   5.3574750e-01  -2.0025747e-03
   3.1040000e+03   5.4347721e-01   9.8723784e-03
   3.1120000e+03   5.3608789e-01  -3.7184108e-03
   3.1200000e+03   5.3697904e-01  -7.8918039e-03
   3.1280000e+03   5.3592899e-01   3.4286318e-03
   3.1360000e+03   5.3710693e-01   4.1509343e-03
   3.1440000e+03   5.3130019e-01  -3.1537845e-03
   3.1520000e+03   5.3582098e-01   6.7834216e-04
   3.1600000e+03   5.3787926e-01  -1.9082908e-03
   3.1680000e+03   5.4497817e-01  -3.3698150e-03
   3.1760000e+03   5.2762279e-01   8.0114223e-03
   3.1840000e+03   5.3500534e-01   1.0178926e-03
   3.1920000e+03   5.3915316e-01   3.4057702e-03
   3.2000000e+03   5.3360034e-01   7.8004031e-04
   3.2080000e+03   5.3192367e-01  -1.5354714e-03
   3.2160000e+03   5.3778787e-01   2.1335762e-03
   3.2240000e+03   5.2909266e-01   4.7166627e-03
   3.2320000e+03   5.3977721e-01   4.8144727e-04
   3.2400000e+03   5.3580124e-01   3.2958654e-04
   3.2480000e+03   5.3466370e-01  -1.0479839e-03
   3.2560000e+03   5.4508475e-01  -2.9459549e-03
   3.2640000e+03   5.2990659e-01  -2.6426446e-03
   3.2720000e+03   5.2973649e-01   1.7518070e-03
   3.2800000e+03   5.2936653e-01   4.2749095e-03
   3.2880000e+03   5.3943465e-01   1.0786052e-03
   3.2960000e+03   5.3645763e-01   1.9687486e-03
   3.3040000e+03   5.3309876e-01   6.3440976e-04
   3.3120000e+03   5.3433673e-01   5.2779873e-05
   3.3200000e+03   5.2887429e-01  -7.0933651e-04
   3.3280000e+03   5.4138507e-01   1.4376934e-03
   3.3360000e+03   5.2674132e-01  -4.1874579e-03
   3.3440000e+03   5.3101960e-01   1.2136038e-03
   3.3520000e+03   5.2572582e-01  -1.2632910e-03
   3.3600000e+03   5.3261988e-01  -3.3477622e-03
   3.3680000e+03   5.3141744e-01   7.4164293e-03
   3.3760000e+03   5.3581391e-01   4.2791691e-03
   3.3840000e+03   5.2971475e-01   2.6643377e-03
   3.3920000e+03   5.2763301e-01   1.0004857e-03
   3.4000000e+03   5.3184010e-01  -4.8582905e-03
   3.4080000e+03   5.2389883e-01   1.4777917e-03
   3.4160000e+03   5.3064034e-01   1.8737904e-03
   3.4240000e+03   5.2171668e-01  -7.7920156e-03
   3.4320000e+03   5.2777076e-01   3.0613777e-03
   3.4400000e+03   5.2041722e-01  -1.1036157e-03
   3.4480000e+03   5.2978465e-01   1.4177631e-03
   3.4560000e+03   5.2482768e-01   5.1428073e-04
   3.4640000e+03   5.2843794e-01  -3.1220944e-03
   3.4720000e+03   5.2246274e-01   3.6291365e-03
   3.4800000e+03   5.3063227e-01   7.0740853e-03
   3.4880000e+03   5.2257841e-01   7.8327962e-04
   3.4960000e+03   5.2573581e-01   8.3837151e-03
   3.5040000e+03   5.2185172e-01  -1.2065979e-02
   3.5120000e+03   5.2905362e-01  -8.0783950e-03
   3.5200000e+03   5.2659580e-01   1.7151998e-03
   3.5280000e+03   5.2562451e-01  -5.9057004e-03
   3.5360000e+03   5.2569946e-01  -2.3738978e-03
   3.5440000e+03   5.2937341e-01  -4.2432105e-04
   3.5520000e+03   5.1802960e-01   5.6925786e-04
   3.5600000e+03   5.2453846e-01  -4.0780176e-03
   3.5680000e+03   5.1804014e-01  -5.2125701e-03
   3.5760000e+03   5.2534697e-01  -3.1174178e-03
   3.5840000e+03   5.2020507e-01   4.0165715e-03
   3.5920000e+03   5.2540028e-01   9.3675519e-03
   3.6000000e+03   5.1991660e-01   7.4000260e-03
   3.6080000e+03   5.2575543e-01   4.7220604e-03
   3.6160000e+03   5.2435286e-01  -2.3759776e-03
   3.6240000e+03   5.2966202e-01   2.2928693e-03
   3.6320000e+03   5.2911052e-01   5.7871356e-03
   3.6400000e+03   5.2451612e-01   1.0073382e-02
   3.6480000e+03   5.1893790e-01   6.4943099e-03
   3.6560000e+03   5.2882570e-01   3.1938084e-03
   3.6640000e+03   5.2189696e-01  -3.2952026e-03
   3.6720000e+03   5.2329176e-01  -9.9818459e-04
   3.6800000e+03   5.2572640e-01   1.3723862e-04
   3.6880000e+03   5.1874166e-01   7.7011810e-03
   3.6960000e+03   5.1644832e-01  -2.1892308e-03
   3.7040000e+03   5.1867488e-01   3.6640869e-03
   3.7120000e+03   5.1771068e-01  -2.4393566e-03
   3.7200000e+03   5.2196660e-01  -3.8239160e-04
   3.7280000e+03   5.2301940e-01  -1.9807447e-04
   3.7360000e+03   5.1637564e-01   3.4271222e-03
   3.7440000e+03   5.1898496e-01   2.2116699e-03
   3.7520000e+03   5.1411803e-01  -1.8605989e-03
   3.7600000e+03   5.1505808e-01  -3.6126555e-03
   3.7680000e+03   5.1740326e-01   3.2986127e-04
   3.7760000e+03   5.2184690e-01   7.4038490e-05
   3.7840000e+03   5.2216837e-01   7.3279588e-05
   3.7920000e+03   5.2699115e-01  -1.2944160e-04
   3.8000000e+03   5.1906747e-01  -6.1779412e-04
   3.8080000e+03   5.2122921e-01  -2.6111699e-03
   3.8160000e+03   5.1468598e-01   1.4098018e-03
   3.8240000e+03   5.2407552e-01  -5.7230254e-04
   3.8320000e+03   5.1685774e-01   1.2890995e-03
   3.8400000e+03   5.1312292e-01   1.7226107e-03
   3.8480000e+03   5.2275372e-01  -4.5959814e-03
   3.8560000e+03   5.1860252e-01   5.7196413e-05
   3.8640000e+03   5.1293008e-01   3.1554773e-03
   3.8720000e+03   5.2088920e-01   4.3084793e-03
   3.8800000e+03   5.1829318e-01  -2.9341430e-03
   3.8880000e+03   5.1643723e-01  -3.9265174e-03
   3.8960000e+03   5.1335972e-01  -1.7900641e-03
   3.9040000e+03   5.1722169e-01   1.9073409e-03
   3.9120000e+03   5.1196750e-01   3.0393198e-03
   3.9200000e+03   5.2442637e-01  -9.8760227e-04
   3.9280000e+03   5.1120210e-01  -1.1373245e-03
   3.9360000e+03   5.1782840e-01  -2.3659410e-03
   3.9440000e+03   5.1722611e-01  -2.3952748e-03
   3.9520000e+03   5.0944262e-01  -2.4839998e-04
   3.9600000e+03   5.0904706e-01   9.8043978e-04
   3.9680000e+03   5.1416447e-01   3.3646562e-03
   3.9760000e+03   5.1811634e-01  -2.4690345e-03
   3.9840000e+03   5.1658327e-01  -7.8208094e-03
   3.9920000e+03   5.1744056e-01   1.4161010e-03
   4.0000000e+03   5.1128332e-01  -7.2211265e-03
   4.0080000e+03   5.1502740e-01   3.0930318e-03
   4.0160000e+03   5.1324776e-01   2.9533352e-03
   4.0240000e+03   5.1350634e-01   1.7110388e-03
   4.0320000e+03   5.1355216e-01   2.7516512e-03
   4.0400000e+03   5.0895186e-01  -3.7758692e-03
   4.0480000e+03   5.2038698e-01   4.3976397e-03
   4.0560000e+03   5.1682346e-01   3.9135338e-03
   4.0640000e+03   5.2373690e-01  -5.7023657e-03
   4.0720000e+03   5.1818899e-01  -2.5676937e-03
   4.0800000e+03   5.1618911e-01  -6.0792247e-04
   4.0880000e+03   5.1510184e-01  -3.0260442e-03
   4.0960000e+03   5.1660375e-01   4.9584885e-04
   4.1040000e+03   5.1995673e-01   3.7659409e-03
   4.1120000e+03   5.1822678e-01  -6.0988478e-03
   4.1200000e+03   5.2241946e-01   5.7497700e-04
   4.1280000e+03   5.1829633e-01   2.6410125e-05
   4.1360000e+03   5.1818565e-01  -3.5600689e-03
   4.1440000e+03   5.2431485e-01  -2.2932380e-03
   4.1520000e+03   5.1144755e-01   7.5686066e-04
   4.1600000e+03   5.1772350e-01   1.3134951e-03
   4.1680000e+03   5.1195717e-01  -2.1022059e-03
   4.1760000e+03   5.1182291e-01   3.0143920e-04
   4.1840000e+03   5.1347690e-01  -3.5445631e-04
   4.1920000e+03   5.1380826e-01  -3.6406131e-03
   4.2000000e+03   5.1718577e-01  -2.1050487e-03
   4.2080000e+03   5.1449925e-01  -2.6394050e-03
   4.2160000e+03   5.2619593e-01   2.7965105e-04
   4.2240000e+03   5.1940661e-01  -3.8987096e-03
   4.2320000e+03   5.1731602e-01  -1.9536851e-04
   4.2400000e+03   5.1859217e-01   9.3648473e-04
   4.2480000e+03   5.1460294e-01  -1.1000100e-02
   4.2560000e+03   5.0938680e-01   1.5597635e-03
   4.2640000e+03   5.1233900e-01   1.3289805e-04
   4.2720000e+03   5.1456586e-01   9.4449469e-04
   4.2800000e+03   5.1220814e-01   2.9796800e-03
   4.2880000e+03   5.1755256e-01   1.9183864e-03
   4.2960000e+03   5.1514090e-01   2.2184984e-03
   4.3040000e+03   5.1231677e-01   1.4026655e-03
   4.3120000e+03   5.1521026e-01   4.6151544e-05
   4.3200000e+03   5.2078110e-01   4.3024303e-03
   4.3280000e+03   5.1400648e-01   9.1944523e-04
   4.3360000e+03   5.1307098e-01  -8.9119537e-03
   4.3440000e+03   5.0771597e-01   4.5976942e-03
   4.3520000e+03   5.1786324e-01  -1.2852896e-03
   4.3600000e+03   5.1400992e-01  -5.4239259e-03
   4.3680000e+03   5.1193506e-01   1.8305538e-04
   4.3760000e+03   5.1352588e-01  -1.0933284e-03
   4.3840000e+03   5.1396051e-01   6.0208700e-03
   4.3920000e+03   5.0720183e-01  -1.6637454e-03
   4.4000000e+03   5.1647547e-01   1.1553685e-03
   4.4080000e+03   5.1015655e-01   4.2081822e-03
   4.4160000e+03   5.0931569e-01   6.4588528e-04
   4.4240000e+03   5.1431338e-01   4.4170064e-03
   4.4320000e+03   5.1348856e-01   1.2972858e-03
   4.4400000e+03   5.1180920e-01   2.9527809e-04
   4.4480000e+03   5.1585695e-01   2.6592389e-03
   4.4560000e+03   5.1644167e-01   3.1126884e-03
   4.4640000e+03   5.0912957e-01   2.6190391e-03
   4.4720000e+03   5.1308681e-01   1.5517301e-03
   4.4800000e+03   5.1140854e-01   1.0380824e-03
   4.4880000e+03   5.1294323e-01   1.0828389e-03
   4.4960000e+03   5.0990989e-01   6.7470679e-03
   4.5040000e+03   5.1568976e-01  -3.3155154e-04
   4.5120000e+03   5.0481019e-01  -1.9229995e-03
   4.5200000e+03   5.1854325e-01  -2.9848739e-03
   4.5280000e+03   5.1313249e-01   7.5319292e-03
   4.5360000e+03   5.1601841e-01  -6.7520571e-03
   4.5440000e+03   5.1254299e-01  -1.3818449e-03
   4.5520000e+03   5.1426391e-01   1.2538026e-03
   4.5600000e+03   5.0870268e-01   7.0648160e-03
   4.5680000e+03   5.0727419e-01   4.6620018e-04
   4.5760000e+03   5.1023521e-01  -3.9081673e-03
   4.5840000e+03   5.1517985e-01  -3.7224670e-03
   4.5920000e+03   5.1003959e-01  -4.5203415e-03
   4.6000000e+03   5.0836516e-01  -3.1031416e-03
   4.6080000e+03   5.0346812e-01  -7.4128114e-04
   4.6160000e+03   5.1538590e-01  -1.3802177e-04
   4.6240000e+03   5.0949117e-01  -2.8954221e-03
   4.6320000e+03   5.1640461e-01  -2.6507724e-03
   4.6400000e+03   5.1130299e-01  -1.9533144e-03
   4.6480000e+03   5.1664262e-01  -4.2318359e-03
   4.6560000e+03   5.1002486e-01   4.6000604e-03
   4.6640000e+03   5.1079274e-01   4.0176342e-03
   4.6720000e+03   5.1042170e-01  -3.8484790e-03
   4.6800000e+03   5.1492158e-01   7.0395883e-03
   4.6880000e+03   5.0918920e-01   4.0964056e-04
   4.6960000e+03   5.1425096e-01  -1.8811226e-03
   4.7040000e+03   5.1376892e-01   2.7653452e-03
   4.7120000e+03   5.1004160e-01  -2.3222337e-03
   4.7200000e+03   5.0996562e-01   4.9457095e-03
   4.7280000e+03   5.0540645e-01   6.7349622e-03
   4.7360000e+03   5.1516411e-01  -2.6775615e-03
   4.7440000e+03   5.1139367e-01  -1.1484269e-03
   4.7520000e+03   5.1014410e-01   1.0458987e-04
   4.7600000e+03   5.1101454e-01  -1.0125428e-03
   4.7680000e+03   5.1616156e-01  -2.6693010e-03
   4.7760000e+03   5.1024631e-01  -2.3919487e-03
   4.7840000e+03   5.1399991e-01  -4.1561115e-03
   4.7920000e+03   5.1422035e-01  -2.0902817e-03
   4.8000000e+03   5.1333365e-01   6.6608493e-03
   4.8080000e+03   5.1161782e-01  -2.5175742e-03
   4.8160000e+03   5.0822457e-01   1.2603702e-03
   4.8240000e+03   5.0888820e-01   2.2172254e-03
   4.8320000e+03   5.0860507e-01  -2.0397154e-03
   4.8400000e+03   5.1206743e-01   6.8605236e-04
   4.8480000e+03   5.0813370e-01   7.6427183e-03
   4.8560000e+03   5.0655202e-01   4.0629306e-03
   4.8640000e+03   5.1103232e-01   1.7778159e-03
   4.8720000e+03   5.0793389e-01  -5.5568227e-03
   4.8800000e+03   5.0657910e-01  -4.5323398e-03
   4.8880000e+03   5.0635570e-01  -2.9914880e-03
   4.8960000e+03   5.1431781e-01   3.8124544e-03
   4.9040000e+03   5.1245729e-01   1.9972905e-03
   4.9120000e+03   5.0591988e-01  -3.5453384e-03
   4.9200000e+03   5.1822822e-01  -1.0347494e-03
   4.9280000e+03   5.0804762e-01   6.5231971e-03
   4.9360000e+03   5.1460272e-01  -3.1754916e-03
   4.9440000e+03   5.1373132e-01  -1.9669493e-03
   4.9520000e+03   5.0597130e-01   2.5379133e-03
   4.9600000e+03   5.1315348e-01  -2.0191222e-03
   4.9680000e+03   5.1093865e-01  -2.1843788e-04
   4.9760000e+03   5.0723515e-01  -1.2625124e-03
   4.9840000e+03   5.0816900e-01   5.5646465e-03
   4.9920000e+03   5.0616425e-01   1.3611114e-03
   5.0000000e+03   5.0699699e-01  -2.4260270e-03
   5.0080000e+03   5.0913449e-01   4.6994303e-03
   5.0160000e+03   5.1311109e-01  -3.3686465e-03
   5.0240000e+03   5.0754336e-01  -1.2843373e-03
   5.0320000e+03   5.1041300e-01  -9.5118929e-04
   5.0400000e+03   5.1063423e-01  -5.6167792e-03
   5.0480000e+03   5.0117770e-01  -3.8697853e-04
   5.0560000e+03   5.0878889e-01   9.3973148e-04
   5.0640000e+03   5.0761506e-01   9.1557740e-06
   5.0720000e+03   5.1095684e-01  -1.5544485e-03
   5.0800000e+03   5.1269197e-01   4.4644400e-03
   5.0880000e+03   5.0886781e-01   8.1547526e-05
   5.0960000e+03   5.0900632e-01  -4.4569850e-04
   5.1040000e+03   5.1497552e-01   1.5287312e-04
   5.1120000e+03   5.0821842e-01  -2.7976574e-03
   5.1200000e+03   5.1290413e-01   2.8401592e-03
   5.1280000e+03   5.1226000e-01  -4.2396284e-03
   5.1360000e+03   5.0627703e-01  -3.4930218e-04
   5.1440000e+03   5.0941753e-01   2.5515862e-04
   5.1520000e+03   5.1840397e-01  -4.1844853e-03
   5.1600000e+03   5.0704037e-01   3.8369357e-03
   5.1680000e+03   5.0751647e-01   2.2417564e-03
   5.1760000e+03   5.1002035e-01  -8.6645381e-04
   5.1840000e+03   5.0409811e-01   4.8992038e-03
   5.1920000e+03   5.0715517e-01  -1.3344728e-03
   5.2000000e+03   5.0632659e-01  -1.0943626e-03
   5.2080000e+03   5.0826375e-01   8.9116330e-03
   5.2160000e+03   5.0897089e-01   5.7128160e-03
   5.2240000e+03   5.1193688e-01   3.2093337e-03
   5.2320000e+03   5.0120368e-01   1.7951701e-03
   5.2400000e+03   5.0700145e-01  -7.3718075e-03
   5.2480000e+03   5.0073627e-01   4.3392209e-03
   5.2560000e+03   5.0994014e-01   2.4327585e-03
   5.2640000e+03   5.0638577e-01  -3.0945068e-03
   5.2720000e+03   5.0136678e-01   1.2974263e-03
   5.2800000e+03   5.0244051e-01  -4.7652708e-03
   5.2880000e+03   5.1184502e-01  -2.9285820e-03
   5.2960000e+03   5.0741420e-01   2.4990274e-03
   5.3040000e+03   5.0565281e-01  -1.5336018e-03
   5.3120000e+03   5.0457140e-01  -2.6828907e-03
   5.3200000e+03   5.0408449e-01   6.8305142e-04
   5.3280000e+03   5.0956896e-01  -4.1793300e-03
   5.3360000e+03   4.9979870e-01  -4.5389634e-03
   5.3440000e+03   5.0766540e-01   9.9474858e-04
   5.3520000e+03   5.0516654e-01  -3.7907154e-03
   5.3600000e+03   5.1047584e-01   4.4472558e-03
   5.3680000e+03   5.0746347e-01   4.2633527e-03
   5.3760000e+03   5.0865105e-01  -6.4635198e-03
   5.3840000e+03   5.0205963e-01   1.7471955e-03
   5.3920000e+03   5.1051330e-01   9.9812628e-04
   5.4000000e+03   5.0656398e-01  -3.2264567e-03
   5.4080000e+03   4.9689892e-01  -1.1833498e-03
   5.4160000e+03   5.0373343e-01   5.0086014e-03
   5.4240000e+03   5.0451040e-01  -2.5556499e-03
   5.4320000e+03   5.0414504e-01  -7.0179938e-03
   5.4400000e+03   5.0338562e-01  -7.5433293e-04
   5.4480000e+03   5.0272990e-01  -5.1596805e-03
   5.4560000e+03   5.0279215e-01  -2.4835074e-03
   5.4640000e+03   5.0119643e-01  -3.1664012e-04
   5.4720000e+03   5.0680645e-01  -3.9949146e-03
   5.4800000e+03   5.0016215e-01   7.2794670e-05
   5.4880000e+03   5.0817647e-01   5.1023004e-03
   5.4960000e+03   5.0318963e-01   3.1571448e-03
   5.5040000e+03   5.0566512e-01   4.6805744e-03
   5.5120000e+03   5.0085017e-01   4.2518826e-03
   5.5200000e+03   5.0395212e-01  -6.1797800e-03
   5.5280000e+03   5.0094003e-01  -4.2632032e-03
   5.5360000e+03   5.0222220e-01   2.5354048e-03
   5.5440000e+03   5.0758185e-01  -2.3247172e-03
   5.5520000e+03   5.0546937e-01   1.9945825e-03
   5.5600000e+03   5.0394802e-01   6.1904009e-03
   5.5680000e+03   5.0172343e-01   1.4893486e-03
   5.5760000e+03   5.0416416e-01   1.2958982e-03
   5.5840000e+03   5.0749144e-01   1.7394771e-03
   5.5920000e+03   5.0399752e-01   1.8961570e-03
   5.6000000e+03   4.9199634e-01  -5.6459399e-03
   5.6080000e+03   5.0245950e-01  -2.3517850e-03
   5.6160000e+03   5.0168909e-01   4.1511242e-04
   5.6240000e+03   5.0280745e-01   6.1039288e-03
   5.6320000e+03   5.0722498e-01  -2.7031796e-03
   5.6400000e+03   5.0120370e-01  -9.9163944e-04
   5.6480000e+03   5.0121079e-01  -1.3796017e-03
   5.6560000e+03   5.0544193e-01  -1.9730234e-03
   5.6640000e+03   4.9812958e-01   1.6030153e-03
   5.6720000e+03   5.1142736e-01  -1.2491630e-03
   5.6800000e+03   5.0682031e-01  -6.0989259e-03
   5.6880000e+03   5.0621027e-01  -3.3694256e-03
   5.6960000e+03   5.0225572e-01   1.0614521e-03
   5.7040000e+03   5.0343386e-01  -5.1888897e-04
   5.7120000e+03   5.0574734e-01  -4.7685719e-03
   5.7200000e+03   5.0259097e-01   4.7081871e-03
   5.7280000e+03   5.0391439e-01  -2.4455704e-04
   5.7360000e+03   5.0124218e-01  -3.1348474e-03
   5.7440000e+03   5.0685785e-01  -3.4515037e-03
   5.7520000e+03   5.0126928e-01   9.0507733e-04
   5.7600000e+03   5.0428345e-01   4.4956126e-04
   5.7680000e+03   5.0690625e-01  -1.1560199e-03
   5.7760000e+03   5.0395347e-01  -7.2133777e-03
   5.7840000e+03   5.0978858e-01   1.7963448e-03
   5.7920000e+03   5.0478644e-01  -2.0284728e-03
   5.8000000e+03   5.0543095e-01   2.3866636e-03
   5.8080000e+03   5.0444361e-01  -7.3429135e-03
   5.8160000e+03   5.0154690e-01  -4.9411092e-03
   5.8240000e+03   4.9565732e-01   2.8471382e-03
   5.8320000e+03   4.9394618e-01  -3.5198931e-03
   5.8400000e+03   4.9908833e-01   9.5404705e-03
   5.8480000e+03   5.0128179e-01  -3.2059836e-04
   5.8560000e+03   4.9920329e-01  -4.6114658e-03
   5.8640000e+03   5.0123325e-01   3.5839247e-03
   5.8720000e+03   5.0380186e-01  -8.7347628e-03
   5.8800000e+03   5.0066697e-01   3.6655522e-03
   5.8880000e+03   4.9535979e-01  -2.9998106e-03
   5.8960000e+03   4.9877952e-01  -4.0613852e-03
   5.9040000e+03   5.0012763e-01  -1.0225295e-03
   5.9120000e+03   5.0305346e-01   5.4403560e-04
   5.9200000e+03   5.0799563e-01  -1.1913147e-03
   5.9280000e+03   4.9949102e-01  -5.7580695e-03
   5.9360000e+03   4.9455290e-01  -2.2580372e-03
   5.9440000e+03   4.9910754e-01   1.4046458e-03
   5.9520000e+03   5.0237115e-01   4.3871049e-03
   5.9600000e+03   5.0316094e-01  -7.3349973e-03
   5.9680000e+03   5.1304681e-01   2.0375803e-03
   5.9760000e+03   5.0458845e-01   2.4052387e-03
   5.9840000e+03   4.9931796e-01  -1.0440927e-03
   5.9920000e+03   4.9993410e-01   7.0789688e-04
   6.0000000e+03   5.0095839e-01  -1.8959667e-03
   6.0080000e+03   4.9890622e-01   3.1874566e-03
   6.0160000e+03   4.9930970e-01   1.0297839e-03
   6.0240000e+03   4.9441423e-01   3.8186612e-03
   6.0320000e+03   5.0358943e-01   3.0543217e-03
   6.0400000e+03   4.9523588e-01  -5.1180913e-03
   6.0480000e+03   5.0287013e-01   7.2760988e-03
   6.0560000e+03   5.0020920e-01  -3.1888818e-03
   6.0640000e+03   4.9688163e-01   3.9579365e-04
   6.0720000e+03   5.0482495e-01   3.0810009e-04
   6.0800000e+03   4.9552917e-01   8.6171479e-03
   6.0880000e+03   5.0198140e-01   4.0475404e-03
   6.0960000e+03   4.9774114e-01  -2.2581363e-03
   6.1040000e+03   4.9803243e-01   3.2984918e-03
   6.1120000e+03   4.9469256e-01  -1.7711995e-03
   6.1200000e+03   5.0105469e-01  -1.8551211e-03
   6.1280000e+03   5.0326620e-01   5.3730003e-04
   6.1360000e+03   4.9516040e-01   9.7973949e-04
   6.1440000e+03   4.9676983e-01   4.6380385e-03
   6.1520000e+03   4.9830480e-01   9.5376132e-04
   6.1600000e+03   4.9865512e-01  -3.0526374e-03
   6.1680000e+03   4.9945140e-01  -1.0287224e-03
   6.1760000e+03   5.0400236e-01   5.4521654e-03
   6.1840000e+03   4.9560614e-01  -4.6362444e-03
   6.1920000e+03   4.9209813e-01   3.3832801e-03
   6.2000000e+03   4.9799951e-01  -3.3336597e-04
   6.2080000e+03   5.0007474e-01  -6.1294715e-03
   6.2160000e+03   4.9494227e-01   3.4579470e-03
   6.2240000e+03   4.9880025e-01   3.3130058e-03
   6.2320000e+03   4.9417753e-01  -3.3951080e-04
   6.2400000e+03   4.9663884e-01  -1.6102504e-03
   6.2480000e+03   4.9689848e-01   9.1205364e-04
   6.2560000e+03   4.9336373e-01  -3.2052019e-03
   6.2640000e+03   4.9306762e-01   5.5254395e-03
   6.2720000e+03   4.9430741e-01   3.6207940e-04
   6.2800000e+03   4.9440318e-01  -3.0170043e-03
   6.2880000e+03   4.9750981e-01  -2.2141299e-03
   6.2960000e+03   4.9393687e-01  -4.8757824e-04
   6.3040000e+03   4.9542921e-01   2.5632039e-03
   6.3120000e+03   5.0003531e-01   4.7066161e-03
   6.3200000e+03   4.9089551e-01   1.2092608e-03
   6.3280000e+03   4.9345726e-01   4.9945854e-03
   6.3360000e+03   4.9648370e-01   2.4231794e-03
   6.3440000e+03   4.9805459e-01  -7.4039498e-03
   6.3520000e+03   4.9528495e-01  -1.3957740e-03
   6.3600000e+03   4.9526468e-01   1.3637911e-03
   6.3680000e+03   4.9357585e-01   3.8784848e-03
   6.3760000e+03   4.9254724e-01   4.0412760e-04
   6.3840000e+03   4.9393129e-01   4.4375188e-04
   6.3920000e+03   4.9193984e-01   4.1727553e-04
   6.4000000e+03   4.9584668e-01  -6.6909434e-03
   6.4080000e+03   4.8923982e-01   3.6443608e-03
   6.4160000e+03   4.9755003e-01  -7.4031298e-03
   6.4240000e+03   4.9360861e-01   4.2040374e-03
   6.4320000e+03   4.9422186e-01   5.3866630e-04
   6.4400000e+03   4.9509817e-01  -4.0699261e-03
   6.4480000e+03   4.9205775e-01  -2.3688434e-03
   6.4560000e+03   4.8794136e-01  -1.3575148e-03
   6.4640000e+03   4.9544809e-01  -2.6821208e-03
   6.4720000e+03   4.9411271e-01   6.7059092e-04
   6.4800000e+03   4.9385923e-01  -1.5564309e-04
   6.4880000e+03   4.9360874e-01   5.0994658e-03
   6.4960000e+03   4.9227315e-01   7.9594841e-03
   6.5040000e+03   4.9424660e-01   2.1215393e-03
   6.5120000e+03   4.8995645e-01   3.2430940e-03
   6.5200000e+03   4.9704943e-01   5.2490480e-03
   6.5280000e+03   4.9175337e-01  -1.5722439e-03
   6.5360000e+03   4.9710525e-01  -2.9072806e-03
   6.5440000e+03   4.9026322e-01  -1.0221418e-02
   6.5520000e+03   4.9188435e-01  -2.9643552e-03
   6.5600000e+03   4.9369063e-01  -6.5873929e-03
   6.5680000e+03   4.9318478e-01   9.4092968e-04
   6.5760000e+03   4.9254363e-01   3.9398081e-03
   6.5840000e+03   4.9073287e-01   1.9037606e-03
   6.5920000e+03   4.8826151e-01  -2.4253645e-03
   6.6000000e+03   4.9016324e-01   5.2266603e-03
   6.6080000e+03   4.9446482e-01  -1.8680155e-03
   6.6160000e+03   4.8721378e-01   1.9157503e-03
   6.6240000e+03   4.8439750e-01   3.1329538e-03
   6.6320000e+03   4.9122948e-01   4.8855464e-03
   6.6400000e+03   4.9263987e-01   3.4022519e-03
   6.6480000e+03   4.9125592e-01  -3.0284999e-03
   6.6560000e+03   4.8676294e-01  -2.2025720e-03
   6.6640000e+03   4.8907417e-01  -5.7764334e-04
   6.6720000e+03   4.9042672e-01  -3.0734878e-03
   6.6800000e+03   4.9382311e-01  -5.3257748e-03
   6.6880000e+03   4.9278019e-01  -4.3349103e-03
   6.6960000e+03   4.8795041e-01  -2.3667738e-04
   6.7040000e+03   4.9393214e-01   3.1308041e-03
   6.7120000e+03   4.9243024e-01  -3.7460592e-03
   6.7200000e+03   4.9220482e-01  -5.2439146e-04
   6.7280000e+03   4.8977002e-01  -8.8939731e-04
   6.7360000e+03   4.8613850e-01   1.8936256e-04
   6.7440000e+03   4.9920241e-01  -1.0553046e-02
   6.7520000e+03   4.9516063e-01   5.7029321e-04
   6.7600000e+03   4.9206711e-01  -4.1064157e-03
   6.7680000e+03   4.8890805e-01  -2.4309141e-03
   6.7760000e+03   4.8295328e-01  -2.0284918e-03
   6.7840000e+03   4.9195874e-01  -1.0716760e-03
   6.7920000e+03   4.9389490e-01  -2.5184309e-04
   6.8000000e+03   4.8550544e-01   8.4166844e-04
   6.8080000e+03   4.8681226e-01   9.8393676e-03
   6.8160000e+03   4.9169382e-01   8.4875903e-04
   6.8240000e+03   4.8603629e-01   9.6955331e-04
   6.8320000e+03   4.9431191e-01   4.9760089e-03
   6.8400000e+03   4.8273187e-01  -1.8015975e-03
   6.8480000e+03   4.8912633e-01   4.0886692e-03
   6.8560000e+03   4.8291821e-01   2.0677223e-03
   6.8640000e+03   4.9319898e-01  -2.7017352e-03
   6.8720000e+03   4.8830025e-01   1.7741282e-03
   6.8800000e+03   4.8710623e-01   2.3443754e-03
   6.8880000e+03   4.9147316e-01   2.5076231e-03
   6.8960000e+03   4.9041748e-01  -2.3506915e-03
   6.9040000e+03   4.8859409e-01  -2.8056801e-03
   6.9120000e+03   4.8733619e-01  -5.9462265e-03
   6.9200000e+03   4.8502911e-01  -6.6293266e-03
   6.9280000e+03   4.8119550e-01   4.7338056e-03
   6.9360000e+03   4.8260728e-01  -1.3454160e-03
   6.9440000e+03   4.8826421e-01   2.7788546e-03
   6.9520000e+03   4.8178210e-01  -3.4255849e-03
   6.9600000e+03   4.9156364e-01  -8.4130289e-04
   6.9680000e+03   4.8481883e-01   1.2940571e-02
   6.9760000e+03   4.8068856e-01  -1.7516142e-03
   6.9840000e+03   4.9257296e-01   3.0812745e-03
   6.9920000e+03   4.9315507e-01  -1.0784551e-03
   7.0000000e+03   4.8830459e-01  -1.8849590e-03
   7.0080000e+03   4.8935629e-01  -1.8020233e-03
   7.0160000e+03   4.8212651e-01   5.6329007e-04
   7.0240000e+03   4.8463609e-01   5.6536956e-03
   7.0320000e+03   4.8671470e-01  -1.2757149e-03
   7.0400000e+03   4.8622105e-01   3.6625986e-03
   7.0480000e+03   4.9087229e-01   3.7273433e-03
   7.0560000e+03   4.8760411e-01   1.4950789e-03
   7.0640000e+03   4.8484929e-01   2.9434234e-03
   7.0720000e+03   4.8466273e-01   3.9448954e-03
   7.0800000e+03   4.8251225e-01  -2.6635024e-03
   7.0880000e+03   4.7937385e-01  -3.0600465e-03
   7.0960000e+03   4.8750182e-01   1.9513008e-03
   7.1040000e+03   4.9127668e-01   6.7094094e-04
   7.1120000e+03   4.9064367e-01  -8.9997302e-04
   7.1200000e+03   4.8925154e-01   1.9305757e-04
   7.1280000e+03   4.7986336e-01  -2.7250387e-04
   7.1360000e+03   4.7598983e-01   4.1047269e-03
   7.1440000e+03   4.8489694e-01  -1.1362445e-03
   7.1520000e+03   4.8805792e-01   3.3884341e-03
   7.1600000e+03   4.8048072e-01  -3.4550698e-03
   7.1680000e+03   4.8484080e-01  -4.0818414e-03
   7.1760000e+03   4.8129292e-01   4.5346465e-03
   7.1840000e+03   4.8412682e-01  -1.5254205e-03
   7.1920000e+03   4.8208406e-01  -5.7441432e-03
   7.2000000e+03   4.8812358e-01  -3.0524465e-03
   7.2080000e+03   4.8430342e-01  -9.4226297e-03
   7.2160000e+03   4.8886967e-01   1.1648809e-03
   7.2240000e+03   4.7792808e-01   2.4090023e-03
   7.2320000e+03   4.8387653e-01   7.6913069e-03
   7.2400000e+03   4.8059349e-01   6.9544664e-03
   7.2480000e+03   4.8515112e-01   3.6309826e-03
   7.2560000e+03   4.8301476e-01  -1.2648573e-03
   7.2640000e+03   4.7449571e-01  -4.7182100e-03
   7.2720000e+03   4.8334708e-01   1.9307258e-03
   7.2800000e+03   4.8120322e-01   1.3127209e-03
   7.2880000e+03   4.8487493e-01  -5.4459784e-03
   7.2960000e+03   4.8552256e-01  -6.3317002e-04
   7.3040000e+03   4.8271789e-01  -2.0962500e-03
   7.3120000e+03   4.9013291e-01   6.4517268e-04
   7.3200000e+03   4.7492039e-01  -1.1555842e-02
   7.3280000e+03   4.8007922e-01  -3.4672550e-03
   7.3360000e+03   4.8181174e-01  -2.2864550e-03
   7.3440000e+03   4.8158901e-01  -3.2033063e-03
   7.3520000e+03   4.8871024e-01  -5.9393463e-03
   7.3600000e+03   4.8292367e-01  -2.6003463e-03
   7.3680000e+03   4.8236281e-01  -4.0036107e-04
   7.3760000e+03   4.7903178e-01   1.1167472e-03
   7.3840000e+03   4.7969191e-01  -2.3590839e-03
   7.3920000e+03   4.7721649e-01  -1.9016599e-03
   7.4000000e+03   4.7918267e-01  -2.1787069e-03
   7.4080000e+03   4.7935445e-01   1.5402039e-03
   7.4160000e+03   4.7697235e-01  -9.0049970e-03
   7.4240000e+03   4.7961287e-01   2.6161125e-03
   7.4320000e+03   4.8076108e-01  -1.4264910e-03
   7.4400000e+03   4.8268461e-01  -2.5644647e-03
   7.4480000e+03   4.7845594e-01  -1.9769861e-03
   7.4560000e+03   4.8049886e-01  -3.7177863e-03
   7.4640000e+03   4.8205026e-01   1.0802349e-03
   7.4720000e+03   4.7873453e-01   1.7442595e-03
   7.4800000e+03   4.8495584e-01  -3.9371299e-03
   7.4880000e+03   4.8009523e-01   2.2069470e-03
   7.4960000e+03   4.8013460e-01   2.1646151e-03
   7.5040000e+03   4.7382842e-01  -8.5459763e-03
   7.5120000e+03   4.7195681e-01  -1.3786638e-04
   7.5200000e+03   4.8205086e-01  -3.4304677e-03
   7.5280000e+03   4.7888876e-01  -3.4348616e-03
   7.5360000e+03   4.7947164e-01  -2.5983559e-03
   7.5440000e+03   4.7187128e-01  -7.3751273e-03
   7.5520000e+03   4.8052806e-01   7.2237349e-03
   7.5600000e+03   4.7897830e-01  -1.1330515e-03
   7.5680000e+03   4.8075769e-01   5.6984982e-03
   7.5760000e+03   4.8235832e-01   1.3743952e-03
   7.5840000e+03   4.8018751e-01   1.1944475e-03
   7.5920000e+03   4.7850242e-01  -1.2716544e-02
   7.6000000e+03   4.7715253e-01   2.9334564e-03
   7.6080000e+03   4.7728102e-01  -2.1767546e-03
   7.6160000e+03   4.7289693e-01  -9.7605928e-04
   7.6240000e+03   4.7579384e-01   2.9755927e-03
   7.6320000e+03   4.7414945e-01   2.9086396e-03
   7.6400000e+03   4.7733011e-01   4.1015885e-04
   7.6480000e+03   4.8118773e-01   3.1164660e-03
   7.6560000e+03   4.7586987e-01   4.5397324e-03
   7.6640000e+03   4.8024023e-01  -6.3170303e-03
   7.6720000e+03   4.8527179e-01  -8.0052933e-03
   7.6800000e+03   4.7676786e-01   9.6233602e-03
   7.6880000e+03   4.7972214e-01   1.2913421e-03
   7.6960000e+03   4.6907840e-01  -2.1336680e-03
   7.7040000e+03   4.7474983e-01   3.3432203e-03
   7.7120000e+03   4.7809292e-01  -3.9025706e-04
   7.7200000e+03   4.7809062e-01   3.9721944e-03
   7.7280000e+03   4.7858365e-01   2.9221368e-03
   7.7360000e+03   4.7323563e-01  -4.0678300e-03
   7.7440000e+03   4.7287072e-01   6.1071329e-04
   7.7520000e+03   4.7289163e-01  -2.4385576e-04
   7.7600000e+03   4.7886475e-01   1.3376126e-03
   7.7680000e+03   4.7231388e-01   1.9862264e-03
   7.7760000e+03   4.7664489e-01   7.1625476e-05
   7.7840000e+03   4.8147404e-01   5.7188135e-03
   7.7920000e+03   4.7872227e-01  -2.0026881e-03
   7.8000000e+03   4.8086857e-01   3.1677408e-03
   7.8080000e+03   4.7673371e-01   2.4069990e-03
   7.8160000e+03   4.7685853e-01   5.9524906e-03
   7.8240000e+03   4.8330637e-01  -8.8320407e-03
   7.8320000e+03   4.7831867e-01  -3.4588990e-05
   7.8400000e+03   4.8255668e-01  -1.0272396e-03
   7.8480000e+03   4.7292278e-01   1.3485916e-03
   7.8560000e+03   4.8087618e-01  -3.1486446e-03
   7.8640000e+03   4.7743590e-01   1.1962604e-03
   7.8720000e+03   4.7377578e-01  -3.7843102e-03
   7.8800000e+03   4.8213739e-01   4.2959529e-03
   7.8880000e+03   4.8230274e-01  -3.7213662e-03
   7.8960000e+03   4.7611157e-01   1.6248329e-03
   7.9040000e+03   4.7682988e-01  -1.1019041e-03
   7.9120000e+03   4.8174967e-01   1.2636082e-03
   7.9200000e+03   4.8263795e-01  -2.7471175e-03
   7.9280000e+03   4.7502232e-01   5.2523878e-03
   7.9360000e+03   4.7325392e-01  -1.0826482e-03
   7.9440000e+03   4.7379246e-01   3.4940868e-03
   7.9520000e+03   4.7678400e-01   1.2566289e-03
   7.9600000e+03   4.7446228e-01   4.5541380e-03
   7.9680000e+03   4.7222241e-01   5.7331116e-04
   7.9760000e+03   4.7427229e-01  -4.3420444e-03
   7.9840000e+03   4.7934750e-01   2.9605160e-03
   7.9920000e+03   4.7584413e-01   1.4199969e-03
   8.0000000e+03   4.8187805e-01   3.1694257e-03
   8.0080000e+03   4.7558936e-01   7.7188968e-04
   8.0160000e+03   4.7124063e-01   1.0132109e-02
   8.0240000e+03   4.7089329e-01   3.1069787e-03
   8.0320000e+03   4.7798546e-01  -3.6753091e-03
   8.0400000e+03   4.7506752e-01  -7.1696211e-04
   8.0480000e+03   4.7474726e-01   2.1107519e-03
   8.0560000e+03   4.7414132e-01   6.4875819e-04
   8.0640000e+03   4.7503787e-01   1.6772827e-03
   8.0720000e+03   4.7814685e-01   5.6558616e-04
   8.0800000e+03   4.7036149e-01   7.6218368e-04
   8.0880000e+03   4.7669168e-01  -5.5445330e-03
   8.0960000e+03   4.7604965e-01  -4.9063218e-03
   8.1040000e+03   4.7429647e-01   3.7584717e-03
   8.1120000e+03   4.7231323e-01   3.2315156e-03
   8.1200000e+03   4.6519318e-01   4.5065161e-03
   8.1280000e+03   4.7615354e-01   1.0706896e-04
   8.1360000e+03   4.7166941e-01   3.1567291e-03
   8.1440000e+03   4.7418993e-01   3.7932789e-03
   8.1520000e+03   4.7254589e-01  -6.0742387e-04
   8.1600000e+03   4.7548627e-01   6.6915898e-03
   8.1680000e+03   4.6948897e-01  -3.2435280e-03
   8.1760000e+03   4.7425770e-01   1.3940432e-03
   8.1840000e+03   4.7904858e-01   4.2159209e-03
   8.1920000e+03   4.6743991e-01   2.5325559e-03
   8.2000000e+03   4.7802089e-01  -2.5258612e-03
   8.2080000e+03   4.7399269e-01  -3.5257033e-03
   8.2160000e+03   4.7612548e-01   2.1194319e-03
   8.2240000e+03   4.7237044e-01  -1.8122616e-03
   8.2320000e+03   4.7831097e-01   4.5393202e-03
   8.2400000e+03   4.6231109e-01   7.9480217e-03
   8.2480000e+03   4.6878437e-01   8.7243094e-04
   8.2560000e+03   4.7070558e-01   3.1409254e-03
   8.2640000e+03   4.7411733e-01   8.8896733e-03
   8.2720000e+03   4.7277388e-01  -1.9254384e-05
   8.2800000e+03   4.6703537e-01  -1.6086936e-03
   8.2880000e+03   4.6820161e-01  -3.9680252e-03
   8.2960000e+03   4.7117653e-01  -1.8045647e-03
