   0.0000000e+00   7.7206942e-01  -5.0539796e-02
   8.0000000e+00   8.1161392e-01  -4.6441500e-02
   1.6000000e+01   7.8153449e-01   3.9065728e-02
   2.4000000e+01   7.8768631e-01  -8.4056514e-02
   3.2000000e+01   7.7810595e-01  -2.5571205e-02
   4.0000000e+01   8.5887427e-01   2.1964524e-02
   4.8000000e+01   8.7578184e-01  -8.4684487e-03
   5.6000000e+01   8.7081140e-01  -2.6697642e-02
   6.4000000e+01   8.7856727e-01   2.2816588e-02
   7.2000000e+01   9.0030565e-01  -3.4949461e-02
   8.0000000e+01   9.0451612e-01   2.0394859e-04
   8.8000000e+01   9.3110410e-01  -4.5471911e-03
   9.6000000e+01   9.3927279e-01   8.0636090e-03
   1.0400000e+02   9.4326634e-01  -6.6575288e-03
   1.1200000e+02   1.0092912e+00  -3.5235513e-02
   1.2000000e+02   9.4838734e-01   7.9102252e-02
   1.2800000e+02   9.6372644e-01  -2.1702856e-02
   1.3600000e+02   9.6356246e-01  -9.3097654e-03
   1.4400000e+02   9.6804904e-01   3.7443022e-03
   1.5200000e+02   8.9838661e-01   9.0501126e-03
   1.6000000e+02   8.9176799e-01   2.1687846e-02
   1.6800000e+02   8.0867538e-01  -4.4196550e-02
   1.7600000e+02   8.1908768e-01  -3.6366129e-02
   1.8400000e+02   8.9935731e-01   4.1694296e-02
   1.9200000e+02   8.2203148e-01  -2.4360532e-02
   2.0000000e+02   8.7256288e-01   1.0159007e-02
   2.0800000e+02   8.7557599e-01   2.8644199e-02
   2.1600000e+02   7.9603047e-01  -1.8756078e-02
   2.2400000e+02   7.9738235e-01  -1.5159389e-02
   2.3200000e+02   7.4897040e-01  -2.5250636e-02
   2.4000000e+02   7.8239383e-01  -3.0214397e-02
   2.4800000e+02   7.3022778e-01   6.3657266e-02
   2.5600000e+02   7.7062212e-01  -1.0393912e-02
   2.6400000e+02   7.0728344e-01  -1.4221221e-02
   2.7200000e+02   7.7775275e-01  -1.1329923e-02
   2.8000000e+02   7.7183458e-01   2.0794543e-02
   2.8800000e+02   7.3408267e-01   4.8943318e-02
   2.9600000e+02   7.1589770e-01  -5.0922255e-02
   3.0400000e+02   7.1680821e-01  -2.5694271e-03
   3.1200000e+02   7.9524123e-01   4.0941714e-03
   3.2000000e+02   7.7524821e-01   2.4599931e-03
   3.2800000e+02   7.2801852e-01  -2.5914011e-02
   3.3600000e+02   7.2731551e-01   3.9331921e-02
   3.4400000e+02   6.9419986e-01  -8.2556286e-03
   3.5200000e+02   7.0085062e-01  -3.1517130e-02
   3.6000000e+02   7.0160607e-01  -8.7490958e-03
   3.6800000e+02   7.1158536e-01   4.0354839e-02
   3.7600000e+02   6.5347982e-01  -3.2799091e-02
   3.8400000e+02   6.6243995e-01  -1.5490854e-02
   3.9200000e+02   6.8393084e-01   3.0089136e-02
   4.0000000e+02   7.5721768e-01  -3.1758413e-02
   4.0800000e+02   7.1579557e-01   6.1373373e-02
   4.1600000e+02   7.3769942e-01  -7.8743173e-03
   4.2400000e+02   6.9390877e-01  -3.1789428e-02
   4.3200000e+02   6.9549509e-01  -1.1664315e-02
   4.4000000e+02   7.3127137e-01   2.3950729e-02
   4.4800000e+02   7.1126084e-01  -5.1948203e-02
   4.5600000e+02   6.7854782e-01  -2.8922562e-02
   4.6400000e+02   6.9811134e-01   3.2404216e-04
   4.7200000e+02   6.5316480e-01  -1.5615114e-02
   4.8000000e+02   6.4295444e-01  -1.7885875e-02
   4.8800000e+02   7.0126989e-01  -6.0081804e-02
   4.9600000e+02   6.6932466e-01   6.9438666e-02
   5.0400000e+02   6.7958906e-01   2.6499107e-02
   5.1200000e+02   7.1720762e-01  -1.8551238e-02
   5.2000000e+02   6.4027287e-01  -2.1986356e-02
   5.2800000e+02   6.6543809e-01   5.9184132e-02
   5.3600000e+02   7.1776575e-01  -1.9879124e-02
   5.4400000e+02   7.1869683e-01   4.9814571e-02
   5.5200000e+02   6.6695931e-01  -6.7105537e-02
   5.6000000e+02   6.1257137e-01   8.2337210e-03
   5.6800000e+02   6.1545642e-01  -1.6025851e-02
   5.7600000e+02   7.0055388e-01   9.5980463e-03
   5.8400000e+02   6.7033415e-01  -2.5594575e-02
   5.9200000e+02   6.8238050e-01  -3.3526129e-02
   6.0000000e+02   7.1159445e-01  -3.8039315e-03
   6.0800000e+02   6.6412724e-01   2.1203734e-02
   6.1600000e+02   6.2159817e-01   5.3882083e-02
   6.2400000e+02   6.6296070e-01   5.4958401e-03
   6.3200000e+02   6.5612206e-01   3.1289286e-02
   6.4000000e+02   6.5540940e-01  -2.4266328e-02
   6.4800000e+02   6.6761103e-01  -2.6298442e-02
   6.5600000e+02   7.3947955e-01  -2.4507303e-02
   6.6400000e+02   7.0245206e-01  -5.8909835e-02
   6.7200000e+02   6.8920837e-01   5.8327699e-03
   6.8000000e+02   6.4334393e-01   4.6924703e-02
   6.8800000e+02   6.0680556e-01  -1.2466243e-03
   6.9600000e+02   6.3245829e-01   3.9415799e-02
   7.0400000e+02   6.5014012e-01  -3.5276207e-02
   7.1200000e+02   6.1538324e-01   5.3213015e-02
   7.2000000e+02   6.4979655e-01   6.2421302e-02
   7.2800000e+02   6.3449697e-01  -1.7112447e-02
   7.3600000e+02   6.5124477e-01  -4.6473306e-02
   7.4400000e+02   6.7372504e-01  -1.1476866e-02
   7.5200000e+02   6.8834620e-01   7.4756781e-03
   7.6000000e+02   6.3355882e-01   1.7013623e-02
   7.6800000e+02   6.8214671e-01  -3.9860705e-03
   7.7600000e+02   6.8891608e-01  -3.9770103e-02
   7.8400000e+02   6.3879539e-01   6.3142020e-02
   7.9200000e+02   6.6416554e-01  -1.9893023e-02
   8.0000000e+02   6.5068698e-01  -3.0647426e-02
   8.0800000e+02   6.9256047e-01  -1.9218332e-03
   8.1600000e+02   6.8621329e-01   4.4167947e-02
   8.2400000e+02   6.5766438e-01  -2.7297211e-02
   8.3200000e+02   6.9145544e-01   4.2556975e-02
   8.4000000e+02   6.8045570e-01   5.5531348e-03
   8.4800000e+02   6.1552513e-01   2.1224647e-02
   8.5600000e+02   6.3918355e-01  -4.0591554e-04
   8.6400000e+02   6.1770999e-01   2.2400042e-02
   8.7200000e+02   6.6465577e-01   1.4368481e-03
   8.8000000e+02   6.3201012e-01  -1.2486986e-02
   8.8800000e+02   5.6043585e-01   1.1180084e-02
   8.9600000e+02   6.3718259e-01  -2.2026316e-02
   9.0400000e+02   6.4989649e-01   3.0046299e-02
   9.1200000e+02   6.2522520e-01  -1.2644607e-02
   9.2000000e+02   6.6377616e-01  -6.9464842e-03
   9.2800000e+02   6.5094490e-01  -6.3483982e-02
   9.3600000e+02   5.8852807e-01   5.8248783e-03
   9.4400000e+02   6.5551271e-01  -1.0872618e-02
   9.5200000e+02   6.4835489e-01   3.6111329e-02
   9.6000000e+02   5.7528421e-01  -2.7021924e-02
   9.6800000e+02   6.0957865e-01   6.3917257e-02
   9.7600000e+02   6.2232712e-01  -1.5390893e-02
   9.8400000e+02   5.9632385e-01   6.0170835e-03
   9.9200000e+02   6.6606748e-01  -1.1676137e-02
   1.0000000e+03   5.7010111e-01  -1.1391191e-02
   1.0080000e+03   5.9942192e-01   4.2358372e-02
   1.0160000e+03   6.8111033e-01   8.3027061e-03
   1.0240000e+03   6.5667231e-01  -2.3470622e-02
   1.0320000e+03   6.7028078e-01   7.5991910e-03
   1.0400000e+03   6.3834757e-01  -4.2396931e-02
   1.0480000e+03   6.5877144e-01   2.1399419e-02
   1.0560000e+03   6.1311247e-01   2.4495655e-03
   1.0640000e+03   6.4117503e-01   4.2530212e-03
   1.0720000e+03   5.7506454e-01   5.4727393e-02
   1.0800000e+03   6.0951660e-01  -2.0596967e-02
   1.0880000e+03   5.9658361e-01   3.8531018e-02
   1.0960000e+03   6.1956397e-01   2.7845121e-02
   1.1040000e+03   5.8476410e-01   1.4376552e-02
   1.1120000e+03   6.3978525e-01  -2.5492236e-02
   1.1200000e+03   6.3049357e-01   3.0963239e-02
   1.1280000e+03   6.6187678e-01  -1.2435385e-02
   1.1360000e+03   6.2937205e-01  -3.7455722e-02
   1.1440000e+03   6.2612637e-01   4.4805425e-02
   1.1520000e+03   6.4063417e-01   5.5388086e-02
   1.1600000e+03   6.6585948e-01   3.5431470e-03
   1.1680000e+03   5.9649963e-01  -2.7764459e-02
   1.1760000e+03   5.9816872e-01  -4.4516300e-02
   1.1840000e+03   6.2552185e-01   3.8738532e-03
   1.1920000e+03   6.3913162e-01  -2.9901959e-02
   1.2000000e+03   5.4478684e-01   2.7048413e-03
   1.2080000e+03   6.5198992e-01  -1.0438153e-02
   1.2160000e+03   5.8808904e-01  -4.3146629e-02
   1.2240000e+03   6.2780195e-01   1.7086234e-02
   1.2320000e+03   6.5469407e-01   2.6206465e-02
   1.2400000e+03   5.5657301e-01   3.8223390e-02
   1.2480000e+03   6.5323834e-01   3.3797532e-02
   1.2560000e+03   5.7118532e-01   3.4297787e-02
   1.2640000e+03   6.3396068e-01   1.3449207e-02
   1.2720000e+03   5.8102045e-01   1.5783328e-02
   1.2800000e+03   6.1448551e-01  -1.1381187e-02
   1.2880000e+03   6.5923454e-01  -4.0740726e-02
   1.2960000e+03   6.3275253e-01  -5.2967218e-02
   1.3040000e+03   5.8953907e-01  -3.7415312e-02
   1.3120000e+03   6.0924559e-01  -1.6129840e-02
   1.3200000e+03   6.5625194e-01   1.5009631e-02
   1.3280000e+03   6.7397522e-01  -2.6484005e-03
   1.3360000e+03   6.0600142e-01   3.4626781e-02
   1.3440000e+03   6.1832295e-01  -1.2357934e-02
   1.3520000e+03   6.3045842e-01   1.4807165e-02
   1.3600000e+03   5.7877507e-01  -1.4713089e-02
   1.3680000e+03   6.2416084e-01   2.7889173e-02
   1.3760000e+03   6.1210611e-01  -5.6188214e-02
   1.3840000e+03   6.0319047e-01  -2.5873210e-02
   1.3920000e+03   6.0436054e-01  -5.2034236e-02
   1.4000000e+03   6.6285261e-01  -1.1957186e-03
   1.4080000e+03   6.2431325e-01   1.8254689e-02
   1.4160000e+03   6.4018857e-01   2.2463014e-02
   1.4240000e+03   6.3024215e-01  -4.6039519e-03
   1.4320000e+03   6.0587925e-01  -9.9885638e-03
   1.4400000e+03   6.6525314e-01   4.3261360e-03
   1.4480000e+03   6.5790174e-01   4.2757049e-02
   1.4560000e+03   5.5851549e-01   8.1336969e-02
   1.4640000e+03   6.0738279e-01  -3.8219326e-02
   1.4720000e+03   6.0812562e-01   1.7447927e-02
   1.4800000e+03   5.7152740e-01  -2.8264039e-02
   1.4880000e+03   6.3108613e-01   4.9333906e-02
   1.4960000e+03   5.8272338e-01  -2.6386332e-03
   1.5040000e+03   5.9590607e-01   3.7508883e-02
   1.5120000e+03   6.1690562e-01   6.7230809e-02
   1.5200000e+03   5.4233503e-01   3.2480212e-02
   1.5280000e+03   6.2807296e-01  -5.7965953e-02
   1.5360000e+03   6.4638706e-01  -4.3577384e-05
   1.5440000e+03   6.4321122e-01  -8.1937438e-03
   1.5520000e+03   5.6568321e-01  -1.2741386e-02
   1.5600000e+03   6.1677446e-01   7.1824970e-02
   1.5680000e+03   6.2446340e-01   3.9044599e-02
   1.5760000e+03   6.0717264e-01  -2.8082184e-02
   1.5840000e+03   6.0274065e-01   3.6876915e-02
   1.5920000e+03   6.3339759e-01  -1.2228331e-02
   1.6000000e+03   6.3119245e-01   1.1603712e-02
   1.6080000e+03   5.9406749e-01  -3.9268452e-03
   1.6160000e+03   5.8295755e-01  -1.3600682e-02
   1.6240000e+03   5.9951336e-01  -2.3542426e-02
   1.6320000e+03   5.3107565e-01  -1.9960769e-02
   1.6400000e+03   6.1461275e-01   4.3652055e-02
   1.6480000e+03   6.4046114e-01   2.3895177e-02
   1.6560000e+03   5.7696510e-01   1.2692892e-02
   1.6640000e+03   6.3987626e-01   6.5633815e-03
   1.6720000e+03   5.6649737e-01   5.1180794e-03
   1.6800000e+03   5.6624064e-01   3.3152677e-02
   1.6880000e+03   5.6984877e-01   2.8897520e-02
   1.6960000e+03   5.9974582e-01  -1.5389688e-02
   1.7040000e+03   6.0210732e-01   1.2225093e-02
   1.7120000e+03   6.0868812e-01  -3.1244034e-02
   1.7200000e+03   5.7125159e-01   2.3079693e-02
   1.7280000e+03   5.6800107e-01   7.1864188e-03
   1.7360000e+03   5.9958356e-01  -2.0145681e-02
   1.7440000e+03   6.2020056e-01   1.0594530e-02
   1.7520000e+03   6.0453148e-01   9.1652285e-03
   1.7600000e+03   6.5078708e-01  -1.6783880e-02
   1.7680000e+03   5.9848356e-01  -5.1345173e-02
   1.7760000e+03   5.8890268e-01  -2.8018469e-02
   1.7840000e+03   6.0406468e-01  -4.2134863e-02
   1.7920000e+03   5.7082936e-01   4.3036252e-02
   1.8000000e+03   5.9531363e-01   9.3673582e-03
   1.8080000e+03   6.3558191e-01  -2.1822493e-02
   1.8160000e+03   5.9384082e-01  -1.9035624e-02
   1.8240000e+03   5.8892406e-01   9.9496152e-03
   1.8320000e+03   5.2419227e-01  -2.2443113e-02
   1.8400000e+03   5.5887414e-01  -1.2182810e-03
   1.8480000e+03   6.7226947e-01  -1.9218460e-02
   1.8560000e+03   6.1187520e-01   1.8744657e-02
   1.8640000e+03   5.8483591e-01  -1.1278292e-02
   1.8720000e+03   5.9508729e-01  -6.3248169e-03
   1.8800000e+03   6.1163874e-01  -3.0245369e-02
   1.8880000e+03   6.2189341e-01  -4.1941146e-02
   1.8960000e+03   6.1727128e-01   9.4304760e-04
   1.9040000e+03   5.8222573e-01   1.0038682e-04
   1.9120000e+03   5.8021625e-01  -2.3205114e-02
   1.9200000e+03   5.2732598e-01  -8.5140247e-02
   1.9280000e+03   5.7695731e-01  -1.6536255e-02
   1.9360000e+03   6.3491312e-01  -2.8871174e-02
   1.9440000e+03   5.8852428e-01   3.8980659e-02
   1.9520000e+03   6.1107061e-01  -5.6014790e-02
   1.9600000e+03   5.9869481e-01   6.9722413e-04
   1.9680000e+03   5.7021868e-01  -8.5281592e-04
   1.9760000e+03   5.8895918e-01  -5.6043210e-02
   1.9840000e+03   6.4759031e-01  -2.6297846e-02
   1.9920000e+03   6.0608671e-01   7.5542166e-04
   2.0000000e+03   5.1634105e-01  -9.9857203e-03
   2.0080000e+03   5.5433509e-01   9.2069321e-03
   2.0160000e+03   5.5289304e-01   2.1707298e-02
   2.0240000e+03   5.2917672e-01  -1.0225675e-02
   2.0320000e+03   5.6238173e-01   3.3392687e-04
   2.0400000e+03   5.9174738e-01   3.6437173e-02
   2.0480000e+03   5.4204661e-01  -5.5099276e-03
   2.0560000e+03   5.9488125e-01   1.9069059e-02
   2.0640000e+03   5.3939004e-01   1.3973467e-02
   2.0720000e+03   5.8480273e-01   3.4126715e-03
   2.0800000e+03   5.8347575e-01  -7.0911549e-02
   2.0880000e+03   5.9577551e-01  -4.2783299e-02
   2.0960000e+03   6.0321958e-01  -6.9771484e-04
   2.1040000e+03   6.3599064e-01  -5.8670312e-02
   2.1120000e+03   5.6201314e-01   3.3662208e-02
   2.1200000e+03   6.0723857e-01  -1.5262431e-02
   2.1280000e+03   5.9746026e-01   7.0946210e-02
   2.1360000e+03   6.1338485e-01   6.2317307e-03
   2.1440000e+03   5.3224011e-01  -3.1651664e-03
   2.1520000e+03   5.6455793e-01  -1.6406880e-03
   2.1600000e+03   5.6211928e-01   2.4418712e-02
   2.1680000e+03   5.9732601e-01  -1.5058977e-02
   2.1760000e+03   5.4284655e-01   2.2907821e-02
   2.1840000e+03   6.1270466e-01  -3.0349416e-03
   2.1920000e+03   6.0826163e-01   8.1710705e-03
   2.2000000e+03   5.5970541e-01   4.1956928e-02
   2.2080000e+03   5.4117194e-01  -1.6946336e-02
   2.2160000e+03   6.6167964e-01   3.7510731e-02
   2.2240000e+03   6.1021307e-01   3.4461728e-02
   2.2320000e+03   5.0404568e-01  -1.7052435e-02
   2.2400000e+03   5.5548691e-01  -3.5828992e-02
   2.2480000e+03   5.1844151e-01  -4.4696891e-02
   2.2560000e+03   5.6865448e-01   2.1988490e-02
   2.2640000e+03   5.6363950e-01   4.2250349e-02
   2.2720000e+03   5.1686069e-01  -1.1594216e-02
   2.2800000e+03   5.8663044e-01  -2.1544946e-02
   2.2880000e+03   5.7292768e-01   3.0027944e-02
   2.2960000e+03   5.8890130e-01   7.5368926e-02
   2.3040000e+03   5.6925760e-01  -6.3215167e-02
   2.3120000e+03   5.4912109e-01  -5.8191962e-02
   2.3200000e+03   5.5093495e-01  -8.2522653e-03
   2.3280000e+03   5.8756214e-01   4.5761287e-02
   2.3360000e+03   5.3008011e-01  -6.5697584e-03
   2.3440000e+03   5.9901912e-01   8.2968484e-02
   2.3520000e+03   5.6668558e-01  -8.6657414e-03
   2.3600000e+03   5.8886088e-01  -1.9680951e-02
   2.3680000e+03   6.0243756e-01   5.9199000e-02
   2.3760000e+03   5.5575348e-01   2.3563305e-02
   2.3840000e+03   5.2332679e-01  -1.3002608e-02
   2.3920000e+03   5.8575694e-01   1.6430956e-02
   2.4000000e+03   5.3755683e-01  -2.4557352e-02
   2.4080000e+03   5.8185131e-01   3.2793770e-02
   2.4160000e+03   5.9098968e-01   2.8687468e-02
   2.4240000e+03   5.3048306e-01  -7.1361017e-03
   2.4320000e+03   5.8474510e-01   5.6747260e-02
   2.4400000e+03   5.9071424e-01  -9.9120630e-03
   2.4480000e+03   5.1036216e-01  -1.0160132e-02
   2.4560000e+03   5.9506584e-01  -2.9663579e-02
   2.4640000e+03   5.7190061e-01  -8.2592018e-02
   2.4720000e+03   5.4456129e-01  -3.3823927e-02
   2.4800000e+03   5.8039028e-01  -3.3867136e-02
   2.4880000e+03   5.0890840e-01  -7.2625116e-02
   2.4960000e+03   5.8439339e-01  -2.1221315e-02
   2.5040000e+03   5.0795067e-01   1.3508609e-02
   2.5120000e+03   6.3235449e-01  -3.0575536e-02
   2.5200000e+03   5.3759636e-01   6.3146055e-03
   2.5280000e+03   5.2178652e-01   5.8618117e-02
   2.5360000e+03   5.5268104e-01   3.8535303e-02
   2.5440000e+03   5.7487821e-01   1.0220298e-02
   2.5520000e+03   5.1025479e-01   3.9046488e-03
   2.5600000e+03   6.1699955e-01   1.6056675e-02
   2.5680000e+03   5.3832621e-01  -2.4661841e-02
   2.5760000e+03   5.0237713e-01   3.8962192e-02
   2.5840000e+03   5.3567469e-01   6.7064266e-03
   2.5920000e+03   6.2581140e-01  -2.9409978e-02
   2.6000000e+03   6.3153498e-01   1.7770576e-02
   2.6080000e+03   5.5915250e-01  -5.5217964e-03
   2.6160000e+03   5.5941150e-01   1.5798250e-02
   2.6240000e+03   5.6393320e-01   2.1623170e-02
   2.6320000e+03   5.7538992e-01   6.4830099e-02
   2.6400000e+03   6.0116092e-01   3.2630526e-02
   2.6480000e+03   5.5359908e-01  -2.3190751e-02
   2.6560000e+03   5.3726404e-01   2.1074735e-02
   2.6640000e+03   5.6949199e-01   4.6841778e-02
   2.6720000e+03   5.6687504e-01   3.5409159e-02
   2.6800000e+03   5.6445512e-01  -3.6767720e-02
   2.6880000e+03   5.8330070e-01  -3.7518149e-02
   2.6960000e+03   5.1352100e-01  -5.6903066e-02
   2.7040000e+03   6.0276439e-01  -3.3349029e-02
   2.7120000e+03   5.7579999e-01  -1.6378498e-02
   2.7200000e+03   5.3748806e-01   1.1966656e-01
   2.7280000e+03   5.7868450e-01  -3.2264756e-02
   2.7360000e+03   5.4389245e-01  -1.2740876e-02
   2.7440000e+03   5.6180450e-01   9.1076275e-04
   2.7520000e+03   5.8335769e-01  -3.4965554e-02
   2.7600000e+03   5.8071484e-01  -9.7102959e-02
   2.7680000e+03   5.0796027e-01   6.1541180e-02
   2.7760000e+03   6.0380148e-01   4.6277109e-02
   2.7840000e+03   5.2109050e-01  -3.7671723e-02
   2.7920000e+03   5.5824486e-01  -1.8645005e-02
   2.8000000e+03   6.0865229e-01  -3.9467315e-02
   2.8080000e+03   5.4139773e-01  -2.7968865e-02
   2.8160000e+03   5.9258569e-01   3.7039319e-02
   2.8240000e+03   5.3275918e-01   1.7730656e-02
   2.8320000e+03   5.5875223e-01  -4.4397923e-02
   2.8400000e+03   5.5366826e-01  -1.4216839e-02
   2.8480000e+03   5.3647849e-01  -1.8611150e-02
   2.8560000e+03   6.0372472e-01  -4.4085690e-02
   2.8640000e+03   5.2636272e-01   9.1519520e-03
   2.8720000e+03   5.1763052e-01   1.3380890e-03
   2.8800000e+03   5.3243892e-01   1.4541923e-02
   2.8880000e+03   5.3915270e-01   2.9416405e-03
   2.8960000e+03   5.0050020e-01  -4.5481738e-02
   2.9040000e+03   5.7457875e-01   4.6820812e-02
   2.9120000e+03   5.3917762e-01  -1.7500953e-02
   2.9200000e+03   5.6602632e-01   2.0009865e-02
   2.9280000e+03   5.6487287e-01  -5.3978191e-03
   2.9360000e+03   5.6797907e-01   1.7647659e-02
   2.9440000e+03   5.6435944e-01  -4.0562030e-02
   2.9520000e+03   5.4860147e-01   4.6104517e-02
   2.9600000e+03   5.5035632e-01   2.1413011e-02
   2.9680000e+03   5.9663472e-01  -4.2879685e-03
   2.9760000e+03   5.7302298e-01  -6.8682964e-04
   2.9840000e+03   5.7342596e-01   3.6492897e-02
   2.9920000e+03   5.7687722e-01  -6.3098498e-03
   3.0000000e+03   5.2296372e-01   3.4847395e-02
   3.0080000e+03   5.8312387e-01   5.1568098e-03
   3.0160000e+03   5.6971452e-01  -1.1846273e-02
   3.0240000e+03   5.5576654e-01  -3.0505634e-02
   3.0320000e+03   5.9063219e-01  -6.9898616e-03
   3.0400000e+03   5.4110010e-01  -3.4315433e-03
   3.0480000e+03   5.2548014e-01   2.4993036e-03
   3.0560000e+03   5.7620221e-01   2.4038246e-02
   3.0640000e+03   5.6311849e-01   3.9402066e-02
   3.0720000e+03   5.5977300e-01  -2.2602953e-03
   3.0800000e+03   5.6651612e-01  -2.1469348e-02
   3.0880000e+03   5.4121281e-01   2.2365493e-02
   3.0960000e+03   5.8286042e-01  -9.1143689e-03
   3.1040000e+03   5.0718524e-01  -2.2038751e-02
   3.1120000e+03   5.7756179e-01   2.6170131e-02
   3.1200000e+03   5.8320184e-01  -5.0873709e-02
   3.1280000e+03   5.2105636e-01  -3.4885106e-02
   3.1360000e+03   5.7020556e-01  -5.9273378e-02
   3.1440000e+03   5.4750822e-01  -4.8946284e-04
   3.1520000e+03   5.6169979e-01   3.6692410e-02
   3.1600000e+03   5.8548482e-01  -2.5249002e-02
   3.1680000e+03   5.3575578e-01  -3.8245124e-02
   3.1760000e+03   5.9913563e-01   7.0092242e-04
   3.1840000e+03   5.7069439e-01   1.2795549e-02
   3.1920000e+03   5.0824010e-01   2.5832372e-02
   3.2000000e+03   6.1388399e-01   1.7179042e-02
   3.2080000e+03   4.8942393e-01   5.1190738e-02
   3.2160000e+03   5.6456841e-01  -3.4320793e-02
   3.2240000e+03   5.6461421e-01  -7.7986159e-03
   3.2320000e+03   5.6289483e-01  -2.6350471e-03
   3.2400000e+03   5.2261730e-01  -1.5412829e-02
   3.2480000e+03   5.0976867e-01   5.3743073e-03
   3.2560000e+03   5.3989878e-01  -5.0727749e-02
   3.2640000e+03   5.5552341e-01   8.0334817e-04
   3.2720000e+03   5.9653692e-01  -5.3476740e-02
   3.2800000e+03   5.7641544e-01   1.4357452e-03
   3.2880000e+03   4.9930877e-01  -1.2496635e-02
   3.2960000e+03   5.8029144e-01   5.3885218e-03
   3.3040000e+03   5.4131012e-01   9.7741881e-03
   3.3120000e+03   5.6910841e-01   2.1246088e-02
   3.3200000e+03   5.1753571e-01   9.4393621e-03
   3.3280000e+03   5.9253394e-01  -3.7898699e-02
   3.3360000e+03   5.2395984e-01   3.3626302e-02
   3.3440000e+03   5.5467170e-01  -6.9948734e-02
   3.3520000e+03   5.4466281e-01   5.9755655e-02
   3.3600000e+03   5.3056936e-01   2.0209824e-02
   3.3680000e+03   5.5514222e-01  -4.6258419e-02
   3.3760000e+03   5.6326417e-01  -1.9070017e-02
   3.3840000e+03   5.3050166e-01  -1.5982980e-02
   3.3920000e+03   5.4748172e-01   1.6545780e-02
   3.4000000e+03   5.5546365e-01  -2.7470303e-02
   3.4080000e+03   5.6996300e-01  -2.1089320e-02
   3.4160000e+03   5.7922146e-01   3.0206199e-02
   3.4240000e+03   5.9271310e-01  -3.1697654e-02
   3.4320000e+03   5.1461567e-01  -1.0847737e-02
   3.4400000e+03   5.8659552e-01   4.6042078e-02
   3.4480000e+03   5.3484700e-01  -1.8736250e-02
   3.4560000e+03   4.7319246e-01   1.7192099e-02
   3.4640000e+03   5.0558165e-01   7.2813581e-02
   3.4720000e+03   5.7847464e-01  -3.0274915e-02
   3.4800000e+03   5.7435871e-01   4.2262986e-03
   3.4880000e+03   5.2884873e-01  -5.6643424e-02
   3.4960000e+03   5.3339615e-01   2.5767484e-02
   3.5040000e+03   5.5843164e-01  -1.8671626e-02
   3.5120000e+03   5.3531326e-01   5.4412914e-03
   3.5200000e+03   5.7286537e-01   5.8882110e-03
   3.5280000e+03   5.2739248e-01   1.5156857e-02
   3.5360000e+03   5.7628617e-01   2.1268302e-02
   3.5440000e+03   5.5448113e-01  -1.1121103e-02
   3.5520000e+03   5.6814811e-01   2.8706838e-02
   3.5600000e+03   5.4979377e-01   4.4043862e-02
   3.5680000e+03   5.4140690e-01   2.5464594e-02
   3.5760000e+03   5.5280762e-01  -5.3257171e-02
   3.5840000e+03   5.4816736e-01  -1.2233651e-02
   3.5920000e+03   5.0769184e-01   3.4977559e-03
   3.6000000e+03   4.9612095e-01   1.4946592e-02
   3.6080000e+03   5.3731392e-01   1.8005367e-02
   3.6160000e+03   5.8329481e-01  -5.0665051e-03
   3.6240000e+03   5.2666528e-01   2.5057881e-02
   3.6320000e+03   5.1844335e-01   4.5484946e-02
   3.6400000e+03   5.2373334e-01  -1.4110363e-02
   3.6480000e+03   6.0899088e-01  -4.6654877e-03
   3.6560000e+03   5.5682604e-01   3.1044104e-02
   3.6640000e+03   5.4272928e-01   1.5390522e-02
   3.6720000e+03   5.0887322e-01  -2.3338992e-02
   3.6800000e+03   5.2230290e-01   3.2686342e-03
   3.6880000e+03   5.5278698e-01   3.1865299e-02
   3.6960000e+03   5.5166450e-01  -1.7245165e-02
   3.7040000e+03   5.9209191e-01  -2.4173388e-02
   3.7120000e+03   6.0179365e-01   2.5873079e-02
   3.7200000e+03   5.4478260e-01   4.4044035e-02
   3.7280000e+03   5.4782796e-01  -2.0683720e-02
   3.7360000e+03   5.1552225e-01   1.9865341e-02
   3.7440000e+03   4.9948413e-01  -1.2425787e-02
   3.7520000e+03   5.3357161e-01   3.7202766e-02
   3.7600000e+03   5.1264291e-01  -2.9322614e-02
   3.7680000e+03   5.5823348e-01   7.7375356e-03
   3.7760000e+03   5.5645970e-01  -8.5675886e-03
   3.7840000e+03   5.4858877e-01   4.3533795e-02
   3.7920000e+03   6.2283301e-01  -1.8088023e-02
   3.8000000e+03   5.8024400e-01  -3.4624769e-03
   3.8080000e+03   5.2737746e-01   1.8108930e-02
   3.8160000e+03   5.9339487e-01  -1.0400444e-02
   3.8240000e+03   5.5921938e-01   1.7117011e-02
   3.8320000e+03   5.9522850e-01   6.9747099e-02
   3.8400000e+03   5.5515835e-01  -2.7241025e-02
   3.8480000e+03   5.4213234e-01   1.4090578e-02
   3.8560000e+03   4.9280378e-01   8.0739198e-03
   3.8640000e+03   5.3930904e-01   1.7880606e-03
   3.8720000e+03   5.3332606e-01   2.0256534e-02
   3.8800000e+03   5.0701297e-01  -2.6627761e-02
   3.8880000e+03   5.5388927e-01   4.6474854e-02
   3.8960000e+03   4.8695568e-01  -9.3779067e-03
   3.9040000e+03   5.3349124e-01  -2.5370325e-02
   3.9120000e+03   6.0369994e-01   1.1061220e-02
   3.9200000e+03   4.5654439e-01   1.9771834e-02
   3.9280000e+03   5.0007091e-01  -2.6221892e-02
   3.9360000e+03   5.4667100e-01  -7.6114197e-03
   3.9440000e+03   5.3574655e-01  -3.9908587e-02
   3.9520000e+03   5.2113070e-01   1.4335150e-02
   3.9600000e+03   5.1357115e-01  -9.8157585e-03
   3.9680000e+03   4.8423125e-01   7.6454117e-02
   3.9760000e+03   5.6855768e-01  -3.0627752e-02
   3.9840000e+03   5.3424758e-01  -2.3696813e-02
   3.9920000e+03   5.3225788e-01   1.8644505e-02
   4.0000000e+03   5.2531927e-01   6.3406163e-02
   4.0080000e+03   5.5362255e-01   2.7415561e-02
   4.0160000e+03   5.7859164e-01   2.3403675e-02
   4.0240000e+03   5.4488763e-01  -9.0366103e-03
   4.0320000e+03   5.2446743e-01   5.3902888e-02
   4.0400000e+03   5.2039657e-01  -1.1152167e-02
   4.0480000e+03   4.9966951e-01   3.5055596e-03
   4.0560000e+03   5.2619600e-01  -3.6672456e-02
   4.0640000e+03   5.8736243e-01   5.1179649e-02
   4.0720000e+03   5.4479743e-01   3.6085217e-03
   4.0800000e+03   5.7901757e-01  -1.1257850e-02
   4.0880000e+03   5.5181190e-01   5.4086791e-03
   4.0960000e+03   5.4090199e-01   3.6249051e-02
   4.1040000e+03   5.3888196e-01  -2.8344536e-02
   4.1120000e+03   5.3113262e-01   3.7494016e-03
   4.1200000e+03   5.0186426e-01  -3.8748117e-02
   4.1280000e+03   5.2613883e-01   4.7755301e-02
   4.1360000e+03   5.5511162e-01   2.3621350e-02
   4.1440000e+03   4.5111074e-01  -1.7398619e-02
   4.1520000e+03   5.1524074e-01   2.8182200e-02
   4.1600000e+03   5.3803858e-01  -5.8144947e-02
   4.1680000e+03   5.7851703e-01  -4.7148629e-02
   4.1760000e+03   5.4130038e-01   2.6625388e-02
   4.1840000e+03   5.4604757e-01   1.2287730e-02
   4.1920000e+03   4.8776377e-01   1.8924778e-03
   4.2000000e+03   5.0662564e-01   3.3097663e-02
   4.2080000e+03   5.3340764e-01   3.8794054e-02
   4.2160000e+03   5.4653687e-01   1.0825619e-02
   4.2240000e+03   5.6336688e-01  -3.4914131e-02
   4.2320000e+03   5.0929628e-01  -2.0664915e-02
   4.2400000e+03   5.0679730e-01  -1.1534020e-02
   4.2480000e+03   5.4042795e-01   4.5046138e-02
   4.2560000e+03   5.0570129e-01  -2.3305656e-02
   4.2640000e+03   5.2662963e-01  -1.6671817e-02
   4.2720000e+03   5.1835284e-01  -1.4315789e-02
   4.2800000e+03   6.1355032e-01   6.9336851e-02
   4.2880000e+03   5.0868516e-01  -1.2625110e-02
   4.2960000e+03   5.0245021e-01  -3.8179633e-02
   4.3040000e+03   5.6454629e-01  -3.8477343e-02
   4.3120000e+03   5.0254270e-01   2.5035275e-02
   4.3200000e+03   5.4212041e-01   1.8739987e-02
   4.3280000e+03   5.0560637e-01  -2.9416670e-03
   4.3360000e+03   4.7936650e-01  -2.9874730e-02
   4.3440000e+03   5.1743295e-01  -3.8968961e-02
   4.3520000e+03   6.2801647e-01   4.6928524e-02
   4.3600000e+03   5.3865593e-01  -5.0071195e-02
   4.3680000e+03   5.4971797e-01  -2.0242451e-02
   4.3760000e+03   5.2437396e-01   5.2617031e-02
   4.3840000e+03   4.8349161e-01   1.9087736e-02
   4.3920000e+03   4.7988852e-01  -2.9128769e-03
   4.4000000e+03   5.6426330e-01  -3.4118435e-02
   4.4080000e+03   5.4382050e-01  -6.2126431e-03
   4.4160000e+03   5.3306322e-01  -5.0227572e-03
   4.4240000e+03   4.5644993e-01  -9.5640776e-03
   4.4320000e+03   5.5111520e-01   2.8956899e-02
   4.4400000e+03   5.3271619e-01  -2.4823556e-02
   4.4480000e+03   5.2407328e-01  -1.6047863e-02
   4.4560000e+03   5.1329492e-01   2.2660763e-02
   4.4640000e+03   5.7849210e-01   1.9086817e-02
   4.4720000e+03   5.0193586e-01  -3.3909593e-03
   4.4800000e+03   5.8800521e-01  -8.6863132e-03
   4.4880000e+03   5.2445265e-01  -4.2106324e-02
   4.4960000e+03   5.3380295e-01   1.8679710e-02
   4.5040000e+03   4.7889428e-01  -5.6955580e-02
   4.5120000e+03   4.9575763e-01  -2.6656634e-02
   4.5200000e+03   5.3868407e-01  -4.1266365e-02
   4.5280000e+03   5.2597706e-01  -1.2904762e-02
   4.5360000e+03   5.3926561e-01   2.3180739e-02
   4.5440000e+03   5.0225818e-01   3.1773513e-02
   4.5520000e+03   5.1112005e-01  -9.9179943e-03
   4.5600000e+03   5.1758059e-01  -6.3170321e-02
   4.5680000e+03   5.5542145e-01  -2.4939310e-03
   4.5760000e+03   5.4973775e-01   1.4261122e-02
   4.5840000e+03   5.4071361e-01  -1.0302426e-02
   4.5920000e+03   5.4462512e-01  -2.1846995e-02
   4.6000000e+03   5.3486729e-01   2.1982973e-02
   4.6080000e+03   5.8468154e-01  -5.1247360e-02
   4.6160000e+03   4.6598553e-01  -1.0561221e-02
   4.6240000e+03   4.5826994e-01   2.0122094e-02
   4.6320000e+03   5.2127300e-01   7.3087518e-03
   4.6400000e+03   4.9584123e-01  -1.5879504e-02
   4.6480000e+03   5.2644284e-01  -9.4211033e-03
   4.6560000e+03   4.8854719e-01  -3.2236822e-03
   4.6640000e+03   5.6001254e-01  -3.4401746e-02
   4.6720000e+03   4.9699003e-01  -4.2342599e-02
   4.6800000e+03   4.8876484e-01  -7.5491630e-03
   4.6880000e+03   4.9894357e-01  -3.4702304e-02
   4.6960000e+03   4.9373031e-01  -5.4008231e-02
   4.7040000e+03   5.2691383e-01   2.7084205e-02
   4.7120000e+03   5.0316281e-01  -2.8611578e-02
   4.7200000e+03   5.3166493e-01  -7.5026681e-03
   4.7280000e+03   5.2509088e-01   2.4139871e-02
   4.7360000e+03   5.3507745e-01  -3.1405088e-02
   4.7440000e+03   5.4822782e-01   7.6039053e-03
   4.7520000e+03   5.6159046e-01  -5.6690723e-03
   4.7600000e+03   5.6011486e-01   1.5756245e-02
   4.7680000e+03   5.0897963e-01  -2.6183635e-02
   4.7760000e+03   5.6371191e-01  -1.2113910e-03
   4.7840000e+03   4.7319111e-01   4.7404221e-02
   4.7920000e+03   5.1400386e-01   3.4564067e-02
   4.8000000e+03   5.4959196e-01  -8.7558297e-03
   4.8080000e+03   4.8389406e-01  -1.2178223e-02
   4.8160000e+03   5.1696065e-01  -9.9484783e-03
   4.8240000e+03   4.9869391e-01  -6.0307522e-03
   4.8320000e+03   5.0881609e-01  -2.5592141e-03
   4.8400000e+03   5.2545007e-01  -3.8825612e-02
   4.8480000e+03   4.8737108e-01   7.3645681e-03
   4.8560000e+03   4.8524787e-01   6.7747226e-02
   4.8640000e+03   5.1441317e-01  -2.1521336e-03
   4.8720000e+03   5.6222952e-01  -4.8576981e-02
   4.8800000e+03   4.7783774e-01  -5.1053086e-03
   4.8880000e+03   5.6422881e-01  -5.8869336e-02
   4.8960000e+03   5.1820747e-01  -5.5264577e-02
   4.9040000e+03   5.1117451e-01  -6.1585500e-02
   4.9120000e+03   4.8201651e-01   8.2296779e-03
   4.9200000e+03   4.2785455e-01  -5.6856580e-03
   4.9280000e+03   4.6580524e-01  -1.9280349e-02
   4.9360000e+03   5.3991495e-01   2.2214626e-02
   4.9440000e+03   5.6216486e-01   5.1106162e-02
   4.9520000e+03   4.8358733e-01  -3.0884793e-02
   4.9600000e+03   5.5438076e-01  -5.0391676e-03
   4.9680000e+03   5.1143163e-01   9.7662842e-03
   4.9760000e+03   5.1626395e-01   2.1524497e-02
   4.9840000e+03   5.2894551e-01   4.7855822e-03
   4.9920000e+03   5.3351837e-01  -4.1114259e-02
   5.0000000e+03   4.6350836e-01   3.6333805e-02
   5.0080000e+03   5.2878703e-01   2.9150069e-02
   5.0160000e+03   4.4425013e-01   4.5509947e-02
   5.0240000e+03   5.2933709e-01  -6.7356856e-02
   5.0320000e+03   5.2033882e-01   1.5025126e-02
   5.0400000e+03   5.5225759e-01   4.6293662e-04
   5.0480000e+03   4.7531866e-01  -2.2010677e-02
   5.0560000e+03   4.4734371e-01   3.8385259e-02
   5.0640000e+03   4.8523976e-01   2.4475702e-02
   5.0720000e+03   5.0134731e-01   1.6374535e-02
   5.0800000e+03   5.1055406e-01  -4.4718656e-02
   5.0880000e+03   5.3342583e-01  -2.0381992e-02
   5.0960000e+03   5.3448125e-01   1.9345477e-02
   5.1040000e+03   4.9238315e-01   2.8264011e-02
   5.1120000e+03   4.6145396e-01   3.5670570e-02
   5.1200000e+03   4.6632301e-01   5.9986114e-02
   5.1280000e+03   4.8744909e-01  -1.4160980e-02
   5.1360000e+03   4.7339961e-01  -4.7523755e-02
   5.1440000e+03   5.1000512e-01   1.2803220e-02
   5.1520000e+03   5.3935201e-01  -6.4224933e-03
   5.1600000e+03   5.0791508e-01  -2.8186268e-02
   5.1680000e+03   4.7699759e-01  -2.7005525e-02
   5.1760000e+03   5.0437292e-01  -2.2130088e-02
   5.1840000e+03   4.9754247e-01  -2.2036957e-02
   5.1920000e+03   5.2964798e-01   6.4756255e-02
   5.2000000e+03   5.0207122e-01  -2.0630517e-02
   5.2080000e+03   4.9596700e-01   6.1956486e-03
   5.2160000e+03   5.2755189e-01   3.5953456e-03
   5.2240000e+03   4.6534603e-01  -2.6700588e-02
   5.2320000e+03   4.9813937e-01   4.3266171e-02
   5.2400000e+03   4.8241968e-01   5.1135993e-02
   5.2480000e+03   4.6171381e-01   6.7293615e-02
   5.2560000e+03   5.3694030e-01  -7.1199563e-02
   5.2640000e+03   4.9429604e-01   2.2786393e-02
   5.2720000e+03   5.5289103e-01  -3.1477202e-02
   5.2800000e+03   5.3258718e-01  -3.2938682e-02
   5.2880000e+03   4.4035168e-01   2.2796422e-03
   5.2960000e+03   4.8208122e-01   4.0369433e-02
   5.3040000e+03   4.5197413e-01  -1.6996941e-02
   5.3120000e+03   5.2642338e-01   7.8244625e-03
   5.3200000e+03   5.3766385e-01  -2.0715228e-02
   5.3280000e+03   5.2919353e-01  -8.1984635e-04
   5.3360000e+03   4.9944812e-01  -4.5896874e-03
   5.3440000e+03   4.5660787e-01  -9.4577967e-03
   5.3520000e+03   5.1359167e-01  -4.1415087e-02
   5.3600000e+03   5.2876232e-01   4.1707432e-02
   5.3680000e+03   5.4996313e-01   6.1901450e-03
   5.3760000e+03   4.8296651e-01   3.4091220e-02
   5.3840000e+03   5.2878869e-01   2.7663614e-02
   5.3920000e+03   4.8266278e-01   6.6781524e-03
   5.4000000e+03   5.1955755e-01  -1.6275702e-03
   5.4080000e+03   5.2845201e-01  -2.3220986e-03
   5.4160000e+03   5.1627414e-01  -7.5500963e-02
   5.4240000e+03   5.0548496e-01  -2.3523512e-02
   5.4320000e+03   4.6468022e-01   2.2108741e-02
   5.4400000e+03   5.3658460e-01  -6.2794686e-02
   5.4480000e+03   4.7688261e-01  -2.4051521e-03
   5.4560000e+03   4.3824380e-01   1.8474758e-02
   5.4640000e+03   4.5483628e-01   1.3930676e-02
   5.4720000e+03   4.9583844e-01  -5.4855630e-02
   5.4800000e+03   5.2497004e-01  -3.9201370e-02
   5.4880000e+03   5.8745904e-01  -4.9598594e-02
   5.4960000e+03   4.5616671e-01  -6.0176337e-02
   5.5040000e+03   5.2265973e-01  -2.5220002e-02
   5.5120000e+03   5.4358162e-01  -2.9438009e-02
   5.5200000e+03   5.3436113e-01   6.6334920e-03
   5.5280000e+03   4.7823377e-01  -1.9091047e-02
   5.5360000e+03   4.8108223e-01   2.2136349e-02
   5.5440000e+03   4.4000990e-01  -3.1296527e-03
   5.5520000e+03   4.9175848e-01   1.3329649e-02
   5.5600000e+03   4.8751301e-01  -4.7088722e-03
   5.5680000e+03   4.6163890e-01   4.9679349e-04
   5.5760000e+03   5.0224577e-01   6.6713384e-02
   5.5840000e+03   5.2093879e-01  -3.7957500e-02
   5.5920000e+03   5.0387405e-01   2.8086938e-03
   5.6000000e+03   4.7237360e-01   4.3853363e-02
   5.6080000e+03   5.0281249e-01  -7.5797029e-03
   5.6160000e+03   4.5481514e-01  -2.9624619e-02
   5.6240000e+03   5.0013789e-01  -1.6287411e-02
   5.6320000e+03   5.2246136e-01   5.2215122e-03
   5.6400000e+03   4.2403916e-01   4.0844950e-02
   5.6480000e+03   4.9241003e-01   3.9842996e-03
   5.6560000e+03   4.8068317e-01  -1.4526891e-02
   5.6640000e+03   4.0209628e-01   4.7761665e-03
   5.6720000e+03   5.0778141e-01  -7.9307535e-04
   5.6800000e+03   5.1847008e-01   1.2418968e-02
   5.6880000e+03   5.0962899e-01   4.3792805e-02
   5.6960000e+03   5.1012881e-01  -3.6245106e-02
   5.7040000e+03   5.3278214e-01   1.4596800e-02
   5.7120000e+03   5.4463543e-01   1.4856410e-02
   5.7200000e+03   5.1758294e-01  -9.1975812e-03
   5.7280000e+03   4.8999656e-01   4.6368801e-02
   5.7360000e+03   4.9801859e-01  -2.7452500e-02
   5.7440000e+03   4.7014275e-01   5.0129174e-02
   5.7520000e+03   4.4394530e-01   1.9640490e-02
   5.7600000e+03   4.8740678e-01  -6.2661774e-02
   5.7680000e+03   5.1032533e-01   2.3943610e-02
   5.7760000e+03   4.9621151e-01  -5.5379939e-02
   5.7840000e+03   4.9282900e-01   1.3128358e-02
   5.7920000e+03   4.4378873e-01  -4.3949590e-02
   5.8000000e+03   5.3566164e-01  -3.8106209e-04
   5.8080000e+03   5.1234155e-01  -6.8412228e-03
   5.8160000e+03   5.4699186e-01  -3.9588738e-02
   5.8240000e+03   5.1664161e-01   2.4845346e-02
   5.8320000e+03   4.5208925e-01   2.0146202e-02
   5.8400000e+03   5.1980560e-01   5.1825206e-02
   5.8480000e+03   4.8957127e-01  -4.8122248e-02
   5.8560000e+03   5.1774947e-01   2.0569047e-02
   5.8640000e+03   5.2304968e-01  -1.5766298e-02
   5.8720000e+03   4.5721636e-01  -3.8051127e-02
   5.8800000e+03   5.2804249e-01  -1.5206660e-02
   5.8880000e+03   5.1560988e-01   2.3811491e-02
   5.8960000e+03   5.1198458e-01  -3.9166279e-03
   5.9040000e+03   4.6823463e-01   7.1071641e-02
   5.9120000e+03   4.7074064e-01  -1.0612419e-02
   5.9200000e+03   5.4914380e-01  -1.1103994e-02
   5.9280000e+03   5.2284911e-01   1.6612275e-02
   5.9360000e+03   4.9006592e-01   1.8055208e-02
   5.9440000e+03   5.1583927e-01  -6.9041067e-02
   5.9520000e+03   4.6319009e-01   3.3880581e-02
   5.9600000e+03   4.6676012e-01   1.2384196e-03
   5.9680000e+03   5.2033222e-01  -1.7159027e-02
   5.9760000e+03   4.8769131e-01   6.5685693e-03
   5.9840000e+03   4.8421678e-01  -2.4982197e-02
   5.9920000e+03   4.8374831e-01   4.2917684e-03
   6.0000000e+03   5.5106079e-01  -1.7303459e-02
   6.0080000e+03   5.3938314e-01   5.2730103e-03
   6.0160000e+03   5.3045433e-01  -2.1838798e-02
   6.0240000e+03   4.8161372e-01  -6.3836291e-02
   6.0320000e+03   5.0414394e-01   6.9471059e-04
   6.0400000e+03   5.4191760e-01  -7.0968829e-03
   6.0480000e+03   4.5086052e-01   2.4478266e-02
   6.0560000e+03   4.6544081e-01  -6.1492605e-03
   6.0640000e+03   4.5193681e-01  -2.7551256e-03
   6.0720000e+03   5.0829004e-01  -3.9469333e-02
   6.0800000e+03   5.0522722e-01  -6.5192459e-02
   6.0880000e+03   5.2715121e-01   4.4803608e-03
   6.0960000e+03   4.9337031e-01  -2.5212126e-02
   6.1040000e+03   4.7932065e-01   1.9606704e-03
   6.1120000e+03   5.2504229e-01  -2.9015398e-02
   6.1200000e+03   4.7132211e-01  -1.2230252e-02
   6.1280000e+03   4.6379034e-01  -2.0994164e-02
   6.1360000e+03   5.2739908e-01  -6.6920361e-03
   6.1440000e+03   5.7890624e-01   5.8013348e-02
   6.1520000e+03   5.0232881e-01   4.7586110e-02
   6.1600000e+03   4.6648103e-01  -2.8964123e-02
   6.1680000e+03   4.8767777e-01  -1.3990494e-02
   6.1760000e+03   4.4997475e-01   2.3015354e-02
   6.1840000e+03   5.2426205e-01  -2.1389074e-02
   6.1920000e+03   4.8338867e-01  -4.4646656e-02
   6.2000000e+03   5.0678132e-01  -7.9401038e-02
   6.2080000e+03   4.2753325e-01  -1.4006440e-02
   6.2160000e+03   4.9693516e-01  -1.8738602e-02
   6.2240000e+03   4.8478480e-01   1.2082217e-02
   6.2320000e+03   4.7285477e-01   3.2672354e-02
   6.2400000e+03   4.8312596e-01   3.1670538e-03
   6.2480000e+03   5.2674893e-01  -2.8777306e-02
