   0.0000000e+00   9.6452410e-01  -4.8240858e-03
   1.6000000e+01   9.7091635e-01   1.5280931e-03
   3.2000000e+01   9.6904997e-01  -9.3078809e-04
   4.8000000e+01   9.7793534e-01  -2.6576731e-04
   6.4000000e+01   9.7856418e-01  -6.8657164e-04
   8.0000000e+01   9.8556445e-01  -1.6949742e-03
   9.6000000e+01   9.7952042e-01   1.4360694e-03
   1.1200000e+02   9.8434415e-01   1.7061894e-03
   1.2800000e+02   9.8779048e-01  -2.6508063e-03
   1.4400000e+02   9.8948402e-01  -1.0001749e-03
   1.6000000e+02   9.9218813e-01  -2.1541180e-03
   1.7600000e+02   9.8925758e-01   4.9967560e-03
   1.9200000e+02   9.9697478e-01   4.1023834e-03
   2.0800000e+02   1.0012923e+00  -3.9836719e-03
   2.2400000e+02   9.9721341e-01  -9.7732729e-04
   2.4000000e+02   1.0001770e+00   1.1854383e-03
   2.5600000e+02   9.9801887e-01  -3.6796410e-03
   2.7200000e+02   9.9935594e-01  -3.9937880e-03
   2.8800000e+02   9.9788729e-01  -1.5935016e-03
   3.0400000e+02   1.0034350e+00   7.3601108e-04
   3.2000000e+02   9.9712409e-01  -9.8642582e-04
   3.3600000e+02   9.9122489e-01   6.8081929e-03
   3.5200000e+02   9.9383303e-01  -4.1965813e-03
   3.6800000e+02   9.9147723e-01   1.1467641e-03
   3.8400000e+02   9.8790529e-01  -7.0887842e-04
   4.0000000e+02   9.8587797e-01   1.3368985e-03
   4.1600000e+02   9.8180945e-01   1.2380540e-03
   4.3200000e+02   9.8220208e-01   3.3681122e-03
   4.4800000e+02   9.7824556e-01  -1.2953832e-03
   4.6400000e+02   9.7637026e-01   1.3501613e-03
   4.8000000e+02   9.6790542e-01  -1.9385837e-04
   4.9600000e+02   9.6989967e-01  -4.5084099e-03
   5.1200000e+02   9.6372813e-01   3.1493385e-03
   5.2800000e+02   9.5927530e-01  -1.5357697e-03
   5.4400000e+02   9.5740308e-01  -4.6262926e-04
   5.6000000e+02   9.5461871e-01   2.8059664e-03
   5.7600000e+02   9.5208932e-01  -3.5251933e-03
   5.9200000e+02   9.4688754e-01  -2.7204450e-03
   6.0800000e+02   9.4409849e-01  -1.9580397e-03
   6.2400000e+02   9.4130298e-01  -2.7219771e-03
   6.4000000e+02   9.3916677e-01  -7.5140460e-04
   6.5600000e+02   9.3426407e-01   2.9649516e-03
   6.7200000e+02   9.3365729e-01   3.8658082e-04
   6.8800000e+02   9.2287493e-01   1.5309224e-03
   7.0400000e+02   9.1945988e-01   2.7164605e-04
   7.2000000e+02   9.1756368e-01  -4.2083372e-03
   7.3600000e+02   9.1739779e-01  -1.2558264e-03
   7.5200000e+02   9.0808018e-01   1.8885539e-03
   7.6800000e+02   9.0318686e-01   4.6623217e-03
   7.8400000e+02   9.0104713e-01  -2.2526019e-03
   8.0000000e+02   9.0107523e-01  -2.2116710e-03
   8.1600000e+02   8.9510922e-01   5.1356384e-04
   8.3200000e+02   8.9157426e-01  -3.8596050e-03
   8.4800000e+02   8.8985994e-01  -7.4205898e-05
   8.6400000e+02   8.8345076e-01  -2.0708242e-03
   8.8000000e+02   8.8020035e-01   2.2622374e-03
   8.9600000e+02   8.7720826e-01   3.4316525e-03
   9.1200000e+02   8.7029487e-01  -3.4048931e-04
   9.2800000e+02   8.6746179e-01   5.4795842e-04
   9.4400000e+02   8.6995192e-01  -3.7144578e-03
   9.6000000e+02   8.5975706e-01  -1.8893809e-03
   9.7600000e+02   8.5690854e-01   7.3206418e-04
   9.9200000e+02   8.5501650e-01  -4.6529794e-04
   1.0080000e+03   8.4844757e-01   1.0441014e-03
   1.0240000e+03   8.4144959e-01  -1.2606429e-03
   1.0400000e+03   8.4498335e-01  -4.3889032e-03
   1.0560000e+03   8.4007433e-01  -4.7793701e-03
   1.0720000e+03   8.3527438e-01   2.3451953e-03
   1.0880000e+03   8.3385264e-01  -2.1168948e-03
   1.1040000e+03   8.3046457e-01   9.5442992e-04
   1.1200000e+03   8.3017012e-01   9.8698592e-04
   1.1360000e+03   8.2114565e-01   8.6081018e-04
   1.1520000e+03   8.2016768e-01   3.0648061e-03
   1.1680000e+03   8.1797301e-01  -1.9640933e-03
   1.1840000e+03   8.1717159e-01   1.6389801e-03
   1.2000000e+03   8.1341365e-01  -2.1581567e-04
   1.2160000e+03   8.1225688e-01   5.0554528e-04
   1.2320000e+03   8.0835734e-01  -3.5394012e-04
   1.2480000e+03   8.0045938e-01  -2.8604113e-03
   1.2640000e+03   8.0174045e-01   2.2009968e-03
   1.2800000e+03   7.9815080e-01  -1.6382290e-03
   1.2960000e+03   7.9628371e-01  -1.0852904e-03
   1.3120000e+03   7.8995553e-01  -3.7224658e-04
   1.3280000e+03   7.8581368e-01   9.1010588e-04
   1.3440000e+03   7.8810584e-01   1.2325062e-03
   1.3600000e+03   7.8563944e-01  -1.3290104e-03
   1.3760000e+03   7.7867879e-01  -1.3544729e-03
   1.3920000e+03   7.7943203e-01  -7.8518669e-04
   1.4080000e+03   7.7885083e-01  -3.9542297e-03
   1.4240000e+03   7.7632804e-01  -1.3977581e-03
   1.4400000e+03   7.7422538e-01   3.0970875e-03
   1.4560000e+03   7.7281702e-01   1.6396673e-04
   1.4720000e+03   7.6490059e-01  -6.5516100e-04
   1.4880000e+03   7.6560065e-01  -1.3152374e-03
   1.5040000e+03   7.6395466e-01   3.6540034e-03
   1.5200000e+03   7.6687737e-01  -1.9026188e-03
   1.5360000e+03   7.5636879e-01  -1.8765260e-03
   1.5520000e+03   7.5410131e-01   1.1372174e-03
   1.5680000e+03   7.5798240e-01  -3.5057317e-03
   1.5840000e+03   7.5071158e-01   3.0918000e-03
   1.6000000e+03   7.5301360e-01   4.4310536e-03
   1.6160000e+03   7.4906825e-01   1.2623604e-03
   1.6320000e+03   7.4655223e-01  -7.6537344e-04
   1.6480000e+03   7.4439240e-01   2.9985405e-04
   1.6640000e+03   7.4346290e-01   2.4467148e-03
   1.6800000e+03   7.3780973e-01  -1.2703224e-03
   1.6960000e+03   7.4511061e-01  -1.3105233e-03
   1.7120000e+03   7.3898736e-01   2.4029594e-03
   1.7280000e+03   7.3292789e-01  -2.3207105e-03
   1.7440000e+03   7.3333301e-01   2.7588664e-03
   1.7600000e+03   7.3209871e-01   4.2782519e-03
   1.7760000e+03   7.3389201e-01  -2.4318998e-07
   1.7920000e+03   7.2917466e-01  -4.1312744e-03
   1.8080000e+03   7.2285728e-01  -1.7239176e-03
   1.8240000e+03   7.2519412e-01  -4.4030705e-03
   1.8400000e+03   7.2531481e-01   3.1471415e-04
   1.8560000e+03   7.2723359e-01   2.0507854e-03
   1.8720000e+03   7.2305925e-01   1.3351067e-03
   1.8880000e+03   7.2154526e-01   7.6350096e-04
   1.9040000e+03   7.2314832e-01   3.5497804e-03
   1.9200000e+03   7.1866299e-01   1.7562621e-03
   1.9360000e+03   7.1620574e-01   5.4877726e-03
   1.9520000e+03   7.1796604e-01   9.0882465e-04
   1.9680000e+03   7.1648367e-01  -1.8450613e-03
   1.9840000e+03   7.1552740e-01  -2.5240656e-04
   2.0000000e+03   7.1431703e-01  -6.3400231e-04
   2.0160000e+03   7.1017563e-01   1.1270559e-03
   2.0320000e+03   7.0786085e-01   2.1938375e-03
   2.0480000e+03   7.1063858e-01  -8.8489269e-05
   2.0640000e+03   7.0807566e-01   2.7951195e-03
   2.0800000e+03   7.0497731e-01  -5.8133970e-04
   2.0960000e+03   7.0337973e-01   7.7725756e-04
   2.1120000e+03   7.1004402e-01   7.9083230e-04
   2.1280000e+03   7.0298615e-01   3.4451919e-03
   2.1440000e+03   7.0250242e-01   2.0272719e-03
   2.1600000e+03   7.0193687e-01  -2.5156972e-03
   2.1760000e+03   6.9617255e-01  -1.7281909e-03
   2.1920000e+03   6.9742764e-01   1.4353322e-03
   2.2080000e+03   7.0003567e-01   2.7270277e-03
   2.2240000e+03   6.9610273e-01   1.5341609e-03
   2.2400000e+03   6.9609686e-01  -1.9398073e-03
   2.2560000e+03   6.9745117e-01   6.2548742e-04
   2.2720000e+03   6.9568136e-01   7.0473257e-04
   2.2880000e+03   6.9197334e-01   1.0684312e-03
   2.3040000e+03   6.9690684e-01   2.0893110e-03
   2.3200000e+03   6.9190969e-01  -5.7787701e-04
   2.3360000e+03   6.9518378e-01   1.9843262e-03
   2.3520000e+03   6.8882007e-01   5.5946949e-03
   2.3680000e+03   6.8786650e-01   8.7553322e-04
   2.3840000e+03   6.9221581e-01  -3.5061482e-03
   2.4000000e+03   6.9032592e-01   2.5085635e-03
   2.4160000e+03   6.8551534e-01  -1.2135007e-03
   2.4320000e+03   6.8991989e-01   2.2870098e-03
   2.4480000e+03   6.8834933e-01   1.8077776e-03
   2.4640000e+03   6.8687736e-01   2.5033199e-03
   2.4800000e+03   6.9049713e-01  -8.3621473e-04
   2.4960000e+03   6.8998908e-01  -3.9295972e-03
   2.5120000e+03   6.8625056e-01   4.8982003e-03
   2.5280000e+03   6.8545208e-01   1.4407371e-03
   2.5440000e+03   6.8742365e-01   5.8270569e-04
   2.5600000e+03   6.8495491e-01  -2.1475048e-03
   2.5760000e+03   6.8833877e-01  -1.0179142e-03
   2.5920000e+03   6.8219732e-01  -7.4149706e-05
   2.6080000e+03   6.8534211e-01  -9.1080543e-04
   2.6240000e+03   6.7956803e-01   3.5652711e-03
   2.6400000e+03   6.7659671e-01  -4.9685440e-03
   2.6560000e+03   6.8084301e-01  -2.4870235e-03
   2.6720000e+03   6.7842463e-01   5.2772881e-04
   2.6880000e+03   6.8028314e-01  -2.3913103e-03
   2.7040000e+03   6.7267127e-01  -2.5912906e-03
   2.7200000e+03   6.7138587e-01   1.3657246e-04
   2.7360000e+03   6.7308424e-01   8.1920645e-04
   2.7520000e+03   6.7458529e-01   9.2694279e-04
   2.7680000e+03   6.7052837e-01   1.7667880e-03
   2.7840000e+03   6.7321929e-01  -1.3127627e-03
   2.8000000e+03   6.7329631e-01  -2.3939806e-03
   2.8160000e+03   6.7169708e-01  -1.7390024e-03
   2.8320000e+03   6.7593684e-01   1.1888703e-03
   2.8480000e+03   6.6979169e-01  -4.1720776e-03
   2.8640000e+03   6.7562567e-01  -1.3792442e-03
   2.8800000e+03   6.7129510e-01  -3.3928584e-03
   2.8960000e+03   6.7058268e-01  -1.1183958e-03
   2.9120000e+03   6.7263850e-01   9.2380855e-04
   2.9280000e+03   6.7169819e-01   1.6646892e-03
   2.9440000e+03   6.6812192e-01  -6.4239005e-03
   2.9600000e+03   6.6949732e-01  -2.5504130e-03
   2.9760000e+03   6.7258154e-01  -5.3273978e-04
   2.9920000e+03   6.6929352e-01  -1.5605935e-03
   3.0080000e+03   6.6953068e-01   1.0482818e-03
   3.0240000e+03   6.6909653e-01  -3.1070533e-05
   3.0400000e+03   6.6711746e-01   2.0998276e-03
   3.0560000e+03   6.6785909e-01  -8.2529451e-04
   3.0720000e+03   6.7056246e-01  -2.5486429e-03
   3.0880000e+03   6.6539033e-01  -1.0130799e-03
   3.1040000e+03   6.6664384e-01  -1.9739606e-03
   3.1200000e+03   6.6504609e-01  -6.2851043e-04
   3.1360000e+03   6.6215803e-01  -1.0497767e-03
   3.1520000e+03   6.6341284e-01  -8.9910676e-04
   3.1680000e+03   6.6373730e-01   2.7805319e-03
   3.1840000e+03   6.6295051e-01   4.8186316e-04
   3.2000000e+03   6.6661095e-01   4.3448447e-04
   3.2160000e+03   6.6349211e-01  -9.7882248e-04
   3.2320000e+03   6.6117182e-01  -2.1470082e-03
   3.2480000e+03   6.6427273e-01   5.2802560e-04
   3.2640000e+03   6.6226188e-01  -1.7708539e-03
   3.2800000e+03   6.6136264e-01   1.8131855e-03
   3.2960000e+03   6.6136064e-01  -4.8921623e-03
   3.3120000e+03   6.6283774e-01  -5.4045722e-04
   3.3280000e+03   6.5745292e-01   3.2378667e-03
   3.3440000e+03   6.6072006e-01   5.6667417e-04
   3.3600000e+03   6.6237550e-01   1.9465371e-03
   3.3760000e+03   6.5889376e-01   1.7903158e-03
   3.3920000e+03   6.5729911e-01   4.3051105e-03
   3.4080000e+03   6.6087446e-01  -3.8031533e-04
   3.4240000e+03   6.5889072e-01   3.0794582e-03
   3.4400000e+03   6.5589663e-01  -1.5543437e-03
   3.4560000e+03   6.6005085e-01   1.0986520e-03
   3.4720000e+03   6.5977861e-01  -2.8258898e-03
   3.4880000e+03   6.6144845e-01   9.3819622e-04
   3.5040000e+03   6.5659839e-01   1.7591857e-03
   3.5200000e+03   6.5489768e-01   1.2723278e-03
   3.5360000e+03   6.5633405e-01  -3.6165404e-03
   3.5520000e+03   6.5622188e-01  -2.4312648e-03
   3.5680000e+03   6.5706097e-01  -2.5914618e-03
   3.5840000e+03   6.5453058e-01   5.2109613e-04
   3.6000000e+03   6.5542136e-01  -1.9580792e-03
   3.6160000e+03   6.5705563e-01  -2.8115641e-04
   3.6320000e+03   6.5611370e-01  -1.0688657e-05
   3.6480000e+03   6.5560485e-01   2.5203976e-03
   3.6640000e+03   6.5132775e-01   9.8606319e-04
   3.6800000e+03   6.5500804e-01  -6.7707251e-04
   3.6960000e+03   6.5940866e-01  -1.4825571e-03
   3.7120000e+03   6.5106781e-01   1.3355129e-03
   3.7280000e+03   6.4886838e-01   1.3804419e-03
   3.7440000e+03   6.5198354e-01   1.0240414e-03
   3.7600000e+03   6.5293796e-01   1.1255443e-03
   3.7760000e+03   6.4873382e-01  -1.9679492e-03
   3.7920000e+03   6.5011069e-01  -8.8966168e-04
   3.8080000e+03   6.5385382e-01   9.9769851e-04
   3.8240000e+03   6.5304506e-01   7.7708947e-04
   3.8400000e+03   6.4982599e-01  -5.1256421e-04
   3.8560000e+03   6.5027521e-01   9.1733995e-04
   3.8720000e+03   6.4878895e-01  -2.8508502e-03
   3.8880000e+03   6.4824618e-01   1.7422982e-03
   3.9040000e+03   6.4833624e-01  -3.3212080e-03
   3.9200000e+03   6.4695016e-01   5.3441663e-03
   3.9360000e+03   6.4980179e-01   1.3569026e-03
   3.9520000e+03   6.4965178e-01  -1.4781978e-03
   3.9680000e+03   6.5054310e-01  -9.8288667e-05
   3.9840000e+03   6.4917833e-01   2.0069645e-03
   4.0000000e+03   6.4585292e-01   5.0908248e-04
   4.0160000e+03   6.4741070e-01  -8.4232631e-04
   4.0320000e+03   6.4983208e-01   3.1858423e-03
   4.0480000e+03   6.4595243e-01   6.4654908e-04
   4.0640000e+03   6.4723334e-01  -1.8941706e-03
   4.0800000e+03   6.4378096e-01  -2.6363897e-03
   4.0960000e+03   6.4246691e-01   2.0135864e-03
   4.1120000e+03   6.4475229e-01  -2.0036700e-04
   4.1280000e+03   6.4415085e-01  -1.3452869e-03
   4.1440000e+03   6.4069949e-01   4.5006222e-03
   4.1600000e+03   6.4899418e-01  -2.9544646e-03
   4.1760000e+03   6.4072487e-01   2.1653423e-03
   4.1920000e+03   6.4574111e-01  -1.6759744e-03
   4.2080000e+03   6.4156239e-01  -6.8808698e-04
   4.2240000e+03   6.3946921e-01  -2.6676657e-03
   4.2400000e+03   6.3992096e-01   2.6979113e-03
   4.2560000e+03   6.4156878e-01  -3.6984537e-03
   4.2720000e+03   6.4189492e-01   1.0463461e-03
   4.2880000e+03   6.3918771e-01  -4.5887969e-03
   4.3040000e+03   6.3889736e-01  -2.0822002e-03
   4.3200000e+03   6.4080092e-01  -2.9725308e-03
   4.3360000e+03   6.4159969e-01  -6.8920459e-04
   4.3520000e+03   6.3697216e-01   1.2481229e-03
   4.3680000e+03   6.3748251e-01  -1.9103227e-03
   4.3840000e+03   6.3943722e-01  -1.0177958e-03
   4.4000000e+03   6.3893723e-01  -1.0516533e-03
   4.4160000e+03   6.4169585e-01  -1.3057972e-03
   4.4320000e+03   6.3884976e-01  -3.1416851e-03
   4.4480000e+03   6.3962547e-01   2.6884537e-03
   4.4640000e+03   6.3396006e-01   1.6493801e-03
   4.4800000e+03   6.3556585e-01   4.7408781e-04
   4.4960000e+03   6.3745013e-01  -2.4686796e-04
   4.5120000e+03   6.3535159e-01  -3.2050099e-03
   4.5280000e+03   6.3515087e-01  -3.3717648e-04
   4.5440000e+03   6.3435090e-01   3.9804196e-03
   4.5600000e+03   6.3192975e-01   2.6337671e-05
   4.5760000e+03   6.3687396e-01   9.0176700e-04
   4.5920000e+03   6.3690466e-01  -2.1037955e-03
   4.6080000e+03   6.3413540e-01  -1.0287706e-03
   4.6240000e+03   6.3472335e-01   5.2055143e-03
   4.6400000e+03   6.3287813e-01  -2.0448074e-03
   4.6560000e+03   6.3833922e-01   1.6560690e-03
   4.6720000e+03   6.3683343e-01  -1.9794856e-03
   4.6880000e+03   6.3469075e-01  -1.9563877e-03
   4.7040000e+03   6.3451250e-01   1.7389603e-04
   4.7200000e+03   6.3191764e-01  -5.9113586e-03
   4.7360000e+03   6.3252224e-01  -5.8808643e-03
   4.7520000e+03   6.3084125e-01  -3.8092019e-03
   4.7680000e+03   6.2963663e-01  -4.1660771e-04
   4.7840000e+03   6.3137796e-01  -5.5343415e-03
   4.8000000e+03   6.3049344e-01   5.2117227e-04
   4.8160000e+03   6.3439435e-01  -1.5580487e-03
   4.8320000e+03   6.3045052e-01  -1.2473042e-03
   4.8480000e+03   6.3004411e-01   1.6541959e-03
   4.8640000e+03   6.2715537e-01   9.4006350e-04
   4.8800000e+03   6.2938784e-01   2.6417586e-03
   4.8960000e+03   6.2615146e-01   2.7158300e-03
   4.9120000e+03   6.2372153e-01   1.9673545e-04
   4.9280000e+03   6.2788539e-01   2.1947062e-03
   4.9440000e+03   6.2317378e-01  -3.3302261e-03
   4.9600000e+03   6.2213046e-01   6.0396652e-06
   4.9760000e+03   6.3258004e-01  -4.8161173e-03
   4.9920000e+03   6.2638254e-01   3.0991295e-03
   5.0080000e+03   6.2175819e-01  -2.3565102e-03
   5.0240000e+03   6.2429584e-01  -1.2476397e-03
   5.0400000e+03   6.2350654e-01   2.1978684e-03
   5.0560000e+03   6.2574898e-01   9.1437333e-04
   5.0720000e+03   6.2391779e-01  -7.9024026e-04
   5.0880000e+03   6.2140579e-01  -2.9027206e-03
   5.1040000e+03   6.2049887e-01  -1.1458725e-03
   5.1200000e+03   6.2248298e-01   1.0615790e-03
   5.1360000e+03   6.2454523e-01   1.6840034e-03
   5.1520000e+03   6.2176087e-01   2.3904439e-03
   5.1680000e+03   6.2267278e-01   4.8539730e-04
   5.1840000e+03   6.2317815e-01   5.6411035e-04
   5.2000000e+03   6.2001983e-01   3.9488990e-03
   5.2160000e+03   6.2017349e-01   1.0656680e-03
   5.2320000e+03   6.2020133e-01   7.7164155e-04
   5.2480000e+03   6.1669608e-01  -2.5263625e-03
   5.2640000e+03   6.1742165e-01   3.2549870e-03
   5.2800000e+03   6.1824649e-01  -2.0982421e-03
   5.2960000e+03   6.1716034e-01  -3.7659641e-03
   5.3120000e+03   6.1548169e-01  -2.4441950e-03
   5.3280000e+03   6.1592806e-01   7.2033511e-04
   5.3440000e+03   6.1784351e-01   7.7407343e-04
   5.3600000e+03   6.1929496e-01   9.3419946e-04
   5.3760000e+03   6.2279924e-01   4.5796161e-03
   5.3920000e+03   6.2034782e-01  -5.0011536e-03
   5.4080000e+03   6.1443333e-01  -2.1994955e-03
   5.4240000e+03   6.1462051e-01  -6.5767230e-04
   5.4400000e+03   6.1804827e-01   2.0207359e-03
   5.4560000e+03   6.1421275e-01   4.0923712e-03
   5.4720000e+03   6.1505542e-01   3.7965685e-03
   5.4880000e+03   6.1528738e-01  -1.6332783e-04
   5.5040000e+03   6.1057500e-01  -6.9693933e-04
   5.5200000e+03   6.1391291e-01  -2.4116334e-03
   5.5360000e+03   6.1642119e-01  -2.9936188e-03
   5.5520000e+03   6.1435791e-01   3.6214124e-03
   5.5680000e+03   6.1060049e-01   1.4977062e-03
   5.5840000e+03   6.1091008e-01  -2.4009604e-03
   5.6000000e+03   6.1360725e-01  -9.0471621e-04
   5.6160000e+03   6.1349344e-01   3.1031363e-04
   5.6320000e+03   6.1564411e-01   3.7506562e-04
   5.6480000e+03   6.0906893e-01  -8.0994007e-05
   5.6640000e+03   6.0914145e-01   1.4977853e-03
   5.6800000e+03   6.1052994e-01   1.0769938e-03
   5.6960000e+03   6.1030937e-01   1.7603724e-03
   5.7120000e+03   6.0651743e-01  -1.7431087e-03
   5.7280000e+03   6.0678983e-01  -7.6409056e-03
   5.7440000e+03   6.0320774e-01  -3.6710401e-04
   5.7600000e+03   6.0935618e-01   2.1933950e-03
   5.7760000e+03   6.0756964e-01  -1.6140397e-03
   5.7920000e+03   6.0720933e-01  -2.1905815e-03
   5.8080000e+03   6.0269296e-01   2.9780351e-03
   5.8240000e+03   6.0564627e-01   1.5365634e-03
   5.8400000e+03   6.0661139e-01   3.5618590e-03
   5.8560000e+03   6.0520371e-01   1.8738073e-03
   5.8720000e+03   6.0738471e-01   2.2737362e-03
   5.8880000e+03   6.0482370e-01  -1.2120646e-03
   5.9040000e+03   6.0406330e-01   1.3262794e-03
   5.9200000e+03   6.0808911e-01   2.2263260e-03
   5.9360000e+03   6.0299148e-01  -4.4442752e-03
   5.9520000e+03   6.0418275e-01  -1.3605817e-03
   5.9680000e+03   5.9991471e-01  -3.0695518e-03
   5.9840000e+03   6.0349452e-01  -2.8232806e-03
   6.0000000e+03   6.0410648e-01   8.2272585e-04
   6.0160000e+03   6.0230932e-01  -2.2941647e-03
   6.0320000e+03   5.9765610e-01   2.6277109e-04
   6.0480000e+03   5.9844140e-01   5.3067101e-05
   6.0640000e+03   5.9807213e-01   9.8655997e-05
   6.0800000e+03   6.0313753e-01   2.3355298e-03
   6.0960000e+03   5.9922677e-01   1.8334748e-03
   6.1120000e+03   5.9767046e-01   5.5700066e-04
   6.1280000e+03   5.9746608e-01  -1.8808149e-03
   6.1440000e+03   5.9789385e-01   4.0677354e-04
   6.1600000e+03   5.9511591e-01   6.8235211e-04
   6.1760000e+03   5.9372355e-01  -2.0245590e-03
   6.1920000e+03   5.9849042e-01   8.3276730e-04
   6.2080000e+03   5.9551776e-01  -2.2679177e-03
   6.2240000e+03   5.9511987e-01  -3.0991237e-03
   6.2400000e+03   5.9664641e-01   1.6443051e-03
   6.2560000e+03   5.9861927e-01   4.7221954e-05
   6.2720000e+03   5.9416686e-01  -3.3466038e-03
   6.2880000e+03   5.8946642e-01  -1.1827595e-03
   6.3040000e+03   5.9630879e-01   4.1239389e-03
   6.3200000e+03   5.9244711e-01  -1.9983094e-04
   6.3360000e+03   5.9620547e-01   2.3737450e-03
   6.3520000e+03   5.9460559e-01  -4.2250570e-03
   6.3680000e+03   5.9224609e-01   1.5278320e-03
   6.3840000e+03   5.9023636e-01  -9.9430691e-04
   6.4000000e+03   5.9390659e-01   1.4013322e-03
   6.4160000e+03   5.9401212e-01   3.7658781e-03
   6.4320000e+03   5.9118858e-01   1.5467561e-03
   6.4480000e+03   5.9050772e-01   1.4927326e-03
   6.4640000e+03   5.9159170e-01   2.0320050e-03
   6.4800000e+03   5.8855477e-01   1.3476575e-03
   6.4960000e+03   5.9255342e-01  -4.9152843e-03
   6.5120000e+03   5.8840188e-01   1.7237686e-03
   6.5280000e+03   5.8922660e-01   1.9609081e-03
   6.5440000e+03   5.9027310e-01  -1.8510061e-04
   6.5600000e+03   5.8842504e-01  -3.2295424e-03
   6.5760000e+03   5.8587442e-01   3.5314704e-03
   6.5920000e+03   5.8614549e-01   2.5415462e-04
   6.6080000e+03   5.8431378e-01   3.9347305e-05
   6.6240000e+03   5.8615078e-01  -1.0083106e-03
   6.6400000e+03   5.8477590e-01   1.8869083e-03
   6.6560000e+03   5.8880646e-01  -4.3182890e-03
   6.6720000e+03   5.8739098e-01  -1.4153945e-03
   6.6880000e+03   5.8272545e-01  -2.4303486e-04
   6.7040000e+03   5.8700911e-01  -2.4954746e-03
   6.7200000e+03   5.8206022e-01   1.7051334e-03
   6.7360000e+03   5.8290945e-01   5.0557080e-04
   6.7520000e+03   5.8305955e-01  -6.2554691e-04
   6.7680000e+03   5.8090534e-01   1.8744874e-03
   6.7840000e+03   5.8467224e-01   4.6896399e-05
   6.8000000e+03   5.8293088e-01  -3.8490449e-03
   6.8160000e+03   5.8041102e-01  -9.9058514e-04
   6.8320000e+03   5.8395066e-01  -3.7172642e-03
   6.8480000e+03   5.8022347e-01   1.7261232e-04
   6.8640000e+03   5.8322030e-01  -2.4052020e-03
   6.8800000e+03   5.8596784e-01  -2.0456659e-03
   6.8960000e+03   5.7871940e-01  -3.6892025e-04
   6.9120000e+03   5.7918407e-01  -1.0397920e-03
   6.9280000e+03   5.7931445e-01  -7.6610969e-04
   6.9440000e+03   5.8103546e-01  -1.5588749e-03
   6.9600000e+03   5.7654545e-01   2.1790439e-03
   6.9760000e+03   5.7721932e-01  -1.2138281e-03
   6.9920000e+03   5.7647564e-01  -2.8482037e-03
   7.0080000e+03   5.7641959e-01   2.9093403e-05
   7.0240000e+03   5.8015582e-01  -2.8041360e-03
   7.0400000e+03   5.7362301e-01   7.2142619e-04
   7.0560000e+03   5.8260098e-01  -3.3256209e-03
   7.0720000e+03   5.7798183e-01  -1.4998675e-03
   7.0880000e+03   5.7904802e-01   2.4649137e-03
   7.1040000e+03   5.7830776e-01   1.4540311e-03
   7.1200000e+03   5.7396815e-01  -2.8039124e-05
   7.1360000e+03   5.7782518e-01  -1.4793786e-03
   7.1520000e+03   5.7565903e-01   2.0889020e-03
   7.1680000e+03   5.7427157e-01  -8.8314203e-04
   7.1840000e+03   5.7475704e-01   4.2711871e-04
   7.2000000e+03   5.7754132e-01   2.9585503e-03
   7.2160000e+03   5.7280098e-01  -2.2174386e-03
   7.2320000e+03   5.7046122e-01   3.0125848e-04
   7.2480000e+03   5.7184789e-01   3.3088189e-05
   7.2640000e+03   5.7452247e-01  -8.3838723e-04
   7.2800000e+03   5.7423559e-01  -1.2626253e-03
   7.2960000e+03   5.7082785e-01   2.0759403e-03
   7.3120000e+03   5.7253865e-01  -6.8889812e-04
   7.3280000e+03   5.7512770e-01   5.2932360e-04
   7.3440000e+03   5.7493368e-01  -1.8266404e-03
   7.3600000e+03   5.7192228e-01   6.6216822e-04
   7.3760000e+03   5.6988153e-01   3.0583455e-03
   7.3920000e+03   5.7071059e-01  -1.7154372e-03
   7.4080000e+03   5.7014791e-01  -3.2040982e-03
   7.4240000e+03   5.6998523e-01  -3.9293826e-03
   7.4400000e+03   5.6955668e-01   1.8747476e-03
   7.4560000e+03   5.6619590e-01  -2.5830040e-03
   7.4720000e+03   5.6678567e-01  -1.1765995e-03
   7.4880000e+03   5.7141308e-01  -1.9774059e-03
   7.5040000e+03   5.7039500e-01  -1.0135189e-03
   7.5200000e+03   5.6509707e-01   2.1929919e-03
   7.5360000e+03   5.6328764e-01  -4.2675455e-03
   7.5520000e+03   5.6910121e-01  -1.1080471e-03
   7.5680000e+03   5.6715111e-01   1.0524875e-03
   7.5840000e+03   5.6654745e-01   1.8837818e-04
   7.6000000e+03   5.6585580e-01   1.2579498e-03
   7.6160000e+03   5.6546793e-01   7.6231560e-04
   7.6320000e+03   5.6552722e-01  -1.0111361e-03
   7.6480000e+03   5.6242336e-01   4.4484488e-04
   7.6640000e+03   5.6576999e-01  -6.6764661e-04
   7.6800000e+03   5.6551081e-01   3.9722826e-04
   7.6960000e+03   5.6148573e-01   9.0852568e-04
   7.7120000e+03   5.6452601e-01  -4.5977334e-04
   7.7280000e+03   5.5977155e-01  -1.5116604e-03
   7.7440000e+03   5.6249364e-01   2.3975408e-03
   7.7600000e+03   5.6500331e-01   7.4134407e-04
   7.7760000e+03   5.6224792e-01  -2.4021038e-03
   7.7920000e+03   5.6135624e-01  -1.3937569e-03
   7.8080000e+03   5.5992178e-01  -7.9191772e-04
   7.8240000e+03   5.6202930e-01  -9.1352216e-04
   7.8400000e+03   5.6146334e-01   1.9275595e-03
   7.8560000e+03   5.5928148e-01   4.4866319e-03
   7.8720000e+03   5.5958183e-01  -3.0481351e-04
   7.8880000e+03   5.6189276e-01   1.0266754e-03
   7.9040000e+03   5.5998895e-01  -3.4781147e-04
   7.9200000e+03   5.5854423e-01   1.6327883e-04
   7.9360000e+03   5.5462791e-01   3.0928932e-03
   7.9520000e+03   5.5964702e-01   8.4539446e-04
   7.9680000e+03   5.5566471e-01   5.1073623e-04
   7.9840000e+03   5.5873978e-01   6.8736885e-04
   8.0000000e+03   5.5726619e-01   1.0650338e-03
   8.0160000e+03   5.5675340e-01  -1.4659490e-03
   8.0320000e+03   5.5804412e-01   7.9930494e-04
   8.0480000e+03   5.6046517e-01   4.1865532e-04
   8.0640000e+03   5.5468712e-01   2.0147527e-03
   8.0800000e+03   5.5585860e-01   1.7198437e-03
   8.0960000e+03   5.5652008e-01  -1.9960155e-03
   8.1120000e+03   5.5472518e-01   2.5141501e-03
   8.1280000e+03   5.5475447e-01   2.8008800e-03
   8.1440000e+03   5.5729324e-01   3.6948015e-03
   8.1600000e+03   5.5498783e-01  -7.0070552e-04
   8.1760000e+03   5.5229754e-01   2.5698015e-03
   8.1920000e+03   5.5117142e-01  -2.4721575e-03
   8.2080000e+03   5.5174624e-01   1.3150330e-03
   8.2240000e+03   5.5293798e-01   1.7995310e-03
   8.2400000e+03   5.5326538e-01  -1.6214817e-03
   8.2560000e+03   5.4937101e-01  -6.6340967e-04
   8.2720000e+03   5.5033325e-01   1.4518150e-03
   8.2880000e+03   5.4847683e-01   6.8494714e-04
   8.3040000e+03   5.5048202e-01   1.0419437e-03
   8.3200000e+03   5.5004524e-01  -9.0882605e-04
   8.3360000e+03   5.5323325e-01   3.4721733e-04
   8.3520000e+03   5.4830959e-01   8.7367878e-04
   8.3680000e+03   5.4710430e-01   1.9682025e-03
   8.3840000e+03   5.4828020e-01   2.1579530e-03
   8.4000000e+03   5.4905431e-01  -1.1276814e-03
   8.4160000e+03   5.4708426e-01  -5.4774973e-03
   8.4320000e+03   5.4674689e-01   1.5252026e-04
   8.4480000e+03   5.4978957e-01   3.2549863e-03
   8.4640000e+03   5.4755254e-01   2.0147180e-03
   8.4800000e+03   5.4614592e-01   3.6500071e-04
   8.4960000e+03   5.4253922e-01  -1.6505482e-03
   8.5120000e+03   5.4314868e-01  -5.8308633e-03
   8.5280000e+03   5.4647283e-01  -3.6882502e-03
   8.5440000e+03   5.4673945e-01   2.1789086e-03
   8.5600000e+03   5.3651663e-01   1.0740479e-03
   8.5760000e+03   5.4760053e-01  -1.8771033e-04
   8.5920000e+03   5.4522084e-01   1.6118700e-03
   8.6080000e+03   5.4075170e-01   3.2433087e-03
   8.6240000e+03   5.4406241e-01  -1.8902835e-03
   8.6400000e+03   5.4692412e-01  -2.0359073e-03
   8.6560000e+03   5.4317000e-01   3.6817152e-05
   8.6720000e+03   5.4260173e-01  -2.4224491e-03
   8.6880000e+03   5.4169230e-01   5.0120924e-04
   8.7040000e+03   5.4479190e-01  -5.7769018e-04
   8.7200000e+03   5.3864221e-01   2.6628135e-03
   8.7360000e+03   5.3918321e-01   7.1820083e-04
   8.7520000e+03   5.4194337e-01   3.6598567e-03
   8.7680000e+03   5.3936603e-01   2.4572914e-03
   8.7840000e+03   5.3837015e-01  -3.4418285e-03
   8.8000000e+03   5.4229581e-01   2.1307014e-04
   8.8160000e+03   5.4286517e-01   2.5857987e-03
   8.8320000e+03   5.4039103e-01   1.5036505e-03
   8.8480000e+03   5.4358705e-01  -4.1264281e-03
   8.8640000e+03   5.4055870e-01   2.5914207e-03
   8.8800000e+03   5.3728149e-01   1.5733074e-04
   8.8960000e+03   5.3526723e-01  -2.1091827e-03
   8.9120000e+03   5.3533549e-01  -4.4586280e-03
   8.9280000e+03   5.3375715e-01   1.5031137e-03
   8.9440000e+03   5.3599562e-01   4.5199421e-03
   8.9600000e+03   5.2992315e-01   1.6340925e-03
   8.9760000e+03   5.3691325e-01   9.2560071e-04
   8.9920000e+03   5.3744183e-01  -2.9565977e-04
   9.0080000e+03   5.3476485e-01   4.0291230e-03
   9.0240000e+03   5.3710740e-01  -1.4379115e-03
   9.0400000e+03   5.3343720e-01   1.1298366e-03
   9.0560000e+03   5.3290817e-01   1.3850184e-03
   9.0720000e+03   5.3605963e-01   4.0055025e-03
   9.0880000e+03   5.3408097e-01   4.0029555e-03
   9.1040000e+03   5.3103521e-01  -5.4570336e-04
   9.1200000e+03   5.2829321e-01   2.8921345e-03
   9.1360000e+03   5.2843455e-01  -3.9991101e-03
   9.1520000e+03   5.3235846e-01   6.9318800e-03
   9.1680000e+03   5.3093844e-01   9.0329037e-04
   9.1840000e+03   5.3110862e-01  -6.9437867e-04
   9.2000000e+03   5.3289280e-01   2.4283821e-03
   9.2160000e+03   5.2929135e-01  -8.5932574e-04
   9.2320000e+03   5.2757259e-01   2.7861123e-03
   9.2480000e+03   5.3389731e-01  -2.0706943e-03
   9.2640000e+03   5.3013306e-01   7.5956951e-04
   9.2800000e+03   5.3385149e-01  -2.3328564e-05
   9.2960000e+03   5.3049249e-01  -2.6882314e-03
   9.3120000e+03   5.2592227e-01   9.2713922e-04
   9.3280000e+03   5.2811601e-01   4.2210536e-04
   9.3440000e+03   5.2775274e-01  -3.0940165e-03
   9.3600000e+03   5.2684959e-01   6.6434987e-04
   9.3760000e+03   5.3291276e-01  -3.8754095e-03
   9.3920000e+03   5.2707052e-01   6.9773129e-04
   9.4080000e+03   5.2688954e-01  -3.5495562e-03
   9.4240000e+03   5.2366995e-01  -4.5794014e-03
   9.4400000e+03   5.2683700e-01   2.9304003e-03
   9.4560000e+03   5.2614968e-01  -2.0801887e-03
   9.4720000e+03   5.2783050e-01  -1.7342471e-03
   9.4880000e+03   5.2669400e-01   8.2395670e-04
   9.5040000e+03   5.2336072e-01  -7.8098411e-04
   9.5200000e+03   5.2072959e-01   2.3008902e-03
   9.5360000e+03   5.2592532e-01   2.7359629e-03
   9.5520000e+03   5.2434013e-01   1.0564817e-03
   9.5680000e+03   5.2259628e-01  -1.4818104e-03
   9.5840000e+03   5.2417555e-01  -7.3911317e-04
   9.6000000e+03   5.2120960e-01  -4.0465401e-03
   9.6160000e+03   5.2227420e-01  -2.7165743e-04
   9.6320000e+03   5.2632940e-01   2.5199905e-03
   9.6480000e+03   5.1580741e-01  -2.6262207e-03
   9.6640000e+03   5.2263798e-01  -1.8996462e-05
   9.6800000e+03   5.2378937e-01  -6.6439946e-04
   9.6960000e+03   5.1959260e-01   8.9987537e-04
   9.7120000e+03   5.2102665e-01  -2.1822093e-03
   9.7280000e+03   5.1938569e-01  -5.2642699e-04
   9.7440000e+03   5.2176181e-01  -4.6747959e-04
   9.7600000e+03   5.1825071e-01  -2.5698838e-03
   9.7760000e+03   5.2053922e-01  -1.0085227e-03
   9.7920000e+03   5.1907630e-01   2.3952667e-03
   9.8080000e+03   5.1917363e-01  -3.0055187e-03
   9.8240000e+03   5.1967978e-01  -5.3471252e-03
   9.8400000e+03   5.1964237e-01  -2.9904314e-03
   9.8560000e+03   5.1606558e-01   1.2218987e-03
   9.8720000e+03   5.1273792e-01  -9.4899799e-04
   9.8880000e+03   5.1810699e-01   1.5542104e-03
   9.9040000e+03   5.1350315e-01  -2.0697253e-03
   9.9200000e+03   5.1741277e-01   3.3602057e-03
   9.9360000e+03   5.1651410e-01  -2.0870514e-03
   9.9520000e+03   5.1666885e-01   1.8530106e-03
   9.9680000e+03   5.1655501e-01   2.0304516e-03
   9.9840000e+03   5.1811369e-01  -5.0447319e-04
   1.0000000e+04   5.1516725e-01   5.5567293e-03
   1.0016000e+04   5.1715031e-01  -1.2278439e-03
   1.0032000e+04   5.1274738e-01  -5.7802597e-04
   1.0048000e+04   5.1217245e-01  -1.3693586e-03
   1.0064000e+04   5.1448130e-01  -1.5501505e-03
   1.0080000e+04   5.1442120e-01   3.3458067e-03
   1.0096000e+04   5.1352051e-01   5.0021145e-03
   1.0112000e+04   5.1577786e-01  -3.1596481e-04
   1.0128000e+04   5.1157987e-01   2.2240006e-03
   1.0144000e+04   5.1305521e-01  -7.0693867e-04
   1.0160000e+04   5.1017148e-01   5.0793814e-03
   1.0176000e+04   5.1131532e-01   1.2292216e-03
   1.0192000e+04   5.1185520e-01   9.0693480e-04
   1.0208000e+04   5.1304900e-01   8.0356754e-04
   1.0224000e+04   5.1531457e-01   1.9193690e-03
   1.0240000e+04   5.0921567e-01   1.2830805e-03
   1.0256000e+04   5.0912294e-01  -1.1955641e-03
   1.0272000e+04   5.1557347e-01   1.2352471e-04
   1.0288000e+04   5.0832381e-01  -1.8982673e-03
   1.0304000e+04   5.0605989e-01  -1.0402826e-03
   1.0320000e+04   5.0964909e-01   4.5740160e-03
   1.0336000e+04   5.0993947e-01   1.5409807e-03
   1.0352000e+04   5.0672079e-01   2.1854052e-03
   1.0368000e+04   5.0822012e-01   1.8794402e-03
   1.0384000e+04   5.0729527e-01  -9.9905649e-05
   1.0400000e+04   5.0773551e-01   6.4518106e-04
   1.0416000e+04   5.1206130e-01   1.2400446e-04
   1.0432000e+04   5.0161906e-01   1.5424016e-03
   1.0448000e+04   5.0563757e-01  -1.0359374e-03
   1.0464000e+04   5.0428193e-01  -2.4891450e-03
   1.0480000e+04   5.0895344e-01   4.6519882e-04
   1.0496000e+04   5.0687584e-01   1.5360458e-03
   1.0512000e+04   5.0745236e-01   3.3679741e-03
   1.0528000e+04   5.0277361e-01   4.1535897e-03
   1.0544000e+04   5.0563457e-01   3.8375236e-04
   1.0560000e+04   5.0538340e-01   2.1736814e-03
   1.0576000e+04   5.0530536e-01  -9.6375637e-04
   1.0592000e+04   5.0401975e-01   1.1273168e-03
   1.0608000e+04   5.0488331e-01  -5.4979679e-04
   1.0624000e+04   5.0394059e-01   2.4849992e-03
   1.0640000e+04   5.0366609e-01  -3.6358358e-03
   1.0656000e+04   5.0864933e-01  -1.0837965e-03
   1.0672000e+04   5.0202720e-01  -1.1459732e-04
   1.0688000e+04   5.0323847e-01  -3.8835016e-03
   1.0704000e+04   5.0073614e-01  -3.6801662e-03
   1.0720000e+04   5.0231503e-01   6.6242482e-04
   1.0736000e+04   5.0078953e-01   3.7538017e-03
   1.0752000e+04   5.0624718e-01   4.4083467e-04
   1.0768000e+04   5.0178743e-01  -6.6100691e-04
   1.0784000e+04   5.0228498e-01   5.3362174e-03
   1.0800000e+04   5.0008243e-01   2.5680586e-04
   1.0816000e+04   5.0051407e-01  -1.6076948e-03
   1.0832000e+04   4.9984584e-01  -3.7271527e-03
   1.0848000e+04   4.9529908e-01  -1.7595113e-03
   1.0864000e+04   5.0182515e-01   1.7160771e-03
   1.0880000e+04   4.9768919e-01   8.3988690e-04
   1.0896000e+04   5.0100547e-01   8.1210190e-04
   1.0912000e+04   4.9551771e-01   2.8676416e-03
   1.0928000e+04   5.0036353e-01  -4.6133060e-03
   1.0944000e+04   4.9857818e-01  -1.7275773e-03
   1.0960000e+04   4.9612434e-01   2.6730589e-03
   1.0976000e+04   4.9800796e-01   3.2492343e-04
   1.0992000e+04   4.9982183e-01   2.1997355e-03
   1.1008000e+04   4.9663056e-01   1.3015101e-03
   1.1024000e+04   4.9789572e-01  -9.7724230e-04
   1.1040000e+04   4.9611921e-01  -9.5647798e-05
   1.1056000e+04   4.9534738e-01  -2.2562686e-03
   1.1072000e+04   4.9498509e-01   2.0334442e-03
   1.1088000e+04   4.9390620e-01  -1.8300631e-03
   1.1104000e+04   4.9333471e-01   7.4541271e-04
   1.1120000e+04   4.9368925e-01   6.3671017e-04
   1.1136000e+04   4.9148899e-01  -4.1705958e-04
   1.1152000e+04   4.9232463e-01   2.5930712e-05
   1.1168000e+04   4.8962060e-01  -2.1619146e-03
   1.1184000e+04   4.9726874e-01   6.7625231e-04
   1.1200000e+04   4.9318177e-01  -9.9224099e-04
   1.1216000e+04   4.9139960e-01  -1.3938359e-03
   1.1232000e+04   4.9221806e-01   2.9338583e-03
   1.1248000e+04   4.9503589e-01  -1.7044177e-03
   1.1264000e+04   4.9172480e-01   6.3554933e-04
   1.1280000e+04   4.8925012e-01  -2.8485771e-03
   1.1296000e+04   4.8791868e-01  -3.7763228e-03
   1.1312000e+04   4.8879595e-01  -4.0787962e-04
   1.1328000e+04   4.8942590e-01  -1.9264540e-03
   1.1344000e+04   4.8996959e-01  -3.3823371e-03
   1.1360000e+04   4.9335828e-01  -3.9390545e-04
   1.1376000e+04   4.9115933e-01   2.1205959e-03
   1.1392000e+04   4.8880676e-01   4.3027698e-03
   1.1408000e+04   4.9607036e-01   2.5300657e-03
   1.1424000e+04   4.8697036e-01  -2.5264735e-03
   1.1440000e+04   4.8581966e-01  -1.3220580e-03
   1.1456000e+04   4.9203260e-01   1.0144865e-03
   1.1472000e+04   4.8508701e-01   1.6610986e-03
   1.1488000e+04   4.8451825e-01  -1.2791659e-04
   1.1504000e+04   4.8609737e-01  -1.4596279e-03
   1.1520000e+04   4.8809904e-01  -4.7414676e-04
   1.1536000e+04   4.8553684e-01  -8.9186472e-04
   1.1552000e+04   4.8885442e-01  -4.3550311e-03
   1.1568000e+04   4.8712499e-01   1.4753948e-03
   1.1584000e+04   4.8743137e-01  -4.4724412e-04
   1.1600000e+04   4.8293765e-01   3.3262699e-03
   1.1616000e+04   4.8942828e-01  -1.4615997e-03
   1.1632000e+04   4.7797602e-01   1.2888251e-03
   1.1648000e+04   4.8781922e-01   1.7878688e-03
   1.1664000e+04   4.8383911e-01  -7.5749205e-04
   1.1680000e+04   4.8434953e-01  -1.3564495e-03
   1.1696000e+04   4.8206927e-01   2.7532800e-03
   1.1712000e+04   4.8254298e-01  -7.9458802e-04
   1.1728000e+04   4.8062388e-01  -5.6208659e-04
   1.1744000e+04   4.8054974e-01   1.5697259e-03
   1.1760000e+04   4.8203486e-01  -2.5647392e-04
   1.1776000e+04   4.7708665e-01   2.7038584e-03
   1.1792000e+04   4.8382813e-01   2.9457857e-03
   1.1808000e+04   4.8029426e-01  -5.1659444e-03
   1.1824000e+04   4.8006558e-01   1.8845489e-03
   1.1840000e+04   4.8408017e-01   2.8355148e-03
   1.1856000e+04   4.8019752e-01  -2.8567772e-04
   1.1872000e+04   4.7598343e-01   1.6148839e-03
   1.1888000e+04   4.8131733e-01  -4.1194527e-03
   1.1904000e+04   4.7817202e-01   3.4691606e-06
   1.1920000e+04   4.7766099e-01  -7.5269531e-04
   1.1936000e+04   4.8027659e-01   1.5057617e-03
   1.1952000e+04   4.7928155e-01   2.2977151e-03
   1.1968000e+04   4.7505526e-01  -7.6073220e-04
   1.1984000e+04   4.7879615e-01  -2.5105185e-03
   1.2000000e+04   4.7669471e-01   1.6320528e-03
   1.2016000e+04   4.7706385e-01   1.9631818e-03
   1.2032000e+04   4.7868078e-01   1.1508544e-03
   1.2048000e+04   4.7061881e-01   4.8609576e-04
   1.2064000e+04   4.7600231e-01  -9.5373263e-04
   1.2080000e+04   4.7354552e-01  -2.5951921e-03
   1.2096000e+04   4.7586705e-01   1.6076290e-03
   1.2112000e+04   4.7523055e-01  -3.6297522e-03
   1.2128000e+04   4.7552774e-01  -3.0582997e-03
   1.2144000e+04   4.7405494e-01  -1.4900120e-03
   1.2160000e+04   4.7434656e-01  -1.4056475e-03
   1.2176000e+04   4.7610910e-01   3.2151788e-03
   1.2192000e+04   4.6992584e-01   2.0078711e-03
   1.2208000e+04   4.7837327e-01  -9.8752558e-04
   1.2224000e+04   4.7285577e-01  -1.6694568e-03
   1.2240000e+04   4.7316960e-01  -1.9844288e-04
   1.2256000e+04   4.7599093e-01   3.2585874e-03
