   0.0000000e+00   1.0733847e+00   5.2427032e-02
   1.6000000e+01   1.0577851e+00   1.4300173e-01
   3.2000000e+01   7.5479439e-01  -1.9059220e-01
   4.8000000e+01   9.5395910e-01  -1.0546733e-01
   6.4000000e+01   8.8630447e-01   6.3582557e-04
   8.0000000e+01   9.0584261e-01  -8.9587503e-02
   9.6000000e+01   1.0068496e+00  -7.3242096e-02
   1.1200000e+02   9.9144256e-01  -1.1034040e-01
   1.2800000e+02   9.5232454e-01   1.0875616e-01
   1.4400000e+02   1.0482214e+00   5.7823131e-02
   1.6000000e+02   8.6742065e-01  -2.0347875e-01
   1.7600000e+02   1.0848616e+00   2.9392731e-02
   1.9200000e+02   9.4646046e-01   1.1967150e-01
   2.0800000e+02   1.0765109e+00   1.0773460e-01
   2.2400000e+02   8.0366929e-01   1.5601086e-01
   2.4000000e+02   9.5461438e-01   1.8222920e-01
   2.5600000e+02   1.0280562e+00  -4.8834603e-03
   2.7200000e+02   9.7299229e-01   6.7822128e-02
   2.8800000e+02   1.0142083e+00   7.0936934e-02
   3.0400000e+02   9.0565127e-01   1.7153367e-01
   3.2000000e+02   1.0181424e+00   9.1757040e-02
   3.3600000e+02   9.5246308e-01  -3.9832379e-03
   3.5200000e+02   1.0428258e+00   5.1547196e-02
   3.6800000e+02   1.0433146e+00   1.8959467e-01
   3.8400000e+02   9.0661979e-01   1.3444047e-01
   4.0000000e+02   1.0659387e+00  -2.5236226e-02
   4.1600000e+02   1.1369831e+00   2.1290047e-01
   4.3200000e+02   8.4010546e-01  -1.0852663e-02
   4.4800000e+02   1.0485843e+00  -6.4033812e-02
   4.6400000e+02   1.0415665e+00   1.1804960e-01
   4.8000000e+02   1.0060625e+00  -1.8601802e-01
   4.9600000e+02   8.8084451e-01  -8.9371007e-02
   5.1200000e+02   1.0333796e+00   3.6773421e-01
   5.2800000e+02   1.1061281e+00   1.4475700e-01
   5.4400000e+02   9.5869853e-01  -7.1077659e-02
   5.6000000e+02   9.5616666e-01   5.4607710e-02
   5.7600000e+02   8.8646128e-01  -2.9658067e-02
   5.9200000e+02   9.4733021e-01   7.4976792e-02
   6.0800000e+02   1.0700518e+00  -8.2995666e-02
   6.2400000e+02   9.0427312e-01   3.9484809e-02
   6.4000000e+02   9.0982915e-01  -1.4778802e-01
   6.5600000e+02   9.8782781e-01   1.0856965e-01
   6.7200000e+02   7.8429122e-01  -8.6172617e-02
   6.8800000e+02   7.7501000e-01   1.2515473e-01
   7.0400000e+02   9.9888162e-01   6.0958493e-02
   7.2000000e+02   9.8916310e-01   1.3952438e-01
   7.3600000e+02   1.0861840e+00   2.4044041e-02
   7.5200000e+02   8.3359916e-01  -1.6255951e-01
   7.6800000e+02   9.8249955e-01   1.6228698e-02
   7.8400000e+02   1.0564918e+00   6.7373009e-02
   8.0000000e+02   8.3434656e-01  -2.2945093e-02
   8.1600000e+02   8.3764833e-01  -2.1553693e-02
   8.3200000e+02   1.0240875e+00  -1.1639930e-01
   8.4800000e+02   1.0952094e+00   4.9324559e-02
   8.6400000e+02   9.3637138e-01  -9.9671142e-03
   8.8000000e+02   8.9478795e-01   2.9778352e-02
   8.9600000e+02   8.9347464e-01   8.8812519e-02
   9.1200000e+02   1.0086886e+00  -1.2951527e-02
   9.2800000e+02   9.2725085e-01   4.8474307e-02
   9.4400000e+02   8.8570787e-01   1.9110409e-02
   9.6000000e+02   9.7696851e-01  -1.0327668e-01
   9.7600000e+02   7.9609698e-01  -1.1229365e-02
   9.9200000e+02   9.5372835e-01  -1.8259460e-01
   1.0080000e+03   9.0436421e-01  -1.1477801e-02
   1.0240000e+03   9.3631577e-01  -4.7146876e-02
   1.0400000e+03   9.5885743e-01  -4.2434552e-02
   1.0560000e+03   7.8028911e-01   9.5019093e-03
   1.0720000e+03   9.4389887e-01   5.8704421e-02
   1.0880000e+03   9.0338900e-01   4.3729596e-02
   1.1040000e+03   8.6315898e-01   1.3133812e-02
   1.1200000e+03   9.2090085e-01   1.4890156e-02
   1.1360000e+03   1.0844945e+00   6.3743753e-03
   1.1520000e+03   8.2849757e-01   2.3006920e-01
   1.1680000e+03   9.2611049e-01  -8.6162712e-02
   1.1840000e+03   9.5202843e-01  -1.4442293e-01
   1.2000000e+03   8.2891112e-01  -1.1704926e-01
   1.2160000e+03   9.4349969e-01   9.9494006e-02
   1.2320000e+03   9.9771591e-01  -1.7752570e-01
   1.2480000e+03   8.6394662e-01  -1.2095284e-01
   1.2640000e+03   6.4324385e-01   2.2042529e-02
   1.2800000e+03   9.3313320e-01   1.1324558e-01
   1.2960000e+03   1.0082322e+00   4.1543731e-04
   1.3120000e+03   7.5393204e-01  -1.4780365e-02
   1.3280000e+03   9.2146933e-01  -8.1279142e-04
   1.3440000e+03   7.7049633e-01  -1.1831359e-02
   1.3600000e+03   8.2578649e-01   4.8146509e-02
   1.3760000e+03   9.0202012e-01   6.9052688e-02
   1.3920000e+03   7.7129305e-01   3.2375645e-02
   1.4080000e+03   7.7668072e-01   6.0797418e-03
   1.4240000e+03   7.0681350e-01   2.1166844e-01
   1.4400000e+03   6.6062198e-01   5.9336233e-02
   1.4560000e+03   8.3697835e-01   1.5484606e-01
   1.4720000e+03   7.6929605e-01   1.9364749e-01
   1.4880000e+03   6.6843978e-01   8.8749838e-03
   1.5040000e+03   8.5240274e-01  -9.7135771e-02
   1.5200000e+03   8.7623611e-01  -4.1153035e-02
   1.5360000e+03   7.1615707e-01  -1.9171173e-01
   1.5520000e+03   8.7822502e-01  -1.3750251e-01
   1.5680000e+03   8.6888317e-01  -9.7536187e-02
   1.5840000e+03   8.0106854e-01   7.3946786e-02
   1.6000000e+03   6.2909060e-01  -1.8236139e-01
   1.6160000e+03   7.3849001e-01   4.9235442e-02
   1.6320000e+03   7.5035612e-01   2.3762094e-02
   1.6480000e+03   8.3006639e-01   2.7936761e-01
   1.6640000e+03   7.5705062e-01  -1.6965201e-01
   1.6800000e+03   7.0736267e-01   4.8288027e-02
   1.6960000e+03   8.8063355e-01  -8.5235390e-02
   1.7120000e+03   9.1029365e-01  -7.7858002e-02
   1.7280000e+03   6.7856799e-01   1.0966107e-01
   1.7440000e+03   8.0341406e-01  -3.0082533e-02
   1.7600000e+03   8.4822507e-01  -3.3946632e-03
   1.7760000e+03   7.5543663e-01   2.0088925e-02
   1.7920000e+03   7.9085473e-01  -1.7103811e-02
   1.8080000e+03   7.3623294e-01  -7.3221229e-02
   1.8240000e+03   8.0770791e-01   1.0457164e-01
   1.8400000e+03   7.8340477e-01  -8.5184805e-02
   1.8560000e+03   5.6755888e-01   2.6904915e-01
   1.8720000e+03   7.2462901e-01  -2.1678695e-01
   1.8880000e+03   7.9553746e-01  -1.9576350e-03
   1.9040000e+03   7.6390146e-01   7.9013778e-02
   1.9200000e+03   5.5971395e-01  -1.2681790e-02
   1.9360000e+03   8.5027029e-01   1.2504551e-01
   1.9520000e+03   6.5101151e-01   2.0052501e-02
   1.9680000e+03   7.5030590e-01  -1.0119443e-01
   1.9840000e+03   7.6672460e-01  -2.3144950e-02
   2.0000000e+03   7.5591331e-01   8.4867939e-03
   2.0160000e+03   7.3833712e-01   1.5176998e-02
   2.0320000e+03   5.3153869e-01  -4.0478121e-02
   2.0480000e+03   7.5691511e-01   1.3033051e-02
   2.0640000e+03   7.4101222e-01   6.4953304e-03
   2.0800000e+03   8.1088951e-01  -1.8625291e-01
   2.0960000e+03   6.1304278e-01   1.3009802e-01
   2.1120000e+03   7.8473309e-01  -1.0837748e-01
   2.1280000e+03   5.7368433e-01   1.7275628e-02
   2.1440000e+03   7.5248536e-01   7.8392120e-02
   2.1600000e+03   7.6314530e-01   1.0895673e-02
   2.1760000e+03   5.8949418e-01  -1.1189250e-01
   2.1920000e+03   7.1810520e-01   2.8679799e-02
   2.2080000e+03   5.5569411e-01   5.6177222e-02
   2.2240000e+03   5.9654397e-01  -2.9685957e-02
   2.2400000e+03   7.0854619e-01  -1.4057885e-01
   2.2560000e+03   7.0882422e-01   5.2532442e-02
   2.2720000e+03   8.0611429e-01  -1.1595986e-01
   2.2880000e+03   7.0111234e-01   5.9112991e-02
   2.3040000e+03   6.0993773e-01   7.0167624e-02
   2.3200000e+03   7.1226052e-01  -4.3669367e-02
   2.3360000e+03   6.3884516e-01  -1.1953049e-01
   2.3520000e+03   6.0273028e-01  -4.5777429e-02
   2.3680000e+03   6.5297639e-01  -8.2163032e-02
   2.3840000e+03   7.8292397e-01   1.7955426e-01
   2.4000000e+03   6.1462716e-01  -2.6345599e-01
   2.4160000e+03   6.8333294e-01  -1.1191633e-01
   2.4320000e+03   6.5812635e-01  -1.9204470e-01
   2.4480000e+03   6.9756037e-01  -1.5783502e-03
   2.4640000e+03   4.6363506e-01  -3.0050795e-02
   2.4800000e+03   6.8766109e-01   4.8941783e-02
   2.4960000e+03   8.2815818e-01  -4.9495682e-02
   2.5120000e+03   7.1196409e-01   1.2512563e-01
   2.5280000e+03   7.2346541e-01   1.1228996e-01
   2.5440000e+03   6.4605395e-01   3.4790285e-02
   2.5600000e+03   6.1035660e-01   1.0719096e-01
   2.5760000e+03   5.9113460e-01  -1.2617766e-01
   2.5920000e+03   6.0072354e-01   1.9350525e-02
   2.6080000e+03   4.8805137e-01   5.6729123e-02
   2.6240000e+03   6.6404840e-01   7.7460418e-03
   2.6400000e+03   5.0537096e-01  -1.8455505e-01
   2.6560000e+03   6.9310093e-01  -1.0910122e-01
   2.6720000e+03   6.1000442e-01   2.5414090e-01
   2.6880000e+03   6.4041661e-01   2.1729160e-01
   2.7040000e+03   5.8013558e-01   5.8091332e-02
   2.7200000e+03   6.0149066e-01   1.5267159e-02
   2.7360000e+03   7.8440215e-01   1.1683706e-01
   2.7520000e+03   6.1277917e-01   1.3174900e-01
   2.7680000e+03   5.1136652e-01  -7.7533946e-02
   2.7840000e+03   6.2424891e-01  -4.6796338e-02
   2.8000000e+03   5.9595211e-01   1.3890938e-01
   2.8160000e+03   6.3759850e-01  -5.7810486e-02
   2.8320000e+03   6.3705453e-01  -8.3720685e-02
   2.8480000e+03   7.0601631e-01  -2.5297471e-02
   2.8640000e+03   4.8235089e-01   7.3426474e-02
   2.8800000e+03   6.0973431e-01  -3.7831371e-02
   2.8960000e+03   4.6503618e-01  -5.8906045e-02
   2.9120000e+03   7.7154160e-01   7.4901295e-02
   2.9280000e+03   6.3203384e-01  -8.5298075e-03
   2.9440000e+03   4.7002282e-01   1.1332048e-01
   2.9600000e+03   6.8401936e-01  -4.8742924e-02
   2.9760000e+03   4.1145933e-01   2.7989077e-02
   2.9920000e+03   4.9644431e-01   1.4857779e-01
   3.0080000e+03   5.2213448e-01  -5.8750891e-02
   3.0240000e+03   6.0487351e-01  -1.1612034e-01
   3.0400000e+03   6.1282038e-01  -7.5797308e-02
   3.0560000e+03   5.8011739e-01  -1.7050658e-01
   3.0720000e+03   6.6391386e-01   5.2421442e-02
   3.0880000e+03   5.0005030e-01  -2.8853021e-02
   3.1040000e+03   4.6054728e-01   4.4022556e-02
   3.1200000e+03   5.6225322e-01   7.0887686e-02
   3.1360000e+03   7.6668711e-01  -3.8464152e-02
   3.1520000e+03   5.6917638e-01   8.5554647e-02
   3.1680000e+03   4.8685126e-01   9.1910606e-02
   3.1840000e+03   4.3328051e-01  -1.6071594e-02
   3.2000000e+03   7.2413347e-01  -2.3459010e-03
   3.2160000e+03   6.2457969e-01  -2.8056942e-02
   3.2320000e+03   5.9900801e-01   6.0003610e-02
   3.2480000e+03   5.0414004e-01  -3.0370849e-02
   3.2640000e+03   5.6111124e-01   9.7463578e-02
   3.2800000e+03   5.1676380e-01   1.1766765e-02
   3.2960000e+03   7.4246257e-01   1.9258121e-01
   3.3120000e+03   6.2963179e-01  -2.5909545e-01
   3.3280000e+03   4.5920767e-01  -8.3224386e-02
   3.3440000e+03   6.6873871e-01  -7.7023312e-02
   3.3600000e+03   4.9841376e-01   3.0283109e-02
   3.3760000e+03   6.7731006e-01  -1.3154195e-01
   3.3920000e+03   3.3717149e-01   2.9182564e-02
   3.4080000e+03   5.4293272e-01   2.4901458e-01
   3.4240000e+03   6.2124314e-01  -4.0343985e-02
   3.4400000e+03   4.6825081e-01   4.2123083e-02
   3.4560000e+03   5.1078099e-01  -7.2200227e-02
   3.4720000e+03   6.0307901e-01  -7.1130453e-02
   3.4880000e+03   6.0652901e-01  -1.4391170e-02
   3.5040000e+03   5.8773099e-01  -1.3181767e-01
   3.5200000e+03   3.3258818e-01   7.7857801e-02
   3.5360000e+03   5.7750966e-01  -3.4639482e-02
   3.5520000e+03   4.9082114e-01  -3.8325535e-02
   3.5680000e+03   5.0274309e-01  -3.5217166e-02
   3.5840000e+03   5.6820980e-01  -5.8524415e-02
   3.6000000e+03   4.8599900e-01   1.6503905e-01
   3.6160000e+03   6.7324795e-01   3.4516164e-03
   3.6320000e+03   4.0745267e-01   5.4150802e-02
   3.6480000e+03   5.3527413e-01   5.0863485e-02
   3.6640000e+03   4.6012089e-01   1.7253050e-01
   3.6800000e+03   3.0367142e-01   2.6913506e-02
   3.6960000e+03   3.9907800e-01  -1.5296348e-01
   3.7120000e+03   2.5749135e-01   7.5765541e-02
   3.7280000e+03   5.6914118e-01  -7.3749248e-02
   3.7440000e+03   4.3266322e-01  -1.4526523e-01
   3.7600000e+03   6.4853361e-01   8.4894096e-02
   3.7760000e+03   3.8089630e-01   1.5895490e-01
   3.7920000e+03   6.4200717e-01   8.9209938e-02
   3.8080000e+03   6.0399528e-01  -1.1843741e-01
   3.8240000e+03   4.6675616e-01   3.4809601e-01
   3.8400000e+03   3.7004903e-01  -3.1558548e-03
   3.8560000e+03   5.2704060e-01  -4.8898892e-02
   3.8720000e+03   5.0137059e-01   1.7281344e-01
   3.8880000e+03   6.4005863e-01   6.0529342e-02
   3.9040000e+03   4.4012471e-01  -9.2626566e-02
   3.9200000e+03   5.1550168e-01  -4.5527010e-02
   3.9360000e+03   4.9819783e-01   5.2860712e-02
   3.9520000e+03   4.8110838e-01   1.2397090e-01
   3.9680000e+03   4.4570169e-01  -1.2750788e-01
   3.9840000e+03   5.7863740e-01   4.8402140e-02
   4.0000000e+03   4.3019293e-01   2.4985984e-02
   4.0160000e+03   4.4364882e-01  -5.5650345e-02
   4.0320000e+03   4.6229006e-01   7.8641034e-04
   4.0480000e+03   4.5702507e-01   2.0231229e-01
   4.0640000e+03   4.7392228e-01   2.3187456e-01
   4.0800000e+03   4.0068647e-01   9.9015351e-02
   4.0960000e+03   4.5575555e-01   3.3931118e-02
   4.1120000e+03   4.8062307e-01   6.6711396e-02
   4.1280000e+03   2.3934933e-01   1.2918241e-01
   4.1440000e+03   3.2309989e-01  -1.5492527e-01
   4.1600000e+03   4.8307503e-01   9.7481925e-02
   4.1760000e+03   5.2581913e-01   1.8964866e-01
   4.1920000e+03   6.8549967e-01  -1.1804634e-02
   4.2080000e+03   3.7210656e-01  -9.3547827e-02
   4.2240000e+03   3.9086363e-01   3.5948476e-02
   4.2400000e+03   4.4124629e-01  -2.0097874e-01
   4.2560000e+03   3.1995003e-01   3.3776304e-02
   4.2720000e+03   3.8905515e-01   1.9630743e-02
   4.2880000e+03   5.2399880e-01  -1.4798175e-01
   4.3040000e+03   6.4644816e-01  -6.8269056e-02
   4.3200000e+03   4.3601644e-01  -1.2856299e-01
   4.3360000e+03   5.4416647e-01   2.2152941e-01
   4.3520000e+03   4.4468335e-01   2.4305293e-02
   4.3680000e+03   4.1237794e-01  -2.0337031e-01
   4.3840000e+03   5.8687808e-01   2.8072335e-02
   4.4000000e+03   3.8389296e-01  -1.3690057e-01
   4.4160000e+03   3.7361036e-01  -1.1335906e-01
   4.4320000e+03   3.3141491e-01   6.6600986e-02
   4.4480000e+03   3.1139868e-01   1.4553557e-02
   4.4640000e+03   5.6739493e-01  -1.5912592e-01
   4.4800000e+03   4.4543329e-01   1.5213339e-01
   4.4960000e+03   4.6530028e-01   2.7105546e-01
   4.5120000e+03   5.6899179e-01   2.5431172e-02
   4.5280000e+03   4.9560537e-01  -1.6279753e-01
   4.5440000e+03   3.7398451e-01   7.4652753e-02
   4.5600000e+03   5.0684359e-01  -2.3454916e-02
   4.5760000e+03   4.9642299e-01   2.2535082e-01
   4.5920000e+03   3.9529973e-01   1.5371886e-02
   4.6080000e+03   5.1819335e-01  -7.2360788e-02
   4.6240000e+03   4.5025294e-01  -1.3346560e-01
   4.6400000e+03   5.8127834e-01  -1.0968907e-01
   4.6560000e+03   5.7738053e-01  -1.1966247e-01
   4.6720000e+03   5.6357621e-01   1.3697120e-01
   4.6880000e+03   4.3645037e-01  -9.0859497e-02
   4.7040000e+03   5.7951663e-01   1.9434456e-02
   4.7200000e+03   4.4296613e-01  -3.7976674e-02
   4.7360000e+03   3.5028369e-01   1.4994182e-01
   4.7520000e+03   5.0597397e-01   6.0821220e-02
   4.7680000e+03   3.8656743e-01   8.4015173e-02
   4.7840000e+03   4.0142932e-01   3.9260233e-02
   4.8000000e+03   5.0757421e-01   1.5115220e-01
   4.8160000e+03   4.2780803e-01   2.5390066e-02
   4.8320000e+03   5.5042116e-01  -1.1989709e-01
   4.8480000e+03   4.7986824e-01  -1.0879104e-01
   4.8640000e+03   5.3818357e-01   2.5453553e-01
   4.8800000e+03   4.9532372e-01   1.5741889e-01
   4.8960000e+03   5.8225432e-01   2.3234656e-02
   4.9120000e+03   3.6540926e-01   7.1451872e-02
   4.9280000e+03   4.1579676e-01   4.8780272e-02
   4.9440000e+03   4.1338399e-01  -2.8416689e-02
   4.9600000e+03   4.8666216e-01  -5.4078966e-02
   4.9760000e+03   5.5014934e-01  -8.6728058e-03
   4.9920000e+03   5.3803551e-01   5.8719150e-02
   5.0080000e+03   4.9181245e-01   1.8982667e-03
   5.0240000e+03   2.6203968e-01  -2.1295849e-02
   5.0400000e+03   4.7444233e-01  -2.0341512e-02
   5.0560000e+03   3.7199394e-01   1.1900203e-01
   5.0720000e+03   5.0306089e-01   1.1003300e-01
   5.0880000e+03   4.8524751e-01   1.4111100e-01
   5.1040000e+03   3.7427303e-01  -6.4328033e-02
   5.1200000e+03   4.8499866e-01   6.9163899e-02
   5.1360000e+03   4.8973972e-01  -1.0722051e-01
   5.1520000e+03   6.4751536e-01   1.2570569e-01
   5.1680000e+03   4.8821500e-01   7.9273994e-02
   5.1840000e+03   3.7159080e-01  -1.3224921e-01
   5.2000000e+03   4.0876515e-01  -2.7268666e-02
   5.2160000e+03   5.9518751e-01  -4.5014524e-02
   5.2320000e+03   5.9294333e-01   2.3297752e-01
   5.2480000e+03   4.4247599e-01   1.9069593e-01
   5.2640000e+03   4.7807597e-01  -5.3873090e-02
   5.2800000e+03   4.7087669e-01  -1.8799616e-01
   5.2960000e+03   5.1769343e-01   2.8926073e-02
   5.3120000e+03   5.5266451e-01   4.8779938e-02
   5.3280000e+03   4.2109260e-01   1.3303358e-02
   5.3440000e+03   4.9263947e-01  -1.2903371e-01
   5.3600000e+03   5.3758417e-01   9.9149543e-02
   5.3760000e+03   1.6886318e-01   5.3341717e-02
   5.3920000e+03   2.9472319e-01   5.0204543e-02
   5.4080000e+03   4.3046473e-01  -6.4126385e-03
   5.4240000e+03   5.4592706e-01  -5.6002117e-03
   5.4400000e+03   3.7857311e-01   5.2066034e-02
   5.4560000e+03   4.4433651e-01   1.7217454e-01
   5.4720000e+03   4.8403756e-01  -7.6070910e-02
   5.4880000e+03   4.7551746e-01   9.3379656e-02
   5.5040000e+03   3.1098045e-01  -9.0683197e-02
   5.5200000e+03   3.7867679e-01  -2.4397994e-03
   5.5360000e+03   5.2877120e-01   1.2027090e-01
   5.5520000e+03   4.9914215e-01   4.2549101e-02
   5.5680000e+03   3.0773720e-01   5.6833957e-02
   5.5840000e+03   6.0096455e-01  -5.2896320e-02
   5.6000000e+03   6.6147111e-01   8.0087423e-02
   5.6160000e+03   3.1953128e-01   5.4846060e-02
   5.6320000e+03   3.8412986e-01  -7.8556285e-02
   5.6480000e+03   3.2113017e-01   2.1710024e-01
   5.6640000e+03   4.3148872e-01  -1.2509823e-01
   5.6800000e+03   5.7209916e-01   5.9367805e-02
   5.6960000e+03   4.1628780e-01  -1.5316869e-01
   5.7120000e+03   3.9281165e-01   3.8064511e-02
   5.7280000e+03   2.7395794e-01  -1.1586539e-01
   5.7440000e+03   3.8457582e-01   5.9169564e-02
   5.7600000e+03   2.8376363e-01   3.3650243e-02
   5.7760000e+03   4.3463664e-01   1.3176541e-02
   5.7920000e+03   3.8386529e-01  -1.6200984e-01
   5.8080000e+03   4.9124518e-01   1.3943079e-01
   5.8240000e+03   4.1995851e-01   1.0258727e-02
   5.8400000e+03   5.6528870e-01  -1.7879710e-01
   5.8560000e+03   5.6520535e-01   2.0765833e-03
   5.8720000e+03   4.8777165e-01  -1.3850942e-01
   5.8880000e+03   4.9552393e-01  -1.2127760e-01
   5.9040000e+03   3.7471145e-01   1.2454103e-01
   5.9200000e+03   3.8740558e-01  -1.4747981e-01
   5.9360000e+03   4.1105015e-01  -8.3092327e-02
   5.9520000e+03   3.9466470e-01  -9.5223504e-02
   5.9680000e+03   6.7187690e-01   2.7596463e-02
   5.9840000e+03   6.6387118e-01  -1.5924699e-01
   6.0000000e+03   6.1789386e-01   9.1777613e-02
   6.0160000e+03   6.4723716e-01   2.0686557e-01
   6.0320000e+03   4.7278014e-01   7.6954456e-02
   6.0480000e+03   4.4571927e-01  -1.4212878e-01
   6.0640000e+03   4.5213465e-01   8.0736952e-02
   6.0800000e+03   5.4150703e-01   6.7161712e-03
   6.0960000e+03   3.1218630e-01   1.2334881e-01
   6.1120000e+03   3.5232917e-01   6.9012440e-02
   6.1280000e+03   5.4658212e-01  -1.2666992e-03
   6.1440000e+03   2.5287962e-01   6.0430864e-03
   6.1600000e+03   4.3837851e-01   6.4249441e-02
   6.1760000e+03   4.4076301e-01  -1.5466029e-01
   6.1920000e+03   2.3243323e-01  -1.2456502e-02
   6.2080000e+03   5.1880899e-01   1.4080533e-02
   6.2240000e+03   5.2234574e-01   4.9372708e-02
   6.2400000e+03   5.1065128e-01  -1.0859929e-04
   6.2560000e+03   2.6693319e-01  -9.3191796e-02
   6.2720000e+03   5.1547326e-01  -2.2852457e-01
   6.2880000e+03   3.7387167e-01   1.7526010e-01
   6.3040000e+03   5.4172146e-01   8.4617495e-02
   6.3200000e+03   4.1980104e-01  -1.7358035e-02
   6.3360000e+03   4.9225421e-01   8.4467121e-02
   6.3520000e+03   4.9136294e-01   5.1935692e-02
   6.3680000e+03   5.0085368e-01   5.3717089e-02
   6.3840000e+03   4.9959742e-01  -1.0116476e-01
   6.4000000e+03   3.5301987e-01   1.2231320e-01
   6.4160000e+03   3.4572410e-01   1.5858075e-01
   6.4320000e+03   5.4828434e-01  -3.8392353e-02
   6.4480000e+03   5.7170162e-01  -4.4773114e-02
   6.4640000e+03   2.3860153e-01   5.1919248e-02
   6.4800000e+03   5.3551328e-01   8.7984360e-02
   6.4960000e+03   4.1705521e-01   1.2624110e-01
   6.5120000e+03   3.6588122e-01  -1.0485751e-01
   6.5280000e+03   5.0795876e-01  -1.2297859e-01
   6.5440000e+03   3.9646545e-01   8.0467563e-02
   6.5600000e+03   3.3954845e-01   6.0857369e-02
   6.5760000e+03   3.5791291e-01   1.9696681e-02
   6.5920000e+03   3.5350532e-01  -2.3545051e-02
   6.6080000e+03   4.0318630e-01  -5.2634491e-02
   6.6240000e+03   5.0460276e-01   1.8939495e-01
   6.6400000e+03   4.7825009e-01  -8.2312861e-02
   6.6560000e+03   3.3830756e-01  -1.9831882e-02
   6.6720000e+03   3.1533478e-01   2.2261310e-02
   6.6880000e+03   4.1676178e-01   1.0501509e-01
   6.7040000e+03   3.9546234e-01  -8.2833109e-02
   6.7200000e+03   3.7543357e-01   4.6110911e-02
   6.7360000e+03   4.8848027e-01   4.1834234e-03
   6.7520000e+03   3.0815170e-01   4.2992542e-02
   6.7680000e+03   4.2232584e-01  -1.4535642e-01
   6.7840000e+03   4.3696198e-01  -2.0428523e-01
   6.8000000e+03   3.2710396e-01   6.4293642e-03
   6.8160000e+03   2.7449840e-01  -1.0584464e-03
   6.8320000e+03   4.7958206e-01   7.0164026e-02
   6.8480000e+03   3.4795098e-01   7.2456391e-02
   6.8640000e+03   6.0690786e-01  -1.7977819e-01
   6.8800000e+03   5.5358679e-01   1.1626485e-01
   6.8960000e+03   3.8931134e-01   5.4822483e-02
   6.9120000e+03   3.4735148e-01  -1.5349914e-01
   6.9280000e+03   5.4691934e-01   3.9312534e-02
   6.9440000e+03   3.1792508e-01  -8.6776048e-02
   6.9600000e+03   5.6958414e-01   1.1535165e-01
   6.9760000e+03   4.8429548e-01  -8.0151087e-02
   6.9920000e+03   4.8305445e-01  -1.3143975e-01
   7.0080000e+03   4.4462771e-01   6.8328654e-02
   7.0240000e+03   5.5274874e-01  -2.2421153e-01
   7.0400000e+03   6.1262186e-01  -2.9113879e-01
   7.0560000e+03   3.8595480e-01  -6.6947629e-02
   7.0720000e+03   3.6641785e-01  -1.2775772e-01
   7.0880000e+03   4.4860395e-01  -5.9454754e-02
   7.1040000e+03   4.2063024e-01  -1.4887462e-01
   7.1200000e+03   5.5557869e-01  -7.5137979e-03
   7.1360000e+03   5.1005588e-01   1.8046405e-02
   7.1520000e+03   4.7781236e-01   4.3372333e-02
   7.1680000e+03   3.3498669e-01  -6.5430457e-02
   7.1840000e+03   4.9735973e-01   1.1386282e-01
   7.2000000e+03   3.4578498e-01  -1.1752672e-01
   7.2160000e+03   5.3412642e-01  -9.1099262e-02
   7.2320000e+03   3.6650593e-01   3.3864574e-02
   7.2480000e+03   6.0090974e-01  -1.5729706e-01
   7.2640000e+03   2.4339552e-01  -4.0688051e-02
   7.2800000e+03   1.3354252e-01   3.3369336e-02
   7.2960000e+03   4.8971862e-01   3.9014833e-04
   7.3120000e+03   2.7386734e-01   1.1319022e-03
   7.3280000e+03   4.1010173e-01   4.9001729e-02
   7.3440000e+03   4.8438774e-01  -9.6315318e-03
   7.3600000e+03   5.5800209e-01  -1.9410786e-01
   7.3760000e+03   3.4935412e-01  -9.1880664e-03
   7.3920000e+03   4.0394357e-01  -5.3574595e-02
   7.4080000e+03   5.5080822e-01   5.9404626e-02
   7.4240000e+03   5.2678574e-01   3.8361310e-02
   7.4400000e+03   3.5234788e-01   9.3595611e-02
   7.4560000e+03   4.6651013e-01  -1.0006844e-01
   7.4720000e+03   5.7996913e-01   2.5981445e-02
   7.4880000e+03   3.2491142e-01   9.5772771e-02
   7.5040000e+03   4.3438361e-01   2.8774333e-02
   7.5200000e+03   3.8912800e-01   1.1260642e-01
   7.5360000e+03   3.2673345e-01  -1.5748114e-01
   7.5520000e+03   7.5743286e-01   1.1217116e-02
   7.5680000e+03   4.1553558e-01  -1.3166241e-03
   7.5840000e+03   5.1303698e-01   7.0868676e-02
   7.6000000e+03   3.7928201e-01  -1.6618996e-01
   7.6160000e+03   4.0622559e-01  -7.0463349e-02
   7.6320000e+03   4.5106247e-01  -6.6656632e-02
   7.6480000e+03   4.6469241e-01  -8.9603654e-02
   7.6640000e+03   4.8194622e-01  -3.5537384e-02
   7.6800000e+03   4.3191512e-01  -3.5244564e-02
   7.6960000e+03   3.6961845e-01   6.0048900e-02
   7.7120000e+03   3.3551635e-01   2.7849980e-02
   7.7280000e+03   2.3709771e-01  -2.6899924e-01
   7.7440000e+03   2.8014819e-01  -2.5583413e-02
   7.7600000e+03   5.3392270e-01  -2.3162710e-01
   7.7760000e+03   5.1065095e-01  -7.1794293e-02
   7.7920000e+03   5.6002920e-01  -7.4063527e-03
   7.8080000e+03   4.6891902e-01   1.6732295e-01
   7.8240000e+03   2.1527375e-01  -3.6288927e-03
   7.8400000e+03   4.3995440e-01   1.4150219e-01
   7.8560000e+03   5.4933243e-01   5.6508696e-02
   7.8720000e+03   5.1911566e-01  -1.4698560e-01
   7.8880000e+03   2.6555034e-01  -1.6717468e-01
   7.9040000e+03   5.5253458e-01  -1.1120777e-01
   7.9200000e+03   5.4847746e-01   1.0223154e-01
   7.9360000e+03   3.3880280e-01   4.1298334e-02
   7.9520000e+03   5.9191116e-01   1.4040170e-02
   7.9680000e+03   5.5044718e-01   9.6217336e-02
   7.9840000e+03   4.4742584e-01  -6.6066933e-02
   8.0000000e+03   5.3682130e-01   1.1528563e-03
   8.0160000e+03   6.5003306e-01   1.7221469e-01
   8.0320000e+03   4.3298679e-01  -1.4890433e-01
   8.0480000e+03   3.6617716e-01  -4.8359026e-02
   8.0640000e+03   4.5164935e-01  -9.1381210e-04
   8.0800000e+03   3.9716610e-01  -1.2250322e-01
   8.0960000e+03   4.0518358e-01  -6.4572936e-02
   8.1120000e+03   3.9767223e-01   6.6213103e-02
   8.1280000e+03   3.1724173e-01   7.8396317e-02
   8.1440000e+03   5.3559555e-01   4.1764727e-02
   8.1600000e+03   4.7932014e-01  -3.1126031e-02
   8.1760000e+03   2.3363479e-01   1.7931315e-01
   8.1920000e+03   3.4651462e-01  -5.0142436e-02
   8.2080000e+03   4.5274513e-01  -1.0340291e-01
   8.2240000e+03   5.7271586e-01   6.9796948e-02
   8.2400000e+03   3.7165383e-01  -7.4252064e-02
   8.2560000e+03   6.1900797e-01  -1.3275014e-01
   8.2720000e+03   4.6962281e-01  -1.8754087e-01
   8.2880000e+03   3.0900847e-01   2.7193966e-02
   8.3040000e+03   5.1055261e-01  -2.2470548e-01
   8.3200000e+03   3.3452113e-01   1.9678346e-01
   8.3360000e+03   4.9626679e-01   1.2118545e-01
   8.3520000e+03   3.3605300e-01  -9.4949031e-02
   8.3680000e+03   4.9562267e-01   5.1573343e-02
   8.3840000e+03   3.8851673e-01  -7.8666912e-02
   8.4000000e+03   3.9043395e-01   2.3349708e-02
   8.4160000e+03   2.5039513e-01  -1.1410302e-01
   8.4320000e+03   3.9985006e-01   5.5518877e-02
   8.4480000e+03   4.3044904e-01   2.3534670e-02
   8.4640000e+03   4.6370190e-01  -1.5567580e-01
   8.4800000e+03   3.8625761e-01  -6.1625971e-02
   8.4960000e+03   3.0083852e-01  -2.3036906e-02
   8.5120000e+03   5.0263641e-01  -7.5252235e-02
   8.5280000e+03   3.8053935e-01  -3.7945652e-03
   8.5440000e+03   4.7292330e-01  -3.9143727e-02
   8.5600000e+03   4.7079837e-01  -9.1044040e-02
   8.5760000e+03   5.0132569e-01  -1.4293332e-01
   8.5920000e+03   4.7994186e-01  -9.8365476e-02
   8.6080000e+03   2.1670295e-01   4.2000215e-02
   8.6240000e+03   3.5771162e-01  -4.7745660e-03
   8.6400000e+03   1.5225678e-01   8.0759834e-02
   8.6560000e+03   3.6141737e-01  -1.7285989e-02
   8.6720000e+03   3.3917889e-01   1.9491344e-01
   8.6880000e+03   4.1436371e-01  -7.8543973e-02
   8.7040000e+03   4.2670008e-01   1.1133051e-01
   8.7200000e+03   4.8755470e-01  -2.0164061e-02
   8.7360000e+03   5.9996002e-01   2.0586410e-02
   8.7520000e+03   5.2815106e-01  -9.7748142e-02
   8.7680000e+03   2.7059649e-01  -1.6274267e-02
   8.7840000e+03   5.8150629e-01  -7.1887766e-02
   8.8000000e+03   5.1008528e-01  -6.0439802e-02
   8.8160000e+03   3.7679125e-01   5.6784646e-02
   8.8320000e+03   5.3001990e-01  -1.6733792e-01
   8.8480000e+03   4.0280500e-01   1.1285033e-03
   8.8640000e+03   2.6730038e-01   6.6087292e-02
   8.8800000e+03   2.9578620e-01  -3.1267297e-02
   8.8960000e+03   5.5074450e-01  -9.2705814e-02
   8.9120000e+03   3.8417510e-01  -9.5731556e-02
   8.9280000e+03   4.7904815e-01  -1.1245295e-02
   8.9440000e+03   2.9184864e-01  -3.5691685e-02
   8.9600000e+03   3.7990959e-01   5.6576825e-02
   8.9760000e+03   3.5956426e-01   6.8317417e-02
   8.9920000e+03   3.6733880e-01  -1.7708926e-01
   9.0080000e+03   3.8497118e-01   5.6870697e-02
   9.0240000e+03   4.7885052e-01   4.9415415e-03
   9.0400000e+03   3.7858993e-01   7.1912920e-02
   9.0560000e+03   3.1076019e-01   3.3112821e-02
   9.0720000e+03   4.7592613e-01   8.8467087e-02
   9.0880000e+03   4.7800485e-01   9.8198249e-02
   9.1040000e+03   2.4694630e-01  -3.7484557e-03
   9.1200000e+03   5.0517039e-01  -1.7150194e-01
   9.1360000e+03   2.3312327e-01   2.6993655e-02
   9.1520000e+03   4.0366433e-01  -2.6991217e-01
   9.1680000e+03   3.3832010e-01   1.4985300e-01
   9.1840000e+03   5.8647029e-01  -9.3916166e-02
   9.2000000e+03   4.5120947e-01   3.1946211e-01
   9.2160000e+03   4.9149202e-01  -8.4527951e-02
   9.2320000e+03   4.3429699e-01   5.3140242e-02
   9.2480000e+03   3.0105167e-01   1.2021073e-01
   9.2640000e+03   3.0099028e-01  -3.8190241e-02
   9.2800000e+03   3.0920099e-01   5.2257182e-02
   9.2960000e+03   5.7921528e-01   6.0908624e-02
   9.3120000e+03   5.0471917e-01  -1.5219432e-02
   9.3280000e+03   5.7323355e-01  -1.7075186e-02
   9.3440000e+03   3.4283975e-01  -4.3671797e-02
   9.3600000e+03   3.8485514e-01  -9.2181553e-02
   9.3760000e+03   5.2740537e-01   7.0765925e-02
   9.3920000e+03   4.7384298e-01   5.7010001e-02
   9.4080000e+03   4.4964361e-01   1.5323933e-01
   9.4240000e+03   2.6142886e-01  -2.7660957e-02
   9.4400000e+03   3.7850631e-01   1.2958196e-01
   9.4560000e+03   3.5330304e-01  -2.4844265e-02
   9.4720000e+03   2.9387429e-01  -9.2217314e-02
   9.4880000e+03   6.2288256e-01  -5.5592143e-03
   9.5040000e+03   3.8187655e-01   3.6239922e-03
   9.5200000e+03   2.0919854e-01  -4.5078744e-02
   9.5360000e+03   4.3466623e-01   7.2961105e-02
   9.5520000e+03   4.1153338e-01   1.5605073e-01
   9.5680000e+03   5.5411147e-01   1.4311467e-01
   9.5840000e+03   3.3135653e-01  -8.2321313e-02
   9.6000000e+03   4.0124900e-01   7.0534142e-02
   9.6160000e+03   4.1200245e-01  -1.9106397e-01
   9.6320000e+03   4.3225170e-01   4.6833250e-03
   9.6480000e+03   4.7417071e-01  -4.5519190e-02
   9.6640000e+03   5.3317500e-01   1.4639995e-02
   9.6800000e+03   3.9774156e-01  -4.6631893e-02
   9.6960000e+03   5.4362663e-01   1.2322588e-01
   9.7120000e+03   3.9571120e-01  -7.9063805e-02
   9.7280000e+03   2.6005982e-01   1.2756154e-01
   9.7440000e+03   5.0634141e-01   1.3783294e-02
   9.7600000e+03   4.8641150e-01  -4.3376829e-02
   9.7760000e+03   4.6947095e-01  -1.9742533e-01
   9.7920000e+03   4.8720481e-01  -1.0489713e-02
   9.8080000e+03   5.3167772e-01  -8.9553593e-02
   9.8240000e+03   1.6361368e-01   1.0580218e-01
   9.8400000e+03   4.4506360e-01  -1.6799895e-03
   9.8560000e+03   5.8229549e-01   1.6565250e-01
   9.8720000e+03   5.6514396e-01   5.5537283e-03
   9.8880000e+03   4.3915515e-01  -4.2243224e-03
   9.9040000e+03   3.8993434e-01  -9.2638689e-02
   9.9200000e+03   3.7340046e-01   2.1952843e-02
   9.9360000e+03   5.1637495e-01  -8.4475511e-02
   9.9520000e+03   3.7379330e-01  -5.7556676e-02
   9.9680000e+03   4.6499845e-01  -1.0909310e-03
   9.9840000e+03   4.4487122e-01  -8.7154300e-02
   1.0000000e+04   4.8246907e-01   9.4134341e-03
   1.0016000e+04   3.9517473e-01  -5.7639336e-02
   1.0032000e+04   5.3641564e-01  -6.6738083e-02
   1.0048000e+04   3.3645400e-01  -1.8976170e-01
   1.0064000e+04   3.7892135e-01   1.7387920e-01
   1.0080000e+04   4.4800489e-01  -1.6651249e-01
   1.0096000e+04   4.1340869e-01  -1.1022583e-03
   1.0112000e+04   2.7386742e-01  -3.1814694e-02
   1.0128000e+04   3.8423047e-01   2.8099621e-02
   1.0144000e+04   5.2744219e-01   1.4339191e-01
   1.0160000e+04   4.5565532e-01  -6.6059586e-03
   1.0176000e+04   5.4005213e-01   2.0755899e-01
   1.0192000e+04   4.7659316e-01   1.3917454e-01
   1.0208000e+04   2.3873840e-01   1.5138410e-01
   1.0224000e+04   4.9482911e-01  -1.5238427e-01
   1.0240000e+04   6.0380381e-01   1.8906978e-01
   1.0256000e+04   4.3339076e-01   6.1460403e-02
   1.0272000e+04   4.6713177e-01  -8.3658036e-02
   1.0288000e+04   3.5138233e-01   2.0299512e-01
   1.0304000e+04   5.6283159e-01   1.8238702e-02
   1.0320000e+04   4.4641703e-01  -7.2377748e-02
   1.0336000e+04   2.9539643e-01  -1.9834024e-02
   1.0352000e+04   4.7949346e-01   3.8265810e-02
   1.0368000e+04   5.6670851e-01  -1.3912710e-01
   1.0384000e+04   1.3490887e-01  -7.3347520e-02
   1.0400000e+04   2.2741924e-01   1.2393120e-01
   1.0416000e+04   6.2051437e-01  -1.1402409e-01
   1.0432000e+04   5.3719812e-01  -1.3627238e-01
   1.0448000e+04   5.6381787e-01   5.4375426e-02
   1.0464000e+04   3.0429990e-01  -1.2793571e-01
   1.0480000e+04   4.0221027e-01   1.5891481e-01
   1.0496000e+04   4.0897154e-01  -2.3922418e-01
   1.0512000e+04   4.2659161e-01   5.9692064e-02
   1.0528000e+04   3.1326624e-01   1.3879273e-01
   1.0544000e+04   3.5036289e-01  -1.0500825e-01
   1.0560000e+04   6.1068280e-01  -1.2049549e-01
   1.0576000e+04   3.2541108e-01  -1.9468002e-02
   1.0592000e+04   6.0840655e-01   6.6195343e-03
   1.0608000e+04   3.1673132e-01  -2.1208229e-02
   1.0624000e+04   5.4594012e-01   7.8381768e-02
   1.0640000e+04   3.3667575e-01   8.7983956e-02
   1.0656000e+04   2.9308432e-01  -3.3699229e-02
   1.0672000e+04   4.8442209e-01  -1.0806981e-01
   1.0688000e+04   3.4380714e-01   1.1587939e-01
   1.0704000e+04   5.5607652e-01  -1.4959898e-02
   1.0720000e+04   4.0846534e-01   3.9648965e-02
   1.0736000e+04   4.0197538e-01   1.9372037e-01
   1.0752000e+04   3.7552490e-01  -7.0793265e-02
   1.0768000e+04   4.0806450e-01  -7.7211380e-02
   1.0784000e+04   5.1209603e-01   4.4601179e-02
   1.0800000e+04   5.7271728e-01  -1.1733376e-01
   1.0816000e+04   5.6388640e-01   1.1102415e-02
   1.0832000e+04   3.4391746e-01   1.0137409e-01
   1.0848000e+04   5.0968556e-01   9.4397780e-02
   1.0864000e+04   2.5900023e-01  -1.3574758e-01
   1.0880000e+04   4.2926369e-01  -1.0351928e-02
   1.0896000e+04   5.3595422e-01   6.3720043e-02
   1.0912000e+04   4.9771536e-01   7.6020018e-02
   1.0928000e+04   5.0443241e-01  -7.3224578e-02
   1.0944000e+04   4.6297593e-01  -5.0867775e-03
   1.0960000e+04   3.9529544e-01  -1.5278966e-01
   1.0976000e+04   2.8683293e-01   1.1899522e-01
   1.0992000e+04   5.1257946e-01   3.4040083e-02
   1.1008000e+04   4.4543171e-01   5.0272902e-02
   1.1024000e+04   4.0577306e-01  -1.3849480e-02
   1.1040000e+04   4.4111882e-01  -2.1804500e-02
   1.1056000e+04   3.6701737e-01   1.0378772e-02
   1.1072000e+04   2.9571762e-01  -1.3959168e-01
   1.1088000e+04   3.8766497e-01   1.0705186e-01
   1.1104000e+04   3.7750018e-01   1.1332972e-01
   1.1120000e+04   2.6139834e-01  -1.1206508e-02
   1.1136000e+04   4.1735780e-01  -1.5174454e-01
   1.1152000e+04   3.5795661e-01   3.2686145e-02
   1.1168000e+04   5.1007026e-01  -1.1257597e-01
   1.1184000e+04   4.3545674e-01   3.7775473e-02
   1.1200000e+04   4.9145923e-01   1.1793615e-01
   1.1216000e+04   3.9226643e-01  -1.2417421e-01
   1.1232000e+04   2.8619053e-01  -8.6877254e-02
   1.1248000e+04   3.2514713e-01  -2.2530488e-02
   1.1264000e+04   3.2043473e-01  -1.9806760e-03
   1.1280000e+04   5.3179205e-01   1.1776093e-01
   1.1296000e+04   5.7482811e-01   8.3455031e-02
   1.1312000e+04   2.2770931e-01   1.4834261e-01
   1.1328000e+04   3.9557243e-01   1.6432375e-01
   1.1344000e+04   4.1144667e-01  -1.4732621e-01
   1.1360000e+04   3.3103004e-01   9.0987130e-02
   1.1376000e+04   3.3211063e-01   1.6920097e-02
   1.1392000e+04   2.1427941e-01   1.3122253e-01
   1.1408000e+04   3.5072138e-01  -3.0599027e-02
   1.1424000e+04   2.8253993e-01  -1.3607363e-01
   1.1440000e+04   2.8887169e-01   1.4750766e-01
   1.1456000e+04   6.1286270e-01  -1.7428478e-01
   1.1472000e+04   4.3880049e-01   1.8479231e-01
   1.1488000e+04   3.3203599e-01   1.4236489e-02
   1.1504000e+04   4.5398283e-01  -1.3566398e-01
   1.1520000e+04   4.8271708e-01   9.1170373e-02
   1.1536000e+04   4.6611507e-01  -2.2087254e-02
   1.1552000e+04   3.8971069e-01  -5.9150853e-02
   1.1568000e+04   3.1909250e-01   6.4373576e-02
   1.1584000e+04   2.3528747e-01  -2.2781733e-02
   1.1600000e+04   5.9636891e-01   1.7486419e-01
   1.1616000e+04   3.8086047e-01   6.5151277e-02
   1.1632000e+04   3.9435538e-01   2.2614057e-02
   1.1648000e+04   2.7430423e-01  -7.2169325e-02
   1.1664000e+04   3.2212888e-01  -3.3641390e-02
   1.1680000e+04   3.5425627e-01  -1.4319930e-01
   1.1696000e+04   4.6845604e-01   6.0464030e-03
   1.1712000e+04   5.4921507e-01   5.4703284e-03
   1.1728000e+04   4.0368863e-01   3.4828586e-02
   1.1744000e+04   6.6885411e-01  -1.2947221e-01
   1.1760000e+04   3.3111636e-01   2.2850267e-01
   1.1776000e+04   1.8521601e-01  -1.0530670e-02
   1.1792000e+04   3.9730646e-01  -8.9179598e-03
   1.1808000e+04   3.1996594e-01  -1.3127594e-01
   1.1824000e+04   3.7662172e-01   4.6667131e-02
   1.1840000e+04   4.2275440e-01  -3.2254681e-01
   1.1856000e+04   3.6172784e-01   5.4871875e-02
   1.1872000e+04   4.3277004e-01   1.6127618e-01
   1.1888000e+04   2.0998643e-01  -2.4893096e-03
   1.1904000e+04   3.9552557e-01  -6.0112810e-02
   1.1920000e+04   4.5968292e-01  -2.3042861e-01
   1.1936000e+04   3.4460669e-01   4.1056045e-02
   1.1952000e+04   3.1597214e-01   4.9071918e-02
   1.1968000e+04   5.3448947e-01  -4.3180876e-02
   1.1984000e+04   4.5130198e-01  -1.0316952e-01
   1.2000000e+04   4.6018773e-01   1.9410516e-02
   1.2016000e+04   3.8814408e-01  -1.5582338e-01
   1.2032000e+04   5.1919683e-01  -1.8212831e-01
   1.2048000e+04   3.1054617e-01   1.0680697e-01
   1.2064000e+04   3.6005630e-01   1.7447763e-02
   1.2080000e+04   3.1829447e-01  -3.7040570e-02
   1.2096000e+04   3.5201736e-01   1.3643304e-01
   1.2112000e+04   4.2673104e-01  -9.2276986e-02
   1.2128000e+04   3.6606321e-01  -4.4078510e-03
   1.2144000e+04   3.1816123e-01   3.1972577e-01
   1.2160000e+04   4.8930521e-01   6.4308974e-02
   1.2176000e+04   4.7531203e-01  -6.1177610e-02
   1.2192000e+04   2.8757053e-01   1.3427369e-01
   1.2208000e+04   3.5154996e-01  -5.1104000e-02
   1.2224000e+04   4.6921500e-01   7.0940433e-02
   1.2240000e+04   3.5057341e-01  -4.8516663e-02
   1.2256000e+04   3.3129936e-01  -1.2351041e-01
