   0.0000000e+00   8.2755979e-01   1.2810352e-02
   8.0000000e+00   8.3310440e-01  -3.5980593e-02
   1.6000000e+01   8.4510700e-01  -1.5716161e-03
   2.4000000e+01   8.6301708e-01   1.4236052e-02
   3.2000000e+01   8.7238986e-01   3.7180797e-03
   4.0000000e+01   8.8659688e-01   4.1272001e-03
   4.8000000e+01   9.1405972e-01  -6.7272867e-02
   5.6000000e+01   9.1507743e-01   1.7638474e-02
   6.4000000e+01   8.8672100e-01   1.0430306e-02
   7.2000000e+01   9.6117337e-01  -3.3579419e-02
   8.0000000e+01   9.6724682e-01  -8.2070197e-02
   8.8000000e+01   9.8613345e-01   2.4404166e-02
   9.6000000e+01   9.3495901e-01  -1.4128187e-02
   1.0400000e+02   9.5663429e-01  -1.2132318e-02
   1.1200000e+02   9.7522606e-01  -4.7605139e-02
   1.2000000e+02   9.6777561e-01  -1.2778527e-04
   1.2800000e+02   9.4957657e-01   1.9319708e-02
   1.3600000e+02   9.8630359e-01  -2.7389139e-02
   1.4400000e+02   9.7812519e-01   2.7158169e-02
   1.5200000e+02   1.0121229e+00   1.3805451e-02
   1.6000000e+02   9.9134195e-01   3.6092367e-02
   1.6800000e+02   9.4904350e-01   1.2427994e-02
   1.7600000e+02   9.6921345e-01  -3.4567316e-03
   1.8400000e+02   8.9610008e-01  -8.4334730e-03
   1.9200000e+02   9.1734347e-01  -7.8535568e-03
   2.0000000e+02   8.7778531e-01  -5.6925098e-02
   2.0800000e+02   9.0058744e-01  -1.1578773e-02
   2.1600000e+02   8.7353652e-01   4.2717020e-02
   2.2400000e+02   8.9298909e-01   2.7602354e-02
   2.3200000e+02   8.7740938e-01   1.4574324e-03
   2.4000000e+02   8.3194997e-01   2.9308516e-02
   2.4800000e+02   9.1930672e-01  -2.7746034e-02
   2.5600000e+02   8.7660630e-01   1.6803705e-02
   2.6400000e+02   8.5864485e-01   1.2685497e-02
   2.7200000e+02   7.9681423e-01   4.7056520e-02
   2.8000000e+02   8.2257774e-01   1.6514091e-02
   2.8800000e+02   8.1111301e-01  -4.5903635e-03
   2.9600000e+02   7.6824181e-01  -1.6498656e-02
   3.0400000e+02   8.5257578e-01   1.4399249e-02
   3.1200000e+02   8.1681261e-01  -7.9738224e-03
   3.2000000e+02   8.1258832e-01  -1.2401015e-02
   3.2800000e+02   7.9160266e-01   3.2969827e-02
   3.3600000e+02   8.0979112e-01  -2.1792792e-03
   3.4400000e+02   8.2411202e-01  -4.7844995e-02
   3.5200000e+02   8.5950450e-01   6.5100680e-02
   3.6000000e+02   8.0568947e-01   3.5920941e-02
   3.6800000e+02   7.5959925e-01  -2.7093247e-02
   3.7600000e+02   7.5837852e-01   3.4176325e-02
   3.8400000e+02   7.7993325e-01  -4.5940284e-02
   3.9200000e+02   8.0746445e-01  -4.6174559e-02
   4.0000000e+02   7.6797873e-01  -3.9805901e-02
   4.0800000e+02   7.6986311e-01   2.6599430e-02
   4.1600000e+02   7.4227859e-01  -9.4240828e-03
   4.2400000e+02   7.5304478e-01  -3.0651609e-02
   4.3200000e+02   7.6301619e-01  -2.3355507e-02
   4.4000000e+02   7.3081322e-01  -3.9546569e-02
   4.4800000e+02   7.3309230e-01   1.7772405e-02
   4.5600000e+02   7.6130349e-01   3.0236255e-02
   4.6400000e+02   7.2976635e-01   9.3335328e-03
   4.7200000e+02   7.8038326e-01   2.1696324e-02
   4.8000000e+02   7.6224710e-01   3.7585929e-02
   4.8800000e+02   7.1197031e-01   4.1607758e-02
   4.9600000e+02   7.5417928e-01  -1.2024937e-02
   5.0400000e+02   7.5685299e-01   3.8859811e-02
   5.1200000e+02   7.0808699e-01   1.4963596e-02
   5.2000000e+02   7.8876610e-01   2.2632973e-02
   5.2800000e+02   7.3738353e-01   4.1742897e-03
   5.3600000e+02   6.5405941e-01   1.0661606e-02
   5.4400000e+02   7.0780261e-01   8.4090987e-03
   5.5200000e+02   7.5536234e-01   2.0614114e-02
   5.6000000e+02   7.1586502e-01   2.9894212e-02
   5.6800000e+02   7.6294330e-01  -1.9486137e-02
   5.7600000e+02   6.9961766e-01   6.1670752e-04
   5.8400000e+02   6.9323635e-01   2.4798501e-03
   5.9200000e+02   7.1591710e-01   1.4367236e-02
   6.0000000e+02   7.1530994e-01  -1.3588509e-02
   6.0800000e+02   7.0510624e-01  -3.2664993e-02
   6.1600000e+02   7.2628865e-01  -1.0526438e-02
   6.2400000e+02   7.4232306e-01  -4.2784203e-03
   6.3200000e+02   7.5388809e-01  -1.3712794e-02
   6.4000000e+02   7.4077857e-01  -4.5531625e-03
   6.4800000e+02   7.3665591e-01   3.5031617e-02
   6.5600000e+02   6.7965363e-01  -4.1691215e-03
   6.6400000e+02   7.1252246e-01   5.4036474e-03
   6.7200000e+02   7.2956725e-01   5.0735691e-03
   6.8000000e+02   7.2052211e-01  -9.9764774e-03
   6.8800000e+02   6.3174390e-01   8.5368717e-04
   6.9600000e+02   6.8311423e-01   4.3537643e-02
   7.0400000e+02   6.9459417e-01   3.6264749e-02
   7.1200000e+02   7.0546848e-01   1.7243258e-02
   7.2000000e+02   7.4181672e-01  -1.5140550e-03
   7.2800000e+02   7.3573881e-01  -9.0356348e-03
   7.3600000e+02   6.6075775e-01   4.7489588e-03
   7.4400000e+02   7.4047067e-01  -1.8971407e-02
   7.5200000e+02   6.9973517e-01   1.9727464e-02
   7.6000000e+02   7.1860525e-01  -4.3425122e-03
   7.6800000e+02   7.0823545e-01   6.5261351e-02
   7.7600000e+02   6.9299232e-01  -5.5021033e-03
   7.8400000e+02   6.7743523e-01   1.7676538e-02
   7.9200000e+02   6.8407418e-01  -2.5781770e-02
   8.0000000e+02   7.2463315e-01   4.6279316e-04
   8.0800000e+02   7.0812220e-01   7.3908652e-03
   8.1600000e+02   7.0236503e-01  -1.6597827e-02
   8.2400000e+02   6.9103652e-01   3.0216951e-02
   8.3200000e+02   7.0903823e-01   3.0790583e-02
   8.4000000e+02   7.2900387e-01  -2.6966592e-02
   8.4800000e+02   7.0040395e-01   2.9801323e-02
   8.5600000e+02   6.7280227e-01  -1.3513577e-02
   8.6400000e+02   7.1349111e-01  -2.7618330e-02
   8.7200000e+02   6.8804759e-01   2.8574781e-03
   8.8000000e+02   7.2800352e-01  -5.0381744e-02
   8.8800000e+02   6.6487073e-01  -1.3153197e-02
   8.9600000e+02   7.5735919e-01   2.6794351e-02
   9.0400000e+02   7.0400612e-01   1.5411270e-02
   9.1200000e+02   7.2419503e-01   4.4702812e-02
   9.2000000e+02   7.0264745e-01   5.1068416e-02
   9.2800000e+02   6.9539643e-01   1.8965370e-02
   9.3600000e+02   7.0838547e-01   3.7413546e-03
   9.4400000e+02   7.2110990e-01  -4.1697542e-02
   9.5200000e+02   6.9385626e-01   9.4184669e-04
   9.6000000e+02   7.2734382e-01  -1.5987516e-02
   9.6800000e+02   6.8587496e-01  -3.9538844e-02
   9.7600000e+02   6.6702753e-01   6.1993928e-02
   9.8400000e+02   6.7286813e-01  -3.8321677e-03
   9.9200000e+02   6.4997354e-01   5.4402435e-02
   1.0000000e+03   7.5380812e-01  -1.7960801e-02
   1.0080000e+03   6.8307502e-01  -3.7063102e-03
   1.0160000e+03   6.8116276e-01  -3.5795362e-02
   1.0240000e+03   6.9099951e-01   2.8219617e-02
   1.0320000e+03   6.4008507e-01   2.1273533e-02
   1.0400000e+03   6.6914849e-01  -2.8445154e-02
   1.0480000e+03   7.4360164e-01   2.3673868e-02
   1.0560000e+03   7.0159324e-01   3.4963725e-03
   1.0640000e+03   7.6055026e-01  -1.5143442e-02
   1.0720000e+03   6.8355553e-01   4.8210821e-02
   1.0800000e+03   7.1477898e-01   1.9823981e-03
   1.0880000e+03   6.4279657e-01  -2.3300386e-02
   1.0960000e+03   6.5613968e-01  -1.4682258e-02
   1.1040000e+03   7.0558930e-01   2.1998979e-02
   1.1120000e+03   7.0412933e-01  -9.7326510e-03
   1.1200000e+03   7.0669973e-01  -4.7537683e-03
   1.1280000e+03   6.7913042e-01  -2.0031511e-02
   1.1360000e+03   6.5201211e-01  -1.0000265e-02
   1.1440000e+03   6.6484054e-01  -2.1093210e-03
   1.1520000e+03   6.7562822e-01   9.5265602e-03
   1.1600000e+03   7.1242986e-01   2.9240120e-02
   1.1680000e+03   7.4519581e-01  -1.9220320e-02
   1.1760000e+03   6.6527622e-01  -2.2678668e-02
   1.1840000e+03   6.7643816e-01  -1.5514019e-02
   1.1920000e+03   6.6320541e-01   1.1858560e-02
   1.2000000e+03   7.0628857e-01  -3.9452744e-02
   1.2080000e+03   6.2544102e-01   1.8028141e-02
   1.2160000e+03   6.9097455e-01   8.4452845e-02
   1.2240000e+03   6.6966280e-01   2.4034298e-02
   1.2320000e+03   7.0798614e-01   8.8696112e-03
   1.2400000e+03   6.6192728e-01  -1.6908921e-02
   1.2480000e+03   6.6206679e-01   1.3965181e-02
   1.2560000e+03   6.8672784e-01  -2.6587514e-02
   1.2640000e+03   6.7785198e-01   2.3688872e-02
   1.2720000e+03   6.5921172e-01  -1.1613304e-02
   1.2800000e+03   7.0373926e-01   3.6099196e-02
   1.2880000e+03   6.9059756e-01  -2.2563770e-02
   1.2960000e+03   7.2356807e-01   3.4095931e-03
   1.3040000e+03   6.9302661e-01   3.7055405e-02
   1.3120000e+03   6.9625592e-01   1.5098378e-02
   1.3200000e+03   6.8147027e-01   4.6896111e-02
   1.3280000e+03   6.9904206e-01  -8.2247239e-03
   1.3360000e+03   7.0260658e-01   1.7371892e-03
   1.3440000e+03   6.4497430e-01   2.3138052e-02
   1.3520000e+03   6.6995316e-01   8.5341367e-03
   1.3600000e+03   7.0378133e-01  -1.0328440e-02
   1.3680000e+03   6.8726644e-01   7.4345036e-03
   1.3760000e+03   7.3030242e-01  -2.3240093e-02
   1.3840000e+03   7.5327010e-01  -1.0532120e-02
   1.3920000e+03   7.0790333e-01   1.4541503e-02
   1.4000000e+03   6.6933822e-01   4.0228698e-03
   1.4080000e+03   6.7988266e-01   4.5363833e-02
   1.4160000e+03   7.0193205e-01  -2.6570273e-02
   1.4240000e+03   7.4821866e-01   1.5140902e-02
   1.4320000e+03   7.5816484e-01  -5.1365336e-03
   1.4400000e+03   7.3923986e-01   2.8217349e-02
   1.4480000e+03   7.0560366e-01  -4.8539669e-02
   1.4560000e+03   6.7105444e-01   4.1028115e-02
   1.4640000e+03   6.8190947e-01  -1.9059528e-02
   1.4720000e+03   7.2366594e-01  -3.6740248e-02
   1.4800000e+03   6.7017496e-01   1.7883569e-02
   1.4880000e+03   7.0061162e-01   1.3303169e-02
   1.4960000e+03   6.9694156e-01  -7.8663269e-04
   1.5040000e+03   7.1334787e-01   1.4672281e-02
   1.5120000e+03   6.9158724e-01  -2.3784541e-02
   1.5200000e+03   6.6720328e-01  -4.0545636e-02
   1.5280000e+03   6.8475994e-01  -2.2515649e-03
   1.5360000e+03   7.0322166e-01   8.2063646e-03
   1.5440000e+03   6.8479216e-01   1.8169388e-02
   1.5520000e+03   6.7005929e-01  -3.3413322e-02
   1.5600000e+03   6.8867316e-01  -1.3012600e-02
   1.5680000e+03   7.0426818e-01   4.4357478e-03
   1.5760000e+03   7.1376490e-01   6.5881872e-02
   1.5840000e+03   7.3454018e-01   5.3136070e-02
   1.5920000e+03   7.2371458e-01   4.6790252e-02
   1.6000000e+03   6.9445980e-01   5.7049127e-02
   1.6080000e+03   7.2537312e-01   3.0717935e-02
   1.6160000e+03   7.0685857e-01   9.1731088e-03
   1.6240000e+03   6.9762207e-01   1.5592793e-02
   1.6320000e+03   7.2816159e-01   1.4228121e-02
   1.6400000e+03   6.6718764e-01  -1.6257766e-02
   1.6480000e+03   6.4769399e-01   3.8308642e-02
   1.6560000e+03   7.6381923e-01   3.0605932e-02
   1.6640000e+03   7.4663806e-01   2.1497256e-02
   1.6720000e+03   7.0557031e-01  -4.1160426e-02
   1.6800000e+03   6.7057972e-01   1.4006699e-03
   1.6880000e+03   6.7938216e-01   3.1556318e-02
   1.6960000e+03   6.9430742e-01   1.8099260e-02
   1.7040000e+03   7.0484641e-01   3.4685557e-03
   1.7120000e+03   7.1342277e-01  -2.1094174e-02
   1.7200000e+03   7.1559423e-01  -5.5810072e-03
   1.7280000e+03   7.0062716e-01  -2.5829525e-02
   1.7360000e+03   7.0651042e-01   2.7017778e-02
   1.7440000e+03   6.9212246e-01   9.0105834e-03
   1.7520000e+03   6.9001347e-01   9.6715690e-03
   1.7600000e+03   7.0836892e-01   2.8164533e-02
   1.7680000e+03   6.9501996e-01  -7.8481554e-02
   1.7760000e+03   6.6621438e-01  -1.1271691e-02
   1.7840000e+03   6.7302615e-01  -5.7120793e-03
   1.7920000e+03   6.6942557e-01  -1.9839558e-02
   1.8000000e+03   6.6430922e-01   3.2974173e-02
   1.8080000e+03   6.7609326e-01   2.2214929e-02
   1.8160000e+03   6.6907198e-01  -1.2893456e-02
   1.8240000e+03   6.6647812e-01   8.9081007e-03
   1.8320000e+03   7.4265242e-01   1.7849311e-02
   1.8400000e+03   7.1784711e-01  -2.0720729e-02
   1.8480000e+03   6.8926792e-01  -2.6399192e-02
   1.8560000e+03   6.5261227e-01  -3.0770207e-02
   1.8640000e+03   7.1598570e-01  -7.8744269e-04
   1.8720000e+03   6.9448083e-01   6.1750178e-02
   1.8800000e+03   7.1403894e-01  -3.9462175e-03
   1.8880000e+03   6.8825092e-01   5.4312035e-03
   1.8960000e+03   6.4536406e-01  -1.2557186e-02
   1.9040000e+03   6.9962443e-01  -5.6127698e-02
   1.9120000e+03   6.6857103e-01   3.3021637e-02
   1.9200000e+03   6.9700283e-01  -3.3445761e-02
   1.9280000e+03   6.6464762e-01   6.1886246e-02
   1.9360000e+03   6.7947353e-01  -3.7504002e-02
   1.9440000e+03   7.3243026e-01  -6.3461248e-04
   1.9520000e+03   6.7734400e-01  -2.2512072e-02
   1.9600000e+03   7.3596994e-01   1.1279905e-02
   1.9680000e+03   6.5389559e-01  -1.5566872e-02
   1.9760000e+03   7.1197635e-01   1.9147028e-03
   1.9840000e+03   7.5268502e-01   4.5470185e-02
   1.9920000e+03   7.1925842e-01  -1.4978352e-02
   2.0000000e+03   6.7341737e-01   9.9499561e-03
   2.0080000e+03   6.6808280e-01   7.0793903e-03
   2.0160000e+03   7.0636815e-01   2.0857381e-02
   2.0240000e+03   6.3812854e-01   2.7424235e-02
   2.0320000e+03   7.1260088e-01   2.0151777e-02
   2.0400000e+03   7.0683300e-01   3.3072447e-03
   2.0480000e+03   6.8393628e-01  -2.5523499e-03
   2.0560000e+03   6.8113830e-01   7.8714375e-02
   2.0640000e+03   6.9319905e-01  -1.7685818e-02
   2.0720000e+03   7.1121857e-01  -3.7101248e-03
   2.0800000e+03   7.1606323e-01  -3.5455567e-03
   2.0880000e+03   7.0618419e-01  -1.3717662e-02
   2.0960000e+03   7.1763885e-01   3.0678881e-02
   2.1040000e+03   6.3402094e-01   3.6944956e-02
   2.1120000e+03   7.3907026e-01  -5.3315072e-02
   2.1200000e+03   6.8407795e-01   1.0200419e-02
   2.1280000e+03   7.2555275e-01   1.4911630e-02
   2.1360000e+03   7.0385807e-01   3.6934153e-02
   2.1440000e+03   7.0746565e-01   1.6833578e-02
   2.1520000e+03   6.7959726e-01   5.9571292e-02
   2.1600000e+03   7.2171505e-01  -5.4167494e-02
   2.1680000e+03   6.5729562e-01   4.6517651e-03
   2.1760000e+03   6.9475278e-01  -6.3625122e-03
   2.1840000e+03   6.7622293e-01   2.1270872e-03
   2.1920000e+03   6.5224587e-01  -6.8114984e-02
   2.2000000e+03   7.0403427e-01   3.4057451e-02
   2.2080000e+03   6.6212960e-01  -8.2582468e-04
   2.2160000e+03   7.1773168e-01   7.8893009e-04
   2.2240000e+03   6.4727355e-01   3.2540846e-02
   2.2320000e+03   6.8024400e-01   1.7853846e-02
   2.2400000e+03   7.1736763e-01   3.0199638e-02
   2.2480000e+03   6.9565250e-01   5.4435194e-03
   2.2560000e+03   6.7864510e-01  -6.4409495e-02
   2.2640000e+03   7.2850065e-01   3.0348048e-02
   2.2720000e+03   7.1819972e-01  -1.3873552e-02
   2.2800000e+03   7.3716435e-01   1.0232022e-02
   2.2880000e+03   7.0155515e-01   1.8715601e-02
   2.2960000e+03   6.6021192e-01  -4.9327859e-02
   2.3040000e+03   6.7863228e-01  -4.3324259e-03
   2.3120000e+03   6.4991140e-01   3.3719429e-02
   2.3200000e+03   6.5254656e-01  -1.6668411e-03
   2.3280000e+03   6.8718736e-01   3.4060590e-02
   2.3360000e+03   6.9936180e-01   2.4034011e-02
   2.3440000e+03   7.0525372e-01  -9.9878763e-03
   2.3520000e+03   7.3454447e-01  -2.6874006e-02
   2.3600000e+03   7.2847978e-01   2.2313380e-02
   2.3680000e+03   6.6287991e-01   2.2801215e-02
   2.3760000e+03   6.8457698e-01  -5.8360303e-03
   2.3840000e+03   6.9734185e-01  -2.5463379e-02
   2.3920000e+03   6.8689759e-01   2.2337733e-02
   2.4000000e+03   7.0035505e-01   7.2076346e-03
   2.4080000e+03   6.4950510e-01  -4.5055513e-03
   2.4160000e+03   6.6456919e-01   3.8873612e-02
   2.4240000e+03   6.8104976e-01   2.7554514e-02
   2.4320000e+03   6.6982769e-01  -3.8118777e-03
   2.4400000e+03   6.5636463e-01  -1.3795104e-02
   2.4480000e+03   6.8845845e-01   4.1375931e-03
   2.4560000e+03   7.2294476e-01   6.3055145e-04
   2.4640000e+03   7.1580184e-01  -1.9684895e-02
   2.4720000e+03   6.5046037e-01   3.0064690e-02
   2.4800000e+03   6.8363521e-01  -2.8704595e-02
   2.4880000e+03   6.8165670e-01   1.4231101e-02
   2.4960000e+03   6.6621641e-01   3.1957852e-02
   2.5040000e+03   6.7862178e-01  -2.2599531e-02
   2.5120000e+03   6.9081657e-01   3.2499201e-02
   2.5200000e+03   7.3707910e-01   8.4202589e-03
   2.5280000e+03   7.1765670e-01  -3.2778764e-02
   2.5360000e+03   6.6320870e-01   1.4554917e-02
   2.5440000e+03   7.2368161e-01   4.8565455e-03
   2.5520000e+03   6.9264493e-01  -1.3749766e-02
   2.5600000e+03   6.2001366e-01  -1.8753191e-02
   2.5680000e+03   6.5864473e-01  -3.4740604e-02
   2.5760000e+03   7.0316612e-01  -1.1199214e-02
   2.5840000e+03   6.6620609e-01   9.8175152e-04
   2.5920000e+03   7.0915702e-01   2.0680638e-02
   2.6000000e+03   6.7186022e-01  -1.0304043e-02
   2.6080000e+03   7.2355772e-01   2.8948241e-02
   2.6160000e+03   6.7255319e-01   1.8084591e-02
   2.6240000e+03   6.8218949e-01   7.4318374e-03
   2.6320000e+03   6.7184390e-01   2.5544585e-02
   2.6400000e+03   6.5422719e-01   5.0118344e-02
   2.6480000e+03   6.8574194e-01   5.0550889e-02
   2.6560000e+03   6.4262501e-01  -1.7435727e-02
   2.6640000e+03   6.2342867e-01   3.6456446e-02
   2.6720000e+03   6.7842919e-01  -2.1090498e-02
   2.6800000e+03   6.5077243e-01   7.8546163e-03
   2.6880000e+03   6.6025571e-01  -1.0967635e-02
   2.6960000e+03   6.5034288e-01  -6.1585888e-03
   2.7040000e+03   6.3718535e-01  -1.1257216e-02
   2.7120000e+03   7.4968479e-01  -1.6763312e-02
   2.7200000e+03   6.7969891e-01   8.4537513e-03
   2.7280000e+03   6.7758018e-01  -1.0497558e-03
   2.7360000e+03   6.4751359e-01   1.1878558e-02
   2.7440000e+03   6.5996850e-01   2.9827596e-02
   2.7520000e+03   7.1662510e-01  -7.0362878e-03
   2.7600000e+03   6.7029737e-01   2.1730247e-02
   2.7680000e+03   6.8423820e-01   3.5751374e-02
   2.7760000e+03   7.0569431e-01  -1.0458898e-02
   2.7840000e+03   6.7888575e-01  -7.9001462e-03
   2.7920000e+03   6.4283151e-01  -1.6252848e-02
   2.8000000e+03   6.8878201e-01  -1.2370548e-02
   2.8080000e+03   7.1267536e-01   7.2385350e-02
   2.8160000e+03   6.8685300e-01  -1.1604524e-03
   2.8240000e+03   7.4397995e-01  -1.6707362e-02
   2.8320000e+03   7.3100913e-01  -1.7558893e-02
   2.8400000e+03   6.4091585e-01  -4.0497635e-02
   2.8480000e+03   6.9210212e-01  -2.8208696e-02
   2.8560000e+03   6.8681527e-01   2.9834469e-02
   2.8640000e+03   6.3758506e-01   4.6001336e-02
   2.8720000e+03   6.8551301e-01  -8.5960396e-03
   2.8800000e+03   6.8342405e-01  -3.0117746e-02
   2.8880000e+03   6.5889335e-01  -6.3588240e-02
   2.8960000e+03   6.7637768e-01  -1.7964659e-02
   2.9040000e+03   6.8825847e-01  -5.9410299e-02
   2.9120000e+03   6.7979514e-01  -1.7871913e-02
   2.9200000e+03   6.5659418e-01   7.5458524e-03
   2.9280000e+03   6.6708061e-01   2.7736291e-04
   2.9360000e+03   6.7217699e-01   9.9823895e-03
   2.9440000e+03   6.2736574e-01   7.0375266e-03
   2.9520000e+03   6.8916115e-01   5.4376866e-02
   2.9600000e+03   6.8474548e-01  -5.3456461e-02
   2.9680000e+03   6.8749888e-01  -4.7953111e-02
   2.9760000e+03   7.1251156e-01   2.2702349e-02
   2.9840000e+03   7.0444282e-01   4.5279582e-02
   2.9920000e+03   6.9175655e-01  -1.0321593e-03
   3.0000000e+03   6.9216434e-01  -1.3626987e-02
   3.0080000e+03   6.8526888e-01   3.2366699e-02
   3.0160000e+03   6.9186305e-01   1.7001326e-02
   3.0240000e+03   6.7343634e-01   3.9012184e-02
   3.0320000e+03   6.4903349e-01  -3.1881658e-02
   3.0400000e+03   7.0456466e-01   4.6732402e-03
   3.0480000e+03   6.9210374e-01  -4.7203551e-02
   3.0560000e+03   7.1300153e-01   3.3197799e-02
   3.0640000e+03   6.8095645e-01  -1.8439014e-02
   3.0720000e+03   6.7989174e-01   3.4264413e-02
   3.0800000e+03   6.3908616e-01   2.0112509e-02
   3.0880000e+03   6.6832000e-01   2.5855080e-02
   3.0960000e+03   6.2801428e-01  -5.4455564e-02
   3.1040000e+03   6.7301465e-01  -4.3230373e-02
   3.1120000e+03   7.2163446e-01   3.5650437e-02
   3.1200000e+03   6.8171037e-01  -2.8955923e-02
   3.1280000e+03   6.5014198e-01  -7.0039236e-03
   3.1360000e+03   6.9017077e-01   3.9149064e-03
   3.1440000e+03   6.9348988e-01  -2.3068734e-02
   3.1520000e+03   6.6197511e-01   9.9217597e-03
   3.1600000e+03   6.7608563e-01  -3.1462395e-02
   3.1680000e+03   6.3273355e-01   4.3000044e-02
   3.1760000e+03   6.7116465e-01   8.4043565e-03
   3.1840000e+03   6.5823667e-01  -4.1709900e-02
   3.1920000e+03   6.5390152e-01  -1.9733082e-02
   3.2000000e+03   6.5806294e-01   2.0596002e-02
   3.2080000e+03   7.0351559e-01  -1.1383351e-02
   3.2160000e+03   6.8924281e-01  -9.1394054e-03
   3.2240000e+03   6.1010062e-01  -4.9120594e-02
   3.2320000e+03   6.9521269e-01  -2.0181514e-02
   3.2400000e+03   6.9039986e-01   1.0962962e-02
   3.2480000e+03   7.2125565e-01   1.9300316e-02
   3.2560000e+03   6.6244855e-01   1.5717943e-02
   3.2640000e+03   6.6690905e-01   2.3649488e-02
   3.2720000e+03   7.5464585e-01   4.2078735e-03
   3.2800000e+03   6.5557374e-01   3.4571652e-02
   3.2880000e+03   6.7926717e-01   4.2519619e-02
   3.2960000e+03   7.1125420e-01  -5.0347084e-02
   3.3040000e+03   7.1033897e-01   1.8564748e-02
   3.3120000e+03   6.3849054e-01   3.0247702e-03
   3.3200000e+03   6.6823543e-01   2.9391294e-02
   3.3280000e+03   7.4886532e-01   9.0907824e-03
   3.3360000e+03   6.3305657e-01  -1.5050871e-02
   3.3440000e+03   6.5808608e-01  -7.0562792e-02
   3.3520000e+03   6.7645700e-01   1.1872169e-03
   3.3600000e+03   6.3701297e-01   5.1889577e-02
   3.3680000e+03   6.4657404e-01   4.3199526e-04
   3.3760000e+03   6.7930252e-01  -4.8140899e-02
   3.3840000e+03   7.3909626e-01  -8.0466871e-04
   3.3920000e+03   6.6776824e-01  -7.7505977e-04
   3.4000000e+03   6.3759748e-01  -2.0139074e-02
   3.4080000e+03   6.1406540e-01  -1.3690576e-02
   3.4160000e+03   6.7418004e-01  -1.9024357e-03
   3.4240000e+03   7.1086273e-01   2.9862054e-02
   3.4320000e+03   7.3470267e-01  -1.9761798e-02
   3.4400000e+03   6.5687432e-01   1.0942697e-02
   3.4480000e+03   6.3250283e-01   1.0209899e-02
   3.4560000e+03   6.9527426e-01   5.3947201e-02
   3.4640000e+03   6.9517801e-01   3.3231642e-02
   3.4720000e+03   6.9165346e-01   5.8654272e-03
   3.4800000e+03   6.9608649e-01  -5.8267757e-02
   3.4880000e+03   6.6795615e-01  -2.3011083e-03
   3.4960000e+03   6.4336784e-01   1.5779159e-02
   3.5040000e+03   7.2615224e-01  -4.1387550e-02
   3.5120000e+03   6.7866311e-01   4.3415240e-02
   3.5200000e+03   6.9096096e-01  -1.8207071e-02
   3.5280000e+03   6.5531936e-01  -3.7141042e-03
   3.5360000e+03   6.8408358e-01   9.4374004e-04
   3.5440000e+03   6.7511649e-01   9.7691631e-03
   3.5520000e+03   6.7936540e-01   4.0666487e-03
   3.5600000e+03   6.0655668e-01   9.7018561e-03
   3.5680000e+03   7.2087686e-01  -1.6955556e-03
   3.5760000e+03   6.5683702e-01   9.3650999e-03
   3.5840000e+03   7.3650230e-01  -3.1620087e-03
   3.5920000e+03   6.3884322e-01   5.3078550e-02
   3.6000000e+03   6.8703920e-01   1.3923820e-02
   3.6080000e+03   6.8855737e-01  -4.5700997e-02
   3.6160000e+03   6.9141489e-01   3.0252694e-02
   3.6240000e+03   6.7186618e-01   2.0644660e-02
   3.6320000e+03   6.7837934e-01  -2.2388520e-02
   3.6400000e+03   6.7445924e-01  -7.4117355e-03
   3.6480000e+03   6.8193114e-01  -3.7039910e-03
   3.6560000e+03   6.2200351e-01  -1.8392407e-02
   3.6640000e+03   6.1446282e-01  -3.8072750e-02
   3.6720000e+03   6.5329034e-01   1.8610207e-02
   3.6800000e+03   6.3124417e-01  -5.5263164e-02
   3.6880000e+03   6.7162961e-01   1.3292124e-02
   3.6960000e+03   7.2270599e-01   2.0140984e-02
   3.7040000e+03   6.6731367e-01  -1.1132931e-02
   3.7120000e+03   6.7412642e-01  -2.6640372e-02
   3.7200000e+03   6.7168652e-01  -2.2849819e-02
   3.7280000e+03   6.5371284e-01  -5.3347077e-02
   3.7360000e+03   6.8560490e-01   2.2410414e-02
   3.7440000e+03   6.5147669e-01  -5.4831650e-02
   3.7520000e+03   6.6615054e-01   9.7835269e-03
   3.7600000e+03   6.9891045e-01   4.8889083e-03
   3.7680000e+03   6.3593719e-01  -7.0271074e-03
   3.7760000e+03   6.7406613e-01   2.5674929e-02
   3.7840000e+03   6.4585276e-01   9.6270381e-03
   3.7920000e+03   6.9014451e-01   2.5533092e-02
   3.8000000e+03   6.3827092e-01   2.1664461e-02
   3.8080000e+03   7.0071669e-01   4.2000273e-02
   3.8160000e+03   7.0051412e-01  -2.5498487e-02
   3.8240000e+03   6.3580866e-01   6.3780731e-02
   3.8320000e+03   7.0959750e-01   2.2354211e-02
   3.8400000e+03   6.6162708e-01  -4.5488257e-02
   3.8480000e+03   6.7122025e-01   8.6374664e-03
   3.8560000e+03   6.2725225e-01  -1.5529717e-02
   3.8640000e+03   6.7059062e-01  -1.9583589e-03
   3.8720000e+03   6.4897464e-01   7.8759548e-04
   3.8800000e+03   6.3749916e-01   3.4574661e-03
   3.8880000e+03   6.3873281e-01  -2.4764983e-03
   3.8960000e+03   6.5085800e-01  -1.9097305e-02
   3.9040000e+03   6.6279242e-01  -2.6637460e-03
   3.9120000e+03   7.2039896e-01  -2.5224635e-02
   3.9200000e+03   6.6780897e-01   3.4001426e-03
   3.9280000e+03   6.8632220e-01   2.7746555e-02
   3.9360000e+03   7.4187205e-01   2.7286434e-02
   3.9440000e+03   6.0618897e-01   3.8252085e-02
   3.9520000e+03   5.9708728e-01  -2.6240064e-02
   3.9600000e+03   6.4492020e-01   2.6267134e-02
   3.9680000e+03   6.6994381e-01  -4.4803001e-03
   3.9760000e+03   6.5262207e-01  -8.9271817e-03
   3.9840000e+03   6.6178703e-01  -2.7167637e-02
   3.9920000e+03   7.0896527e-01  -7.7348289e-03
   4.0000000e+03   6.3716214e-01   5.6846265e-02
   4.0080000e+03   6.8353127e-01   2.5960566e-02
   4.0160000e+03   6.1101598e-01   1.3869915e-02
   4.0240000e+03   6.8945576e-01   1.5827740e-02
   4.0320000e+03   6.2980209e-01  -5.6936055e-03
   4.0400000e+03   7.2783700e-01  -1.2934973e-02
   4.0480000e+03   6.8249880e-01   9.3623669e-03
   4.0560000e+03   6.3486605e-01  -9.2789395e-03
   4.0640000e+03   7.0930238e-01   1.4585519e-02
   4.0720000e+03   6.5577877e-01   2.1559137e-02
   4.0800000e+03   6.5930125e-01  -1.6021631e-02
   4.0880000e+03   6.5443649e-01   1.6399948e-02
   4.0960000e+03   6.7460329e-01   1.6089606e-03
   4.1040000e+03   6.7564802e-01  -5.3112695e-03
   4.1120000e+03   6.8173526e-01  -5.3516255e-02
   4.1200000e+03   6.5751278e-01  -3.0416286e-02
   4.1280000e+03   6.4889406e-01  -6.9381429e-02
   4.1360000e+03   6.5236467e-01  -2.8745190e-02
   4.1440000e+03   6.4298826e-01   7.8344519e-03
   4.1520000e+03   6.5606061e-01   1.7347115e-02
   4.1600000e+03   6.8365589e-01  -7.8217937e-02
   4.1680000e+03   6.0387369e-01   3.4939785e-03
   4.1760000e+03   6.4581589e-01  -4.7534370e-02
   4.1840000e+03   6.6160469e-01  -3.0112874e-02
   4.1920000e+03   6.8421896e-01  -1.6378506e-02
   4.2000000e+03   6.4603073e-01  -9.7717240e-03
   4.2080000e+03   6.5013208e-01  -1.6497550e-02
   4.2160000e+03   6.5264649e-01  -3.4324928e-02
   4.2240000e+03   7.0597986e-01  -9.2995626e-03
   4.2320000e+03   6.1408384e-01  -2.0734043e-02
   4.2400000e+03   6.5203829e-01   4.1276506e-02
   4.2480000e+03   6.2897201e-01  -1.7293838e-02
   4.2560000e+03   6.8596360e-01  -1.4156642e-02
   4.2640000e+03   6.6707876e-01  -5.2519300e-02
   4.2720000e+03   6.8659740e-01  -3.2967227e-02
   4.2800000e+03   6.1102515e-01  -2.4614485e-02
   4.2880000e+03   6.4990783e-01  -8.8340335e-03
   4.2960000e+03   6.1090542e-01   4.1895778e-02
   4.3040000e+03   6.7033687e-01   5.0696956e-03
   4.3120000e+03   6.1353109e-01  -7.5015022e-03
   4.3200000e+03   6.4972726e-01   6.3283668e-02
   4.3280000e+03   6.7654558e-01   3.8877847e-02
   4.3360000e+03   6.7683792e-01   2.1849631e-02
   4.3440000e+03   6.5139085e-01  -3.8382998e-04
   4.3520000e+03   6.5275590e-01   6.5689671e-02
   4.3600000e+03   6.7685507e-01   2.0272048e-02
   4.3680000e+03   6.6745738e-01   3.4853084e-02
   4.3760000e+03   6.7250041e-01  -4.8647243e-03
   4.3840000e+03   6.4866842e-01  -1.4965036e-03
   4.3920000e+03   6.3690124e-01   3.8012260e-02
   4.4000000e+03   6.0663373e-01   6.2872111e-02
   4.4080000e+03   6.5731193e-01  -3.2422818e-02
   4.4160000e+03   7.2077338e-01   3.3332361e-02
   4.4240000e+03   6.8805052e-01  -7.6420375e-03
   4.4320000e+03   6.7739450e-01  -1.0160342e-02
   4.4400000e+03   6.7545788e-01  -4.7615680e-02
   4.4480000e+03   6.1305361e-01   1.8421386e-02
   4.4560000e+03   6.4188663e-01   2.5725262e-02
   4.4640000e+03   6.8930952e-01   5.8046919e-02
   4.4720000e+03   6.4053797e-01  -1.8762077e-02
   4.4800000e+03   6.3439553e-01  -3.2076445e-02
   4.4880000e+03   6.7417539e-01  -1.2099667e-03
   4.4960000e+03   6.4656550e-01  -2.2909164e-02
   4.5040000e+03   6.5178178e-01   3.1371936e-02
   4.5120000e+03   7.0712787e-01   8.1865102e-03
   4.5200000e+03   6.5586576e-01   4.6959240e-02
   4.5280000e+03   6.5647529e-01   3.6367374e-02
   4.5360000e+03   6.6212457e-01   1.2535655e-02
   4.5440000e+03   6.0185099e-01   5.3157339e-02
   4.5520000e+03   6.8037090e-01   7.8790054e-03
   4.5600000e+03   6.2161620e-01   4.5136817e-04
   4.5680000e+03   6.8344476e-01   1.9927480e-02
   4.5760000e+03   6.3809005e-01  -8.7501385e-03
   4.5840000e+03   6.8902271e-01  -4.5978829e-02
   4.5920000e+03   6.7774496e-01   4.7218729e-02
   4.6000000e+03   6.7759718e-01  -2.4260465e-02
   4.6080000e+03   5.9711650e-01  -2.0451411e-02
   4.6160000e+03   6.7239967e-01   1.9417293e-02
   4.6240000e+03   6.5777311e-01   3.8830125e-02
   4.6320000e+03   7.2217643e-01  -9.1784376e-03
   4.6400000e+03   6.6046750e-01   1.8434295e-02
   4.6480000e+03   6.0578508e-01   3.8441835e-02
   4.6560000e+03   6.6034180e-01  -5.2902390e-02
   4.6640000e+03   6.4811489e-01  -2.0091691e-02
   4.6720000e+03   6.5075197e-01   2.8422133e-02
   4.6800000e+03   6.7840154e-01   4.5214957e-02
   4.6880000e+03   6.5641078e-01  -4.0451402e-02
   4.6960000e+03   6.8035451e-01   4.7818476e-02
   4.7040000e+03   6.7479555e-01  -3.7515824e-02
   4.7120000e+03   6.3244075e-01   2.1217793e-02
   4.7200000e+03   6.5260509e-01  -2.3395003e-02
   4.7280000e+03   6.4666912e-01  -4.1440093e-02
   4.7360000e+03   6.5944326e-01   1.4631637e-02
   4.7440000e+03   6.3994451e-01  -1.4898245e-02
   4.7520000e+03   6.5133475e-01  -5.2622971e-02
   4.7600000e+03   6.5070175e-01   1.7930878e-02
   4.7680000e+03   6.3753496e-01   5.8992732e-02
   4.7760000e+03   6.2868581e-01  -2.9807495e-02
   4.7840000e+03   6.7535429e-01   1.5281460e-02
   4.7920000e+03   6.1414530e-01  -9.8643090e-03
   4.8000000e+03   6.2000256e-01   6.3651624e-03
   4.8080000e+03   6.5106097e-01  -3.3283159e-02
   4.8160000e+03   6.7710036e-01  -9.8395903e-03
   4.8240000e+03   6.7502879e-01  -1.0409288e-02
   4.8320000e+03   7.0189653e-01   4.2222104e-02
   4.8400000e+03   6.9103912e-01   1.0862798e-02
   4.8480000e+03   6.5112749e-01  -3.3034955e-02
   4.8560000e+03   6.8760702e-01  -1.7641926e-02
   4.8640000e+03   6.1791670e-01   3.2173912e-02
   4.8720000e+03   6.7898740e-01   1.2827053e-02
   4.8800000e+03   6.1915309e-01   2.2985029e-02
   4.8880000e+03   6.6449879e-01  -1.0219832e-02
   4.8960000e+03   6.1288514e-01   2.3093957e-02
   4.9040000e+03   6.6724795e-01  -3.1049228e-02
   4.9120000e+03   6.6412344e-01   2.1951044e-02
   4.9200000e+03   6.9264186e-01   9.0209294e-03
   4.9280000e+03   6.4465433e-01  -1.5435546e-02
   4.9360000e+03   6.6584839e-01   2.9674965e-02
   4.9440000e+03   6.3565091e-01   4.1524393e-02
   4.9520000e+03   6.7224016e-01  -2.5641589e-02
   4.9600000e+03   6.5529754e-01  -5.4149459e-03
   4.9680000e+03   6.8949460e-01  -4.7718286e-03
   4.9760000e+03   7.0006908e-01  -5.4716254e-02
   4.9840000e+03   6.7838646e-01  -6.7124275e-03
   4.9920000e+03   6.8974144e-01  -4.2323118e-02
   5.0000000e+03   6.9419725e-01  -1.7543720e-02
   5.0080000e+03   6.4182888e-01  -1.3617785e-02
   5.0160000e+03   5.9211437e-01  -7.8585302e-03
   5.0240000e+03   7.0353018e-01  -8.3726189e-03
   5.0320000e+03   6.2834390e-01  -3.1420683e-02
   5.0400000e+03   6.4372207e-01  -3.4920904e-02
   5.0480000e+03   6.4956152e-01   3.7211376e-03
   5.0560000e+03   6.9246656e-01   5.2219003e-02
   5.0640000e+03   6.5469548e-01  -1.7577712e-03
   5.0720000e+03   6.6637571e-01  -7.6103545e-02
   5.0800000e+03   5.8878873e-01  -2.9847988e-02
   5.0880000e+03   6.6550758e-01  -3.8480185e-02
   5.0960000e+03   6.6281258e-01   1.9426316e-02
   5.1040000e+03   6.2866117e-01  -1.1686052e-02
   5.1120000e+03   6.3668867e-01  -2.5733579e-04
   5.1200000e+03   7.0748081e-01   4.5267136e-02
   5.1280000e+03   6.3724380e-01   1.5688130e-02
   5.1360000e+03   6.5462955e-01  -8.5194873e-02
   5.1440000e+03   6.3431352e-01  -1.5975630e-02
   5.1520000e+03   6.2558690e-01  -1.2894370e-02
   5.1600000e+03   7.0956982e-01   1.6592554e-02
   5.1680000e+03   6.7113959e-01  -3.2554317e-03
   5.1760000e+03   6.7882886e-01   5.7754661e-03
   5.1840000e+03   6.5065374e-01   2.6709628e-02
   5.1920000e+03   6.0373503e-01  -9.3383875e-03
   5.2000000e+03   6.9321333e-01   3.3213237e-02
   5.2080000e+03   6.9260789e-01  -2.9176303e-02
   5.2160000e+03   6.6787847e-01   1.5203456e-02
   5.2240000e+03   6.1960624e-01  -4.1998171e-03
   5.2320000e+03   6.3133668e-01   8.6410431e-03
   5.2400000e+03   6.5659842e-01   5.7493608e-02
   5.2480000e+03   6.2916249e-01  -2.4441784e-02
   5.2560000e+03   6.1634332e-01   1.8916018e-02
   5.2640000e+03   6.6125907e-01  -2.0494139e-03
   5.2720000e+03   6.5990620e-01   8.2444482e-02
   5.2800000e+03   6.1027201e-01   9.3152568e-03
   5.2880000e+03   6.3083981e-01   9.9025572e-04
   5.2960000e+03   6.4006886e-01   3.3474314e-02
   5.3040000e+03   6.5642265e-01   2.1563935e-02
   5.3120000e+03   6.4767149e-01  -2.5469383e-02
   5.3200000e+03   6.6365083e-01  -5.7959786e-02
   5.3280000e+03   6.5018598e-01   6.0859369e-03
   5.3360000e+03   6.5981548e-01  -1.7085005e-02
   5.3440000e+03   6.0911436e-01  -5.3549287e-02
   5.3520000e+03   6.0113670e-01  -1.2890020e-03
   5.3600000e+03   6.2559219e-01  -5.5015658e-02
   5.3680000e+03   6.6442802e-01  -5.0180005e-02
   5.3760000e+03   6.8835184e-01  -2.8225127e-02
   5.3840000e+03   6.3244931e-01   6.5450263e-03
   5.3920000e+03   5.9749346e-01  -7.8844621e-02
   5.4000000e+03   6.4803821e-01   5.0491461e-03
   5.4080000e+03   6.3552341e-01   4.0491304e-02
   5.4160000e+03   6.0808864e-01  -3.9969037e-02
   5.4240000e+03   6.4965072e-01   1.4241897e-02
   5.4320000e+03   6.2562512e-01  -8.9613424e-03
   5.4400000e+03   6.8275348e-01   3.9394907e-02
   5.4480000e+03   6.4311856e-01   1.6791107e-02
   5.4560000e+03   6.4519732e-01   1.9652171e-03
   5.4640000e+03   6.4347961e-01   1.2773514e-02
   5.4720000e+03   6.8704271e-01   9.3102720e-03
   5.4800000e+03   5.9300399e-01   7.4693301e-02
   5.4880000e+03   6.2730453e-01  -1.3291207e-02
   5.4960000e+03   6.0644769e-01  -1.4093814e-02
   5.5040000e+03   5.9136136e-01  -3.2856410e-02
   5.5120000e+03   6.6259333e-01   6.5840793e-03
   5.5200000e+03   6.6363896e-01   1.1840567e-02
   5.5280000e+03   6.4686158e-01   4.2376793e-02
   5.5360000e+03   6.3761479e-01   2.5497828e-02
   5.5440000e+03   6.6143587e-01  -1.7695565e-02
   5.5520000e+03   6.1804309e-01  -5.5737238e-02
   5.5600000e+03   6.3952608e-01  -2.9642215e-02
   5.5680000e+03   6.6333647e-01   3.0123094e-02
   5.5760000e+03   6.5284484e-01   2.0307675e-03
   5.5840000e+03   6.0605457e-01  -3.1447347e-02
   5.5920000e+03   6.7513344e-01  -1.8233603e-02
   5.6000000e+03   6.1921463e-01  -1.0741678e-02
   5.6080000e+03   6.3063721e-01  -3.9934416e-02
   5.6160000e+03   6.5136474e-01  -6.9480461e-03
   5.6240000e+03   6.6880759e-01  -4.0108893e-03
   5.6320000e+03   6.1622428e-01  -2.4138583e-02
   5.6400000e+03   6.4435782e-01   6.5538439e-04
   5.6480000e+03   6.5616317e-01  -1.4391374e-02
   5.6560000e+03   6.1968305e-01  -1.8175237e-02
   5.6640000e+03   7.1150482e-01   1.7423410e-02
   5.6720000e+03   6.1726932e-01   5.0403216e-02
   5.6800000e+03   6.2311631e-01   1.3814752e-02
   5.6880000e+03   5.5593034e-01   1.9185628e-02
   5.6960000e+03   6.8101387e-01   2.5156527e-02
   5.7040000e+03   6.4436201e-01   2.5124165e-02
   5.7120000e+03   6.3776220e-01   2.2503663e-02
   5.7200000e+03   6.3509484e-01  -5.1300443e-03
   5.7280000e+03   6.2531244e-01  -2.0709490e-02
   5.7360000e+03   6.2002971e-01   6.7590547e-03
   5.7440000e+03   6.2792271e-01   9.9715065e-03
   5.7520000e+03   6.4649363e-01  -4.1384909e-02
   5.7600000e+03   5.8339147e-01   4.1987064e-02
   5.7680000e+03   6.1771326e-01  -1.5990594e-02
   5.7760000e+03   6.2458986e-01   2.6557993e-02
   5.7840000e+03   6.3291243e-01  -2.4428643e-02
   5.7920000e+03   6.5992892e-01   4.2590562e-02
   5.8000000e+03   6.3463872e-01   1.0193820e-03
   5.8080000e+03   6.4008928e-01   3.2966891e-02
   5.8160000e+03   6.0328769e-01   1.0880824e-02
   5.8240000e+03   6.4732257e-01  -2.8166561e-02
   5.8320000e+03   6.1446204e-01   2.4280462e-02
   5.8400000e+03   6.2026628e-01   3.1278171e-02
   5.8480000e+03   6.2815008e-01  -2.0986680e-02
   5.8560000e+03   6.7381880e-01   2.9639465e-02
   5.8640000e+03   6.3087175e-01   4.0427532e-02
   5.8720000e+03   6.2091984e-01  -5.2278466e-02
   5.8800000e+03   5.6872192e-01   1.9701569e-02
   5.8880000e+03   5.7618088e-01   1.9591455e-03
   5.8960000e+03   6.1598954e-01  -4.1797977e-02
   5.9040000e+03   7.0726343e-01  -3.0990851e-02
   5.9120000e+03   6.4043523e-01  -4.1391056e-03
