   0.0000000e+00   7.7891183e-01  -1.6647647e-02
   8.0000000e+00   8.3255487e-01   7.9214069e-02
   1.6000000e+01   7.6108186e-01  -1.1535840e-01
   2.4000000e+01   8.0806246e-01   1.0388605e-01
   3.2000000e+01   7.5936985e-01  -7.5442076e-02
   4.0000000e+01   8.7977537e-01  -1.2097379e-01
   4.8000000e+01   7.4275908e-01   2.4082509e-02
   5.6000000e+01   9.5745959e-01  -1.6341211e-01
   6.4000000e+01   1.0584637e+00  -1.2059224e-01
   7.2000000e+01   7.9078343e-01   3.3827782e-02
   8.0000000e+01   8.8043662e-01   3.0084829e-02
   8.8000000e+01   9.1081798e-01   2.4929428e-04
   9.6000000e+01   1.0101072e+00  -3.2226801e-02
   1.0400000e+02   9.1165431e-01   1.3576511e-01
   1.1200000e+02   8.3506951e-01  -2.9666154e-02
   1.2000000e+02   9.2162678e-01  -4.6794584e-02
   1.2800000e+02   1.0188613e+00   3.7263386e-02
   1.3600000e+02   1.0695609e+00   1.5638713e-01
   1.4400000e+02   8.1430059e-01   2.0344889e-01
   1.5200000e+02   9.9517048e-01  -3.8824286e-02
   1.6000000e+02   8.3643860e-01  -3.4357250e-02
   1.6800000e+02   9.3517673e-01  -1.6667095e-02
   1.7600000e+02   8.1786664e-01   1.2144021e-01
   1.8400000e+02   9.2821617e-01  -4.0064059e-02
   1.9200000e+02   9.1228912e-01  -2.8259583e-02
   2.0000000e+02   7.6400987e-01   1.2484322e-01
   2.0800000e+02   8.1330172e-01  -1.5105429e-01
   2.1600000e+02   9.0414072e-01   2.1018082e-02
   2.2400000e+02   8.3873250e-01  -7.6199846e-02
   2.3200000e+02   7.7594916e-01  -2.8827063e-02
   2.4000000e+02   8.9650184e-01   8.4815540e-02
   2.4800000e+02   8.2907941e-01   1.0746706e-01
   2.5600000e+02   7.8804511e-01  -1.2557128e-01
   2.6400000e+02   7.1743265e-01   7.8610280e-02
   2.7200000e+02   8.6084782e-01   8.2091171e-03
   2.8000000e+02   7.7418388e-01  -6.4515336e-03
   2.8800000e+02   8.1939281e-01  -4.7662410e-02
   2.9600000e+02   7.2115467e-01   1.4073278e-01
   3.0400000e+02   8.1005056e-01  -1.7536072e-02
   3.1200000e+02   7.4464510e-01  -1.3095461e-01
   3.2000000e+02   8.5702447e-01  -6.9487113e-02
   3.2800000e+02   9.4923444e-01   5.8246124e-02
   3.3600000e+02   6.3119382e-01   4.5762938e-02
   3.4400000e+02   6.8287020e-01   1.5776079e-01
   3.5200000e+02   5.7560522e-01   1.5613677e-01
   3.6000000e+02   6.2403788e-01   1.7464271e-02
   3.6800000e+02   6.9337534e-01  -6.7296535e-02
   3.7600000e+02   8.2734608e-01   4.2552073e-02
   3.8400000e+02   7.1524616e-01  -1.2271773e-02
   3.9200000e+02   6.6268233e-01  -5.3872127e-02
   4.0000000e+02   5.6163716e-01  -4.6271027e-02
   4.0800000e+02   6.8992264e-01  -8.0106586e-03
   4.1600000e+02   5.5251522e-01  -2.8204359e-02
   4.2400000e+02   5.7943412e-01  -4.6452413e-02
   4.3200000e+02   7.2643110e-01  -5.9144205e-02
   4.4000000e+02   5.8604104e-01   5.7696286e-02
   4.4800000e+02   6.7956474e-01  -6.3412391e-03
   4.5600000e+02   6.7075123e-01  -3.8715912e-02
   4.6400000e+02   5.6429203e-01   1.4093663e-02
   4.7200000e+02   7.3475596e-01   4.8863991e-02
   4.8000000e+02   7.1230791e-01   2.9930710e-02
   4.8800000e+02   6.3702017e-01  -2.7508641e-02
   4.9600000e+02   7.1221384e-01  -2.6220830e-02
   5.0400000e+02   6.9182879e-01   2.3583408e-02
   5.1200000e+02   6.5230890e-01   8.9733733e-02
   5.2000000e+02   6.6032758e-01   6.1172237e-02
   5.2800000e+02   7.5002093e-01   1.1936033e-01
   5.3600000e+02   6.7730499e-01  -1.1280836e-01
   5.4400000e+02   6.6602949e-01   6.6255473e-02
   5.5200000e+02   7.6198155e-01   9.7071160e-03
   5.6000000e+02   7.6160284e-01  -2.9091715e-02
   5.6800000e+02   7.2237176e-01  -1.2641929e-02
   5.7600000e+02   6.8600814e-01  -5.3601918e-02
   5.8400000e+02   6.7451305e-01  -2.0244608e-02
   5.9200000e+02   6.3390600e-01  -5.9261150e-02
   6.0000000e+02   7.6370863e-01  -8.2137678e-02
   6.0800000e+02   6.5944575e-01  -1.2539601e-02
   6.1600000e+02   6.1538797e-01  -4.1554921e-03
   6.2400000e+02   7.0799246e-01  -1.0785939e-01
   6.3200000e+02   6.7545865e-01   9.1370073e-02
   6.4000000e+02   6.2617663e-01  -6.6303284e-03
   6.4800000e+02   7.4030287e-01  -1.3412373e-02
   6.5600000e+02   5.8663011e-01  -3.8754763e-02
   6.6400000e+02   7.1777817e-01  -6.9092751e-02
   6.7200000e+02   6.4632890e-01  -1.2985416e-01
   6.8000000e+02   6.7783508e-01   3.1153400e-02
   6.8800000e+02   6.8109900e-01   1.4625125e-01
   6.9600000e+02   5.6749723e-01   8.7511816e-03
   7.0400000e+02   6.6205942e-01   3.1403874e-02
   7.1200000e+02   7.6721045e-01  -2.6726308e-02
   7.2000000e+02   7.3545433e-01   2.4894484e-02
   7.2800000e+02   6.3241979e-01   2.0606357e-02
   7.3600000e+02   6.6572743e-01  -3.4674236e-02
   7.4400000e+02   6.9204088e-01   6.1664619e-02
   7.5200000e+02   7.6703705e-01  -1.0837601e-02
   7.6000000e+02   6.0522912e-01   4.6653350e-02
   7.6800000e+02   5.8613091e-01   3.0815613e-02
   7.7600000e+02   6.5349212e-01  -5.7454691e-02
   7.8400000e+02   6.5294306e-01  -1.9227065e-02
   7.9200000e+02   5.8673835e-01   2.7411491e-01
   8.0000000e+02   7.8083862e-01  -7.1656086e-02
   8.0800000e+02   7.2075234e-01   6.8838503e-02
   8.1600000e+02   6.6288622e-01   1.0853825e-01
   8.2400000e+02   6.7457071e-01  -7.3083940e-02
   8.3200000e+02   5.1665187e-01  -6.6994637e-02
   8.4000000e+02   6.7015714e-01  -6.9258168e-02
   8.4800000e+02   7.8428639e-01   5.6245462e-02
   8.5600000e+02   5.8419012e-01   2.5137191e-02
   8.6400000e+02   5.2884880e-01   1.0832920e-02
   8.7200000e+02   6.9420151e-01   1.2406823e-02
   8.8000000e+02   6.6427439e-01  -7.2558304e-02
   8.8800000e+02   6.7244590e-01   1.4154947e-01
   8.9600000e+02   5.8244420e-01  -5.3418949e-02
   9.0400000e+02   6.0557477e-01   1.8265801e-02
   9.1200000e+02   7.9846602e-01  -2.3091388e-02
   9.2000000e+02   6.1656737e-01   3.9466909e-02
   9.2800000e+02   6.1157058e-01   5.7602053e-02
   9.3600000e+02   7.0113286e-01   3.8648110e-02
   9.4400000e+02   4.7084395e-01   1.1028425e-02
   9.5200000e+02   7.1761008e-01   8.3615297e-02
   9.6000000e+02   5.6224556e-01  -4.2529291e-03
   9.6800000e+02   5.0774917e-01  -6.3484077e-02
   9.7600000e+02   6.5432776e-01  -2.6195682e-02
   9.8400000e+02   5.7917908e-01   1.3510750e-02
   9.9200000e+02   7.0470402e-01   1.1084853e-01
   1.0000000e+03   7.6430370e-01   7.1571343e-02
   1.0080000e+03   5.9854107e-01   6.6064908e-02
   1.0160000e+03   4.7642314e-01  -7.1029687e-02
   1.0240000e+03   5.5220156e-01   5.3768695e-02
   1.0320000e+03   6.4674869e-01   5.6340400e-04
   1.0400000e+03   7.6876861e-01  -1.0676504e-02
   1.0480000e+03   5.4530935e-01  -5.8203072e-03
   1.0560000e+03   5.5653690e-01  -8.6237074e-02
   1.0640000e+03   6.8197512e-01  -4.9969715e-02
   1.0720000e+03   5.9756192e-01  -1.3036843e-01
   1.0800000e+03   5.4319225e-01  -8.9337909e-02
   1.0880000e+03   6.9061271e-01  -1.6961588e-01
   1.0960000e+03   6.0629209e-01  -2.2350114e-02
   1.1040000e+03   6.8850935e-01  -8.8951583e-02
   1.1120000e+03   6.7631219e-01  -7.3114064e-04
   1.1200000e+03   7.1893745e-01  -6.0682530e-02
   1.1280000e+03   6.1538138e-01  -3.0428143e-02
   1.1360000e+03   6.2574746e-01  -1.0410009e-01
   1.1440000e+03   6.0551145e-01   2.4706447e-03
   1.1520000e+03   6.6973893e-01   1.6924583e-01
   1.1600000e+03   7.2932907e-01  -2.0097948e-01
   1.1680000e+03   8.0946390e-01  -1.4836246e-01
   1.1760000e+03   6.7530929e-01  -8.3755469e-02
   1.1840000e+03   6.6947570e-01   2.1741127e-02
   1.1920000e+03   5.2295859e-01   2.4166114e-02
   1.2000000e+03   6.0119759e-01   1.4878475e-02
   1.2080000e+03   7.8558171e-01  -3.3567638e-02
   1.2160000e+03   6.2071832e-01   1.8197942e-02
   1.2240000e+03   5.3986859e-01  -1.4324365e-01
   1.2320000e+03   6.9243100e-01  -8.4041716e-02
   1.2400000e+03   5.4934094e-01  -8.8859392e-02
   1.2480000e+03   7.7299506e-01   6.9360496e-02
   1.2560000e+03   7.1049340e-01  -2.9424417e-02
   1.2640000e+03   5.4067205e-01  -6.1444722e-02
   1.2720000e+03   5.5332621e-01  -3.1094080e-02
   1.2800000e+03   4.7035505e-01  -1.3831955e-02
   1.2880000e+03   8.1749950e-01   2.7045042e-02
   1.2960000e+03   5.3038747e-01   2.8047643e-02
   1.3040000e+03   7.5685695e-01  -8.1183198e-02
   1.3120000e+03   6.8709646e-01  -2.1307598e-02
   1.3200000e+03   6.4074343e-01   8.5920162e-02
   1.3280000e+03   6.4911513e-01  -4.1667556e-02
   1.3360000e+03   6.6004907e-01   5.4956892e-02
   1.3440000e+03   6.7285292e-01  -3.0551166e-02
   1.3520000e+03   5.8434002e-01  -7.1260585e-02
   1.3600000e+03   6.7829172e-01  -3.2450698e-02
   1.3680000e+03   6.4592266e-01  -2.3361490e-02
   1.3760000e+03   5.5443496e-01   4.9502932e-02
   1.3840000e+03   6.8480830e-01   6.2373546e-02
   1.3920000e+03   6.5090796e-01   1.8729585e-02
   1.4000000e+03   5.5935010e-01   4.2730031e-02
   1.4080000e+03   5.2222288e-01  -7.1290654e-02
   1.4160000e+03   7.0158174e-01   4.9049302e-02
   1.4240000e+03   4.9278781e-01   3.7748133e-02
   1.4320000e+03   4.9228691e-01   9.5398771e-02
   1.4400000e+03   6.4090053e-01  -6.5040424e-02
   1.4480000e+03   5.9570435e-01   3.7346865e-02
   1.4560000e+03   5.5983792e-01  -2.1785704e-02
   1.4640000e+03   5.2989364e-01   5.4072548e-02
   1.4720000e+03   5.2525907e-01   5.8634537e-02
   1.4800000e+03   6.5461640e-01  -1.1854431e-01
   1.4880000e+03   6.5086564e-01  -1.4913635e-01
   1.4960000e+03   6.1373464e-01  -4.1955555e-02
   1.5040000e+03   6.0300108e-01   1.1779013e-01
   1.5120000e+03   5.5059457e-01  -8.2551866e-02
   1.5200000e+03   6.2082883e-01   7.0675000e-02
   1.5280000e+03   5.9202229e-01   2.3872557e-03
   1.5360000e+03   6.0499972e-01   1.7536504e-01
   1.5440000e+03   6.4903159e-01   9.9469802e-02
   1.5520000e+03   6.8860050e-01   2.1705318e-02
   1.5600000e+03   6.9729372e-01   9.8989707e-02
   1.5680000e+03   5.7670678e-01   1.2985423e-01
   1.5760000e+03   5.7365724e-01   3.0672904e-02
   1.5840000e+03   6.9857159e-01   7.9033124e-02
   1.5920000e+03   6.6475800e-01  -6.3327970e-02
   1.6000000e+03   6.3448177e-01  -3.0784190e-02
   1.6080000e+03   6.5680263e-01   3.7399287e-02
   1.6160000e+03   6.2369620e-01  -5.6508215e-02
   1.6240000e+03   6.2579879e-01   1.4144153e-01
   1.6320000e+03   6.9093527e-01   1.3964847e-01
   1.6400000e+03   5.3013403e-01   8.3233204e-02
   1.6480000e+03   6.0204206e-01  -4.5576402e-02
   1.6560000e+03   5.7413692e-01   6.4237405e-02
   1.6640000e+03   5.7338667e-01   2.7019753e-02
   1.6720000e+03   7.1997536e-01  -1.3685421e-04
   1.6800000e+03   6.3554795e-01   3.9419028e-02
   1.6880000e+03   8.3273191e-01  -1.2652514e-02
   1.6960000e+03   5.7744036e-01   1.5906728e-01
   1.7040000e+03   6.2362586e-01   3.5968125e-02
   1.7120000e+03   7.5371362e-01   7.4573777e-02
   1.7200000e+03   6.9633971e-01  -1.6398269e-01
   1.7280000e+03   6.0272967e-01   7.8467164e-02
   1.7360000e+03   5.7766538e-01  -4.4509422e-03
   1.7440000e+03   5.5842259e-01   1.4286407e-02
   1.7520000e+03   6.1558081e-01  -1.2084165e-01
   1.7600000e+03   7.0728387e-01  -6.9550280e-05
   1.7680000e+03   6.7649860e-01   5.1765100e-02
   1.7760000e+03   6.0508887e-01  -1.0807886e-01
   1.7840000e+03   6.4764923e-01  -8.5574510e-02
   1.7920000e+03   5.2966477e-01  -7.8879965e-02
   1.8000000e+03   5.2591053e-01   4.6791962e-03
   1.8080000e+03   5.2484632e-01   7.1572465e-02
   1.8160000e+03   4.8004291e-01  -2.8220005e-02
   1.8240000e+03   5.3575565e-01  -1.2761896e-01
   1.8320000e+03   5.6727004e-01   7.9853976e-02
   1.8400000e+03   7.1877265e-01   7.4700769e-02
   1.8480000e+03   5.3338253e-01   3.5429378e-02
   1.8560000e+03   6.2383263e-01  -8.3278382e-02
   1.8640000e+03   4.6481929e-01  -1.0239534e-01
   1.8720000e+03   4.8877481e-01   1.1773695e-01
   1.8800000e+03   7.1787854e-01   3.0477394e-02
   1.8880000e+03   5.2834992e-01   3.1492170e-02
   1.8960000e+03   4.9449051e-01   1.0776773e-01
   1.9040000e+03   6.6300604e-01   4.8621242e-03
   1.9120000e+03   6.5318645e-01  -1.6546210e-02
   1.9200000e+03   5.2900565e-01  -5.0583084e-02
   1.9280000e+03   6.9053987e-01  -1.0120702e-01
   1.9360000e+03   4.0068426e-01   6.6003085e-02
   1.9440000e+03   5.9846178e-01   4.5377293e-03
   1.9520000e+03   7.0303338e-01   2.0347898e-02
   1.9600000e+03   4.9536023e-01   1.2235152e-02
   1.9680000e+03   7.4354988e-01   3.7203092e-02
   1.9760000e+03   4.5175770e-01   6.8245780e-02
   1.9840000e+03   4.6741832e-01   9.6168843e-02
   1.9920000e+03   5.3312677e-01   7.0797459e-02
   2.0000000e+03   5.5362366e-01  -2.4573339e-02
   2.0080000e+03   5.4477389e-01  -4.9878395e-03
   2.0160000e+03   4.3130170e-01  -1.0861109e-02
   2.0240000e+03   6.9701969e-01  -3.1014480e-02
   2.0320000e+03   5.4457747e-01   5.7851211e-02
   2.0400000e+03   6.6741134e-01  -7.6345144e-02
   2.0480000e+03   5.6872024e-01  -3.8536827e-02
   2.0560000e+03   5.8683449e-01  -4.4903155e-02
   2.0640000e+03   6.1611346e-01  -3.6356893e-02
   2.0720000e+03   6.4246741e-01  -1.9662596e-02
   2.0800000e+03   6.6215012e-01  -5.2920679e-02
   2.0880000e+03   6.2650794e-01  -6.3998260e-02
   2.0960000e+03   6.1366891e-01   7.1018899e-02
   2.1040000e+03   5.3484640e-01  -2.0138722e-02
   2.1120000e+03   5.9822475e-01   5.0199844e-02
   2.1200000e+03   5.8623765e-01   1.3698658e-01
   2.1280000e+03   6.5442393e-01  -2.1015784e-02
   2.1360000e+03   5.1445952e-01  -8.9680473e-02
   2.1440000e+03   6.7267783e-01  -9.1175897e-02
   2.1520000e+03   7.4842613e-01   2.9714516e-02
   2.1600000e+03   6.4289037e-01   1.6101585e-02
   2.1680000e+03   6.5068688e-01   4.0141897e-02
   2.1760000e+03   6.2259530e-01  -8.2593210e-02
   2.1840000e+03   6.5784701e-01   1.7821661e-01
   2.1920000e+03   5.7059976e-01  -3.9437017e-02
   2.2000000e+03   6.7302046e-01  -5.3850310e-02
   2.2080000e+03   6.3121723e-01   3.7416920e-03
   2.2160000e+03   5.7678911e-01   4.1627118e-02
   2.2240000e+03   7.0769012e-01   2.6621181e-02
   2.2320000e+03   5.6756747e-01   4.9786783e-02
   2.2400000e+03   7.7591453e-01  -1.2549523e-02
   2.2480000e+03   6.0095385e-01   1.1323639e-01
   2.2560000e+03   5.4930670e-01   4.9493473e-02
   2.2640000e+03   6.3659439e-01  -1.5801615e-02
   2.2720000e+03   6.1912805e-01  -1.9989403e-02
   2.2800000e+03   5.6066057e-01  -3.1759008e-02
   2.2880000e+03   5.7378251e-01  -3.6988780e-02
   2.2960000e+03   5.6331843e-01   1.0637519e-01
   2.3040000e+03   6.0372202e-01  -6.1120484e-02
   2.3120000e+03   5.4149665e-01   1.2724925e-02
   2.3200000e+03   5.6645308e-01   1.8411480e-02
   2.3280000e+03   5.5785888e-01   3.2798743e-02
   2.3360000e+03   5.1024990e-01   1.8159213e-01
   2.3440000e+03   6.3123211e-01  -4.2542703e-02
   2.3520000e+03   5.1681869e-01   1.1087892e-01
   2.3600000e+03   6.3261708e-01   2.3532872e-02
   2.3680000e+03   5.3844202e-01   4.8268862e-02
   2.3760000e+03   6.9382520e-01  -4.0090420e-02
   2.3840000e+03   7.3106169e-01  -4.1996330e-02
   2.3920000e+03   4.4928331e-01   1.0558226e-01
   2.4000000e+03   5.9592278e-01  -5.8105665e-02
   2.4080000e+03   5.1055622e-01  -6.8108581e-02
   2.4160000e+03   5.4281958e-01   1.0059770e-01
   2.4240000e+03   5.5858716e-01  -2.0128701e-01
   2.4320000e+03   5.5955433e-01   1.2060822e-02
   2.4400000e+03   5.7963646e-01   4.7831449e-02
   2.4480000e+03   5.0019565e-01  -9.9892231e-02
   2.4560000e+03   6.0845927e-01  -1.2190440e-02
   2.4640000e+03   6.0483310e-01   8.7823594e-02
   2.4720000e+03   5.2186562e-01  -6.0450207e-02
   2.4800000e+03   7.0877017e-01  -6.9592192e-02
   2.4880000e+03   5.6572240e-01  -1.3017952e-01
   2.4960000e+03   6.2412929e-01   1.4955426e-01
   2.5040000e+03   4.5951050e-01   2.4537763e-02
   2.5120000e+03   6.5848612e-01  -3.6085000e-02
   2.5200000e+03   6.0568939e-01   1.1068784e-01
   2.5280000e+03   5.3416230e-01   3.2579702e-02
   2.5360000e+03   5.4615974e-01  -1.5761948e-02
   2.5440000e+03   6.6813949e-01   8.6267747e-02
   2.5520000e+03   4.9177682e-01  -5.9008183e-02
   2.5600000e+03   5.8719950e-01  -6.4068032e-03
   2.5680000e+03   5.0466118e-01  -6.4023839e-02
   2.5760000e+03   5.9181315e-01  -1.5075051e-01
   2.5840000e+03   6.0362885e-01   1.0897785e-02
   2.5920000e+03   7.2862394e-01   1.5205024e-02
   2.6000000e+03   5.3261955e-01   4.7774915e-02
   2.6080000e+03   4.7517941e-01  -7.5576246e-02
   2.6160000e+03   4.6548261e-01  -3.1402600e-02
   2.6240000e+03   5.8602967e-01   7.7161876e-02
   2.6320000e+03   5.6880809e-01   5.0926531e-02
   2.6400000e+03   4.3369046e-01   2.3619233e-02
   2.6480000e+03   6.1007454e-01  -1.2878149e-02
   2.6560000e+03   5.7888634e-01  -1.1675319e-01
   2.6640000e+03   6.0507226e-01  -2.5016195e-02
   2.6720000e+03   4.1923151e-01  -2.0399259e-02
   2.6800000e+03   5.3672104e-01  -2.7962127e-02
   2.6880000e+03   5.2520253e-01  -5.2734208e-02
   2.6960000e+03   6.2541192e-01   1.1931798e-01
   2.7040000e+03   4.9518607e-01  -7.5288040e-02
   2.7120000e+03   7.5080851e-01  -6.6680250e-03
   2.7200000e+03   5.3873587e-01   3.6921969e-02
   2.7280000e+03   6.6170994e-01  -4.9084923e-02
   2.7360000e+03   5.2444276e-01  -8.1854138e-02
   2.7440000e+03   5.7676611e-01  -1.9682788e-01
   2.7520000e+03   4.4790197e-01   1.6877432e-02
   2.7600000e+03   5.5115696e-01  -1.1207790e-01
   2.7680000e+03   5.0387419e-01  -7.8243119e-02
   2.7760000e+03   4.8301533e-01  -1.2532024e-02
   2.7840000e+03   5.9416720e-01   6.4049144e-02
   2.7920000e+03   5.6781232e-01  -2.6727333e-02
   2.8000000e+03   7.1681252e-01  -6.1624376e-02
   2.8080000e+03   6.1235361e-01  -9.4838549e-02
   2.8160000e+03   6.0279204e-01   3.9985514e-02
   2.8240000e+03   4.8211417e-01   1.4308204e-02
   2.8320000e+03   6.2044951e-01  -3.6315891e-03
   2.8400000e+03   5.7371837e-01  -9.3836834e-02
   2.8480000e+03   5.5542600e-01  -5.8548965e-02
   2.8560000e+03   5.4669335e-01   5.7285916e-02
   2.8640000e+03   5.1845514e-01   6.0585164e-02
   2.8720000e+03   5.8774812e-01  -9.0851973e-02
   2.8800000e+03   5.8744316e-01   1.4610754e-02
   2.8880000e+03   7.0510558e-01  -5.7966213e-02
   2.8960000e+03   5.6219724e-01  -2.0915029e-02
   2.9040000e+03   5.2351283e-01   9.6288710e-02
   2.9120000e+03   6.1773546e-01   6.1545907e-02
   2.9200000e+03   5.9994273e-01   3.2104706e-02
   2.9280000e+03   5.9491429e-01   3.1903353e-02
   2.9360000e+03   6.3294325e-01   7.2558666e-02
   2.9440000e+03   6.3574955e-01  -2.8151882e-02
   2.9520000e+03   5.4384290e-01  -3.6809475e-02
   2.9600000e+03   5.2200621e-01  -4.3376029e-02
   2.9680000e+03   7.1978835e-01   1.3836136e-02
   2.9760000e+03   5.7062771e-01   7.5134525e-02
   2.9840000e+03   6.1036360e-01  -1.1512199e-01
   2.9920000e+03   6.2635171e-01   1.0324155e-02
   3.0000000e+03   5.6983160e-01   2.8316316e-02
   3.0080000e+03   6.3076041e-01   1.2049935e-02
   3.0160000e+03   5.4564823e-01  -5.0449748e-02
   3.0240000e+03   5.7600372e-01   6.8682419e-03
   3.0320000e+03   4.7272235e-01  -9.6778302e-02
   3.0400000e+03   7.0144823e-01  -1.6087046e-02
   3.0480000e+03   5.2845166e-01  -1.9303905e-03
   3.0560000e+03   6.2063399e-01  -6.1517403e-02
   3.0640000e+03   6.2432915e-01  -6.9906367e-02
   3.0720000e+03   4.3226689e-01   3.5980762e-02
   3.0800000e+03   7.0978958e-01   3.8039173e-02
   3.0880000e+03   5.3520147e-01   1.0049615e-01
   3.0960000e+03   5.6503644e-01   5.1899684e-02
   3.1040000e+03   5.6715220e-01   6.7376049e-02
   3.1120000e+03   6.2346803e-01  -5.1924745e-02
   3.1200000e+03   5.7802899e-01   1.3299205e-02
   3.1280000e+03   5.7041865e-01   6.3357798e-03
   3.1360000e+03   5.9724523e-01  -8.5379252e-03
   3.1440000e+03   4.1444008e-01  -9.0266981e-02
   3.1520000e+03   5.6801317e-01   1.0419175e-02
   3.1600000e+03   6.2118548e-01  -1.3394075e-02
   3.1680000e+03   5.4177661e-01   2.0162213e-02
   3.1760000e+03   4.2270197e-01   2.9887918e-02
   3.1840000e+03   7.5642862e-01  -5.2028287e-02
   3.1920000e+03   5.6671313e-01  -1.3512620e-01
   3.2000000e+03   5.5021182e-01  -4.3042857e-02
   3.2080000e+03   6.3277386e-01   2.8774509e-02
   3.2160000e+03   4.5998930e-01  -1.1387383e-01
   3.2240000e+03   5.8350443e-01   5.2266536e-02
   3.2320000e+03   5.5219219e-01   8.5642260e-02
   3.2400000e+03   5.5932005e-01   4.6240630e-02
   3.2480000e+03   6.1945322e-01   7.2224167e-02
   3.2560000e+03   6.1056283e-01   1.4564158e-01
   3.2640000e+03   5.5462799e-01  -1.8244283e-02
   3.2720000e+03   6.2423821e-01   5.3753129e-02
   3.2800000e+03   5.6883680e-01  -2.5203286e-02
   3.2880000e+03   4.9681882e-01   5.5336219e-03
   3.2960000e+03   6.4115937e-01   4.8174363e-02
   3.3040000e+03   5.8740879e-01   1.1164989e-02
   3.3120000e+03   5.0657184e-01  -5.7106584e-02
   3.3200000e+03   6.3456703e-01  -2.2850163e-02
   3.3280000e+03   4.5293474e-01   9.6915104e-02
   3.3360000e+03   5.2091177e-01  -1.8204647e-02
   3.3440000e+03   5.1539938e-01   1.5695565e-02
   3.3520000e+03   5.3997438e-01  -1.4017822e-01
   3.3600000e+03   6.0793123e-01   5.6342984e-02
   3.3680000e+03   6.3808912e-01   1.0331267e-01
   3.3760000e+03   6.7051297e-01  -1.0209014e-01
   3.3840000e+03   5.5457606e-01  -6.9305210e-02
   3.3920000e+03   5.1842696e-01   5.7741725e-02
   3.4000000e+03   6.4804618e-01  -1.0318583e-02
   3.4080000e+03   4.7279759e-01   3.3446839e-02
   3.4160000e+03   4.7943198e-01  -3.0188482e-02
   3.4240000e+03   5.3718071e-01   5.3457846e-02
   3.4320000e+03   5.5392869e-01  -7.7473073e-02
   3.4400000e+03   6.3257927e-01  -2.3356537e-02
   3.4480000e+03   5.0409932e-01   6.4878756e-02
   3.4560000e+03   5.5150563e-01   3.9237857e-02
   3.4640000e+03   6.1234669e-01   8.5121656e-02
   3.4720000e+03   5.1932205e-01  -1.6029510e-02
   3.4800000e+03   5.7397014e-01  -1.2015493e-01
   3.4880000e+03   5.6943975e-01  -2.4238122e-02
   3.4960000e+03   6.4784542e-01  -1.6001465e-02
   3.5040000e+03   5.4427467e-01   7.7425004e-02
   3.5120000e+03   6.5603891e-01   3.5128753e-02
   3.5200000e+03   6.8531320e-01  -1.0566881e-02
   3.5280000e+03   5.1798135e-01   9.3525915e-02
   3.5360000e+03   5.6399103e-01   1.5867913e-02
   3.5440000e+03   5.7024480e-01  -2.3919428e-02
   3.5520000e+03   5.6944699e-01  -3.1490610e-02
   3.5600000e+03   5.7559910e-01   8.3009510e-02
   3.5680000e+03   4.4398564e-01   9.1568034e-03
   3.5760000e+03   4.4237279e-01  -2.1813802e-02
   3.5840000e+03   4.8163639e-01   1.5903109e-01
   3.5920000e+03   5.0341674e-01  -4.8530260e-02
   3.6000000e+03   5.2733662e-01   8.4713712e-02
   3.6080000e+03   4.9833640e-01  -1.3268490e-01
   3.6160000e+03   6.1537177e-01  -1.5069579e-02
   3.6240000e+03   5.2731331e-01   6.7893831e-02
   3.6320000e+03   5.8527841e-01  -6.6343898e-02
   3.6400000e+03   6.6638467e-01   6.1015651e-03
   3.6480000e+03   4.5559374e-01   2.1617634e-02
   3.6560000e+03   6.8397898e-01   4.9390285e-02
   3.6640000e+03   7.3561564e-01  -3.6544133e-02
   3.6720000e+03   6.4285716e-01   1.6816712e-01
   3.6800000e+03   6.1088948e-01  -8.2120072e-03
   3.6880000e+03   4.6515217e-01  -1.5573047e-02
   3.6960000e+03   6.2330042e-01   8.5449193e-02
   3.7040000e+03   6.3345370e-01   2.2666609e-02
   3.7120000e+03   6.2189148e-01   2.7735926e-02
   3.7200000e+03   4.6103319e-01   5.9449493e-02
   3.7280000e+03   6.1670461e-01   8.3178971e-03
   3.7360000e+03   5.0935845e-01  -1.2453854e-01
   3.7440000e+03   3.8462290e-01   7.9553735e-03
   3.7520000e+03   4.9348303e-01   1.6212983e-01
   3.7600000e+03   5.1199191e-01   8.3312491e-02
   3.7680000e+03   4.7768421e-01   1.1406608e-01
   3.7760000e+03   7.0585596e-01   4.3311513e-02
   3.7840000e+03   5.2285703e-01   7.8064118e-02
   3.7920000e+03   5.9191911e-01  -4.7460065e-02
   3.8000000e+03   4.6653694e-01   1.5430601e-01
   3.8080000e+03   4.6756978e-01   7.6111476e-03
   3.8160000e+03   6.2919339e-01  -9.8492291e-02
   3.8240000e+03   4.4808400e-01   2.2981154e-02
   3.8320000e+03   4.8130586e-01  -7.9799444e-02
   3.8400000e+03   6.5144206e-01   6.4541993e-02
   3.8480000e+03   5.4453552e-01  -1.3608879e-02
   3.8560000e+03   6.2019532e-01   6.6967980e-02
   3.8640000e+03   5.4275027e-01  -2.1794226e-01
   3.8720000e+03   5.5468062e-01  -6.0051518e-02
   3.8800000e+03   5.4787252e-01  -6.0963776e-03
   3.8880000e+03   5.6210504e-01   1.2905369e-01
   3.8960000e+03   6.1442274e-01  -3.1975840e-02
   3.9040000e+03   4.8019844e-01  -2.4118789e-02
   3.9120000e+03   7.8232667e-01   7.6988972e-02
   3.9200000e+03   4.8321868e-01  -2.1628448e-02
   3.9280000e+03   6.2671043e-01   5.8881107e-02
   3.9360000e+03   4.9086476e-01   7.7609675e-02
   3.9440000e+03   6.0232481e-01  -9.5568706e-02
   3.9520000e+03   4.1689557e-01   3.5120532e-02
   3.9600000e+03   5.0009721e-01   8.3909553e-02
   3.9680000e+03   5.8100193e-01   1.2814223e-01
   3.9760000e+03   6.3618812e-01  -7.5771793e-02
   3.9840000e+03   5.4536185e-01  -4.1046315e-02
   3.9920000e+03   5.4354021e-01   9.7177186e-02
   4.0000000e+03   5.6659062e-01   1.1274347e-02
   4.0080000e+03   4.9727494e-01  -7.2349237e-02
   4.0160000e+03   5.7698017e-01  -1.6972043e-01
   4.0240000e+03   5.7932471e-01  -1.1280629e-01
   4.0320000e+03   7.0454949e-01  -2.9380427e-02
   4.0400000e+03   4.3001087e-01   7.5184990e-02
   4.0480000e+03   5.3990438e-01   5.0590663e-02
   4.0560000e+03   5.5036829e-01   1.2639227e-01
   4.0640000e+03   4.4994674e-01  -4.7484954e-02
   4.0720000e+03   5.6730998e-01  -2.7790865e-02
   4.0800000e+03   4.2642567e-01   6.3462614e-03
   4.0880000e+03   4.8735756e-01   2.7386193e-02
   4.0960000e+03   5.3032996e-01   2.9196823e-05
   4.1040000e+03   5.2869038e-01  -1.4149538e-01
   4.1120000e+03   4.9018844e-01  -6.8612319e-04
   4.1200000e+03   6.2370062e-01   4.2960859e-02
   4.1280000e+03   5.3871944e-01   7.9611385e-02
   4.1360000e+03   5.0101405e-01   1.9153279e-02
   4.1440000e+03   5.5879002e-01   2.0311207e-02
   4.1520000e+03   4.0712919e-01   8.1045125e-03
   4.1600000e+03   5.7988817e-01  -1.4682537e-02
   4.1680000e+03   6.4876833e-01  -7.2239197e-02
   4.1760000e+03   4.5999862e-01   6.6676752e-02
   4.1840000e+03   5.6940706e-01   1.0913050e-01
   4.1920000e+03   6.7874283e-01   8.3686164e-02
   4.2000000e+03   4.6847211e-01   1.6332243e-01
   4.2080000e+03   4.8086979e-01   6.8517777e-02
   4.2160000e+03   4.9898073e-01   5.4716556e-02
   4.2240000e+03   5.8143487e-01   1.6504181e-01
   4.2320000e+03   3.1808057e-01  -1.7256344e-01
   4.2400000e+03   5.0076994e-01  -3.9568556e-02
   4.2480000e+03   6.4404887e-01   7.8826520e-02
   4.2560000e+03   5.9946411e-01   2.4315421e-02
   4.2640000e+03   5.6166316e-01  -2.6448097e-03
   4.2720000e+03   6.1833844e-01  -9.1868143e-02
   4.2800000e+03   4.9343341e-01  -5.0394433e-02
   4.2880000e+03   6.1175380e-01  -1.1203835e-01
   4.2960000e+03   5.4004902e-01   5.3348385e-02
   4.3040000e+03   4.0307934e-01   7.2702119e-02
   4.3120000e+03   5.2547942e-01  -1.6863592e-01
   4.3200000e+03   6.2834096e-01   1.4815018e-01
   4.3280000e+03   6.3443961e-01   1.8776910e-02
   4.3360000e+03   6.0600140e-01   4.1624392e-02
   4.3440000e+03   4.2295819e-01  -2.3386383e-02
   4.3520000e+03   4.1667428e-01  -1.0490967e-02
   4.3600000e+03   5.5638726e-01  -1.4008415e-01
   4.3680000e+03   5.6046670e-01   9.9826951e-02
   4.3760000e+03   5.0951601e-01   3.8749516e-02
   4.3840000e+03   4.6104005e-01  -6.0413521e-02
   4.3920000e+03   6.2362814e-01  -7.8720034e-02
   4.4000000e+03   4.7580110e-01   1.5403234e-02
   4.4080000e+03   4.3664790e-01  -8.0162008e-02
   4.4160000e+03   6.2017683e-01  -2.1364747e-02
   4.4240000e+03   5.3577110e-01  -7.3414903e-03
   4.4320000e+03   5.1720097e-01   5.8379829e-02
   4.4400000e+03   6.8703663e-01  -1.8021017e-02
   4.4480000e+03   4.4717920e-01  -1.1144528e-01
   4.4560000e+03   5.7182608e-01  -1.3841408e-02
   4.4640000e+03   4.7934893e-01  -1.7340056e-01
   4.4720000e+03   6.8795156e-01  -1.0514353e-01
   4.4800000e+03   6.0597406e-01  -7.8753978e-02
   4.4880000e+03   5.7250501e-01  -7.9319029e-03
   4.4960000e+03   4.2929559e-01   3.3441923e-02
   4.5040000e+03   5.0366829e-01   1.8691605e-03
   4.5120000e+03   5.4723730e-01  -3.5118938e-02
   4.5200000e+03   6.0223292e-01   7.4610384e-02
   4.5280000e+03   5.6512155e-01  -3.9479221e-03
   4.5360000e+03   4.8549872e-01  -5.4478403e-02
   4.5440000e+03   5.4169437e-01   1.2448352e-02
   4.5520000e+03   5.7276476e-01  -8.8724946e-02
   4.5600000e+03   5.7349634e-01   5.1043839e-02
   4.5680000e+03   5.4648190e-01   2.9515742e-02
   4.5760000e+03   3.4628981e-01   4.8747438e-02
   4.5840000e+03   4.8907212e-01  -1.0043870e-01
   4.5920000e+03   6.1282292e-01   8.5237107e-02
   4.6000000e+03   5.7560630e-01  -1.5802587e-01
   4.6080000e+03   4.9240881e-01  -3.8521178e-02
   4.6160000e+03   4.9434220e-01  -3.2856460e-02
   4.6240000e+03   3.9171069e-01  -3.7168752e-02
   4.6320000e+03   5.7507876e-01  -1.1085633e-01
   4.6400000e+03   5.6112748e-01   1.2555416e-01
   4.6480000e+03   5.8483820e-01  -7.1109421e-02
   4.6560000e+03   5.1185595e-01   8.6331246e-02
   4.6640000e+03   5.7217548e-01  -4.0998236e-02
   4.6720000e+03   5.1983691e-01   1.4069579e-01
   4.6800000e+03   4.4916095e-01  -5.4704545e-02
   4.6880000e+03   6.2493759e-01   9.4163897e-03
   4.6960000e+03   6.6441467e-01   4.9066235e-02
   4.7040000e+03   3.8846412e-01  -1.2476349e-01
   4.7120000e+03   5.4073526e-01  -9.2348528e-02
   4.7200000e+03   5.5368606e-01   1.2701251e-02
   4.7280000e+03   5.1115570e-01   5.9958173e-02
   4.7360000e+03   4.5206176e-01  -6.5525050e-02
   4.7440000e+03   6.0367258e-01   1.3664057e-02
   4.7520000e+03   6.8773525e-01  -1.1408716e-02
   4.7600000e+03   5.3508370e-01  -9.9430228e-03
   4.7680000e+03   5.8990843e-01  -1.3930604e-01
   4.7760000e+03   5.4469152e-01  -1.1772640e-01
   4.7840000e+03   5.3322398e-01  -5.6850483e-02
   4.7920000e+03   4.2162152e-01   2.4449428e-02
   4.8000000e+03   5.3826506e-01   3.3527579e-02
   4.8080000e+03   5.4655714e-01   1.5626825e-02
   4.8160000e+03   3.8405690e-01   2.9988129e-02
   4.8240000e+03   4.9018296e-01  -8.4153531e-02
   4.8320000e+03   4.7503901e-01   1.4438172e-01
   4.8400000e+03   6.2757690e-01   8.0188135e-02
   4.8480000e+03   5.4067602e-01  -7.5151619e-02
   4.8560000e+03   3.4507405e-01   2.5375064e-01
   4.8640000e+03   5.3163349e-01   2.8880934e-02
   4.8720000e+03   4.1593987e-01  -3.1799211e-02
   4.8800000e+03   5.1885629e-01   1.3560613e-01
   4.8880000e+03   6.0078927e-01   1.0083968e-01
   4.8960000e+03   5.0606483e-01   4.5339858e-02
   4.9040000e+03   6.2199934e-01  -8.5005805e-02
   4.9120000e+03   5.3767274e-01   2.9063211e-02
   4.9200000e+03   5.9392159e-01  -4.1104441e-02
   4.9280000e+03   5.7568947e-01  -1.3904984e-01
   4.9360000e+03   5.1209618e-01  -7.6125579e-02
   4.9440000e+03   5.9506588e-01  -9.1000758e-03
   4.9520000e+03   5.5383623e-01   6.7941787e-03
   4.9600000e+03   5.9156697e-01   9.0403166e-02
   4.9680000e+03   4.8745216e-01  -9.6753630e-02
   4.9760000e+03   5.5175950e-01   5.8050381e-02
   4.9840000e+03   5.9285233e-01   9.2065223e-02
   4.9920000e+03   4.6137907e-01   5.8275300e-02
   5.0000000e+03   3.9762855e-01   1.5508651e-02
   5.0080000e+03   5.7519110e-01  -3.4523979e-02
   5.0160000e+03   5.0118161e-01   1.1509422e-02
   5.0240000e+03   5.8408382e-01  -3.2431904e-02
   5.0320000e+03   5.1903406e-01   5.5019325e-02
   5.0400000e+03   4.6944399e-01  -4.3552911e-03
   5.0480000e+03   6.8249859e-01  -1.2977672e-01
   5.0560000e+03   5.9057856e-01   4.4181279e-02
   5.0640000e+03   3.8051197e-01  -4.2449817e-02
   5.0720000e+03   5.1909716e-01  -7.3399170e-02
   5.0800000e+03   6.6684459e-01   2.7362775e-02
   5.0880000e+03   5.1740954e-01   5.9880241e-02
   5.0960000e+03   4.9839468e-01   1.0410425e-01
   5.1040000e+03   5.9695646e-01  -7.1060296e-02
   5.1120000e+03   4.4644652e-01  -1.0419404e-01
   5.1200000e+03   5.0846209e-01  -2.2858612e-02
   5.1280000e+03   5.4392047e-01   5.0853043e-02
   5.1360000e+03   4.9483494e-01  -1.2566821e-01
   5.1440000e+03   4.8582582e-01   7.8301210e-02
   5.1520000e+03   4.7399942e-01  -6.5506352e-02
   5.1600000e+03   4.7727419e-01  -8.1972319e-02
   5.1680000e+03   5.0200505e-01  -3.7825386e-02
   5.1760000e+03   4.1832939e-01   5.9977212e-03
   5.1840000e+03   5.4961940e-01  -6.5466984e-02
   5.1920000e+03   6.4716667e-01  -6.3709776e-02
   5.2000000e+03   5.5285577e-01   2.3723809e-02
   5.2080000e+03   5.4884500e-01   1.9685709e-02
   5.2160000e+03   3.8283878e-01  -1.9390639e-02
   5.2240000e+03   4.8935491e-01  -1.8747648e-04
   5.2320000e+03   5.6776608e-01  -4.8654227e-02
   5.2400000e+03   4.7354476e-01   7.4212435e-02
   5.2480000e+03   5.9925903e-01   6.2553415e-02
   5.2560000e+03   5.9123577e-01  -7.2246137e-02
   5.2640000e+03   5.2136377e-01   2.1290671e-02
   5.2720000e+03   4.9560697e-01   7.6544090e-02
   5.2800000e+03   5.0175597e-01  -1.0093736e-01
   5.2880000e+03   5.5858525e-01   8.5537795e-03
   5.2960000e+03   4.8239630e-01  -6.4121668e-02
   5.3040000e+03   6.0081567e-01  -1.0399825e-01
   5.3120000e+03   4.5431290e-01  -1.1968891e-02
   5.3200000e+03   3.9178952e-01   1.6645820e-01
   5.3280000e+03   6.6784870e-01  -3.2145701e-02
   5.3360000e+03   5.3820185e-01  -1.8008901e-01
   5.3440000e+03   4.7894157e-01  -7.5638213e-02
   5.3520000e+03   4.7407418e-01  -3.2805347e-02
   5.3600000e+03   5.6000081e-01   1.6428853e-01
   5.3680000e+03   6.0289729e-01  -1.1111700e-01
   5.3760000e+03   4.9527589e-01   3.9564501e-02
   5.3840000e+03   7.5121690e-01  -5.9253574e-02
   5.3920000e+03   4.5474777e-01   8.4494231e-02
   5.4000000e+03   6.2342182e-01  -2.8586820e-02
   5.4080000e+03   5.1523958e-01  -3.3064021e-02
   5.4160000e+03   5.6857886e-01  -1.0616363e-01
   5.4240000e+03   4.4077647e-01  -3.6429472e-02
   5.4320000e+03   6.6235213e-01   2.5272338e-03
   5.4400000e+03   4.1964283e-01  -2.8312313e-02
   5.4480000e+03   4.6308603e-01   1.0147362e-01
   5.4560000e+03   4.3969161e-01   7.1072386e-02
   5.4640000e+03   5.0010797e-01   5.7706870e-02
   5.4720000e+03   5.7087109e-01  -3.1935698e-02
   5.4800000e+03   4.8357162e-01   1.4696736e-02
   5.4880000e+03   5.6522548e-01   1.0710863e-01
   5.4960000e+03   5.0127578e-01   8.7830524e-02
   5.5040000e+03   5.9721739e-01   5.3660289e-02
   5.5120000e+03   5.0511356e-01   1.6952218e-02
   5.5200000e+03   5.5687883e-01   1.0934722e-01
   5.5280000e+03   4.2026365e-01  -1.0144404e-01
   5.5360000e+03   5.2166530e-01   9.0476043e-03
   5.5440000e+03   5.3281966e-01   2.5108586e-01
   5.5520000e+03   4.9395658e-01  -1.4855389e-02
   5.5600000e+03   5.6146555e-01  -1.0237940e-01
   5.5680000e+03   5.4235944e-01   4.9971444e-02
   5.5760000e+03   5.2030750e-01  -5.0486897e-02
   5.5840000e+03   4.9786527e-01   3.8187856e-02
   5.5920000e+03   5.2266069e-01  -7.3727207e-02
   5.6000000e+03   4.7750203e-01   7.2041367e-02
   5.6080000e+03   5.1041926e-01  -3.2858492e-02
   5.6160000e+03   4.2861813e-01   4.4638987e-02
   5.6240000e+03   6.3934573e-01  -5.6655990e-02
   5.6320000e+03   6.2755958e-01  -4.4476570e-02
   5.6400000e+03   4.7126652e-01  -8.0252716e-02
   5.6480000e+03   5.8136675e-01   6.1630250e-02
   5.6560000e+03   5.6958898e-01  -1.1887631e-01
   5.6640000e+03   5.2929170e-01  -1.6926051e-01
   5.6720000e+03   5.6334027e-01  -8.0473487e-02
   5.6800000e+03   5.0339759e-01   3.4462071e-02
   5.6880000e+03   4.3044570e-01  -7.1996921e-02
   5.6960000e+03   4.1565761e-01   9.4917451e-02
   5.7040000e+03   5.5959753e-01   2.6985784e-02
   5.7120000e+03   5.5687819e-01  -9.3439923e-02
   5.7200000e+03   5.7319502e-01   1.5885424e-02
   5.7280000e+03   3.2090957e-01  -7.1321573e-02
   5.7360000e+03   5.1339830e-01  -9.5647989e-02
   5.7440000e+03   5.0856188e-01  -6.8938433e-02
   5.7520000e+03   4.7427407e-01   7.6926372e-02
   5.7600000e+03   5.2207938e-01   2.0478739e-03
   5.7680000e+03   4.8432420e-01  -4.7133124e-02
   5.7760000e+03   4.8720275e-01   1.0045505e-01
   5.7840000e+03   5.8701233e-01   1.5502475e-02
   5.7920000e+03   5.2100090e-01  -6.1816138e-02
   5.8000000e+03   6.5828038e-01  -5.7677389e-02
   5.8080000e+03   6.2545949e-01  -5.9716899e-02
   5.8160000e+03   5.4365887e-01   1.3061122e-01
   5.8240000e+03   4.7367544e-01   8.8094462e-02
   5.8320000e+03   5.6586314e-01   1.4499004e-01
   5.8400000e+03   4.5654603e-01  -1.6888957e-01
   5.8480000e+03   6.2212486e-01  -1.4095178e-02
   5.8560000e+03   6.4417639e-01   9.8523199e-02
   5.8640000e+03   5.7507430e-01  -8.4974657e-02
   5.8720000e+03   4.6867756e-01  -2.5625562e-02
   5.8800000e+03   5.3315029e-01  -4.9093282e-02
   5.8880000e+03   5.3664867e-01  -5.4412861e-02
   5.8960000e+03   3.5411703e-01  -1.9011519e-02
   5.9040000e+03   4.5161080e-01  -1.1017439e-01
   5.9120000e+03   5.4225846e-01   6.4919434e-02
   5.9200000e+03   2.5083341e-01   6.1245075e-03
   5.9280000e+03   3.9221851e-01  -4.1189136e-02
   5.9360000e+03   3.9793667e-01  -5.2374462e-02
   5.9440000e+03   5.4753408e-01  -8.4872058e-03
   5.9520000e+03   5.0653626e-01   2.0154954e-01
   5.9600000e+03   4.9361587e-01   3.9145705e-02
   5.9680000e+03   4.6617788e-01  -6.7648967e-02
   5.9760000e+03   5.7025383e-01  -8.3718435e-02
   5.9840000e+03   5.1892287e-01   8.5650769e-03
   5.9920000e+03   4.6818959e-01  -1.1178118e-02
   6.0000000e+03   2.9112286e-01  -5.0567450e-02
   6.0080000e+03   3.9485915e-01  -6.2938713e-02
   6.0160000e+03   5.2006818e-01  -8.0632155e-02
   6.0240000e+03   5.0159916e-01   2.3140712e-02
   6.0320000e+03   3.9482393e-01   1.6208498e-01
   6.0400000e+03   3.4976392e-01   4.2539160e-02
   6.0480000e+03   3.9671562e-01   3.8684581e-02
   6.0560000e+03   5.2278684e-01   9.9783944e-03
   6.0640000e+03   4.3388080e-01  -1.6992836e-02
   6.0720000e+03   5.7270605e-01  -4.2751804e-02
   6.0800000e+03   5.0938028e-01   2.9483910e-02
   6.0880000e+03   4.0374988e-01   5.2427780e-02
   6.0960000e+03   4.3239787e-01  -5.4027795e-02
   6.1040000e+03   4.8790180e-01  -5.8094732e-02
   6.1120000e+03   5.9966794e-01  -4.9497030e-02
   6.1200000e+03   5.1911186e-01  -4.8311082e-02
   6.1280000e+03   5.6285094e-01   1.6184690e-01
   6.1360000e+03   4.8411691e-01  -1.9839848e-02
   6.1440000e+03   5.2898393e-01  -1.0843570e-02
   6.1520000e+03   5.0114979e-01  -4.8617936e-02
   6.1600000e+03   4.8159228e-01   8.2272776e-02
   6.1680000e+03   4.8888689e-01  -3.5917211e-02
   6.1760000e+03   4.5182579e-01  -1.4812010e-03
   6.1840000e+03   4.8641785e-01   8.2697409e-02
   6.1920000e+03   5.7124900e-01  -1.6052903e-02
   6.2000000e+03   4.4935400e-01  -4.1916157e-02
   6.2080000e+03   4.1559431e-01   5.5681194e-02
   6.2160000e+03   6.2347811e-01  -6.7937222e-02
   6.2240000e+03   4.1785876e-01   5.1139297e-02
   6.2320000e+03   5.1716642e-01   5.7460293e-02
   6.2400000e+03   5.7492922e-01   8.6615463e-02
   6.2480000e+03   5.9109949e-01  -1.3265860e-01
   6.2560000e+03   5.0131384e-01   9.5563462e-02
   6.2640000e+03   4.1084217e-01   4.1264693e-04
   6.2720000e+03   4.8665656e-01   6.6351881e-02
   6.2800000e+03   3.4807679e-01   6.0780519e-03
