   0.0000000e+00   8.8821446e-01  -4.8321174e-02
   8.0000000e+00   9.5351819e-01  -8.1192124e-02
   1.6000000e+01   9.3474613e-01   8.8538345e-02
   2.4000000e+01   9.7875242e-01  -3.4787695e-02
   3.2000000e+01   9.5853427e-01  -2.1862868e-02
   4.0000000e+01   9.4095751e-01  -4.3120199e-02
   4.8000000e+01   9.5037496e-01  -7.3675168e-02
   5.6000000e+01   9.6913241e-01  -6.4633931e-02
   6.4000000e+01   1.0101890e+00   4.9267454e-02
   7.2000000e+01   9.8566144e-01  -1.5172758e-01
   8.0000000e+01   9.5972572e-01   4.7293919e-02
   8.8000000e+01   9.0588129e-01   4.1609659e-03
   9.6000000e+01   9.4661867e-01  -7.6191419e-03
   1.0400000e+02   9.3508749e-01   5.5197207e-02
   1.1200000e+02   8.6159489e-01  -3.5045875e-02
   1.2000000e+02   9.8604834e-01  -1.7653617e-02
   1.2800000e+02   1.0291820e+00   8.3688104e-02
   1.3600000e+02   9.4657047e-01   4.9899864e-02
   1.4400000e+02   1.0493401e+00   8.4087140e-02
   1.5200000e+02   9.3989143e-01  -4.8673951e-02
   1.6000000e+02   9.3331965e-01   3.7599645e-02
   1.6800000e+02   9.5958872e-01  -1.7383381e-01
   1.7600000e+02   8.7450997e-01  -3.4026433e-02
   1.8400000e+02   9.4735475e-01  -1.7242226e-02
   1.9200000e+02   9.3645558e-01  -1.3802536e-03
   2.0000000e+02   9.3425135e-01  -3.2357930e-02
   2.0800000e+02   1.0321414e+00  -1.3530775e-01
   2.1600000e+02   9.8094647e-01   1.1047519e-02
   2.2400000e+02   9.0608467e-01  -9.1904586e-03
   2.3200000e+02   1.0500947e+00  -7.6717227e-02
   2.4000000e+02   9.6814559e-01  -1.0885245e-02
   2.4800000e+02   1.0585614e+00  -1.3348843e-02
   2.5600000e+02   9.8909301e-01   7.4663284e-03
   2.6400000e+02   9.3269497e-01   2.6727520e-02
   2.7200000e+02   9.7317262e-01  -4.0315386e-03
   2.8000000e+02   9.6928129e-01   2.3058076e-02
   2.8800000e+02   9.7002535e-01  -4.5981436e-02
   2.9600000e+02   9.2019330e-01   5.4145131e-02
   3.0400000e+02   8.3816089e-01  -8.4755593e-03
   3.1200000e+02   8.9907722e-01  -3.5668950e-02
   3.2000000e+02   9.3319107e-01  -2.6989795e-02
   3.2800000e+02   7.9663021e-01  -3.7931019e-02
   3.3600000e+02   9.2310209e-01  -7.4802469e-02
   3.4400000e+02   9.7144542e-01   2.9176534e-04
   3.5200000e+02   8.4411079e-01   6.1429087e-03
   3.6000000e+02   8.4798731e-01  -1.7923717e-01
   3.6800000e+02   8.5875945e-01   5.7917202e-02
   3.7600000e+02   8.7180200e-01  -4.8420855e-02
   3.8400000e+02   9.9674425e-01   1.9124837e-02
   3.9200000e+02   9.8638706e-01  -6.5139545e-02
   4.0000000e+02   8.5901578e-01   2.1686561e-02
   4.0800000e+02   9.0309366e-01   1.4909245e-02
   4.1600000e+02   8.9498127e-01  -5.3496264e-02
   4.2400000e+02   7.8798899e-01   1.8117591e-02
   4.3200000e+02   8.0736306e-01  -2.2919740e-02
   4.4000000e+02   8.9821379e-01  -6.2664067e-03
   4.4800000e+02   8.7197047e-01  -6.1898126e-02
   4.5600000e+02   7.6766228e-01  -3.1272169e-02
   4.6400000e+02   8.7794036e-01   2.7377093e-02
   4.7200000e+02   8.0176103e-01  -9.8423962e-02
   4.8000000e+02   7.1057723e-01   9.7500898e-02
   4.8800000e+02   7.8151280e-01  -3.7439536e-02
   4.9600000e+02   7.6132117e-01  -9.9510289e-03
   5.0400000e+02   7.9196998e-01   6.5034300e-02
   5.1200000e+02   7.6859176e-01  -1.2429694e-02
   5.2000000e+02   8.8861601e-01  -1.9287459e-02
   5.2800000e+02   7.9468316e-01  -2.5099630e-02
   5.3600000e+02   7.9406084e-01  -6.4040223e-02
   5.4400000e+02   7.9700614e-01   2.3722503e-02
   5.5200000e+02   8.2968660e-01  -9.0754877e-02
   5.6000000e+02   7.5762471e-01   2.3979097e-02
   5.6800000e+02   9.4663330e-01   4.3304896e-02
   5.7600000e+02   8.2268204e-01  -2.8901018e-02
   5.8400000e+02   7.1857357e-01  -2.6041933e-02
   5.9200000e+02   8.4493011e-01   7.4173418e-02
   6.0000000e+02   8.9491387e-01  -1.0676241e-02
   6.0800000e+02   7.7024608e-01  -1.3489465e-01
   6.1600000e+02   7.2038022e-01   6.6142745e-02
   6.2400000e+02   7.7149573e-01  -3.6921037e-02
   6.3200000e+02   8.3398395e-01   8.5804584e-02
   6.4000000e+02   8.6310787e-01   2.2156640e-02
   6.4800000e+02   7.4343777e-01   3.8565588e-03
   6.5600000e+02   7.8811485e-01  -4.4431188e-02
   6.6400000e+02   8.2049678e-01  -8.6735728e-02
   6.7200000e+02   8.1734335e-01   1.6622718e-02
   6.8000000e+02   6.8281512e-01  -2.9290403e-02
   6.8800000e+02   7.5206817e-01   1.2425450e-02
   6.9600000e+02   7.0677326e-01   8.1968211e-03
   7.0400000e+02   8.2804462e-01   7.8655114e-03
   7.1200000e+02   7.3610088e-01   6.5715216e-02
   7.2000000e+02   7.5403825e-01  -6.4501601e-02
   7.2800000e+02   6.3316662e-01   1.0509974e-01
   7.3600000e+02   7.1590605e-01   3.8687512e-02
   7.4400000e+02   8.5714487e-01  -6.1309265e-02
   7.5200000e+02   8.0006729e-01   4.4423403e-02
   7.6000000e+02   7.4044432e-01   4.7080538e-02
   7.6800000e+02   8.0614636e-01   9.3408414e-02
   7.7600000e+02   6.2554415e-01  -2.2982387e-02
   7.8400000e+02   8.1037267e-01   2.1954802e-02
   7.9200000e+02   7.7152156e-01   1.3750774e-02
   8.0000000e+02   7.1389100e-01   1.2293306e-03
   8.0800000e+02   6.8394847e-01  -5.7589571e-02
   8.1600000e+02   8.6554984e-01   5.1924284e-02
   8.2400000e+02   7.9480756e-01   1.5079348e-02
   8.3200000e+02   7.2954997e-01   6.1223719e-02
   8.4000000e+02   8.2325902e-01   3.4988684e-02
   8.4800000e+02   9.5097003e-01  -3.5047193e-02
   8.5600000e+02   8.2380147e-01   4.4152087e-02
   8.6400000e+02   8.5886016e-01  -1.1129692e-01
   8.7200000e+02   7.0686954e-01  -8.0329312e-02
   8.8000000e+02   8.0889004e-01  -2.9372802e-02
   8.8800000e+02   7.7770065e-01   2.2524241e-02
   8.9600000e+02   8.5287814e-01  -4.8411052e-03
   9.0400000e+02   7.8795753e-01  -3.3299249e-02
   9.1200000e+02   8.2855675e-01   4.9322814e-03
   9.2000000e+02   8.3266426e-01   1.1371139e-01
   9.2800000e+02   7.1155198e-01   7.2933031e-03
   9.3600000e+02   7.9564371e-01   2.4685935e-02
   9.4400000e+02   6.9387489e-01   1.8086072e-02
   9.5200000e+02   7.6017725e-01  -6.5599305e-02
   9.6000000e+02   7.4590029e-01  -4.1655199e-02
   9.6800000e+02   7.6109040e-01   7.6584394e-03
   9.7600000e+02   8.2149207e-01  -6.4009621e-03
   9.8400000e+02   7.2950500e-01   7.3539853e-02
   9.9200000e+02   7.8624684e-01  -3.4145345e-02
   1.0000000e+03   7.9091069e-01   1.5445854e-01
   1.0080000e+03   7.6230085e-01  -1.4312691e-02
   1.0160000e+03   9.0033177e-01  -3.8596609e-02
   1.0240000e+03   8.5904340e-01  -1.6115404e-02
   1.0320000e+03   8.0710908e-01   7.5322038e-02
   1.0400000e+03   8.3512035e-01   2.6870063e-02
   1.0480000e+03   8.3073051e-01  -7.5057575e-02
   1.0560000e+03   6.8585427e-01   6.6913316e-02
   1.0640000e+03   7.9823459e-01  -3.5279258e-02
   1.0720000e+03   8.2314252e-01  -3.2960340e-02
   1.0800000e+03   7.4884007e-01   2.5200883e-02
   1.0880000e+03   7.8710907e-01  -9.2758253e-03
   1.0960000e+03   8.0885752e-01   5.8786393e-02
   1.1040000e+03   6.8768135e-01   3.1195803e-03
   1.1120000e+03   7.2995329e-01   1.0695842e-02
   1.1200000e+03   7.5967632e-01  -5.0003859e-02
   1.1280000e+03   7.3451435e-01   1.1010976e-01
   1.1360000e+03   8.3395462e-01   1.0103777e-02
   1.1440000e+03   7.2185605e-01  -4.6906584e-02
   1.1520000e+03   7.3999861e-01   6.0733757e-03
   1.1600000e+03   6.3982568e-01   4.9121475e-02
   1.1680000e+03   7.7218515e-01  -8.8519560e-02
   1.1760000e+03   7.7099603e-01  -6.0436748e-02
   1.1840000e+03   6.5681711e-01  -2.5436101e-02
   1.1920000e+03   7.1797963e-01   7.3221759e-02
   1.2000000e+03   7.4152728e-01   8.6640307e-03
   1.2080000e+03   7.6259859e-01   3.8714663e-02
   1.2160000e+03   7.9013760e-01  -1.2181438e-02
   1.2240000e+03   7.3308660e-01  -1.6626631e-03
   1.2320000e+03   6.7796539e-01  -5.8927157e-03
   1.2400000e+03   7.9184707e-01  -2.7455513e-03
   1.2480000e+03   7.6555003e-01   1.2416753e-02
   1.2560000e+03   7.4408336e-01   3.0616763e-02
   1.2640000e+03   7.2609745e-01  -4.2136558e-02
   1.2720000e+03   7.8493508e-01  -3.6234857e-02
   1.2800000e+03   7.4697751e-01  -1.3794273e-02
   1.2880000e+03   7.1301017e-01  -4.3243279e-02
   1.2960000e+03   7.3662493e-01  -3.2395715e-02
   1.3040000e+03   7.0878353e-01  -5.7891579e-02
   1.3120000e+03   7.6908256e-01  -1.3508758e-02
   1.3200000e+03   7.2875766e-01  -2.5903506e-02
   1.3280000e+03   7.6783803e-01  -9.5562514e-02
   1.3360000e+03   7.3943420e-01   3.1551807e-02
   1.3440000e+03   8.3685320e-01   4.8270638e-02
   1.3520000e+03   7.9149220e-01  -8.1102987e-03
   1.3600000e+03   6.7708030e-01  -6.2523406e-02
   1.3680000e+03   7.8537933e-01   8.1616254e-02
   1.3760000e+03   6.5294121e-01   4.2394672e-03
   1.3840000e+03   6.5641156e-01   5.6609865e-02
   1.3920000e+03   8.9986570e-01  -1.2520404e-01
   1.4000000e+03   7.6058187e-01   4.3161794e-02
   1.4080000e+03   7.0330451e-01   5.0356694e-02
   1.4160000e+03   5.7499968e-01   1.6153293e-03
   1.4240000e+03   6.8181794e-01   1.5567307e-02
   1.4320000e+03   8.0307116e-01   2.0365816e-02
   1.4400000e+03   7.9427063e-01  -3.4630887e-02
   1.4480000e+03   8.0404614e-01   2.2670409e-03
   1.4560000e+03   5.9740330e-01  -2.8768295e-03
   1.4640000e+03   6.5879882e-01  -4.1237866e-02
   1.4720000e+03   7.0097986e-01   3.1231238e-02
   1.4800000e+03   8.4057721e-01   2.8786588e-02
   1.4880000e+03   6.8095746e-01   7.5783889e-02
   1.4960000e+03   6.8882387e-01   3.5126242e-03
   1.5040000e+03   7.4585837e-01   2.0808094e-02
   1.5120000e+03   7.8122886e-01  -1.4608814e-02
   1.5200000e+03   8.0493425e-01  -1.8448561e-02
   1.5280000e+03   7.6166992e-01   3.0958100e-02
   1.5360000e+03   7.0389910e-01   3.5505949e-02
   1.5440000e+03   7.8228126e-01  -8.7231261e-03
   1.5520000e+03   7.2218288e-01  -8.3108130e-02
   1.5600000e+03   7.5580221e-01  -7.5939291e-02
   1.5680000e+03   7.4690972e-01   2.0837740e-02
   1.5760000e+03   7.2329077e-01   3.0372879e-03
   1.5840000e+03   7.1521773e-01  -1.2001263e-03
   1.5920000e+03   6.3279971e-01   2.0289754e-02
   1.6000000e+03   8.2742382e-01   4.5393076e-02
   1.6080000e+03   7.4772125e-01   5.6520337e-02
   1.6160000e+03   7.9632255e-01  -2.0889083e-02
   1.6240000e+03   7.7320222e-01   6.1464295e-02
   1.6320000e+03   7.9929556e-01   3.7504936e-03
   1.6400000e+03   7.5953166e-01   6.4477246e-02
   1.6480000e+03   7.8607820e-01  -7.6680099e-02
   1.6560000e+03   7.1273527e-01  -2.6440189e-02
   1.6640000e+03   7.3884501e-01  -6.8832138e-02
   1.6720000e+03   7.2392906e-01   1.9650834e-02
   1.6800000e+03   7.6003506e-01   3.8358502e-03
   1.6880000e+03   6.9722810e-01   8.0224450e-03
   1.6960000e+03   7.1465934e-01  -4.4333632e-02
   1.7040000e+03   6.9100370e-01  -1.2599303e-02
   1.7120000e+03   6.8308904e-01   1.2823531e-01
   1.7200000e+03   7.3463137e-01   1.2328103e-02
   1.7280000e+03   7.9370622e-01  -5.3741046e-02
   1.7360000e+03   8.0663075e-01  -1.2832584e-01
   1.7440000e+03   6.3485660e-01   9.1818599e-02
   1.7520000e+03   6.8148840e-01   3.5226959e-02
   1.7600000e+03   6.8868660e-01   4.1904043e-02
   1.7680000e+03   6.9271665e-01  -4.0481377e-02
   1.7760000e+03   7.5954637e-01  -3.7010359e-03
   1.7840000e+03   6.8005387e-01  -9.4309922e-02
   1.7920000e+03   7.4231062e-01  -3.2271590e-02
   1.8000000e+03   8.5272308e-01  -2.5277889e-02
   1.8080000e+03   7.5498610e-01   3.4928279e-02
   1.8160000e+03   8.0225490e-01   3.1349325e-04
   1.8240000e+03   8.2951041e-01   5.4875693e-02
   1.8320000e+03   6.7722327e-01   4.1251944e-02
   1.8400000e+03   7.9588091e-01   5.5302775e-02
   1.8480000e+03   7.7405367e-01  -6.2886751e-02
   1.8560000e+03   7.2836406e-01  -1.1034378e-01
   1.8640000e+03   7.3084515e-01  -9.9817452e-02
   1.8720000e+03   7.3440296e-01  -1.0692797e-01
   1.8800000e+03   7.8292168e-01  -2.9648459e-02
   1.8880000e+03   7.1671331e-01   2.6523058e-02
   1.8960000e+03   7.1171014e-01   8.1374635e-02
   1.9040000e+03   7.5091205e-01   3.4494638e-02
   1.9120000e+03   7.5054445e-01  -1.8062050e-02
   1.9200000e+03   6.4511515e-01   5.4370558e-02
   1.9280000e+03   6.5918111e-01  -2.8940811e-02
   1.9360000e+03   7.5582551e-01   6.7652371e-02
   1.9440000e+03   5.8581742e-01   3.6044114e-02
   1.9520000e+03   6.7549059e-01  -5.6019639e-02
   1.9600000e+03   8.1538459e-01   7.9338561e-03
   1.9680000e+03   7.6444268e-01  -8.7161747e-02
   1.9760000e+03   7.6748379e-01  -4.2565090e-02
   1.9840000e+03   7.3862817e-01  -5.5429898e-02
   1.9920000e+03   7.8048672e-01   1.5254255e-02
   2.0000000e+03   7.0443492e-01   8.0559144e-02
   2.0080000e+03   7.3299224e-01   4.2810321e-03
   2.0160000e+03   7.5426133e-01   1.4700345e-02
   2.0240000e+03   8.4295735e-01  -3.3908808e-03
   2.0320000e+03   7.3540667e-01  -1.2962793e-02
   2.0400000e+03   6.3697549e-01   3.7723006e-02
   2.0480000e+03   6.9508798e-01  -3.1534123e-02
   2.0560000e+03   7.6476097e-01  -6.4533793e-02
   2.0640000e+03   7.2790702e-01  -2.0672971e-02
   2.0720000e+03   8.1507479e-01  -2.9495099e-02
   2.0800000e+03   7.0657970e-01   1.0527271e-01
   2.0880000e+03   6.8332595e-01  -1.6983441e-02
   2.0960000e+03   7.1424502e-01  -6.0196116e-02
   2.1040000e+03   8.2169495e-01  -2.2476203e-02
   2.1120000e+03   8.3878355e-01   4.0016611e-02
   2.1200000e+03   7.2339872e-01   6.2638446e-02
   2.1280000e+03   6.6627043e-01  -1.3297469e-03
   2.1360000e+03   6.9693576e-01   1.9548828e-02
   2.1440000e+03   7.3720407e-01  -4.6129428e-02
   2.1520000e+03   7.1664754e-01  -4.5465187e-04
   2.1600000e+03   7.6927160e-01  -2.8513516e-02
   2.1680000e+03   7.6913319e-01  -3.2123562e-02
   2.1760000e+03   7.1730917e-01   1.5088786e-01
   2.1840000e+03   7.2272821e-01   5.2858950e-02
   2.1920000e+03   8.4791690e-01  -3.1800385e-02
   2.2000000e+03   7.0422179e-01  -9.4783877e-02
   2.2080000e+03   8.4508149e-01  -7.7650688e-02
   2.2160000e+03   7.7516181e-01  -1.5331014e-02
   2.2240000e+03   7.1995029e-01  -2.8025961e-02
   2.2320000e+03   7.9297520e-01  -7.3143779e-02
   2.2400000e+03   6.5970782e-01  -8.0313236e-02
   2.2480000e+03   6.5676597e-01   4.3971813e-02
   2.2560000e+03   7.3404863e-01   6.6941270e-02
   2.2640000e+03   7.7305538e-01   6.2544820e-02
   2.2720000e+03   8.1554706e-01   1.9823554e-02
   2.2800000e+03   7.5691166e-01  -4.8364122e-02
   2.2880000e+03   7.4015787e-01   7.0055914e-02
   2.2960000e+03   6.2991983e-01   3.7112908e-02
   2.3040000e+03   8.3975393e-01  -4.5435438e-03
   2.3120000e+03   6.6789238e-01   1.1847065e-02
   2.3200000e+03   7.4732803e-01  -1.9239747e-02
   2.3280000e+03   6.4104836e-01   4.7139728e-02
   2.3360000e+03   7.2382462e-01   1.2712731e-02
   2.3440000e+03   6.8194711e-01  -5.6151390e-02
   2.3520000e+03   8.0520509e-01  -6.0382198e-02
   2.3600000e+03   7.0514730e-01   7.9955267e-02
   2.3680000e+03   7.8045675e-01  -4.7935467e-02
   2.3760000e+03   7.5114831e-01   9.6312240e-02
   2.3840000e+03   7.3663396e-01  -1.1383314e-01
   2.3920000e+03   7.4550554e-01  -1.6911114e-01
   2.4000000e+03   6.9815925e-01   2.4565409e-02
   2.4080000e+03   7.9735165e-01  -4.2632190e-02
   2.4160000e+03   7.7521180e-01   4.9820128e-02
   2.4240000e+03   7.1192264e-01  -8.4978768e-03
   2.4320000e+03   8.2887742e-01  -3.9161714e-03
   2.4400000e+03   6.2387169e-01  -4.7742265e-02
   2.4480000e+03   7.2244212e-01   8.4831028e-03
   2.4560000e+03   7.1433765e-01  -7.4820592e-02
   2.4640000e+03   7.3818545e-01   4.9201284e-02
   2.4720000e+03   7.3798135e-01  -5.2792127e-02
   2.4800000e+03   7.6040646e-01  -1.5067006e-02
   2.4880000e+03   7.7880792e-01   4.7547894e-02
   2.4960000e+03   7.2235177e-01  -6.2949604e-02
   2.5040000e+03   7.9416646e-01  -1.6374161e-02
   2.5120000e+03   7.0900737e-01   8.6796636e-02
   2.5200000e+03   7.8106842e-01  -1.4460425e-01
   2.5280000e+03   6.4554766e-01  -6.5361599e-02
   2.5360000e+03   7.1698017e-01  -1.6399634e-02
   2.5440000e+03   6.7549666e-01   1.9888972e-02
   2.5520000e+03   6.5458571e-01  -5.7519709e-02
   2.5600000e+03   6.5084723e-01  -1.1591536e-01
   2.5680000e+03   6.9104592e-01   4.3042577e-03
   2.5760000e+03   6.5292424e-01  -1.5207650e-02
   2.5840000e+03   7.1707610e-01  -7.1936217e-02
   2.5920000e+03   7.5680942e-01   1.4683857e-02
   2.6000000e+03   6.2335207e-01   6.3843421e-02
   2.6080000e+03   7.2120532e-01   4.0612688e-02
   2.6160000e+03   8.1803650e-01   6.0423194e-02
   2.6240000e+03   7.7262533e-01  -5.2734561e-02
   2.6320000e+03   6.6294462e-01   3.7090431e-03
   2.6400000e+03   7.3906767e-01  -2.9636435e-02
   2.6480000e+03   6.8711474e-01  -1.1873569e-02
   2.6560000e+03   6.6300668e-01  -2.0396027e-02
   2.6640000e+03   7.2993403e-01  -1.7378736e-02
   2.6720000e+03   7.2679365e-01   6.4825771e-02
   2.6800000e+03   8.3021816e-01   8.0187185e-02
   2.6880000e+03   7.0351666e-01  -5.4244761e-02
   2.6960000e+03   6.8155900e-01  -1.0454948e-02
   2.7040000e+03   7.2406432e-01  -5.7644285e-02
   2.7120000e+03   6.6874897e-01   8.9268147e-02
   2.7200000e+03   5.9901168e-01   6.7096443e-02
   2.7280000e+03   7.3656077e-01   7.1559384e-02
   2.7360000e+03   6.8058806e-01  -1.0164211e-01
   2.7440000e+03   6.8465943e-01  -3.1427460e-02
   2.7520000e+03   6.7648098e-01   5.3347369e-03
   2.7600000e+03   8.0323268e-01  -2.8562035e-02
   2.7680000e+03   7.9569800e-01   3.0164681e-02
   2.7760000e+03   6.4929038e-01   2.9395405e-02
   2.7840000e+03   8.4113949e-01   1.3134660e-03
   2.7920000e+03   7.7457054e-01   6.0368908e-02
   2.8000000e+03   6.7113039e-01   1.4938874e-01
   2.8080000e+03   6.3162709e-01  -1.4547301e-02
   2.8160000e+03   7.1918634e-01  -2.8559364e-02
   2.8240000e+03   6.8032978e-01  -6.7639870e-02
   2.8320000e+03   7.5345951e-01  -1.6367436e-02
   2.8400000e+03   7.3813729e-01   2.0319938e-03
   2.8480000e+03   7.2808633e-01  -5.0639626e-02
   2.8560000e+03   6.8232776e-01  -5.6563520e-02
   2.8640000e+03   8.0529306e-01   3.8862071e-02
   2.8720000e+03   6.9900512e-01   7.8597760e-02
   2.8800000e+03   7.7915304e-01  -5.3787515e-02
   2.8880000e+03   7.8953048e-01   1.7326847e-02
   2.8960000e+03   6.6181384e-01   1.8972194e-02
   2.9040000e+03   7.2008584e-01  -1.0707085e-02
   2.9120000e+03   7.4262956e-01  -4.3427053e-02
   2.9200000e+03   6.7969693e-01   2.0468713e-02
   2.9280000e+03   7.2305433e-01  -5.6059209e-03
   2.9360000e+03   7.4541105e-01  -1.8216294e-02
   2.9440000e+03   7.0008316e-01   3.6927187e-02
   2.9520000e+03   7.1477591e-01  -6.2283490e-04
   2.9600000e+03   6.5873085e-01  -7.5962049e-02
   2.9680000e+03   7.5267878e-01  -3.1319330e-02
   2.9760000e+03   7.5090689e-01   1.0804299e-01
   2.9840000e+03   7.2280524e-01  -8.4343532e-02
   2.9920000e+03   7.5079501e-01   7.1689877e-02
   3.0000000e+03   8.2435886e-01   3.8536893e-03
   3.0080000e+03   8.0521155e-01   5.7031379e-02
   3.0160000e+03   7.9019540e-01  -2.6199631e-02
   3.0240000e+03   8.4841707e-01   8.1732387e-04
   3.0320000e+03   6.7299517e-01  -6.8177514e-02
   3.0400000e+03   7.3978868e-01  -1.8012459e-02
   3.0480000e+03   7.5748438e-01   5.0373428e-02
   3.0560000e+03   6.3330366e-01   2.9348910e-02
   3.0640000e+03   6.7646142e-01   1.3981731e-02
   3.0720000e+03   7.3943768e-01   7.0444153e-02
   3.0800000e+03   7.5312044e-01  -6.0737663e-02
   3.0880000e+03   7.7435404e-01   7.8952068e-02
   3.0960000e+03   7.0247338e-01  -2.6141832e-03
   3.1040000e+03   6.5527082e-01  -5.6083687e-02
   3.1120000e+03   7.2425927e-01   3.7826566e-02
   3.1200000e+03   6.6678664e-01  -2.9108023e-02
   3.1280000e+03   7.4454232e-01   3.3077879e-02
   3.1360000e+03   7.8820053e-01   2.4271214e-02
   3.1440000e+03   7.4083775e-01   9.7065268e-02
   3.1520000e+03   7.2271650e-01   1.8100466e-02
   3.1600000e+03   7.4703663e-01   7.0829612e-02
   3.1680000e+03   7.1410394e-01   8.9702409e-03
   3.1760000e+03   7.4941452e-01  -4.1539551e-02
   3.1840000e+03   7.2256565e-01   1.7006386e-02
   3.1920000e+03   7.0644678e-01   1.7549810e-02
   3.2000000e+03   7.0135109e-01   3.9129186e-02
   3.2080000e+03   6.9012507e-01  -2.6441310e-02
   3.2160000e+03   7.0833787e-01   4.8226828e-02
   3.2240000e+03   7.2035602e-01   2.7032411e-02
   3.2320000e+03   6.9895875e-01   2.3379886e-02
   3.2400000e+03   7.5844234e-01  -2.2971627e-03
   3.2480000e+03   7.3492799e-01  -2.0435742e-02
   3.2560000e+03   6.7796734e-01   1.4956269e-01
   3.2640000e+03   6.8524848e-01   2.7226065e-02
   3.2720000e+03   8.6387662e-01  -5.9093603e-02
   3.2800000e+03   7.6246716e-01   1.0293361e-01
   3.2880000e+03   7.2454822e-01   1.8405735e-02
   3.2960000e+03   7.8009441e-01  -7.6773763e-03
   3.3040000e+03   6.5923809e-01   2.1716378e-02
   3.3120000e+03   6.9755980e-01  -6.8037781e-03
   3.3200000e+03   7.4446025e-01   6.6585134e-02
   3.3280000e+03   7.0890407e-01  -2.5232826e-02
   3.3360000e+03   6.9674394e-01  -1.9132049e-02
   3.3440000e+03   6.9386018e-01   1.2805093e-01
   3.3520000e+03   6.5982673e-01  -8.6607952e-02
   3.3600000e+03   6.7105489e-01   3.1741991e-02
   3.3680000e+03   7.1625381e-01   4.0450247e-02
   3.3760000e+03   6.9624803e-01   9.1204067e-04
   3.3840000e+03   7.2342486e-01  -9.2841092e-02
   3.3920000e+03   6.9093632e-01   1.2992983e-02
   3.4000000e+03   6.7998854e-01  -1.0403416e-02
   3.4080000e+03   6.7778306e-01   6.3878693e-02
   3.4160000e+03   7.2841448e-01  -2.4941219e-02
   3.4240000e+03   7.0961616e-01   1.4327830e-02
   3.4320000e+03   6.5591985e-01   9.5982886e-02
   3.4400000e+03   7.3927968e-01   1.7327272e-02
   3.4480000e+03   6.2831131e-01   4.8910736e-04
   3.4560000e+03   6.3904821e-01   4.4692512e-03
   3.4640000e+03   7.1444026e-01   3.7931048e-02
   3.4720000e+03   7.5647431e-01   5.3824485e-03
   3.4800000e+03   7.5208231e-01   4.3766162e-02
   3.4880000e+03   6.1100886e-01  -7.6294908e-02
   3.4960000e+03   7.3453014e-01   6.6888249e-03
   3.5040000e+03   6.7897491e-01   5.7916343e-03
   3.5120000e+03   7.3593414e-01   4.2626055e-02
   3.5200000e+03   6.7071471e-01   9.3985013e-03
   3.5280000e+03   7.7777299e-01  -3.4551082e-02
   3.5360000e+03   6.5295534e-01   6.1740139e-02
   3.5440000e+03   7.4690306e-01  -5.0221674e-02
   3.5520000e+03   6.9479849e-01   4.6407445e-02
   3.5600000e+03   7.7975467e-01  -2.1510815e-02
   3.5680000e+03   7.4180917e-01   8.3636215e-02
   3.5760000e+03   7.4018402e-01  -7.4470490e-02
   3.5840000e+03   8.4086464e-01   6.4327571e-02
   3.5920000e+03   6.3466377e-01  -3.4883357e-02
   3.6000000e+03   5.6364701e-01  -6.5599920e-02
   3.6080000e+03   7.4583437e-01   2.6402000e-02
   3.6160000e+03   8.2469960e-01   4.2938266e-02
   3.6240000e+03   6.5943699e-01   1.9690354e-02
   3.6320000e+03   7.8838050e-01   2.4201177e-02
   3.6400000e+03   7.4301224e-01  -2.1054937e-02
   3.6480000e+03   7.2077222e-01  -6.4150171e-02
   3.6560000e+03   6.0326405e-01   2.8789656e-02
   3.6640000e+03   7.7140836e-01  -2.0577172e-02
   3.6720000e+03   6.9451141e-01  -5.9608573e-02
   3.6800000e+03   5.7482802e-01  -1.1037639e-02
   3.6880000e+03   7.6063731e-01  -2.6828919e-02
   3.6960000e+03   6.2026300e-01   2.9681046e-02
   3.7040000e+03   6.6024528e-01   1.5673388e-02
   3.7120000e+03   7.6472384e-01   1.1785460e-03
   3.7200000e+03   7.0864080e-01  -6.3156729e-02
   3.7280000e+03   7.1674335e-01   1.2267079e-02
   3.7360000e+03   7.4305732e-01   1.2514847e-02
   3.7440000e+03   6.3047466e-01  -1.1997025e-03
   3.7520000e+03   7.2027000e-01   9.3174044e-02
   3.7600000e+03   7.7514866e-01   1.0149818e-02
   3.7680000e+03   7.0515962e-01   1.1931088e-03
   3.7760000e+03   6.9641946e-01  -3.8269321e-02
   3.7840000e+03   6.6628004e-01  -9.2765587e-02
   3.7920000e+03   7.3550484e-01   1.5615072e-02
   3.8000000e+03   7.3886861e-01  -9.4080315e-02
   3.8080000e+03   7.0135029e-01   2.0043314e-03
   3.8160000e+03   7.0487179e-01  -2.0533916e-02
   3.8240000e+03   7.3266930e-01  -8.7306019e-02
   3.8320000e+03   7.1605421e-01   5.4643090e-02
   3.8400000e+03   6.2274339e-01   4.3607868e-02
   3.8480000e+03   7.0787884e-01   1.3371273e-02
   3.8560000e+03   7.7974612e-01  -7.3414982e-02
   3.8640000e+03   7.4858597e-01  -9.1947299e-02
   3.8720000e+03   6.2001191e-01   2.6797761e-02
   3.8800000e+03   6.7774054e-01   4.8957074e-02
   3.8880000e+03   5.8437144e-01   4.2258630e-03
   3.8960000e+03   7.2055533e-01   1.6603271e-02
   3.9040000e+03   7.1854095e-01   3.9127187e-02
   3.9120000e+03   7.3928719e-01   6.6411273e-02
   3.9200000e+03   6.0303809e-01  -4.0777722e-02
   3.9280000e+03   6.9921175e-01   9.4089772e-06
   3.9360000e+03   7.3623958e-01   6.6193611e-02
   3.9440000e+03   7.2502646e-01   5.1349480e-02
   3.9520000e+03   6.0624773e-01   2.8861087e-02
   3.9600000e+03   7.5972540e-01   2.0183273e-02
   3.9680000e+03   7.0503709e-01   1.2943437e-02
   3.9760000e+03   6.0989196e-01   1.7328258e-03
   3.9840000e+03   6.6099008e-01   6.3968783e-02
   3.9920000e+03   7.1620311e-01  -5.1684503e-02
   4.0000000e+03   7.2317101e-01  -7.5531970e-02
   4.0080000e+03   6.6365150e-01   9.2457805e-03
   4.0160000e+03   7.4934845e-01   5.9368591e-02
   4.0240000e+03   7.1978213e-01   2.4566627e-03
   4.0320000e+03   6.7716605e-01   2.3510935e-02
   4.0400000e+03   6.8911699e-01  -6.7342904e-02
   4.0480000e+03   7.6397544e-01   2.2448159e-02
   4.0560000e+03   7.5109628e-01  -2.3925158e-02
   4.0640000e+03   7.2835604e-01   1.6736376e-02
   4.0720000e+03   6.0638811e-01   9.3480446e-02
   4.0800000e+03   7.0859876e-01  -1.4221060e-01
   4.0880000e+03   6.3375561e-01   6.8345932e-02
   4.0960000e+03   6.7558546e-01  -7.5244333e-03
   4.1040000e+03   7.4567260e-01  -9.3375438e-02
   4.1120000e+03   6.4861449e-01   7.9947589e-03
   4.1200000e+03   6.9495225e-01  -1.4669078e-02
   4.1280000e+03   7.9882150e-01   2.5259271e-02
   4.1360000e+03   6.4361535e-01   5.0607544e-03
   4.1440000e+03   7.1141475e-01  -6.0526296e-03
   4.1520000e+03   7.8259062e-01   3.4473656e-02
   4.1600000e+03   6.8364644e-01  -2.7895640e-02
   4.1680000e+03   7.9284647e-01  -3.1111067e-02
   4.1760000e+03   7.0418879e-01  -4.4430346e-02
   4.1840000e+03   6.7077381e-01   2.6573493e-02
   4.1920000e+03   7.8005419e-01  -2.7294558e-02
   4.2000000e+03   7.7361244e-01   2.4797201e-02
   4.2080000e+03   6.4267843e-01   3.4482144e-02
   4.2160000e+03   7.4037678e-01  -2.5733472e-02
   4.2240000e+03   7.1006290e-01   1.8416990e-02
   4.2320000e+03   6.3664663e-01   4.5133582e-02
   4.2400000e+03   7.2229403e-01  -6.2095446e-02
   4.2480000e+03   7.7730426e-01   7.6577116e-02
   4.2560000e+03   7.3460145e-01   1.2055669e-03
   4.2640000e+03   6.8180019e-01   6.0123862e-02
   4.2720000e+03   6.3762991e-01   3.4133037e-02
   4.2800000e+03   7.3193380e-01  -3.4974233e-02
   4.2880000e+03   7.6162453e-01  -4.3814388e-04
   4.2960000e+03   6.8161460e-01  -8.7631978e-03
   4.3040000e+03   7.0061874e-01  -6.1278018e-02
   4.3120000e+03   6.9263028e-01   4.6768455e-02
   4.3200000e+03   7.4313354e-01  -1.6289960e-02
   4.3280000e+03   6.5593549e-01  -4.9404548e-04
   4.3360000e+03   6.6364028e-01  -4.3071408e-02
   4.3440000e+03   6.9468850e-01  -9.2470282e-02
   4.3520000e+03   7.0947817e-01  -1.1830146e-02
   4.3600000e+03   7.3905693e-01   5.4435316e-02
   4.3680000e+03   7.5701850e-01  -5.3811996e-02
   4.3760000e+03   6.7955272e-01   2.3512669e-02
   4.3840000e+03   5.9679377e-01   7.6076941e-03
   4.3920000e+03   7.3796196e-01  -3.8536647e-03
   4.4000000e+03   6.8182435e-01   7.1504100e-02
   4.4080000e+03   7.1580688e-01   1.0387720e-01
   4.4160000e+03   6.7347148e-01  -1.9285821e-02
   4.4240000e+03   7.4175390e-01   2.2545970e-02
   4.4320000e+03   6.8829639e-01  -3.7978599e-02
   4.4400000e+03   7.3759527e-01  -6.4288489e-02
   4.4480000e+03   7.2570754e-01  -1.1434050e-02
   4.4560000e+03   7.0859950e-01   2.2641049e-02
   4.4640000e+03   6.3443596e-01  -1.0113962e-01
   4.4720000e+03   8.2304629e-01  -7.0526659e-02
   4.4800000e+03   7.2821731e-01   5.5132267e-02
   4.4880000e+03   7.8273083e-01  -6.8549262e-02
   4.4960000e+03   6.5638468e-01  -5.1891805e-02
   4.5040000e+03   7.2844166e-01  -4.7143814e-02
   4.5120000e+03   6.6901648e-01   3.0206278e-02
   4.5200000e+03   6.8935795e-01   7.3959072e-03
   4.5280000e+03   8.2227522e-01  -3.1790857e-03
   4.5360000e+03   7.5752061e-01  -3.0945877e-03
   4.5440000e+03   5.9876401e-01   3.0866531e-02
   4.5520000e+03   7.2387999e-01  -6.4401414e-02
   4.5600000e+03   6.6856161e-01  -4.4189131e-02
   4.5680000e+03   5.7199166e-01   1.3309000e-01
   4.5760000e+03   7.5537735e-01  -5.8395135e-02
   4.5840000e+03   5.6320173e-01   3.9496076e-02
   4.5920000e+03   7.4525954e-01   3.9112712e-02
   4.6000000e+03   6.5873757e-01  -2.2371987e-03
   4.6080000e+03   7.0718667e-01  -1.0944132e-01
   4.6160000e+03   7.5738119e-01   8.1904927e-02
   4.6240000e+03   6.6411529e-01  -1.7070101e-02
   4.6320000e+03   6.4664419e-01   2.6756828e-02
   4.6400000e+03   6.4526612e-01  -6.0490840e-02
   4.6480000e+03   6.5138587e-01   3.8491175e-02
   4.6560000e+03   6.0642001e-01  -1.0732494e-01
   4.6640000e+03   5.9667160e-01   5.3142591e-02
   4.6720000e+03   6.0084498e-01  -3.0915204e-02
   4.6800000e+03   7.4747573e-01   3.9099314e-02
   4.6880000e+03   7.2913059e-01  -8.9935260e-02
   4.6960000e+03   7.2027042e-01   3.0750198e-02
   4.7040000e+03   6.7776097e-01   9.6708881e-02
   4.7120000e+03   7.3032286e-01  -3.7307612e-02
   4.7200000e+03   6.9311928e-01   5.5445385e-02
   4.7280000e+03   7.5973584e-01  -7.3510790e-03
   4.7360000e+03   6.0843224e-01  -4.6490969e-02
   4.7440000e+03   5.9384731e-01  -3.1805081e-02
   4.7520000e+03   7.4773120e-01  -1.3627713e-02
   4.7600000e+03   6.2642727e-01   1.2792250e-03
   4.7680000e+03   6.8562367e-01   9.5063739e-03
   4.7760000e+03   7.5411836e-01   1.0096006e-01
   4.7840000e+03   6.2690198e-01   4.1051124e-03
   4.7920000e+03   7.6074963e-01   3.8902100e-02
   4.8000000e+03   7.2736406e-01  -1.3238993e-02
   4.8080000e+03   6.9845754e-01  -1.0814263e-01
   4.8160000e+03   7.0090674e-01   5.1892011e-02
   4.8240000e+03   7.2073370e-01  -2.7560137e-02
   4.8320000e+03   6.3164346e-01   2.0676705e-02
   4.8400000e+03   7.6808926e-01  -4.6580377e-02
   4.8480000e+03   5.9721621e-01   5.5840773e-02
   4.8560000e+03   6.7756168e-01   2.3579480e-02
   4.8640000e+03   7.5029749e-01  -4.1065709e-02
   4.8720000e+03   6.4991670e-01   4.1130910e-02
   4.8800000e+03   7.6071598e-01   2.9852795e-02
   4.8880000e+03   7.0012626e-01  -1.0309494e-01
   4.8960000e+03   7.2629611e-01  -4.1501492e-02
   4.9040000e+03   6.5452262e-01   2.0980987e-02
   4.9120000e+03   6.1497830e-01   2.9754878e-02
   4.9200000e+03   7.6497046e-01   9.0565086e-02
   4.9280000e+03   6.6448899e-01  -1.3350702e-02
   4.9360000e+03   6.6511371e-01   1.6356608e-02
   4.9440000e+03   7.0470147e-01  -1.4868769e-01
   4.9520000e+03   7.0904390e-01  -7.7394818e-02
   4.9600000e+03   5.9856718e-01  -5.1586588e-02
   4.9680000e+03   7.0290791e-01   2.6452786e-02
   4.9760000e+03   5.2912905e-01  -4.6138324e-02
   4.9840000e+03   6.4819601e-01   5.3246587e-02
   4.9920000e+03   5.6883764e-01   6.8376353e-03
   5.0000000e+03   6.8291054e-01  -1.0881120e-01
   5.0080000e+03   6.6113719e-01   5.8050530e-02
   5.0160000e+03   6.3809107e-01  -6.7237153e-02
   5.0240000e+03   6.0684077e-01   1.0624613e-02
   5.0320000e+03   7.2404493e-01   1.4053813e-02
   5.0400000e+03   7.2338473e-01   8.2977138e-02
   5.0480000e+03   6.4530317e-01   4.1434143e-02
   5.0560000e+03   5.9873170e-01   2.6817751e-02
   5.0640000e+03   6.5048089e-01   5.3526737e-02
   5.0720000e+03   6.7183231e-01  -1.4586399e-02
   5.0800000e+03   7.4440388e-01   4.6991796e-02
   5.0880000e+03   7.4544145e-01   3.1576039e-03
   5.0960000e+03   7.4042268e-01  -2.2308656e-02
   5.1040000e+03   6.8135485e-01   6.7771355e-03
   5.1120000e+03   6.4946682e-01  -3.9803070e-02
   5.1200000e+03   6.6280934e-01   1.1553952e-01
   5.1280000e+03   6.2460956e-01   2.5649156e-02
   5.1360000e+03   7.3889623e-01  -1.3909241e-02
   5.1440000e+03   7.3528505e-01  -1.6600823e-02
   5.1520000e+03   5.3668643e-01   9.6636846e-02
   5.1600000e+03   6.4220110e-01   5.0416224e-02
   5.1680000e+03   6.2103933e-01   5.0493580e-02
   5.1760000e+03   6.3602766e-01   8.9159974e-03
   5.1840000e+03   7.2053468e-01  -3.1735908e-02
   5.1920000e+03   7.5798868e-01   5.3381087e-02
   5.2000000e+03   6.6560772e-01   3.0932315e-02
   5.2080000e+03   7.0284068e-01  -3.4074991e-02
   5.2160000e+03   7.0002314e-01   5.8982862e-02
   5.2240000e+03   6.2962032e-01  -1.1068794e-01
   5.2320000e+03   6.9323821e-01   7.4940382e-02
   5.2400000e+03   6.7208978e-01  -1.6130865e-02
   5.2480000e+03   6.1461478e-01   6.9200560e-03
   5.2560000e+03   6.5173431e-01  -3.4548619e-02
   5.2640000e+03   6.8364159e-01  -1.6183412e-01
   5.2720000e+03   6.2738228e-01   1.1898542e-01
   5.2800000e+03   7.2233815e-01  -8.4457241e-02
   5.2880000e+03   7.0500138e-01  -4.3238139e-02
   5.2960000e+03   7.4357205e-01   8.3957615e-02
   5.3040000e+03   7.6264222e-01   8.7298642e-02
   5.3120000e+03   6.4473831e-01  -8.8948589e-02
   5.3200000e+03   5.6057374e-01  -8.3910068e-02
   5.3280000e+03   6.9364247e-01   6.3408158e-02
   5.3360000e+03   6.9062533e-01  -8.6122970e-02
   5.3440000e+03   6.8181541e-01  -3.6881647e-02
   5.3520000e+03   6.4400687e-01  -6.3360725e-04
   5.3600000e+03   4.9080764e-01   6.3413632e-02
   5.3680000e+03   5.6543970e-01   6.3870136e-02
   5.3760000e+03   5.9615656e-01  -4.0881261e-02
   5.3840000e+03   6.5915267e-01  -1.1470198e-02
   5.3920000e+03   5.8220577e-01  -1.8815843e-02
   5.4000000e+03   6.9524306e-01   1.9391655e-02
   5.4080000e+03   5.9313562e-01   5.0109741e-03
   5.4160000e+03   7.3794256e-01  -4.9769451e-02
   5.4240000e+03   6.6144103e-01   1.3120744e-02
   5.4320000e+03   5.8647245e-01  -5.9928768e-02
   5.4400000e+03   6.8338426e-01   1.1849281e-01
   5.4480000e+03   7.0040722e-01   7.5360306e-02
   5.4560000e+03   7.0190402e-01   5.1485560e-02
   5.4640000e+03   6.8645738e-01  -3.9541821e-02
   5.4720000e+03   6.7544277e-01  -3.8420106e-02
   5.4800000e+03   6.3034749e-01  -6.7426999e-02
   5.4880000e+03   6.9841214e-01   5.7146939e-04
   5.4960000e+03   6.5048519e-01   3.0240348e-03
   5.5040000e+03   7.1781560e-01   2.9656396e-02
   5.5120000e+03   5.8299658e-01  -2.0314356e-02
   5.5200000e+03   7.0800810e-01   7.0527706e-02
   5.5280000e+03   6.6033937e-01   3.0133314e-02
   5.5360000e+03   7.3321809e-01   3.3049227e-02
   5.5440000e+03   6.1626473e-01   4.8534275e-02
   5.5520000e+03   6.4791912e-01  -5.9870789e-02
   5.5600000e+03   6.7835094e-01  -4.1181560e-02
   5.5680000e+03   6.9238445e-01  -2.9535740e-02
   5.5760000e+03   7.3516333e-01  -5.1543082e-02
   5.5840000e+03   6.6095415e-01  -1.0121311e-02
   5.5920000e+03   7.1197385e-01  -3.0577536e-02
   5.6000000e+03   6.9217025e-01  -1.1206582e-03
   5.6080000e+03   5.5981923e-01   1.0449174e-01
   5.6160000e+03   6.4410482e-01   3.7045648e-03
   5.6240000e+03   6.7801109e-01  -1.5134595e-02
   5.6320000e+03   6.8689737e-01   7.9991354e-04
   5.6400000e+03   7.5081601e-01  -2.9940493e-02
   5.6480000e+03   7.5655403e-01  -7.4634218e-03
   5.6560000e+03   6.3913102e-01   5.1001708e-02
   5.6640000e+03   6.4255178e-01   9.1719199e-03
   5.6720000e+03   6.6059846e-01  -3.3420516e-02
   5.6800000e+03   6.3503538e-01   1.6723105e-04
   5.6880000e+03   6.5571858e-01  -3.9792323e-02
   5.6960000e+03   7.4245792e-01  -5.8994733e-02
   5.7040000e+03   6.0693139e-01   1.2775328e-03
   5.7120000e+03   6.4693011e-01   6.0846676e-02
   5.7200000e+03   6.3318343e-01   2.3470601e-02
   5.7280000e+03   6.7847184e-01  -1.5538364e-02
   5.7360000e+03   5.9733605e-01   1.4476609e-02
   5.7440000e+03   7.0015565e-01   2.3239339e-02
   5.7520000e+03   6.5859113e-01   5.4941921e-02
   5.7600000e+03   6.5149632e-01  -7.9310331e-02
   5.7680000e+03   6.2956804e-01  -4.6111867e-02
   5.7760000e+03   6.4700291e-01   8.2868705e-03
   5.7840000e+03   6.4669346e-01  -6.3844340e-02
   5.7920000e+03   6.2381455e-01  -4.3512101e-02
   5.8000000e+03   7.0142367e-01  -1.5414880e-02
   5.8080000e+03   6.5647237e-01   5.0898287e-02
   5.8160000e+03   6.3393571e-01  -4.5693174e-02
   5.8240000e+03   7.3448818e-01  -2.4380565e-02
   5.8320000e+03   6.1797103e-01   2.5436909e-02
   5.8400000e+03   6.5890933e-01   4.7516123e-02
   5.8480000e+03   6.6152090e-01  -1.9823467e-02
   5.8560000e+03   6.7050355e-01  -3.5962942e-03
   5.8640000e+03   6.3432707e-01   1.0236151e-01
   5.8720000e+03   6.3073837e-01   4.5195614e-02
   5.8800000e+03   6.8446888e-01   5.6542033e-03
   5.8880000e+03   6.7225735e-01   4.5180140e-02
   5.8960000e+03   6.0971015e-01  -4.5698034e-02
   5.9040000e+03   7.0997300e-01  -1.6629946e-04
   5.9120000e+03   6.5117426e-01  -5.1999673e-02
   5.9200000e+03   6.9272108e-01   6.9590473e-02
   5.9280000e+03   6.0079071e-01   2.3547405e-03
   5.9360000e+03   6.4445007e-01   5.0978297e-02
   5.9440000e+03   6.4314896e-01   3.9612767e-02
   5.9520000e+03   7.6756568e-01   4.9414870e-02
   5.9600000e+03   5.8738754e-01   3.6995804e-02
   5.9680000e+03   5.7273656e-01   2.4446393e-02
   5.9760000e+03   6.7602960e-01   6.7661194e-02
   5.9840000e+03   7.5675596e-01  -2.2896054e-02
   5.9920000e+03   7.9287989e-01   1.1682390e-01
   6.0000000e+03   7.0742821e-01   1.0139390e-01
   6.0080000e+03   6.2731803e-01  -6.1077499e-03
   6.0160000e+03   6.3246264e-01  -5.7464563e-03
   6.0240000e+03   6.7613802e-01   1.8247447e-02
   6.0320000e+03   5.9052376e-01   4.0753409e-02
   6.0400000e+03   5.8579955e-01  -1.4209925e-02
   6.0480000e+03   5.8923514e-01  -6.4921830e-02
   6.0560000e+03   6.6201241e-01  -2.3588295e-02
   6.0640000e+03   6.5850644e-01  -1.6386217e-01
   6.0720000e+03   5.9313113e-01   2.6976704e-02
   6.0800000e+03   7.4355727e-01   5.1862571e-02
   6.0880000e+03   6.6571009e-01   3.9911004e-02
   6.0960000e+03   6.3463486e-01   1.4911793e-02
   6.1040000e+03   6.1123432e-01   3.3593950e-02
   6.1120000e+03   5.8657981e-01  -6.1423048e-02
   6.1200000e+03   6.6080585e-01   3.7444813e-02
   6.1280000e+03   5.9300979e-01  -5.3265484e-02
   6.1360000e+03   6.3423886e-01   1.7791741e-03
   6.1440000e+03   6.9950348e-01   7.9247864e-02
   6.1520000e+03   6.3354573e-01   5.3850252e-02
   6.1600000e+03   6.9445982e-01   6.4736967e-02
   6.1680000e+03   5.7627649e-01  -8.0384498e-02
   6.1760000e+03   6.5568384e-01  -4.5313832e-02
   6.1840000e+03   6.9959928e-01   6.0624971e-02
   6.1920000e+03   6.0293237e-01   3.6553947e-02
   6.2000000e+03   6.3418663e-01  -6.4640662e-02
   6.2080000e+03   6.3912306e-01  -1.6951997e-02
   6.2160000e+03   6.2310670e-01   1.0861317e-01
   6.2240000e+03   6.2134332e-01   4.9328926e-02
   6.2320000e+03   5.8554443e-01  -1.7239238e-02
   6.2400000e+03   6.8137279e-01  -5.3680569e-02
   6.2480000e+03   6.0184968e-01  -7.3990473e-02
   6.2560000e+03   6.7617271e-01   8.3223865e-03
   6.2640000e+03   7.5993641e-01   4.1096293e-02
   6.2720000e+03   6.7577608e-01  -2.2555506e-02
   6.2800000e+03   7.0034090e-01   1.2694649e-02
   6.2880000e+03   6.3455171e-01   5.6716472e-02
   6.2960000e+03   7.3368615e-01  -1.2582965e-01
   6.3040000e+03   6.1903343e-01  -3.2063035e-02
   6.3120000e+03   6.2755771e-01   4.6603254e-03
   6.3200000e+03   6.0250503e-01   2.1767444e-02
   6.3280000e+03   5.7565056e-01   3.6690158e-02
   6.3360000e+03   5.9693510e-01  -9.9880254e-03
   6.3440000e+03   6.3961250e-01  -5.7883188e-02
   6.3520000e+03   6.2084159e-01  -6.0710044e-02
   6.3600000e+03   6.7850118e-01   4.1365108e-02
   6.3680000e+03   6.8863908e-01  -4.3381222e-02
   6.3760000e+03   7.2957614e-01  -5.8866347e-02
   6.3840000e+03   6.7090200e-01   1.7610153e-02
   6.3920000e+03   6.2589577e-01   1.5899843e-02
   6.4000000e+03   6.1280241e-01  -2.4103870e-02
   6.4080000e+03   6.8427085e-01   9.0411261e-02
   6.4160000e+03   6.9216362e-01   3.6922433e-03
   6.4240000e+03   6.1476514e-01  -1.1315504e-01
   6.4320000e+03   6.5745938e-01  -2.4816861e-02
   6.4400000e+03   7.1280132e-01   2.3581913e-02
   6.4480000e+03   6.8753300e-01  -5.5661888e-02
   6.4560000e+03   6.5590025e-01  -4.3590240e-02
   6.4640000e+03   6.6109034e-01  -6.8881060e-03
   6.4720000e+03   6.8581108e-01  -3.7420779e-02
   6.4800000e+03   5.9793080e-01   3.0123382e-02
   6.4880000e+03   6.1205361e-01  -3.7656544e-02
   6.4960000e+03   6.4634467e-01  -7.7376519e-02
   6.5040000e+03   6.3694778e-01   3.8144405e-02
   6.5120000e+03   6.6672664e-01   6.3781883e-02
   6.5200000e+03   6.3282290e-01   5.2064515e-02
   6.5280000e+03   5.4253892e-01  -3.1570974e-02
   6.5360000e+03   6.8668914e-01   3.4739371e-03
   6.5440000e+03   6.0120716e-01  -1.9888702e-02
   6.5520000e+03   6.4810081e-01  -7.7715926e-03
   6.5600000e+03   6.0084678e-01   5.2935044e-02
   6.5680000e+03   7.5482069e-01   7.7626314e-02
   6.5760000e+03   6.6460943e-01   6.5736611e-03
   6.5840000e+03   7.4012769e-01  -5.2306065e-02
   6.5920000e+03   6.1838823e-01  -2.2401716e-02
   6.6000000e+03   6.0411543e-01  -3.1029014e-02
   6.6080000e+03   7.2126739e-01   1.0219744e-02
   6.6160000e+03   6.1262223e-01  -4.7973235e-03
   6.6240000e+03   5.6200614e-01   6.3409347e-02
   6.6320000e+03   6.0247854e-01   5.9051736e-02
   6.6400000e+03   6.7779880e-01  -7.0637178e-02
   6.6480000e+03   6.5817010e-01   3.3989876e-02
   6.6560000e+03   5.8929946e-01   3.9143145e-02
   6.6640000e+03   5.9228825e-01  -2.9450235e-03
   6.6720000e+03   6.7373756e-01   1.1505746e-01
   6.6800000e+03   6.1900854e-01  -1.3074227e-02
   6.6880000e+03   6.1661437e-01  -1.3229172e-01
   6.6960000e+03   6.6620666e-01  -1.0640563e-02
   6.7040000e+03   6.4188168e-01  -7.0564065e-02
   6.7120000e+03   5.9112434e-01   6.9662232e-03
   6.7200000e+03   8.1049147e-01   1.0075639e-01
   6.7280000e+03   6.1608261e-01   2.5417666e-02
   6.7360000e+03   7.2147421e-01   2.9322844e-02
   6.7440000e+03   5.9586410e-01   2.4972484e-02
   6.7520000e+03   5.9466118e-01  -1.0287223e-02
   6.7600000e+03   6.0697306e-01  -1.7852417e-02
   6.7680000e+03   5.2412874e-01  -1.3357247e-01
   6.7760000e+03   6.4925712e-01  -1.3659036e-03
   6.7840000e+03   6.2423661e-01   1.2556839e-02
   6.7920000e+03   6.1064860e-01   2.0276923e-02
   6.8000000e+03   6.3325982e-01  -1.4331617e-02
   6.8080000e+03   5.5600475e-01  -1.4718678e-02
   6.8160000e+03   6.8709040e-01   5.5899949e-02
   6.8240000e+03   6.5017025e-01  -1.7937357e-01
   6.8320000e+03   7.1423100e-01   6.4525338e-02
   6.8400000e+03   6.6557316e-01   4.0799236e-02
   6.8480000e+03   7.1283957e-01  -2.4156298e-02
   6.8560000e+03   6.5329637e-01   8.9823466e-03
   6.8640000e+03   5.9974683e-01   2.4500686e-02
   6.8720000e+03   5.9155839e-01  -7.9752316e-02
   6.8800000e+03   6.8379828e-01   6.0647662e-02
   6.8880000e+03   6.1088873e-01  -5.7211894e-02
   6.8960000e+03   6.3708604e-01   7.4839553e-02
   6.9040000e+03   5.9823063e-01  -7.3800238e-03
   6.9120000e+03   7.1780694e-01   4.1666454e-02
   6.9200000e+03   6.6600833e-01   4.9832427e-02
   6.9280000e+03   6.8354907e-01  -1.0212042e-01
   6.9360000e+03   6.3251131e-01  -4.7747088e-02
   6.9440000e+03   6.8514869e-01  -3.8823840e-02
   6.9520000e+03   6.7926883e-01   5.6364017e-02
   6.9600000e+03   6.6792769e-01  -1.1782747e-03
   6.9680000e+03   5.9191426e-01   1.3182560e-02
   6.9760000e+03   6.1690771e-01  -1.0150280e-02
   6.9840000e+03   6.4116378e-01  -1.6932061e-02
   6.9920000e+03   7.6754407e-01  -6.2133249e-02
   7.0000000e+03   6.6980521e-01   1.2867281e-02
   7.0080000e+03   6.5948912e-01  -6.9886794e-03
   7.0160000e+03   6.7313945e-01   1.1198494e-02
   7.0240000e+03   6.6665118e-01   4.1859849e-02
   7.0320000e+03   7.0304687e-01  -7.1512022e-02
   7.0400000e+03   6.6042382e-01   2.8324204e-02
   7.0480000e+03   6.5313587e-01  -3.5313857e-03
   7.0560000e+03   5.8006729e-01   2.9483994e-02
   7.0640000e+03   6.2392621e-01  -2.2256127e-02
   7.0720000e+03   5.5907437e-01  -3.6772538e-02
   7.0800000e+03   5.9137580e-01  -2.9055416e-02
   7.0880000e+03   7.1290970e-01  -7.2066538e-02
   7.0960000e+03   7.7368100e-01   1.0088569e-02
   7.1040000e+03   7.3597134e-01  -1.0435891e-01
   7.1120000e+03   5.6724509e-01  -5.9410515e-02
   7.1200000e+03   6.3523354e-01  -1.6256159e-02
   7.1280000e+03   7.1883925e-01   6.5495062e-02
   7.1360000e+03   5.7111937e-01  -1.0464520e-01
   7.1440000e+03   5.7466634e-01   9.5318023e-02
   7.1520000e+03   4.8981971e-01   1.1141867e-01
   7.1600000e+03   6.6251003e-01   2.6718195e-02
   7.1680000e+03   5.5230227e-01  -3.8521381e-02
   7.1760000e+03   6.6209730e-01  -1.6081865e-02
   7.1840000e+03   7.5122010e-01   6.0806748e-02
   7.1920000e+03   7.4460794e-01   1.6615913e-02
   7.2000000e+03   6.8752611e-01  -1.7186230e-02
   7.2080000e+03   6.8601660e-01  -1.2152441e-01
   7.2160000e+03   7.0557826e-01   9.3448252e-02
   7.2240000e+03   7.5161195e-01   7.9177090e-02
   7.2320000e+03   6.7308828e-01   5.4708294e-02
   7.2400000e+03   6.0050909e-01  -1.2327708e-02
   7.2480000e+03   6.0139798e-01   5.4179376e-02
   7.2560000e+03   5.6869533e-01   1.9347866e-02
   7.2640000e+03   6.1564679e-01  -1.2324796e-02
   7.2720000e+03   5.9633319e-01  -1.0541638e-01
   7.2800000e+03   5.9807149e-01   1.7299943e-02
   7.2880000e+03   5.9241597e-01   5.4101149e-02
