   0.0000000e+00   8.8585505e-01   3.4311989e-04
   8.0000000e+00   9.0850132e-01   9.4916858e-03
   1.6000000e+01   8.8986631e-01   5.3784333e-04
   2.4000000e+01   9.0258189e-01  -3.3912568e-03
   3.2000000e+01   9.2123431e-01  -2.5490028e-03
   4.0000000e+01   9.1459877e-01   2.7133436e-03
   4.8000000e+01   9.3341562e-01  -8.0603820e-05
   5.6000000e+01   9.3678574e-01   3.1756624e-02
   6.4000000e+01   9.4167251e-01  -1.4729074e-02
   7.2000000e+01   9.8069151e-01   5.0050749e-03
   8.0000000e+01   9.4996991e-01  -1.4110591e-02
   8.8000000e+01   9.6588597e-01  -6.8795522e-04
   9.6000000e+01   9.7628866e-01   6.0482660e-03
   1.0400000e+02   9.8073569e-01   6.8261378e-03
   1.1200000e+02   1.0045597e+00   2.8063502e-03
   1.2000000e+02   9.9444263e-01  -6.2617674e-04
   1.2800000e+02   9.8662267e-01  -7.6807616e-03
   1.3600000e+02   9.9055634e-01  -1.9156265e-03
   1.4400000e+02   1.0025294e+00  -1.0818476e-03
   1.5200000e+02   9.7881861e-01  -2.2374276e-02
   1.6000000e+02   9.8331374e-01  -6.5438287e-03
   1.6800000e+02   9.7466702e-01   2.1404784e-02
   1.7600000e+02   9.6607167e-01  -1.1206388e-03
   1.8400000e+02   9.4477510e-01   2.0317035e-02
   1.9200000e+02   9.4144698e-01   4.2595727e-03
   2.0000000e+02   9.2687616e-01  -1.1035446e-03
   2.0800000e+02   9.2522252e-01   1.8962528e-03
   2.1600000e+02   9.0935054e-01  -1.3559693e-02
   2.2400000e+02   9.1282271e-01   1.2431810e-02
   2.3200000e+02   8.9951842e-01  -4.5496239e-03
   2.4000000e+02   8.8464833e-01   1.8449053e-02
   2.4800000e+02   8.7124798e-01   1.2896907e-03
   2.5600000e+02   8.5313954e-01  -1.2730242e-02
   2.6400000e+02   8.6878761e-01   1.0490726e-02
   2.7200000e+02   8.7011894e-01  -7.0342590e-03
   2.8000000e+02   8.6647120e-01   2.6991787e-03
   2.8800000e+02   8.5298465e-01  -8.7009447e-03
   2.9600000e+02   8.3843366e-01   5.9145803e-03
   3.0400000e+02   8.3229038e-01   1.1214077e-02
   3.1200000e+02   8.2216131e-01   4.5790646e-03
   3.2000000e+02   8.2029406e-01  -6.3446276e-03
   3.2800000e+02   8.2248714e-01  -1.9620712e-03
   3.3600000e+02   8.1801332e-01  -3.8247618e-03
   3.4400000e+02   8.0652619e-01  -6.5948870e-04
   3.5200000e+02   7.9389267e-01  -6.1688247e-03
   3.6000000e+02   7.8104855e-01  -7.6331049e-03
   3.6800000e+02   7.9506947e-01  -5.3300381e-03
   3.7600000e+02   7.8504627e-01  -1.6708552e-02
   3.8400000e+02   7.9528491e-01   1.5903232e-02
   3.9200000e+02   7.6778117e-01  -3.3928098e-04
   4.0000000e+02   7.7693434e-01  -1.3153553e-02
   4.0800000e+02   7.5783469e-01  -1.7657143e-03
   4.1600000e+02   7.7420699e-01   7.4992788e-03
   4.2400000e+02   7.5912146e-01   3.2479899e-03
   4.3200000e+02   7.3925922e-01   1.0356325e-02
   4.4000000e+02   7.5015915e-01  -5.5580710e-04
   4.4800000e+02   7.4984487e-01   3.5072657e-03
   4.5600000e+02   7.3901713e-01  -4.6973895e-03
   4.6400000e+02   7.5191692e-01  -3.6370765e-03
   4.7200000e+02   7.2081785e-01   5.6296145e-03
   4.8000000e+02   7.4225840e-01   6.2461715e-03
   4.8800000e+02   7.0862173e-01  -3.2177116e-03
   4.9600000e+02   7.3007516e-01  -3.1969756e-03
   5.0400000e+02   7.4502537e-01  -7.6826872e-04
   5.1200000e+02   7.1753345e-01  -1.3553758e-02
   5.2000000e+02   7.2807127e-01   6.3430803e-03
   5.2800000e+02   7.2073395e-01   2.9893474e-04
   5.3600000e+02   7.2449325e-01  -8.4276107e-03
   5.4400000e+02   7.1797108e-01  -6.0156660e-04
   5.5200000e+02   7.1621300e-01  -2.3074466e-04
   5.6000000e+02   7.2981995e-01  -8.7083896e-03
   5.6800000e+02   7.0294295e-01  -9.9337676e-03
   5.7600000e+02   7.0985197e-01   3.9159675e-03
   5.8400000e+02   7.0175035e-01   5.8550330e-03
   5.9200000e+02   7.0899653e-01   2.2011264e-03
   6.0000000e+02   6.9310277e-01   6.8830940e-03
   6.0800000e+02   6.9604346e-01   1.6088327e-03
   6.1600000e+02   7.0614222e-01  -8.4439394e-03
   6.2400000e+02   6.9632405e-01   6.6579732e-03
   6.3200000e+02   7.0074229e-01  -3.6476876e-03
   6.4000000e+02   6.9423132e-01  -1.3046738e-02
   6.4800000e+02   6.8270395e-01   1.1413931e-02
   6.5600000e+02   7.0704304e-01  -2.4521339e-03
   6.6400000e+02   6.8738466e-01   1.8257478e-02
   6.7200000e+02   6.8275038e-01   9.0033219e-03
   6.8000000e+02   6.6908742e-01  -1.2375798e-02
   6.8800000e+02   6.9598108e-01  -9.9002329e-04
   6.9600000e+02   6.6777025e-01   1.1831818e-02
   7.0400000e+02   6.8347702e-01   5.8590324e-03
   7.1200000e+02   6.8720507e-01  -1.1777557e-02
   7.2000000e+02   6.8986580e-01  -1.4186853e-03
   7.2800000e+02   6.7256635e-01  -1.5540296e-02
   7.3600000e+02   6.8671166e-01   5.3927052e-03
   7.4400000e+02   6.6940284e-01   2.7320182e-03
   7.5200000e+02   6.8011665e-01  -1.4532276e-02
   7.6000000e+02   6.7728873e-01   1.2013181e-02
   7.6800000e+02   6.7162353e-01   1.5642359e-02
   7.7600000e+02   6.8804848e-01  -4.1709314e-03
   7.8400000e+02   6.7898015e-01  -1.9024820e-03
   7.9200000e+02   6.7946270e-01   5.4069243e-03
   8.0000000e+02   6.8212907e-01   1.9285914e-03
   8.0800000e+02   6.6577785e-01   1.4532532e-02
   8.1600000e+02   6.8091098e-01  -9.5467048e-03
   8.2400000e+02   6.7578064e-01  -8.9855511e-04
   8.3200000e+02   6.7552130e-01  -1.0398331e-03
   8.4000000e+02   6.6747352e-01  -5.2938980e-03
   8.4800000e+02   6.7376608e-01   3.6443830e-04
   8.5600000e+02   6.8820124e-01  -2.4044311e-04
   8.6400000e+02   6.7279651e-01  -1.5737369e-02
   8.7200000e+02   6.6675979e-01  -7.3897435e-04
   8.8000000e+02   6.7423007e-01   8.5014310e-03
   8.8800000e+02   6.7007194e-01  -3.8039751e-03
   8.9600000e+02   6.8329670e-01   1.4883282e-03
   9.0400000e+02   6.6346680e-01  -5.1637694e-03
   9.1200000e+02   6.6210019e-01   2.2436353e-02
   9.2000000e+02   6.7372780e-01   5.8059362e-03
   9.2800000e+02   6.6369997e-01   5.4887521e-03
   9.3600000e+02   6.8156616e-01  -1.9748918e-02
   9.4400000e+02   6.7551186e-01  -1.4480128e-02
   9.5200000e+02   6.5743288e-01   1.0174228e-02
   9.6000000e+02   6.7730265e-01   1.3385606e-02
   9.6800000e+02   6.6034121e-01   9.7252616e-03
   9.7600000e+02   6.4055528e-01   9.1911374e-03
   9.8400000e+02   6.6389768e-01  -4.0598161e-03
   9.9200000e+02   6.5569324e-01  -2.4922863e-03
   1.0000000e+03   6.5881437e-01  -4.5821519e-03
   1.0080000e+03   6.5547173e-01   5.2866928e-03
   1.0160000e+03   6.5267357e-01   8.7286750e-03
   1.0240000e+03   6.7474393e-01  -7.8974438e-03
   1.0320000e+03   6.6216587e-01  -2.3937804e-03
   1.0400000e+03   6.5719964e-01  -4.8441297e-03
   1.0480000e+03   6.7392741e-01   3.2997496e-03
   1.0560000e+03   6.6761222e-01  -1.2788958e-02
   1.0640000e+03   6.8234564e-01   1.3858150e-02
   1.0720000e+03   6.5091876e-01   3.5258722e-04
   1.0800000e+03   6.8094205e-01  -1.3829733e-02
   1.0880000e+03   6.6379648e-01   4.9094181e-03
   1.0960000e+03   6.7612926e-01  -2.3183135e-03
   1.1040000e+03   6.5628194e-01   3.5159212e-03
   1.1120000e+03   6.7161360e-01  -4.6048098e-03
   1.1200000e+03   6.6898749e-01  -1.5825598e-03
   1.1280000e+03   6.6659719e-01   1.0288399e-02
   1.1360000e+03   6.5969075e-01  -6.9037257e-03
   1.1440000e+03   6.6547796e-01   1.3490764e-02
   1.1520000e+03   6.7183352e-01   3.2450157e-03
   1.1600000e+03   6.5489617e-01   1.7828886e-02
   1.1680000e+03   6.5877035e-01  -4.4652463e-03
   1.1760000e+03   6.6423121e-01  -9.2423416e-03
   1.1840000e+03   6.6239567e-01   4.9406310e-03
   1.1920000e+03   6.5524241e-01  -2.5704703e-03
   1.2000000e+03   6.7042251e-01  -5.6615101e-03
   1.2080000e+03   6.7559282e-01   1.5389180e-02
   1.2160000e+03   6.7098721e-01  -1.3517700e-02
   1.2240000e+03   6.5610099e-01   1.4174823e-03
   1.2320000e+03   6.6925174e-01  -5.1236756e-04
   1.2400000e+03   6.5879081e-01  -1.1000420e-02
   1.2480000e+03   6.8051292e-01   1.1726045e-03
   1.2560000e+03   6.6262963e-01  -1.4811662e-02
   1.2640000e+03   6.6687536e-01   2.3013301e-03
   1.2720000e+03   6.5279193e-01   1.1872629e-02
   1.2800000e+03   6.7008797e-01  -2.8220755e-03
   1.2880000e+03   6.6581743e-01  -3.0483906e-03
   1.2960000e+03   6.9837308e-01   1.2225368e-03
   1.3040000e+03   6.6618420e-01  -1.0129254e-02
   1.3120000e+03   6.7534340e-01   9.6878571e-03
   1.3200000e+03   6.5707898e-01   3.5012045e-03
   1.3280000e+03   6.7463202e-01   1.8638172e-03
   1.3360000e+03   6.8412057e-01   5.8517948e-04
   1.3440000e+03   6.9456420e-01   1.1927982e-02
   1.3520000e+03   6.4958854e-01  -1.6768981e-02
   1.3600000e+03   6.7220288e-01  -1.6543095e-02
   1.3680000e+03   6.6000761e-01   2.8074975e-03
   1.3760000e+03   6.6393622e-01  -6.7591536e-03
   1.3840000e+03   6.8563883e-01   1.0654229e-02
   1.3920000e+03   6.8432274e-01   4.3685824e-03
   1.4000000e+03   6.8338175e-01   4.6631007e-03
   1.4080000e+03   6.7459481e-01  -1.7834670e-02
   1.4160000e+03   6.6702131e-01   7.8685094e-03
   1.4240000e+03   6.8194386e-01  -1.8519962e-02
   1.4320000e+03   6.6524245e-01  -3.3039758e-03
   1.4400000e+03   6.7222598e-01  -7.7615240e-03
   1.4480000e+03   6.7709047e-01   1.2104970e-02
   1.4560000e+03   6.6641954e-01  -6.2438317e-03
   1.4640000e+03   6.8408779e-01  -8.0644107e-04
   1.4720000e+03   6.8092838e-01   6.3658028e-03
   1.4800000e+03   6.6665874e-01  -8.3917408e-03
   1.4880000e+03   6.5608111e-01  -6.2353362e-03
   1.4960000e+03   6.8834366e-01   1.2087746e-03
   1.5040000e+03   6.5740302e-01  -4.9840849e-03
   1.5120000e+03   6.7383122e-01  -8.1346768e-03
   1.5200000e+03   6.7660628e-01  -8.5266375e-03
   1.5280000e+03   6.7690266e-01   3.5121548e-03
   1.5360000e+03   6.8554319e-01   7.0342643e-03
   1.5440000e+03   6.6363990e-01  -6.3265230e-03
   1.5520000e+03   6.7763662e-01  -1.1438172e-02
   1.5600000e+03   6.7669278e-01   1.4195590e-02
   1.5680000e+03   6.7689201e-01   9.7549249e-03
   1.5760000e+03   6.8133210e-01   3.8800133e-03
   1.5840000e+03   6.8050596e-01   9.1666027e-04
   1.5920000e+03   6.8404572e-01   3.6460488e-03
   1.6000000e+03   6.7206936e-01  -5.2480317e-03
   1.6080000e+03   6.7819699e-01  -5.2056181e-03
   1.6160000e+03   6.8719307e-01   3.4391466e-03
   1.6240000e+03   6.7396969e-01  -6.3438058e-03
   1.6320000e+03   6.6580402e-01  -3.3731445e-04
   1.6400000e+03   6.7800844e-01  -2.4228494e-03
   1.6480000e+03   6.6965923e-01   1.0059183e-02
   1.6560000e+03   6.8307671e-01  -4.4984423e-03
   1.6640000e+03   6.6268377e-01  -1.7318582e-02
   1.6720000e+03   6.7442288e-01  -1.2499088e-03
   1.6800000e+03   6.7981762e-01   4.9835211e-03
   1.6880000e+03   6.8215999e-01   1.4588942e-02
   1.6960000e+03   6.7547362e-01  -3.7924617e-03
   1.7040000e+03   6.8507084e-01   6.1505528e-03
   1.7120000e+03   6.7963743e-01   5.2334155e-03
   1.7200000e+03   6.9264192e-01  -2.0242924e-03
   1.7280000e+03   6.7902854e-01  -3.2839401e-03
   1.7360000e+03   6.7705660e-01  -7.9741893e-04
   1.7440000e+03   6.6605279e-01  -2.1956158e-02
   1.7520000e+03   6.8396810e-01   4.9990014e-03
   1.7600000e+03   6.8702703e-01   1.3604816e-03
   1.7680000e+03   6.8677642e-01   7.9368035e-03
   1.7760000e+03   6.7351414e-01  -1.4885763e-02
   1.7840000e+03   6.7901512e-01   5.5833296e-03
   1.7920000e+03   6.8642447e-01   2.8667647e-02
   1.8000000e+03   6.7423703e-01   1.0185543e-03
   1.8080000e+03   6.8276464e-01  -8.5965948e-03
   1.8160000e+03   6.7015980e-01  -1.9097894e-03
   1.8240000e+03   6.8077218e-01  -5.0587527e-03
   1.8320000e+03   6.7717412e-01   3.4750402e-04
   1.8400000e+03   6.9068106e-01  -5.1226098e-03
   1.8480000e+03   6.7390134e-01   8.4014372e-03
   1.8560000e+03   6.6632884e-01  -9.1151635e-03
   1.8640000e+03   6.6290485e-01   2.7651949e-03
   1.8720000e+03   6.6219891e-01  -1.0800782e-02
   1.8800000e+03   6.7418182e-01   7.3237089e-03
   1.8880000e+03   6.7371394e-01   1.0605207e-02
   1.8960000e+03   6.7326870e-01  -9.1690748e-04
   1.9040000e+03   6.7452328e-01  -1.8182640e-03
   1.9120000e+03   6.8701018e-01   6.1061858e-03
   1.9200000e+03   6.7143390e-01  -1.7086412e-02
   1.9280000e+03   6.8079079e-01  -1.2131993e-02
   1.9360000e+03   6.7555740e-01  -5.4349965e-03
   1.9440000e+03   6.7225582e-01   4.9225312e-03
   1.9520000e+03   6.7717787e-01   1.2275053e-03
   1.9600000e+03   6.7053551e-01   3.0728527e-03
   1.9680000e+03   6.6542906e-01   3.4194777e-03
   1.9760000e+03   6.7145620e-01  -9.1258778e-03
   1.9840000e+03   6.8348089e-01  -1.8754463e-02
   1.9920000e+03   6.5133171e-01   7.9393833e-03
   2.0000000e+03   6.6117404e-01   3.4200291e-03
   2.0080000e+03   6.7526820e-01   4.0516156e-03
   2.0160000e+03   6.6759224e-01  -6.5235386e-03
   2.0240000e+03   6.8022470e-01   8.1514670e-04
   2.0320000e+03   6.7098995e-01  -5.6141551e-03
   2.0400000e+03   6.6591067e-01  -5.3074359e-03
   2.0480000e+03   6.7622174e-01   8.4690082e-03
   2.0560000e+03   6.6860097e-01  -1.2363298e-02
   2.0640000e+03   6.8395671e-01   1.2043054e-02
   2.0720000e+03   6.7142536e-01   2.0757659e-03
   2.0800000e+03   6.6392335e-01  -3.6237775e-03
   2.0880000e+03   6.7459003e-01   5.7147147e-03
   2.0960000e+03   6.5656406e-01   6.4250010e-03
   2.1040000e+03   6.7506831e-01  -1.4580839e-02
   2.1120000e+03   6.6621194e-01   2.8139543e-03
   2.1200000e+03   6.7561585e-01  -2.4799718e-03
   2.1280000e+03   6.7269039e-01  -8.2060481e-03
   2.1360000e+03   6.8515662e-01   2.3871277e-03
   2.1440000e+03   6.6061015e-01  -6.2940666e-03
   2.1520000e+03   6.7346204e-01  -8.0829954e-03
   2.1600000e+03   6.7575325e-01   1.5252121e-02
   2.1680000e+03   6.6460699e-01   5.0108212e-04
   2.1760000e+03   6.8555883e-01   2.0995811e-02
   2.1840000e+03   6.8043024e-01  -4.0293504e-03
   2.1920000e+03   6.6635125e-01   5.0067470e-03
   2.2000000e+03   6.8450394e-01   1.1182342e-02
   2.2080000e+03   6.8592908e-01  -8.8754478e-03
   2.2160000e+03   6.7765772e-01   3.3186874e-04
   2.2240000e+03   6.7121458e-01   1.4921835e-02
   2.2320000e+03   6.7175222e-01   4.8377844e-03
   2.2400000e+03   6.5970867e-01  -9.7261232e-03
   2.2480000e+03   6.6830617e-01   8.6055799e-03
   2.2560000e+03   6.7212723e-01   8.8484887e-03
   2.2640000e+03   6.7016023e-01  -1.0880533e-03
   2.2720000e+03   6.6747519e-01   4.9816478e-03
   2.2800000e+03   6.5838390e-01   5.2919485e-03
   2.2880000e+03   6.5932757e-01  -2.3955556e-02
   2.2960000e+03   6.5534298e-01  -1.8230325e-02
   2.3040000e+03   6.6572377e-01  -2.8381273e-03
   2.3120000e+03   6.5630375e-01  -3.7089469e-03
   2.3200000e+03   6.7976830e-01  -5.5047565e-03
   2.3280000e+03   6.6243056e-01   4.6528943e-03
   2.3360000e+03   6.7384150e-01   6.3812145e-03
   2.3440000e+03   6.9308853e-01   5.6955029e-03
   2.3520000e+03   6.7141340e-01   1.3830090e-03
   2.3600000e+03   6.6660155e-01   7.2950345e-03
   2.3680000e+03   6.6173903e-01   2.8726984e-03
   2.3760000e+03   6.7801103e-01   1.4503121e-02
   2.3840000e+03   6.5640519e-01  -1.6606603e-02
   2.3920000e+03   6.6549493e-01   1.9554956e-02
   2.4000000e+03   6.6518929e-01  -6.9336583e-03
   2.4080000e+03   6.7604407e-01  -8.5809535e-03
   2.4160000e+03   6.7529424e-01   1.1057965e-02
   2.4240000e+03   6.6302899e-01  -4.1163416e-04
   2.4320000e+03   6.6475588e-01   1.4427618e-03
   2.4400000e+03   6.7060167e-01  -7.4006445e-03
   2.4480000e+03   6.6651987e-01   8.8173430e-04
   2.4560000e+03   6.5282828e-01   5.8506402e-03
   2.4640000e+03   6.7392290e-01  -9.3290372e-03
   2.4720000e+03   6.5596616e-01  -3.3873772e-03
   2.4800000e+03   6.6232698e-01  -8.2569525e-03
   2.4880000e+03   6.7279130e-01  -9.6104174e-03
   2.4960000e+03   6.5355692e-01  -2.1254883e-03
   2.5040000e+03   6.6121419e-01   9.9698102e-03
   2.5120000e+03   6.5255216e-01   3.3557833e-03
   2.5200000e+03   6.6372959e-01   1.0790982e-02
   2.5280000e+03   6.6322284e-01   2.1359670e-03
   2.5360000e+03   6.6874463e-01  -3.6537173e-03
   2.5440000e+03   6.7569431e-01  -8.7958508e-03
   2.5520000e+03   6.5703485e-01  -7.5257776e-03
   2.5600000e+03   6.5652867e-01  -6.0423149e-03
   2.5680000e+03   6.4812363e-01   1.0542638e-04
   2.5760000e+03   6.6740239e-01   1.2639650e-02
   2.5840000e+03   6.5448777e-01  -1.0994371e-02
   2.5920000e+03   6.6798357e-01  -1.0775466e-02
   2.6000000e+03   6.6592949e-01   8.8865160e-03
   2.6080000e+03   6.6384789e-01  -1.7462421e-02
   2.6160000e+03   6.5774069e-01   5.1612575e-03
   2.6240000e+03   6.6961897e-01  -2.8579113e-03
   2.6320000e+03   6.5526737e-01  -1.3270987e-02
   2.6400000e+03   6.6967857e-01   5.6842938e-03
   2.6480000e+03   6.5860985e-01  -1.0574265e-02
   2.6560000e+03   6.5813782e-01   6.7867780e-03
   2.6640000e+03   6.4900224e-01   5.8082595e-03
   2.6720000e+03   6.6756994e-01   5.9142451e-03
   2.6800000e+03   6.5836224e-01   9.2914071e-03
   2.6880000e+03   6.3807827e-01  -6.7406048e-03
   2.6960000e+03   6.5934085e-01  -1.6357694e-03
   2.7040000e+03   6.7675774e-01   9.2246197e-04
   2.7120000e+03   6.5337217e-01   1.7259300e-02
   2.7200000e+03   6.7624410e-01  -3.7296040e-03
   2.7280000e+03   6.5677867e-01   3.9040635e-03
   2.7360000e+03   6.5082919e-01   1.1341516e-02
   2.7440000e+03   6.5279215e-01  -8.4467653e-03
   2.7520000e+03   6.6053748e-01  -5.3017151e-03
   2.7600000e+03   6.5942796e-01   2.9789275e-03
   2.7680000e+03   6.6243806e-01  -1.0204761e-03
   2.7760000e+03   6.4184589e-01   3.2254743e-03
   2.7840000e+03   6.7355524e-01   5.5129579e-03
   2.7920000e+03   6.7088197e-01  -1.4448402e-03
   2.8000000e+03   6.5254349e-01   3.8741247e-03
   2.8080000e+03   6.5966239e-01   5.2392904e-03
   2.8160000e+03   6.5022751e-01  -1.6600451e-02
   2.8240000e+03   6.6516892e-01   1.7312051e-02
   2.8320000e+03   6.6023078e-01  -2.4549469e-03
   2.8400000e+03   6.6315751e-01  -5.3695406e-03
   2.8480000e+03   6.5700068e-01  -5.7688739e-03
   2.8560000e+03   6.7923017e-01   7.8027047e-03
   2.8640000e+03   6.5565730e-01  -1.5621429e-02
   2.8720000e+03   6.5135528e-01  -4.9049613e-03
   2.8800000e+03   6.4658176e-01   1.1172580e-03
   2.8880000e+03   6.5388687e-01   7.2465462e-03
   2.8960000e+03   6.4896748e-01   9.0160950e-03
   2.9040000e+03   6.4993487e-01  -1.6554604e-02
   2.9120000e+03   6.5207372e-01  -7.8164798e-03
   2.9200000e+03   6.4056980e-01   4.5460737e-03
   2.9280000e+03   6.4916537e-01   1.1577862e-02
   2.9360000e+03   6.6264061e-01  -1.0336544e-02
   2.9440000e+03   6.6507614e-01  -1.8981088e-03
   2.9520000e+03   6.6022297e-01  -2.4334347e-03
   2.9600000e+03   6.6023554e-01  -7.0242144e-03
   2.9680000e+03   6.5156790e-01   7.5708671e-03
   2.9760000e+03   6.6324986e-01  -1.4487968e-02
   2.9840000e+03   6.4860988e-01   8.2479920e-03
   2.9920000e+03   6.6645425e-01  -9.9893388e-03
   3.0000000e+03   6.5643031e-01   9.2694394e-03
   3.0080000e+03   6.5769555e-01   4.2778929e-03
   3.0160000e+03   6.6380818e-01   9.4429037e-03
   3.0240000e+03   6.3747177e-01  -5.7107363e-03
   3.0320000e+03   6.6457294e-01  -2.8043122e-03
   3.0400000e+03   6.4877543e-01  -6.5483102e-03
   3.0480000e+03   6.4712569e-01  -6.3976083e-03
   3.0560000e+03   6.6689185e-01   1.0677460e-03
   3.0640000e+03   6.6315530e-01   9.5808689e-03
   3.0720000e+03   6.5437557e-01  -1.1221578e-02
   3.0800000e+03   6.5874255e-01  -1.6967297e-03
   3.0880000e+03   6.4067024e-01   5.0846730e-03
   3.0960000e+03   6.5505990e-01  -4.2416832e-03
   3.1040000e+03   6.6054719e-01  -8.2071154e-03
   3.1120000e+03   6.4508567e-01   1.2494651e-02
   3.1200000e+03   6.6419239e-01   2.3677938e-03
   3.1280000e+03   6.6511597e-01   2.0632300e-02
   3.1360000e+03   6.5681124e-01   1.2378706e-03
   3.1440000e+03   6.5890770e-01   9.7875783e-03
   3.1520000e+03   6.5054861e-01   1.4055308e-02
   3.1600000e+03   6.5808619e-01   3.1029773e-03
   3.1680000e+03   6.5377173e-01   1.3218802e-02
   3.1760000e+03   6.5533687e-01  -9.0788068e-03
   3.1840000e+03   6.6195849e-01   1.8288469e-03
   3.1920000e+03   6.6069782e-01  -1.3704976e-02
   3.2000000e+03   6.5994064e-01  -1.9713003e-03
   3.2080000e+03   6.6164761e-01   9.8244260e-03
   3.2160000e+03   6.5889680e-01  -8.9566843e-03
   3.2240000e+03   6.5275276e-01  -6.1207345e-03
   3.2320000e+03   6.3849176e-01   6.2083769e-03
   3.2400000e+03   6.5328535e-01   3.1866722e-03
   3.2480000e+03   6.4393176e-01   3.7046828e-03
   3.2560000e+03   6.5517291e-01  -6.9501597e-03
   3.2640000e+03   6.5872770e-01   1.6714472e-02
   3.2720000e+03   6.5783255e-01  -6.1543675e-03
   3.2800000e+03   6.4992440e-01   6.1156713e-03
   3.2880000e+03   6.3774516e-01   1.3442864e-02
   3.2960000e+03   6.5939830e-01   1.1867404e-03
   3.3040000e+03   6.5122929e-01  -1.4792780e-02
   3.3120000e+03   6.6133146e-01  -1.5178244e-02
   3.3200000e+03   6.4907392e-01   2.1343070e-03
   3.3280000e+03   6.3795008e-01   6.0485213e-03
   3.3360000e+03   6.4159966e-01   1.2973927e-03
   3.3440000e+03   6.5993590e-01   1.8445009e-02
   3.3520000e+03   6.4761740e-01   1.0633794e-02
   3.3600000e+03   6.4156453e-01   3.8458141e-03
   3.3680000e+03   6.6100398e-01  -1.1582157e-02
   3.3760000e+03   6.4349563e-01   1.0476461e-02
   3.3840000e+03   6.4095488e-01   2.0221636e-03
   3.3920000e+03   6.4682265e-01  -2.5273909e-03
   3.4000000e+03   6.5106136e-01   4.6461552e-03
   3.4080000e+03   6.4884621e-01  -4.0495983e-03
   3.4160000e+03   6.5435149e-01   1.7754788e-03
   3.4240000e+03   6.6078800e-01   1.4767403e-03
   3.4320000e+03   6.5249738e-01   1.7898923e-02
   3.4400000e+03   6.4359542e-01   5.6720871e-03
   3.4480000e+03   6.5306567e-01  -1.1834506e-02
   3.4560000e+03   6.5246291e-01  -1.5199333e-02
   3.4640000e+03   6.4878952e-01  -6.8525325e-03
   3.4720000e+03   6.5055631e-01  -4.3102825e-03
   3.4800000e+03   6.5974706e-01  -5.0293696e-03
   3.4880000e+03   6.5472062e-01   8.5797484e-04
   3.4960000e+03   6.5527520e-01  -4.8010887e-03
   3.5040000e+03   6.5413955e-01  -8.5924043e-04
   3.5120000e+03   6.4326902e-01   5.8808246e-03
   3.5200000e+03   6.4749835e-01  -4.5728934e-03
   3.5280000e+03   6.5086174e-01   1.1862801e-04
   3.5360000e+03   6.4039437e-01  -3.3377410e-03
   3.5440000e+03   6.4737239e-01  -2.1046482e-02
   3.5520000e+03   6.4414127e-01   5.2711653e-03
   3.5600000e+03   6.4804139e-01  -1.4882397e-02
   3.5680000e+03   6.4290122e-01  -5.9944393e-03
   3.5760000e+03   6.4833831e-01   8.3772611e-03
   3.5840000e+03   6.5004917e-01   2.1069753e-03
   3.5920000e+03   6.5998762e-01   2.7336540e-03
   3.6000000e+03   6.2758578e-01  -7.7685258e-03
   3.6080000e+03   6.3640755e-01   1.8572965e-03
   3.6160000e+03   6.5341290e-01  -1.6331189e-02
   3.6240000e+03   6.5921517e-01   1.1165145e-02
   3.6320000e+03   6.4885147e-01   1.0227039e-02
   3.6400000e+03   6.5435830e-01  -4.3070588e-03
   3.6480000e+03   6.5007658e-01  -4.6757150e-03
   3.6560000e+03   6.3281628e-01  -4.6575922e-03
   3.6640000e+03   6.3190499e-01   8.8386424e-03
   3.6720000e+03   6.4426152e-01  -2.9783703e-03
   3.6800000e+03   6.5177169e-01  -1.2081779e-03
   3.6880000e+03   6.4575402e-01   5.4938516e-03
   3.6960000e+03   6.6257783e-01  -5.3039100e-03
   3.7040000e+03   6.3336605e-01  -9.1897042e-03
   3.7120000e+03   6.5302635e-01  -3.8460655e-04
   3.7200000e+03   6.3661253e-01   6.9049918e-03
   3.7280000e+03   6.4209392e-01   5.0813953e-03
   3.7360000e+03   6.5789739e-01  -1.3804398e-02
   3.7440000e+03   6.2255661e-01  -1.5660377e-02
   3.7520000e+03   6.4861160e-01  -1.0258698e-02
   3.7600000e+03   6.5729860e-01   5.2378251e-04
   3.7680000e+03   6.3126930e-01   1.1244844e-02
   3.7760000e+03   6.3124579e-01   8.4553263e-03
   3.7840000e+03   6.4269773e-01   4.8208302e-03
   3.7920000e+03   6.2595853e-01   5.8890014e-03
   3.8000000e+03   6.6167029e-01   1.1911486e-02
   3.8080000e+03   6.4074216e-01   9.4460479e-03
   3.8160000e+03   6.4214896e-01   3.8317222e-03
   3.8240000e+03   6.4911792e-01  -3.4441071e-03
   3.8320000e+03   6.2877392e-01   1.5487308e-02
   3.8400000e+03   6.3953619e-01  -1.2537760e-03
   3.8480000e+03   6.4319728e-01  -1.2525974e-02
   3.8560000e+03   6.2561025e-01  -2.6022355e-03
   3.8640000e+03   6.4560367e-01   3.5004925e-03
   3.8720000e+03   6.2814347e-01   6.8556308e-03
   3.8800000e+03   6.4647566e-01   3.6970715e-03
   3.8880000e+03   6.4634685e-01   3.5992896e-02
   3.8960000e+03   6.3629544e-01  -9.9142269e-03
   3.9040000e+03   6.3817602e-01  -1.4418448e-02
   3.9120000e+03   6.2800730e-01  -1.2561983e-02
   3.9200000e+03   6.3194584e-01  -1.3795366e-02
   3.9280000e+03   6.4347605e-01  -1.5487356e-03
   3.9360000e+03   6.3986341e-01  -5.0015313e-03
   3.9440000e+03   6.2331449e-01   1.4779850e-02
   3.9520000e+03   6.3335196e-01   1.4533395e-02
   3.9600000e+03   6.4197240e-01  -1.5165695e-02
   3.9680000e+03   6.5090015e-01  -9.2119388e-04
   3.9760000e+03   6.4548301e-01  -9.4182764e-03
   3.9840000e+03   6.3626544e-01   1.9652376e-04
   3.9920000e+03   6.4591363e-01  -2.3445041e-02
   4.0000000e+03   6.3334651e-01  -1.7435598e-02
   4.0080000e+03   6.4412827e-01   8.0914261e-03
   4.0160000e+03   6.3155273e-01  -2.0290362e-02
   4.0240000e+03   6.1912287e-01   3.7297804e-03
   4.0320000e+03   6.3802110e-01   1.6711917e-02
   4.0400000e+03   6.3689601e-01   8.2333080e-03
   4.0480000e+03   6.3577301e-01  -2.5689919e-02
   4.0560000e+03   6.5761751e-01  -7.1041575e-03
   4.0640000e+03   6.4724667e-01   9.4575041e-03
   4.0720000e+03   6.4681996e-01  -4.1297230e-03
   4.0800000e+03   6.4779046e-01  -6.7501976e-03
   4.0880000e+03   6.4140116e-01  -3.5501442e-03
   4.0960000e+03   6.2649992e-01   1.4731587e-03
   4.1040000e+03   6.4177958e-01   1.4996296e-02
   4.1120000e+03   6.4555175e-01   6.4068044e-04
   4.1200000e+03   6.3147867e-01  -1.1888402e-02
   4.1280000e+03   6.3291494e-01   3.2997690e-03
   4.1360000e+03   6.2417806e-01  -6.2522824e-03
   4.1440000e+03   6.3226894e-01  -1.3007804e-02
   4.1520000e+03   6.2922110e-01   7.7698847e-03
   4.1600000e+03   6.3095164e-01  -2.4260497e-03
   4.1680000e+03   6.3892308e-01  -1.9167412e-02
   4.1760000e+03   6.4353528e-01   1.1461550e-02
   4.1840000e+03   6.5594587e-01  -1.0387954e-02
   4.1920000e+03   6.4156423e-01   2.5058058e-03
   4.2000000e+03   6.2691715e-01  -8.2963290e-04
   4.2080000e+03   6.3433840e-01  -3.5055376e-03
   4.2160000e+03   6.2536963e-01  -4.0802667e-03
   4.2240000e+03   6.3983839e-01  -6.1388675e-03
   4.2320000e+03   6.3685935e-01  -1.5234317e-03
   4.2400000e+03   6.3315045e-01   8.8133743e-03
   4.2480000e+03   6.4815662e-01   1.6154573e-02
   4.2560000e+03   6.3966058e-01  -1.7173615e-02
   4.2640000e+03   6.3163878e-01  -1.0071955e-02
   4.2720000e+03   6.2536920e-01  -2.2384319e-03
   4.2800000e+03   6.2471680e-01  -5.9582747e-03
   4.2880000e+03   6.3139092e-01   6.8701730e-03
   4.2960000e+03   6.3224173e-01  -1.6635130e-02
   4.3040000e+03   6.1967612e-01   3.5632308e-03
   4.3120000e+03   6.5543092e-01   4.1920932e-03
   4.3200000e+03   6.4243531e-01   7.1050567e-03
   4.3280000e+03   6.5507476e-01  -8.9310883e-03
   4.3360000e+03   6.1590041e-01  -6.1436685e-03
   4.3440000e+03   6.2279858e-01  -2.4334794e-03
   4.3520000e+03   6.5806290e-01   2.7052164e-03
   4.3600000e+03   6.4254473e-01  -1.0754369e-02
   4.3680000e+03   6.2646849e-01  -4.8817569e-03
   4.3760000e+03   6.5761525e-01   8.5817878e-03
   4.3840000e+03   6.3968611e-01   1.4412905e-02
   4.3920000e+03   6.3742772e-01   5.3230658e-03
   4.4000000e+03   6.3060854e-01  -5.4881149e-03
   4.4080000e+03   6.3919934e-01  -2.0784442e-02
   4.4160000e+03   6.3799439e-01  -6.4979440e-03
   4.4240000e+03   6.3533132e-01  -9.4264572e-03
   4.4320000e+03   6.3030568e-01  -1.3210320e-03
   4.4400000e+03   6.3084843e-01  -2.6213698e-02
   4.4480000e+03   6.4821812e-01   1.1116651e-02
   4.4560000e+03   6.2707241e-01  -5.6551009e-03
   4.4640000e+03   6.4520677e-01  -9.4587832e-03
   4.4720000e+03   6.3665348e-01  -5.6371396e-03
   4.4800000e+03   6.3832701e-01   1.0735823e-02
   4.4880000e+03   6.4545284e-01  -2.4105235e-02
   4.4960000e+03   6.3118614e-01  -3.9555668e-03
   4.5040000e+03   6.0883961e-01  -8.1936330e-05
   4.5120000e+03   6.3674990e-01   5.4533373e-03
   4.5200000e+03   6.3195380e-01  -3.0922395e-04
   4.5280000e+03   6.3752239e-01   1.9359313e-03
   4.5360000e+03   6.2400315e-01  -6.3886135e-03
   4.5440000e+03   6.2635736e-01  -5.3405366e-03
   4.5520000e+03   6.4270436e-01   6.1197139e-03
   4.5600000e+03   6.3726801e-01  -5.3920430e-03
   4.5680000e+03   6.3329845e-01  -1.0656333e-03
   4.5760000e+03   6.4254226e-01   3.2977530e-03
   4.5840000e+03   6.4201426e-01   2.0874436e-03
   4.5920000e+03   6.1570462e-01   6.5662698e-03
   4.6000000e+03   6.2222058e-01  -1.5755086e-02
   4.6080000e+03   6.3180600e-01  -1.8271019e-03
   4.6160000e+03   6.1050880e-01   1.6841235e-02
   4.6240000e+03   6.4638047e-01  -1.0721396e-02
   4.6320000e+03   6.1493961e-01  -6.8168711e-03
   4.6400000e+03   6.3000630e-01   3.9202951e-04
   4.6480000e+03   6.4032462e-01   3.1369139e-03
   4.6560000e+03   6.3821370e-01   9.4933031e-03
   4.6640000e+03   6.3646106e-01  -1.0649320e-03
   4.6720000e+03   6.1704001e-01   7.5720600e-03
   4.6800000e+03   6.2667923e-01   5.3453331e-03
   4.6880000e+03   6.3574463e-01   9.3524335e-03
   4.6960000e+03   5.9964886e-01   2.2951447e-03
   4.7040000e+03   6.3277174e-01  -2.0062647e-02
   4.7120000e+03   6.4107980e-01   8.4985001e-03
   4.7200000e+03   6.3090805e-01  -7.6775519e-03
   4.7280000e+03   6.3137092e-01  -1.1485675e-02
   4.7360000e+03   6.2425716e-01   3.2995583e-03
   4.7440000e+03   6.4125237e-01  -1.0035997e-02
   4.7520000e+03   6.2917291e-01   1.4933643e-02
   4.7600000e+03   6.1443572e-01   3.9090868e-03
   4.7680000e+03   6.1861735e-01   4.8781440e-03
   4.7760000e+03   6.2404436e-01   5.4209072e-03
   4.7840000e+03   6.1431522e-01  -2.9112057e-03
   4.7920000e+03   6.3379451e-01   1.1771477e-03
   4.8000000e+03   6.2251110e-01   7.4412040e-03
   4.8080000e+03   6.3250013e-01  -3.0594302e-02
   4.8160000e+03   6.3464081e-01   1.4547849e-02
   4.8240000e+03   6.0260769e-01   1.9855718e-03
   4.8320000e+03   6.1714850e-01   4.4150913e-03
   4.8400000e+03   6.3947968e-01  -7.0963445e-04
   4.8480000e+03   6.3541912e-01   7.4717815e-03
   4.8560000e+03   6.2452469e-01   3.5334339e-03
   4.8640000e+03   6.2938013e-01   4.4001846e-03
   4.8720000e+03   6.3732632e-01   2.4591541e-04
   4.8800000e+03   6.3392913e-01  -1.7963817e-03
   4.8880000e+03   6.1826191e-01   1.2509145e-02
   4.8960000e+03   6.2450628e-01  -4.5334921e-03
   4.9040000e+03   6.2605536e-01   3.2670239e-03
   4.9120000e+03   6.2780874e-01  -5.9245283e-03
   4.9200000e+03   6.4244887e-01  -1.0393928e-02
   4.9280000e+03   6.0702201e-01   2.6144991e-02
   4.9360000e+03   6.5024406e-01  -1.3627886e-03
   4.9440000e+03   6.1070390e-01  -2.1009140e-02
   4.9520000e+03   6.2312709e-01  -3.5576365e-03
   4.9600000e+03   6.2690259e-01  -8.7438428e-04
   4.9680000e+03   6.0593800e-01  -6.0469811e-04
   4.9760000e+03   6.2171452e-01  -3.5952100e-03
   4.9840000e+03   6.2311794e-01   2.4047424e-04
   4.9920000e+03   6.2350130e-01   1.2148966e-02
   5.0000000e+03   6.1429572e-01  -1.8619678e-03
   5.0080000e+03   6.4115749e-01   4.8216096e-03
   5.0160000e+03   6.3120580e-01  -5.5272791e-03
   5.0240000e+03   6.3948377e-01  -5.8756129e-03
   5.0320000e+03   6.3779763e-01   1.1528467e-02
   5.0400000e+03   6.2373173e-01  -1.1558140e-02
   5.0480000e+03   6.3558664e-01  -2.0072510e-02
