   0.0000000e+00   9.3689086e-01   5.5561814e-03
   8.0000000e+00   9.1853926e-01   1.9470379e-03
   1.6000000e+01   9.4025104e-01  -1.0392368e-02
   2.4000000e+01   9.3940260e-01   1.1441369e-02
   3.2000000e+01   9.4422368e-01  -1.0238511e-02
   4.0000000e+01   9.5383889e-01   6.1668920e-03
   4.8000000e+01   9.6781164e-01  -1.7830430e-02
   5.6000000e+01   9.6647768e-01   3.1699174e-03
   6.4000000e+01   9.7425944e-01  -8.1534821e-03
   7.2000000e+01   9.7489128e-01  -8.4834156e-03
   8.0000000e+01   9.8394986e-01   5.3925108e-06
   8.8000000e+01   9.8453972e-01   6.3476774e-03
   9.6000000e+01   9.9712179e-01   3.0303121e-03
   1.0400000e+02   9.9638384e-01  -4.6282317e-03
   1.1200000e+02   9.9625125e-01  -9.1143418e-03
   1.2000000e+02   9.9135234e-01   3.7400897e-03
   1.2800000e+02   9.9163078e-01   8.4470431e-03
   1.3600000e+02   9.8861672e-01  -1.5106764e-03
   1.4400000e+02   9.8428172e-01   1.9035092e-03
   1.5200000e+02   1.0009298e+00  -2.6509720e-03
   1.6000000e+02   9.7667615e-01  -3.3452969e-03
   1.6800000e+02   9.6703231e-01  -7.9792208e-04
   1.7600000e+02   9.6867894e-01  -9.1887396e-03
   1.8400000e+02   9.5590683e-01  -9.6234801e-03
   1.9200000e+02   9.4548912e-01  -5.2801854e-03
   2.0000000e+02   9.4312045e-01   7.5618252e-03
   2.0800000e+02   9.2915792e-01  -3.9110429e-03
   2.1600000e+02   9.2147194e-01  -1.0744006e-02
   2.2400000e+02   9.2060149e-01   1.3388812e-02
   2.3200000e+02   9.1130782e-01   5.4981399e-03
   2.4000000e+02   8.9502504e-01  -3.4513760e-04
   2.4800000e+02   8.9744557e-01  -4.7912084e-03
   2.5600000e+02   8.7922733e-01  -9.8905643e-03
   2.6400000e+02   8.7385501e-01  -2.3433657e-03
   2.7200000e+02   8.6548012e-01  -1.1069211e-02
   2.8000000e+02   8.7259906e-01  -9.7029935e-03
   2.8800000e+02   8.6571372e-01  -7.5998382e-03
   2.9600000e+02   8.3416307e-01  -5.5187742e-03
   3.0400000e+02   8.3988010e-01   6.6415080e-03
   3.1200000e+02   8.3736697e-01   2.5129533e-03
   3.2000000e+02   8.1427168e-01  -3.1155600e-03
   3.2800000e+02   8.2401464e-01  -8.5972202e-04
   3.3600000e+02   8.1305956e-01  -8.5006443e-04
   3.4400000e+02   7.9062207e-01   3.0532556e-03
   3.5200000e+02   8.0707390e-01  -5.6561764e-03
   3.6000000e+02   7.9398919e-01   1.5742839e-03
   3.6800000e+02   7.9943765e-01  -6.0439530e-03
   3.7600000e+02   7.8912444e-01   5.4196164e-03
   3.8400000e+02   7.9436363e-01   2.6209056e-03
   3.9200000e+02   7.8605582e-01   5.0297611e-03
   4.0000000e+02   7.7745503e-01   1.7029959e-04
   4.0800000e+02   7.9418313e-01   3.8115126e-03
   4.1600000e+02   7.8345697e-01  -2.3966823e-02
   4.2400000e+02   7.7094323e-01   1.1824641e-02
   4.3200000e+02   7.6544586e-01   1.1503971e-02
   4.4000000e+02   7.7123711e-01  -5.3859263e-03
   4.4800000e+02   7.7483739e-01  -2.6048817e-03
   4.5600000e+02   7.6037917e-01   1.6776539e-02
   4.6400000e+02   7.7383804e-01   2.0155478e-03
   4.7200000e+02   7.5606162e-01  -1.5542907e-03
   4.8000000e+02   7.6300432e-01  -2.8973752e-03
   4.8800000e+02   7.6278308e-01  -5.8767029e-03
   4.9600000e+02   7.5883347e-01  -5.3648916e-04
   5.0400000e+02   7.4137410e-01  -1.4202988e-02
   5.1200000e+02   7.4986875e-01   2.9427767e-04
   5.2000000e+02   7.4977390e-01   9.4823176e-03
   5.2800000e+02   7.5476918e-01  -3.1735773e-03
   5.3600000e+02   7.4658692e-01   9.3850756e-04
   5.4400000e+02   7.3801725e-01  -1.8001865e-03
   5.5200000e+02   7.3631210e-01  -4.8938110e-04
   5.6000000e+02   7.4176020e-01   2.9562895e-03
   5.6800000e+02   7.3581386e-01  -2.1566531e-03
   5.7600000e+02   7.3482446e-01  -4.4104225e-03
   5.8400000e+02   7.4062039e-01   1.5488752e-03
   5.9200000e+02   7.3562824e-01  -6.4855467e-03
   6.0000000e+02   7.2997908e-01   5.0677583e-03
   6.0800000e+02   7.3843383e-01   4.8057044e-03
   6.1600000e+02   7.4313029e-01  -7.5325432e-03
   6.2400000e+02   7.4347343e-01   6.2293947e-03
   6.3200000e+02   7.3389784e-01  -5.9121907e-03
   6.4000000e+02   7.4138907e-01   1.7955415e-03
   6.4800000e+02   7.3432593e-01   7.1732679e-03
   6.5600000e+02   7.3216434e-01  -1.4198655e-03
   6.6400000e+02   7.3961247e-01   2.3955395e-03
   6.7200000e+02   7.3796238e-01   5.0531644e-04
   6.8000000e+02   7.3350211e-01   8.0312222e-03
   6.8800000e+02   7.2529706e-01  -4.2314049e-03
   6.9600000e+02   7.3524254e-01   4.7557400e-04
   7.0400000e+02   7.3084293e-01  -6.9193175e-03
   7.1200000e+02   7.3188107e-01   3.1757424e-03
   7.2000000e+02   7.2385209e-01  -5.6747761e-03
   7.2800000e+02   7.3055846e-01   1.9550924e-03
   7.3600000e+02   7.3566105e-01  -7.1659536e-03
   7.4400000e+02   7.3044140e-01   1.4867466e-03
   7.5200000e+02   7.2524873e-01  -2.6864973e-03
   7.6000000e+02   7.4404689e-01   1.2945211e-02
   7.6800000e+02   7.3260156e-01  -1.4102071e-02
   7.7600000e+02   7.4160308e-01   7.9199906e-03
   7.8400000e+02   7.3241192e-01  -5.5285422e-03
   7.9200000e+02   7.2864733e-01  -2.1299868e-04
   8.0000000e+02   7.1970483e-01   6.8779937e-03
   8.0800000e+02   7.2328373e-01  -5.6819645e-04
   8.1600000e+02   7.2824628e-01  -1.9486954e-03
   8.2400000e+02   7.1648108e-01  -2.4944940e-03
   8.3200000e+02   7.1806497e-01  -1.2605486e-03
   8.4000000e+02   7.1704302e-01  -6.8245329e-03
   8.4800000e+02   7.3564547e-01   2.4734620e-03
   8.5600000e+02   7.3057955e-01   6.7140961e-03
   8.6400000e+02   7.3343007e-01  -1.1312874e-02
   8.7200000e+02   7.2268129e-01  -1.3793375e-02
   8.8000000e+02   7.2078940e-01  -7.1992831e-03
   8.8800000e+02   7.1859432e-01   9.4199580e-03
   8.9600000e+02   7.2772728e-01   7.5357354e-03
   9.0400000e+02   7.2828045e-01  -8.6095199e-03
   9.1200000e+02   7.3580249e-01  -1.2626503e-02
   9.2000000e+02   7.1606662e-01   1.6787672e-03
   9.2800000e+02   7.1811145e-01  -6.3026730e-03
   9.3600000e+02   7.0793802e-01   1.4073212e-03
   9.4400000e+02   7.2009274e-01  -4.9934551e-03
   9.5200000e+02   7.1780442e-01   1.1421673e-02
   9.6000000e+02   7.1844339e-01  -2.6066925e-03
   9.6800000e+02   7.3663866e-01  -1.8191828e-03
   9.7600000e+02   7.1600524e-01   3.8677192e-03
   9.8400000e+02   7.2302937e-01   5.8007036e-03
   9.9200000e+02   7.1352150e-01   1.0992446e-03
   1.0000000e+03   7.0402068e-01   1.3876981e-03
   1.0080000e+03   7.0907477e-01   4.2249885e-03
   1.0160000e+03   7.2643220e-01  -5.7999382e-03
   1.0240000e+03   7.0199270e-01   7.4001482e-03
   1.0320000e+03   7.0589636e-01   3.0638429e-03
   1.0400000e+03   7.0189278e-01   6.2673053e-03
   1.0480000e+03   7.0714218e-01   9.7281112e-03
   1.0560000e+03   7.1536259e-01   5.3172973e-03
   1.0640000e+03   7.1285163e-01  -1.0550966e-03
   1.0720000e+03   7.0313592e-01   1.4928321e-05
   1.0800000e+03   7.1642872e-01   1.6581116e-03
   1.0880000e+03   7.0877441e-01   5.4360059e-03
   1.0960000e+03   7.0316841e-01   5.2939307e-03
   1.1040000e+03   6.9559898e-01  -3.4453204e-03
   1.1120000e+03   6.9995307e-01  -4.1216113e-03
   1.1200000e+03   7.0867826e-01  -7.4470562e-03
   1.1280000e+03   6.8987468e-01  -4.2863236e-03
   1.1360000e+03   7.0601925e-01   9.3337601e-03
   1.1440000e+03   6.9816306e-01  -1.1632151e-02
   1.1520000e+03   6.9954004e-01   1.0008794e-03
   1.1600000e+03   7.0269481e-01  -3.0759724e-03
   1.1680000e+03   7.0857892e-01  -1.0573187e-02
   1.1760000e+03   6.9009800e-01  -1.2761307e-02
   1.1840000e+03   7.0341118e-01  -7.5170260e-04
   1.1920000e+03   6.8752425e-01   7.4816814e-03
   1.2000000e+03   6.9441932e-01   6.1783386e-03
   1.2080000e+03   6.9066617e-01   2.0639027e-03
   1.2160000e+03   6.8472327e-01  -7.5986447e-04
   1.2240000e+03   7.0584636e-01   5.2068533e-03
   1.2320000e+03   6.9365270e-01   7.4207956e-03
   1.2400000e+03   6.9169503e-01   8.8076138e-03
   1.2480000e+03   6.8802181e-01   1.0662735e-02
   1.2560000e+03   6.7761128e-01  -1.3082258e-03
   1.2640000e+03   6.8817933e-01   7.3451271e-03
   1.2720000e+03   6.8374349e-01   8.3105137e-03
   1.2800000e+03   6.9934330e-01  -3.1371525e-03
   1.2880000e+03   6.9176106e-01  -1.0442515e-02
   1.2960000e+03   6.8763992e-01   3.0577028e-03
   1.3040000e+03   6.9093009e-01   6.7632436e-03
   1.3120000e+03   6.7530114e-01   4.3315095e-03
   1.3200000e+03   6.8293653e-01   1.1205259e-02
   1.3280000e+03   6.9021617e-01   1.0406864e-03
   1.3360000e+03   6.8048619e-01   1.8326351e-04
   1.3440000e+03   6.8771661e-01   1.7038883e-03
   1.3520000e+03   6.8242171e-01  -7.0108442e-03
   1.3600000e+03   7.0560898e-01  -1.2083674e-02
   1.3680000e+03   6.7549276e-01   5.7069974e-03
   1.3760000e+03   6.6704150e-01   2.2289539e-03
   1.3840000e+03   6.8654431e-01  -6.1076981e-03
   1.3920000e+03   6.8610162e-01  -1.2092823e-02
   1.4000000e+03   6.6871239e-01  -3.6093352e-04
   1.4080000e+03   6.7412644e-01   3.5733174e-03
   1.4160000e+03   6.8049867e-01   9.9365770e-03
   1.4240000e+03   6.7403108e-01  -6.1454656e-03
   1.4320000e+03   6.8693271e-01  -8.3894156e-03
   1.4400000e+03   6.8901387e-01   8.8070569e-03
   1.4480000e+03   6.7846263e-01   4.5736440e-03
   1.4560000e+03   6.6510336e-01   3.9493717e-03
   1.4640000e+03   6.7246796e-01  -1.0352919e-02
   1.4720000e+03   6.7634475e-01  -3.1221597e-03
   1.4800000e+03   6.6743736e-01  -8.4337840e-03
   1.4880000e+03   6.8219583e-01  -8.1135726e-03
   1.4960000e+03   6.7367867e-01   2.4549189e-03
   1.5040000e+03   6.5288456e-01  -1.0395014e-03
   1.5120000e+03   6.7060430e-01   5.1585547e-04
   1.5200000e+03   6.5967969e-01  -2.8076801e-03
   1.5280000e+03   6.6338497e-01  -1.1875269e-03
   1.5360000e+03   6.6700340e-01   5.7352545e-03
   1.5440000e+03   6.7288505e-01   6.9774551e-03
   1.5520000e+03   6.7651981e-01   1.6437666e-02
   1.5600000e+03   6.6050183e-01   5.7368969e-03
   1.5680000e+03   6.7009245e-01   3.4903540e-03
   1.5760000e+03   6.8163238e-01  -3.0458766e-02
   1.5840000e+03   6.5935486e-01   7.2922021e-03
   1.5920000e+03   6.6425274e-01  -7.7982000e-04
   1.6000000e+03   6.5820756e-01  -2.2739832e-04
   1.6080000e+03   6.5609347e-01  -3.5409917e-03
   1.6160000e+03   6.5566503e-01  -1.6053997e-02
   1.6240000e+03   6.7925957e-01  -1.9533570e-02
   1.6320000e+03   6.6021936e-01   5.3648523e-03
   1.6400000e+03   6.6595609e-01  -3.4071317e-03
   1.6480000e+03   6.5749239e-01   7.9027126e-03
   1.6560000e+03   6.5962639e-01  -9.8710006e-03
   1.6640000e+03   6.5395510e-01   7.8562278e-03
   1.6720000e+03   6.6833869e-01  -5.8316841e-03
   1.6800000e+03   6.4657762e-01   4.9763926e-03
   1.6880000e+03   6.6233364e-01   1.1685766e-02
   1.6960000e+03   6.6401325e-01   4.7297804e-03
   1.7040000e+03   6.5622454e-01  -7.4347197e-03
   1.7120000e+03   6.6891447e-01   3.4171381e-03
   1.7200000e+03   6.4900166e-01  -5.2530279e-03
   1.7280000e+03   6.6463938e-01  -2.2899233e-03
   1.7360000e+03   6.5837960e-01  -1.4653687e-02
   1.7440000e+03   6.5202049e-01  -2.8680593e-03
   1.7520000e+03   6.5938215e-01  -5.7772023e-03
   1.7600000e+03   6.6311387e-01   1.0520523e-02
   1.7680000e+03   6.7082214e-01   6.9485452e-03
   1.7760000e+03   6.5660260e-01   9.6648077e-03
   1.7840000e+03   6.4821155e-01  -7.3030473e-03
   1.7920000e+03   6.5164571e-01  -3.8546751e-03
   1.8000000e+03   6.4712459e-01   3.4836998e-03
   1.8080000e+03   6.5140419e-01  -8.5213134e-03
   1.8160000e+03   6.6720823e-01   1.7217663e-03
   1.8240000e+03   6.5232241e-01   5.9612276e-03
   1.8320000e+03   6.4791914e-01  -3.5352961e-03
   1.8400000e+03   6.4907433e-01  -1.5745305e-02
   1.8480000e+03   6.4597335e-01   5.1129793e-03
   1.8560000e+03   6.4987137e-01   1.1797764e-02
   1.8640000e+03   6.5358137e-01   9.3284415e-03
   1.8720000e+03   6.3753204e-01   2.9835102e-03
   1.8800000e+03   6.3989665e-01   6.6275577e-03
   1.8880000e+03   6.4093494e-01  -3.5659874e-03
   1.8960000e+03   6.6752315e-01  -1.0706730e-02
   1.9040000e+03   6.4814630e-01   1.6452507e-02
   1.9120000e+03   6.4423920e-01  -1.5295759e-03
   1.9200000e+03   6.3595436e-01   1.1896001e-02
   1.9280000e+03   6.4156216e-01  -2.8385284e-04
   1.9360000e+03   6.3804121e-01  -6.9399341e-03
   1.9440000e+03   6.4404083e-01  -2.3458413e-03
   1.9520000e+03   6.5385539e-01   7.5722579e-05
   1.9600000e+03   6.3432921e-01   6.0931816e-03
   1.9680000e+03   6.4949781e-01  -7.9295569e-04
   1.9760000e+03   6.4238851e-01   1.6383688e-03
   1.9840000e+03   6.3444512e-01   4.0103693e-03
   1.9920000e+03   6.5070921e-01  -3.6520512e-03
   2.0000000e+03   6.3463659e-01   3.4244560e-03
   2.0080000e+03   6.3124096e-01  -5.6772997e-03
   2.0160000e+03   6.3114671e-01  -8.8428937e-03
   2.0240000e+03   6.4015301e-01  -1.1533741e-03
   2.0320000e+03   6.3592967e-01   7.5469581e-04
   2.0400000e+03   6.4126076e-01   4.3708235e-03
   2.0480000e+03   6.3733577e-01   3.4424481e-03
   2.0560000e+03   6.2693258e-01  -9.4580511e-03
   2.0640000e+03   6.2741917e-01  -1.5508323e-02
   2.0720000e+03   6.3076699e-01  -4.0429913e-03
   2.0800000e+03   6.3403342e-01  -2.3820431e-03
   2.0880000e+03   6.4709283e-01  -5.6659612e-03
   2.0960000e+03   6.3932955e-01   3.7219350e-03
   2.1040000e+03   6.5725396e-01  -4.8548178e-03
   2.1120000e+03   6.3506359e-01   1.4629142e-03
   2.1200000e+03   6.4029670e-01   1.0978767e-02
   2.1280000e+03   6.4829441e-01  -3.0350578e-03
   2.1360000e+03   6.2929366e-01  -6.3003039e-03
   2.1440000e+03   6.4953215e-01   5.7168024e-03
   2.1520000e+03   6.2870216e-01  -1.1465087e-02
   2.1600000e+03   6.3254928e-01  -4.1191674e-03
   2.1680000e+03   6.3277080e-01  -1.1698466e-02
   2.1760000e+03   6.3529091e-01  -1.2496450e-02
   2.1840000e+03   6.4799726e-01  -3.4874705e-03
   2.1920000e+03   6.3864798e-01  -1.5688056e-02
   2.2000000e+03   6.4348885e-01   7.1857635e-03
   2.2080000e+03   6.3791587e-01  -3.6349775e-04
   2.2160000e+03   6.2572928e-01   3.6633743e-03
   2.2240000e+03   6.3340655e-01  -7.0028551e-03
   2.2320000e+03   6.2495659e-01   2.3246001e-03
   2.2400000e+03   6.5248693e-01   5.8775066e-03
   2.2480000e+03   6.4242368e-01   1.1153214e-04
   2.2560000e+03   6.2784412e-01   8.7817470e-03
   2.2640000e+03   6.2697894e-01   4.1704878e-03
   2.2720000e+03   6.2718043e-01   6.7000105e-03
   2.2800000e+03   6.3294855e-01   7.3883155e-03
   2.2880000e+03   6.3328489e-01   1.0595597e-02
   2.2960000e+03   6.2066815e-01   1.0679708e-03
   2.3040000e+03   6.2180410e-01  -1.2954844e-02
   2.3120000e+03   6.2573903e-01   1.0115929e-02
   2.3200000e+03   6.0625194e-01  -9.7682388e-03
   2.3280000e+03   6.2352523e-01  -4.7239335e-03
   2.3360000e+03   6.1684776e-01   1.2780828e-02
   2.3440000e+03   6.2395321e-01  -2.3060233e-03
   2.3520000e+03   6.3798108e-01   1.3530613e-03
   2.3600000e+03   6.2366609e-01   6.8548995e-03
   2.3680000e+03   6.1793949e-01   5.1153233e-03
   2.3760000e+03   6.2211231e-01  -5.4257025e-04
   2.3840000e+03   6.2734268e-01   4.6020622e-03
   2.3920000e+03   6.2963167e-01   5.1467915e-04
   2.4000000e+03   6.2194001e-01   4.3074480e-03
   2.4080000e+03   6.2925053e-01   5.0632892e-03
   2.4160000e+03   6.2276525e-01   4.2386044e-03
   2.4240000e+03   6.2189759e-01   5.4078202e-03
   2.4320000e+03   6.2125034e-01  -9.2450031e-04
   2.4400000e+03   6.2439619e-01  -1.3926616e-02
   2.4480000e+03   6.1945165e-01   7.4659014e-05
   2.4560000e+03   6.2701852e-01  -2.7772662e-03
   2.4640000e+03   6.1939446e-01  -5.1158260e-03
   2.4720000e+03   6.1644692e-01   7.6177911e-03
   2.4800000e+03   6.2082415e-01   1.4411939e-02
   2.4880000e+03   6.3016949e-01  -6.9416051e-03
   2.4960000e+03   6.1474026e-01  -3.8737014e-03
   2.5040000e+03   6.2407993e-01  -3.1118506e-03
   2.5120000e+03   6.2145112e-01   7.4832246e-03
   2.5200000e+03   6.1860069e-01  -1.1106141e-02
   2.5280000e+03   6.0532255e-01  -2.8202692e-03
   2.5360000e+03   6.2061109e-01   4.5591825e-03
   2.5440000e+03   6.1352975e-01  -4.0212748e-03
   2.5520000e+03   6.0785445e-01  -5.4676062e-03
   2.5600000e+03   6.2554500e-01   1.7288172e-02
   2.5680000e+03   6.1814953e-01   1.3999195e-02
   2.5760000e+03   6.1777866e-01  -2.7255271e-03
   2.5840000e+03   6.1583305e-01   1.5051667e-02
   2.5920000e+03   6.0525072e-01   4.0636242e-03
   2.6000000e+03   6.2365176e-01   8.6224528e-03
   2.6080000e+03   6.0473903e-01   8.5391301e-03
   2.6160000e+03   6.2509328e-01  -9.8367393e-04
   2.6240000e+03   6.1126668e-01   3.2966704e-03
   2.6320000e+03   6.2266097e-01  -1.0753283e-02
   2.6400000e+03   6.0797886e-01  -7.2880535e-03
   2.6480000e+03   6.1231779e-01  -4.8047519e-03
   2.6560000e+03   6.1369675e-01   1.0684119e-02
   2.6640000e+03   6.0752285e-01  -6.9289634e-04
   2.6720000e+03   5.9754401e-01   3.1176514e-03
   2.6800000e+03   6.1523306e-01  -4.9810596e-03
   2.6880000e+03   6.1315920e-01   5.1228700e-03
   2.6960000e+03   6.2210554e-01   8.3914824e-03
   2.7040000e+03   6.1220891e-01  -1.1871422e-03
   2.7120000e+03   6.2153133e-01   5.0363021e-03
   2.7200000e+03   6.1423843e-01  -1.9204618e-03
   2.7280000e+03   6.0261377e-01   2.1961659e-03
   2.7360000e+03   6.2652607e-01   3.3658104e-03
   2.7440000e+03   6.0623510e-01  -6.8941771e-03
   2.7520000e+03   6.0363222e-01  -4.9999618e-03
   2.7600000e+03   6.1107714e-01   3.1747489e-03
   2.7680000e+03   6.0773219e-01   3.4246612e-03
   2.7760000e+03   6.0489140e-01   2.2113741e-04
   2.7840000e+03   6.1082122e-01   1.4219599e-03
   2.7920000e+03   6.0919299e-01  -3.2404071e-03
   2.8000000e+03   6.0241650e-01  -1.5228509e-02
   2.8080000e+03   6.0866052e-01   8.2860963e-03
   2.8160000e+03   6.1082230e-01  -1.1816537e-03
   2.8240000e+03   6.0602218e-01   3.1037983e-03
   2.8320000e+03   6.1195235e-01   1.1515901e-02
   2.8400000e+03   5.9539063e-01   1.2649680e-02
   2.8480000e+03   6.2020302e-01   7.5337351e-05
   2.8560000e+03   6.0828768e-01   1.4865743e-03
   2.8640000e+03   5.9785236e-01  -6.1559002e-03
   2.8720000e+03   6.1005281e-01   1.7302811e-03
   2.8800000e+03   5.9261247e-01  -7.2635311e-03
   2.8880000e+03   6.0756488e-01  -3.1464310e-04
   2.8960000e+03   5.9801031e-01   5.3629073e-03
   2.9040000e+03   6.0733246e-01  -1.6892208e-03
   2.9120000e+03   5.8405162e-01   5.0598501e-03
   2.9200000e+03   6.0104341e-01  -8.8711924e-04
   2.9280000e+03   5.9058086e-01   1.2424683e-02
   2.9360000e+03   6.0155135e-01  -2.8567184e-03
   2.9440000e+03   5.9950681e-01  -1.7820579e-03
   2.9520000e+03   5.9845393e-01   4.7973476e-03
   2.9600000e+03   6.0966132e-01   3.3158972e-03
   2.9680000e+03   5.9826096e-01   4.0886970e-03
   2.9760000e+03   6.1445508e-01   3.6862404e-03
   2.9840000e+03   6.0347163e-01  -1.0666535e-02
   2.9920000e+03   5.8997750e-01  -4.7112619e-03
   3.0000000e+03   5.9424760e-01  -2.3629226e-03
   3.0080000e+03   5.9408834e-01  -5.3360403e-03
   3.0160000e+03   5.9847707e-01   3.5227924e-03
   3.0240000e+03   6.1416256e-01  -1.0509682e-03
   3.0320000e+03   5.9514759e-01  -5.8726774e-04
   3.0400000e+03   6.0596162e-01   9.4734885e-03
   3.0480000e+03   5.9794195e-01   3.6057943e-03
   3.0560000e+03   5.9962064e-01   1.7585574e-03
   3.0640000e+03   6.0820525e-01   5.6551343e-03
   3.0720000e+03   5.9512213e-01   9.0541176e-05
   3.0800000e+03   6.0361399e-01  -5.9476344e-03
   3.0880000e+03   5.9632088e-01   3.8562964e-03
   3.0960000e+03   5.8853743e-01  -1.9730584e-03
   3.1040000e+03   5.9221605e-01  -8.1844744e-05
   3.1120000e+03   6.0221551e-01  -1.3731587e-03
   3.1200000e+03   5.9304208e-01   1.3107334e-03
   3.1280000e+03   5.9090693e-01  -4.2787763e-04
   3.1360000e+03   6.0106423e-01  -6.2776895e-03
   3.1440000e+03   5.9658089e-01   1.2799484e-03
   3.1520000e+03   5.8944768e-01  -1.3304294e-02
   3.1600000e+03   5.9085084e-01   6.4561011e-03
   3.1680000e+03   5.8815174e-01  -5.9769256e-03
   3.1760000e+03   5.8401741e-01  -1.1282168e-02
   3.1840000e+03   5.7966628e-01  -6.5574284e-03
   3.1920000e+03   5.8193547e-01  -2.1413524e-03
   3.2000000e+03   5.9757600e-01   7.3829636e-03
   3.2080000e+03   5.9797054e-01   5.3279660e-04
   3.2160000e+03   5.9203529e-01   7.7549354e-03
   3.2240000e+03   5.7699849e-01  -1.7621557e-03
   3.2320000e+03   5.9477113e-01   1.8611142e-02
   3.2400000e+03   5.8576808e-01   1.2469641e-02
   3.2480000e+03   5.8710582e-01   8.3230541e-04
   3.2560000e+03   5.8628064e-01   1.0146400e-02
   3.2640000e+03   5.8332820e-01   1.0329745e-03
   3.2720000e+03   5.8869359e-01  -1.4771047e-03
   3.2800000e+03   5.7858223e-01   1.4845792e-02
   3.2880000e+03   5.9725580e-01   1.1580987e-02
   3.2960000e+03   5.9750488e-01   8.9516765e-04
   3.3040000e+03   5.7902977e-01  -5.8821341e-03
   3.3120000e+03   5.8562610e-01  -5.1670617e-03
   3.3200000e+03   5.9538901e-01  -8.6174723e-03
   3.3280000e+03   5.8818386e-01  -1.9316912e-03
   3.3360000e+03   5.8364014e-01  -4.9539267e-03
   3.3440000e+03   5.8780564e-01  -1.0090870e-02
   3.3520000e+03   5.8815261e-01   1.9206962e-02
   3.3600000e+03   5.9251365e-01  -1.4884693e-04
   3.3680000e+03   5.8364986e-01  -1.2556480e-02
   3.3760000e+03   5.9440355e-01   6.4933172e-03
   3.3840000e+03   5.8118195e-01   4.5900406e-03
   3.3920000e+03   5.8603914e-01   1.6662536e-03
   3.4000000e+03   6.0528559e-01   1.3028279e-02
   3.4080000e+03   5.9721518e-01  -1.6595825e-02
   3.4160000e+03   5.8090072e-01  -1.0821068e-02
   3.4240000e+03   5.8085267e-01  -1.2790320e-02
   3.4320000e+03   5.8327076e-01   1.0456233e-02
   3.4400000e+03   5.7445318e-01   1.2183030e-02
   3.4480000e+03   5.8331316e-01  -5.5738148e-04
   3.4560000e+03   5.6926452e-01   2.3122095e-03
   3.4640000e+03   5.9018656e-01  -5.5052563e-03
   3.4720000e+03   5.8745624e-01  -4.6970350e-03
   3.4800000e+03   6.0890750e-01  -1.1190909e-02
   3.4880000e+03   5.8072963e-01   1.2286423e-02
   3.4960000e+03   5.7382090e-01  -4.1198482e-03
   3.5040000e+03   5.6827430e-01  -1.6230107e-02
   3.5120000e+03   5.6936030e-01   2.0455482e-03
   3.5200000e+03   5.6546035e-01  -1.8919797e-02
   3.5280000e+03   5.8561722e-01  -3.9953543e-03
   3.5360000e+03   5.7482175e-01  -5.3370418e-03
   3.5440000e+03   5.7864907e-01  -2.6647032e-03
   3.5520000e+03   5.7834081e-01  -9.0686778e-03
   3.5600000e+03   5.8573645e-01   4.1713245e-03
   3.5680000e+03   5.7025012e-01  -1.2776988e-03
   3.5760000e+03   5.8332861e-01  -5.5435701e-03
   3.5840000e+03   5.8679603e-01  -7.3537783e-03
   3.5920000e+03   5.8939903e-01   1.2927976e-03
   3.6000000e+03   5.7458349e-01   2.1028955e-02
   3.6080000e+03   5.6376398e-01   1.5265077e-03
   3.6160000e+03   5.7426804e-01  -2.7498132e-03
   3.6240000e+03   5.8110106e-01   1.6460933e-03
   3.6320000e+03   5.6945224e-01  -4.3867749e-03
   3.6400000e+03   5.7538949e-01   9.3106503e-03
   3.6480000e+03   5.6857671e-01  -1.8680909e-03
   3.6560000e+03   5.7891646e-01   8.3869612e-04
   3.6640000e+03   5.6489651e-01  -1.0828269e-02
   3.6720000e+03   5.6409702e-01   7.4453936e-03
   3.6800000e+03   5.6823926e-01  -1.5236941e-02
   3.6880000e+03   5.6922303e-01   4.3588925e-03
   3.6960000e+03   5.6967854e-01  -3.8092457e-03
   3.7040000e+03   5.7965873e-01  -2.4501747e-03
   3.7120000e+03   5.8306458e-01  -3.1046283e-03
   3.7200000e+03   5.7938309e-01   5.3942141e-03
   3.7280000e+03   5.9650975e-01  -2.2110675e-03
   3.7360000e+03   5.8647404e-01  -3.5783303e-03
   3.7440000e+03   5.7020030e-01  -7.5681328e-03
   3.7520000e+03   5.6650755e-01  -1.0628329e-02
   3.7600000e+03   5.7210944e-01  -1.0767699e-03
   3.7680000e+03   5.6806171e-01   9.3182610e-03
   3.7760000e+03   5.5506571e-01   6.4069237e-03
   3.7840000e+03   5.7278836e-01   4.9914345e-03
   3.7920000e+03   5.6967823e-01   4.8236306e-03
   3.8000000e+03   5.8118093e-01  -1.1133980e-03
   3.8080000e+03   5.8973476e-01  -6.6186180e-04
   3.8160000e+03   5.6708557e-01   3.0073881e-04
   3.8240000e+03   5.8578581e-01   8.0019937e-04
   3.8320000e+03   5.6162641e-01  -1.1384994e-03
   3.8400000e+03   5.6776091e-01  -1.6424374e-03
   3.8480000e+03   5.7047072e-01  -2.6683850e-03
   3.8560000e+03   5.6872828e-01  -1.7531665e-03
   3.8640000e+03   5.7707756e-01  -1.0525415e-02
   3.8720000e+03   5.7292303e-01  -2.8319290e-03
   3.8800000e+03   5.7089509e-01  -5.4472713e-03
   3.8880000e+03   5.8133643e-01  -2.3138333e-03
   3.8960000e+03   5.5418591e-01  -9.4746941e-03
   3.9040000e+03   5.6705230e-01   2.8881314e-03
   3.9120000e+03   5.7459508e-01   2.7823850e-03
   3.9200000e+03   5.5766621e-01   4.6918622e-03
   3.9280000e+03   5.6873127e-01   7.1049471e-03
   3.9360000e+03   5.6673811e-01  -4.5752235e-03
   3.9440000e+03   5.6445576e-01   1.5559649e-02
   3.9520000e+03   5.6455858e-01   1.0784253e-02
   3.9600000e+03   5.7158155e-01  -3.4591578e-03
   3.9680000e+03   5.7652520e-01  -7.1033117e-03
   3.9760000e+03   5.6556641e-01  -3.1111350e-04
   3.9840000e+03   5.7703344e-01  -4.0944913e-03
   3.9920000e+03   5.5681856e-01   1.0153970e-03
   4.0000000e+03   5.6496603e-01   1.1096592e-02
   4.0080000e+03   5.6574183e-01  -4.7431825e-03
   4.0160000e+03   5.6838670e-01  -5.0547008e-03
   4.0240000e+03   5.5950142e-01   1.1136854e-02
   4.0320000e+03   5.6685797e-01  -4.0794611e-03
   4.0400000e+03   5.5052259e-01   6.2270055e-03
   4.0480000e+03   5.6915051e-01  -1.3864027e-02
   4.0560000e+03   5.5835930e-01  -1.1387228e-03
   4.0640000e+03   5.6784409e-01  -9.8278339e-03
   4.0720000e+03   5.6277023e-01   8.1579875e-03
   4.0800000e+03   5.7848111e-01   5.5068417e-04
   4.0880000e+03   5.6474182e-01   1.2651072e-02
   4.0960000e+03   5.6380498e-01  -5.4941822e-03
   4.1040000e+03   5.7509743e-01   7.8503290e-04
   4.1120000e+03   5.6568877e-01   6.9453350e-03
   4.1200000e+03   5.5192125e-01   5.8430972e-03
   4.1280000e+03   5.6079700e-01   6.0487847e-03
   4.1360000e+03   5.7568471e-01  -7.8194518e-03
   4.1440000e+03   5.4986633e-01   3.2511330e-03
   4.1520000e+03   5.6668185e-01  -2.4700540e-03
   4.1600000e+03   5.6121995e-01   1.3193673e-02
   4.1680000e+03   5.6445195e-01   1.1280011e-02
   4.1760000e+03   5.6447020e-01   2.6719298e-03
   4.1840000e+03   5.6143532e-01  -6.8188342e-03
   4.1920000e+03   5.6740279e-01   6.1597367e-03
   4.2000000e+03   5.6297014e-01   4.5460606e-03
   4.2080000e+03   5.6877521e-01  -3.3670084e-03
   4.2160000e+03   5.6246427e-01  -1.8829543e-02
   4.2240000e+03   5.6416845e-01   1.9960687e-03
   4.2320000e+03   5.5564505e-01   2.0322502e-03
   4.2400000e+03   5.5882017e-01  -1.3130475e-02
   4.2480000e+03   5.6276812e-01   2.9985523e-03
   4.2560000e+03   5.5145693e-01   7.8228318e-03
   4.2640000e+03   5.4972238e-01  -6.7068180e-03
   4.2720000e+03   5.4816701e-01  -8.4440077e-04
   4.2800000e+03   5.5209975e-01   5.6475521e-03
   4.2880000e+03   5.5123061e-01  -4.4510790e-04
   4.2960000e+03   5.6879605e-01   2.8274932e-03
   4.3040000e+03   5.5170359e-01   7.7255765e-03
   4.3120000e+03   5.7012176e-01   1.1947743e-02
   4.3200000e+03   5.4614730e-01  -2.4781515e-03
   4.3280000e+03   5.6500784e-01   7.1284873e-03
   4.3360000e+03   5.6391436e-01   4.0950938e-03
   4.3440000e+03   5.5617357e-01  -5.7239963e-03
   4.3520000e+03   5.6059733e-01  -1.5421605e-03
   4.3600000e+03   5.6169591e-01   1.4624948e-03
   4.3680000e+03   5.5306494e-01   8.8150147e-03
   4.3760000e+03   5.4523690e-01   8.4653880e-03
   4.3840000e+03   5.6343558e-01   1.5767317e-02
   4.3920000e+03   5.6016411e-01   2.2354393e-03
   4.4000000e+03   5.5170566e-01   6.2393522e-03
   4.4080000e+03   5.6862211e-01  -2.9881909e-03
   4.4160000e+03   5.5118930e-01  -4.1706385e-03
   4.4240000e+03   5.7080414e-01   2.2141291e-03
   4.4320000e+03   5.5664073e-01   7.1541136e-03
   4.4400000e+03   5.5520162e-01   3.6501735e-03
   4.4480000e+03   5.4855484e-01  -7.9783945e-04
   4.4560000e+03   5.6545621e-01  -1.3889490e-02
   4.4640000e+03   5.7102868e-01   1.1712307e-02
   4.4720000e+03   5.6045555e-01   3.0960772e-03
   4.4800000e+03   5.5065546e-01  -5.3416731e-03
   4.4880000e+03   5.5289725e-01   8.2875750e-03
   4.4960000e+03   5.4973924e-01   2.9821484e-03
   4.5040000e+03   5.6420412e-01   5.7262738e-04
   4.5120000e+03   5.5808320e-01  -6.8544216e-03
   4.5200000e+03   5.6206556e-01  -4.5672130e-03
   4.5280000e+03   5.5454194e-01  -1.4308278e-02
   4.5360000e+03   5.4890410e-01   4.2725075e-03
   4.5440000e+03   5.5603327e-01   6.7695418e-03
   4.5520000e+03   5.4969110e-01   2.5809279e-03
   4.5600000e+03   5.4670531e-01  -4.3232584e-03
   4.5680000e+03   5.6323164e-01   3.9616718e-03
   4.5760000e+03   5.5679578e-01  -5.8128285e-03
   4.5840000e+03   5.4859190e-01   5.7475926e-03
   4.5920000e+03   5.4907824e-01   2.7529640e-04
   4.6000000e+03   5.5182534e-01  -2.3332316e-03
   4.6080000e+03   5.5842035e-01  -1.3495852e-02
   4.6160000e+03   5.6423637e-01  -8.1427062e-03
   4.6240000e+03   5.4704875e-01  -6.5757134e-03
   4.6320000e+03   5.4835672e-01  -1.0234363e-02
   4.6400000e+03   5.4572157e-01  -8.4415363e-03
   4.6480000e+03   5.5100891e-01   7.5555192e-03
   4.6560000e+03   5.4442653e-01  -6.5276516e-03
   4.6640000e+03   5.4399178e-01  -7.8750736e-03
   4.6720000e+03   5.5839095e-01   8.7212292e-03
   4.6800000e+03   5.4649721e-01  -1.3419140e-04
   4.6880000e+03   5.5597263e-01   3.5467914e-03
   4.6960000e+03   5.4629249e-01  -1.1616274e-02
   4.7040000e+03   5.5520621e-01  -1.5337746e-03
   4.7120000e+03   5.5419572e-01   1.0825863e-02
   4.7200000e+03   5.5747219e-01  -8.1597392e-04
   4.7280000e+03   5.5576026e-01   1.0213565e-02
   4.7360000e+03   5.5547745e-01   4.8173081e-03
   4.7440000e+03   5.4534481e-01  -6.1306076e-03
   4.7520000e+03   5.4364627e-01   5.5087514e-03
   4.7600000e+03   5.4538471e-01   3.3379634e-03
   4.7680000e+03   5.6206023e-01  -1.2992988e-02
   4.7760000e+03   5.4005076e-01   3.0023913e-03
   4.7840000e+03   5.4219722e-01  -6.1701197e-03
   4.7920000e+03   5.3995344e-01  -5.4552399e-03
   4.8000000e+03   5.5471824e-01  -2.7731007e-03
   4.8080000e+03   5.5090792e-01   1.3910304e-03
   4.8160000e+03   5.4586930e-01  -3.5273912e-03
   4.8240000e+03   5.3871771e-01  -4.4361701e-03
   4.8320000e+03   5.4484534e-01   4.9229071e-03
   4.8400000e+03   5.4594258e-01   3.1818167e-03
   4.8480000e+03   5.4451005e-01   8.0175416e-04
   4.8560000e+03   5.4828154e-01   1.1618117e-02
   4.8640000e+03   5.5033001e-01  -6.4321748e-04
   4.8720000e+03   5.4942157e-01   6.3057382e-03
   4.8800000e+03   5.5203941e-01  -1.1352871e-02
   4.8880000e+03   5.4119100e-01   1.0134824e-02
   4.8960000e+03   5.4039696e-01   6.4761398e-04
   4.9040000e+03   5.4449111e-01   1.2765279e-02
   4.9120000e+03   5.4538084e-01  -5.8013345e-03
   4.9200000e+03   5.4577758e-01   6.5515546e-03
   4.9280000e+03   5.4174865e-01  -2.8947473e-03
   4.9360000e+03   5.3811926e-01  -1.6306364e-03
   4.9440000e+03   5.4092196e-01  -4.8470194e-03
   4.9520000e+03   5.4896206e-01  -8.1487931e-03
   4.9600000e+03   5.5287535e-01  -1.0479711e-03
   4.9680000e+03   5.4380565e-01   3.1147339e-03
   4.9760000e+03   5.3533996e-01  -3.8464411e-03
   4.9840000e+03   5.3108173e-01  -5.2148360e-03
   4.9920000e+03   5.4387730e-01  -5.4492708e-03
   5.0000000e+03   5.3657115e-01  -6.9413136e-03
   5.0080000e+03   5.4182259e-01  -7.4982217e-03
   5.0160000e+03   5.4533789e-01  -1.2545529e-02
   5.0240000e+03   5.3965903e-01   5.8743892e-03
   5.0320000e+03   5.4135510e-01  -7.4497805e-03
   5.0400000e+03   5.3145914e-01   2.5519790e-03
   5.0480000e+03   5.3290273e-01  -7.8066654e-03
   5.0560000e+03   5.3850722e-01  -4.2757291e-03
   5.0640000e+03   5.4069052e-01   6.2131438e-03
   5.0720000e+03   5.4796782e-01   8.4918888e-03
   5.0800000e+03   5.2590395e-01   8.1885616e-03
   5.0880000e+03   5.4461933e-01  -9.0021342e-04
   5.0960000e+03   5.3062949e-01  -1.5969245e-02
   5.1040000e+03   5.3990560e-01  -9.8881674e-03
   5.1120000e+03   5.3200926e-01   4.5570689e-03
   5.1200000e+03   5.3528789e-01  -5.1794485e-03
   5.1280000e+03   5.2921425e-01  -2.4266567e-03
   5.1360000e+03   5.3921360e-01   1.9199191e-03
   5.1440000e+03   5.5425133e-01  -1.5828972e-03
   5.1520000e+03   5.4333971e-01  -1.1743810e-02
   5.1600000e+03   5.4861861e-01   1.9584996e-03
   5.1680000e+03   5.3264930e-01   4.9600125e-03
   5.1760000e+03   5.4222601e-01  -2.0389948e-02
   5.1840000e+03   5.3360860e-01   7.7213060e-03
   5.1920000e+03   5.3645973e-01   2.4275357e-03
   5.2000000e+03   5.5582525e-01   1.5924217e-02
   5.2080000e+03   5.3500803e-01  -4.7388166e-03
   5.2160000e+03   5.4066537e-01  -6.1125823e-03
   5.2240000e+03   5.2095932e-01  -1.4377173e-02
   5.2320000e+03   5.3542825e-01   2.9652323e-03
   5.2400000e+03   5.2807693e-01   3.0842801e-03
   5.2480000e+03   5.3031056e-01  -2.1064207e-04
   5.2560000e+03   5.3890879e-01  -1.5766705e-03
   5.2640000e+03   5.2949958e-01  -5.3787341e-03
   5.2720000e+03   5.3444379e-01   8.7563486e-03
   5.2800000e+03   5.5464428e-01  -7.6043933e-03
   5.2880000e+03   5.2955563e-01  -2.3754542e-03
   5.2960000e+03   5.4466418e-01   1.7358409e-03
   5.3040000e+03   5.4045114e-01  -5.1260004e-03
   5.3120000e+03   5.4968105e-01   4.0917385e-03
   5.3200000e+03   5.3721029e-01  -1.1408715e-02
   5.3280000e+03   5.2471794e-01   1.7939678e-03
   5.3360000e+03   5.3637345e-01  -9.1552458e-03
   5.3440000e+03   5.3256861e-01   1.2778474e-02
   5.3520000e+03   5.3766960e-01   3.8974814e-06
   5.3600000e+03   5.3406104e-01   6.8104736e-03
   5.3680000e+03   5.4248620e-01   1.3172707e-03
   5.3760000e+03   5.2800200e-01  -3.0635359e-03
   5.3840000e+03   5.3960912e-01  -4.7452831e-03
   5.3920000e+03   5.4013253e-01  -5.2357896e-03
   5.4000000e+03   5.2698956e-01   3.7058971e-03
   5.4080000e+03   5.3879935e-01  -1.8972476e-03
   5.4160000e+03   5.4425291e-01  -2.0110426e-04
   5.4240000e+03   5.4143493e-01   1.1085217e-04
   5.4320000e+03   5.3535006e-01   4.5170372e-03
   5.4400000e+03   5.3008394e-01   2.6064075e-03
   5.4480000e+03   5.3180891e-01  -2.1673395e-03
   5.4560000e+03   5.3239094e-01  -5.0709497e-03
   5.4640000e+03   5.2759083e-01  -4.5828483e-03
   5.4720000e+03   5.1728623e-01   3.8430328e-04
   5.4800000e+03   5.1912872e-01   1.0623711e-02
   5.4880000e+03   5.2618322e-01  -4.1214862e-03
   5.4960000e+03   5.1835785e-01  -5.6717690e-03
   5.5040000e+03   5.2726891e-01   4.3655985e-04
   5.5120000e+03   5.3577219e-01   1.6992099e-03
   5.5200000e+03   5.3407123e-01   6.1335485e-03
   5.5280000e+03   5.2432925e-01   4.6736661e-03
   5.5360000e+03   5.3417366e-01   4.9504556e-03
   5.5440000e+03   5.2053556e-01   1.8455357e-02
   5.5520000e+03   5.2407518e-01  -3.9443981e-03
   5.5600000e+03   5.2312954e-01  -2.5603369e-03
   5.5680000e+03   5.2795050e-01  -2.5281821e-03
   5.5760000e+03   5.1164234e-01   1.9051594e-03
   5.5840000e+03   5.2262810e-01   1.6331667e-02
   5.5920000e+03   5.3907612e-01  -3.5073395e-03
   5.6000000e+03   5.3277813e-01  -6.5984473e-03
   5.6080000e+03   5.3066490e-01   1.0086876e-02
   5.6160000e+03   5.1574104e-01  -3.7365009e-03
   5.6240000e+03   5.1986360e-01  -3.9061822e-03
   5.6320000e+03   5.1892768e-01   2.8525960e-03
   5.6400000e+03   5.3590054e-01   8.1807217e-03
   5.6480000e+03   5.1517675e-01  -1.0226476e-02
   5.6560000e+03   5.2204225e-01  -7.0765779e-03
   5.6640000e+03   5.3928375e-01  -1.6048766e-02
   5.6720000e+03   5.2715381e-01  -3.7565064e-03
   5.6800000e+03   5.1106214e-01   1.9837117e-02
   5.6880000e+03   5.2531418e-01  -3.7176164e-04
   5.6960000e+03   5.2558682e-01  -1.3146082e-02
   5.7040000e+03   5.1922204e-01   2.6339542e-03
   5.7120000e+03   5.2098714e-01  -2.2647233e-04
   5.7200000e+03   5.2217483e-01  -1.1252877e-03
   5.7280000e+03   5.1850730e-01   8.0610140e-03
   5.7360000e+03   5.2920892e-01   1.6750143e-03
   5.7440000e+03   5.2128712e-01  -2.0924444e-04
   5.7520000e+03   5.2579296e-01   6.4765781e-03
   5.7600000e+03   5.3266944e-01   8.2360999e-03
   5.7680000e+03   5.4386876e-01  -2.0568012e-03
   5.7760000e+03   5.1164371e-01   7.3923856e-05
   5.7840000e+03   5.2074890e-01  -6.3175048e-03
   5.7920000e+03   5.3247880e-01   1.7428575e-02
   5.8000000e+03   5.3751369e-01   4.5809087e-03
   5.8080000e+03   5.3383410e-01  -1.2077803e-02
   5.8160000e+03   5.1776259e-01  -3.2597417e-03
   5.8240000e+03   5.2214114e-01  -8.8860826e-03
   5.8320000e+03   5.2142785e-01  -1.2959180e-02
   5.8400000e+03   5.1537228e-01  -7.5856092e-03
   5.8480000e+03   5.0964244e-01   4.8900013e-05
   5.8560000e+03   5.1931062e-01  -5.2576293e-03
   5.8640000e+03   5.4298822e-01   1.1755509e-02
   5.8720000e+03   5.1608314e-01  -8.0277668e-03
   5.8800000e+03   5.1927304e-01   3.4639074e-03
   5.8880000e+03   5.3200735e-01  -2.3818135e-03
   5.8960000e+03   5.2290350e-01  -3.5937200e-03
   5.9040000e+03   5.2838242e-01   7.1553865e-03
   5.9120000e+03   5.1942731e-01   1.1635375e-02
   5.9200000e+03   5.2429102e-01  -6.2436560e-03
   5.9280000e+03   5.2754045e-01  -1.0390338e-02
   5.9360000e+03   5.3011719e-01   8.9627000e-03
   5.9440000e+03   5.0410313e-01   6.1582338e-03
   5.9520000e+03   5.3167290e-01  -6.4821889e-04
   5.9600000e+03   5.1584586e-01  -3.7260824e-03
   5.9680000e+03   5.2022072e-01  -1.4973849e-04
   5.9760000e+03   5.1677549e-01   1.3277104e-03
   5.9840000e+03   5.0667418e-01  -9.8656810e-03
   5.9920000e+03   5.1824106e-01  -8.9376851e-03
   6.0000000e+03   5.1906705e-01   1.3704885e-03
   6.0080000e+03   5.1238691e-01   8.6235574e-03
   6.0160000e+03   5.1433968e-01   1.7329291e-02
   6.0240000e+03   5.1926165e-01  -9.7699890e-03
   6.0320000e+03   5.2920352e-01   1.1291544e-02
   6.0400000e+03   5.1155090e-01  -1.0059672e-02
   6.0480000e+03   5.1836666e-01   3.2346790e-03
   6.0560000e+03   5.2095887e-01   1.6764616e-03
   6.0640000e+03   5.1792439e-01  -7.7958193e-03
   6.0720000e+03   5.0230436e-01   6.8033646e-04
   6.0800000e+03   5.1344441e-01   6.4144961e-03
   6.0880000e+03   5.2350015e-01   1.3753165e-02
   6.0960000e+03   5.0983140e-01   4.1522075e-03
   6.1040000e+03   5.0786428e-01  -5.7877725e-03
   6.1120000e+03   5.2055653e-01   3.6789494e-03
   6.1200000e+03   5.2264707e-01   6.8572149e-03
   6.1280000e+03   5.1907938e-01  -6.4326323e-03
   6.1360000e+03   5.1749934e-01  -1.0178100e-02
   6.1440000e+03   5.1352176e-01   7.6221156e-03
   6.1520000e+03   5.1971304e-01   1.5580103e-02
   6.1600000e+03   5.1310609e-01  -1.2674567e-03
   6.1680000e+03   5.2220308e-01  -1.4450738e-03
   6.1760000e+03   5.2258660e-01  -9.8539379e-03
   6.1840000e+03   5.1044159e-01   1.1167219e-02
   6.1920000e+03   5.1680756e-01  -4.4001077e-03
   6.2000000e+03   5.2137772e-01   8.4482608e-03
   6.2080000e+03   5.1172846e-01  -1.4219429e-03
   6.2160000e+03   5.1523469e-01   7.2066313e-03
   6.2240000e+03   5.0483150e-01  -6.4426938e-04
   6.2320000e+03   5.1162839e-01  -5.6033279e-04
   6.2400000e+03   5.2523907e-01   1.1048777e-02
   6.2480000e+03   5.2890507e-01  -9.6718891e-03
   6.2560000e+03   5.1093570e-01   6.5866166e-03
   6.2640000e+03   5.1120260e-01  -9.4465915e-03
   6.2720000e+03   5.0136774e-01  -5.8379832e-04
   6.2800000e+03   5.1079622e-01  -7.4661816e-03
   6.2880000e+03   5.1579188e-01  -5.8522497e-03
   6.2960000e+03   5.1195908e-01  -6.4923652e-03
   6.3040000e+03   5.1555746e-01  -1.7934525e-03
   6.3120000e+03   5.1488594e-01   7.2909059e-03
   6.3200000e+03   5.0622302e-01  -1.0566967e-02
   6.3280000e+03   5.0631720e-01   1.0930493e-02
   6.3360000e+03   5.1530917e-01  -1.2105909e-02
   6.3440000e+03   5.0677834e-01   8.3447371e-03
   6.3520000e+03   5.1304908e-01   1.5618544e-02
   6.3600000e+03   5.0537270e-01  -4.5424620e-03
   6.3680000e+03   5.1703814e-01   4.5048421e-03
   6.3760000e+03   5.1123166e-01   1.0249446e-02
   6.3840000e+03   5.0493127e-01   8.5127902e-04
   6.3920000e+03   5.0584303e-01  -1.3894449e-03
   6.4000000e+03   5.0872696e-01  -3.6742428e-03
   6.4080000e+03   5.0738874e-01   2.3278413e-03
   6.4160000e+03   5.0225344e-01  -5.8238128e-03
   6.4240000e+03   5.0111032e-01   8.8964321e-03
   6.4320000e+03   5.1425202e-01   4.7027737e-03
   6.4400000e+03   5.1202108e-01   2.4588953e-03
   6.4480000e+03   5.1405839e-01  -5.9059915e-04
   6.4560000e+03   5.0543263e-01  -6.8012259e-03
   6.4640000e+03   5.1249463e-01   5.3761541e-03
   6.4720000e+03   5.1902663e-01  -9.8121177e-03
   6.4800000e+03   5.0105670e-01   8.6785564e-04
   6.4880000e+03   5.0655545e-01   6.4893809e-03
   6.4960000e+03   5.1147434e-01   6.2010318e-03
   6.5040000e+03   5.2064381e-01  -7.1917043e-03
   6.5120000e+03   5.1584051e-01   6.6061505e-03
   6.5200000e+03   5.2524493e-01   5.5614163e-03
   6.5280000e+03   5.0931761e-01  -7.0347926e-04
   6.5360000e+03   5.0014995e-01   1.1047829e-03
   6.5440000e+03   5.0186149e-01   1.5765749e-02
   6.5520000e+03   5.0201887e-01   1.0103984e-02
   6.5600000e+03   5.0339198e-01   5.9874089e-03
   6.5680000e+03   5.0289737e-01   1.1040762e-02
   6.5760000e+03   5.0109173e-01   8.4585335e-03
   6.5840000e+03   4.9986204e-01   8.3475704e-03
   6.5920000e+03   4.9188552e-01   1.0470801e-02
   6.6000000e+03   5.0374944e-01  -7.9059535e-04
   6.6080000e+03   5.1182144e-01   6.2981644e-03
   6.6160000e+03   5.0252259e-01  -4.5870371e-03
   6.6240000e+03   5.2246261e-01  -1.2405610e-03
   6.6320000e+03   5.0867886e-01   5.5834211e-04
   6.6400000e+03   5.0172855e-01   3.1352974e-03
   6.6480000e+03   5.0037214e-01   8.1361413e-03
   6.6560000e+03   5.0334856e-01   4.4870094e-03
   6.6640000e+03   5.1000496e-01  -9.0170740e-03
   6.6720000e+03   5.0179932e-01   7.9831486e-03
   6.6800000e+03   5.2103317e-01   2.1831141e-03
   6.6880000e+03   5.0213449e-01   8.9263519e-03
   6.6960000e+03   5.1163925e-01   2.2349596e-02
   6.7040000e+03   5.1578496e-01  -1.5408594e-03
   6.7120000e+03   5.1080572e-01   5.5684814e-04
   6.7200000e+03   5.0435557e-01   1.0366999e-02
   6.7280000e+03   4.8613123e-01  -7.4321264e-04
   6.7360000e+03   5.0057737e-01  -6.6391980e-03
   6.7440000e+03   5.0245353e-01   2.1370592e-03
   6.7520000e+03   4.9719239e-01  -5.2415428e-03
   6.7600000e+03   5.0510282e-01  -5.1073485e-03
   6.7680000e+03   5.0838995e-01  -2.6324381e-06
   6.7760000e+03   5.0955879e-01  -1.0021395e-02
   6.7840000e+03   5.0479288e-01   9.7069834e-03
   6.7920000e+03   4.9153515e-01   1.1874641e-02
   6.8000000e+03   5.0557484e-01  -7.4473586e-03
   6.8080000e+03   5.0599379e-01  -1.5531679e-02
   6.8160000e+03   4.9627978e-01  -9.7664212e-03
   6.8240000e+03   4.8846315e-01   1.0788045e-02
   6.8320000e+03   4.9450510e-01   5.7993135e-03
   6.8400000e+03   5.1039800e-01   1.3699129e-03
   6.8480000e+03   5.0827727e-01  -2.5122734e-04
   6.8560000e+03   4.9028078e-01   1.0291097e-03
   6.8640000e+03   4.9674946e-01  -3.4101239e-03
   6.8720000e+03   4.9464372e-01  -1.5706969e-02
   6.8800000e+03   4.9845648e-01  -4.9406770e-03
   6.8880000e+03   4.9261982e-01   5.5250618e-03
   6.8960000e+03   5.1307703e-01   9.2323159e-03
   6.9040000e+03   5.0626553e-01   5.8985405e-04
   6.9120000e+03   4.9251787e-01  -5.5161648e-03
   6.9200000e+03   5.0514011e-01   9.9745140e-03
   6.9280000e+03   5.1610430e-01   7.8660111e-03
   6.9360000e+03   5.0048329e-01  -7.6224474e-03
   6.9440000e+03   5.0733476e-01  -5.4079060e-03
   6.9520000e+03   5.0040019e-01  -3.7135526e-03
   6.9600000e+03   4.9282815e-01  -6.9658271e-03
   6.9680000e+03   5.0872108e-01  -3.2594430e-04
   6.9760000e+03   5.0222381e-01   7.0896260e-03
   6.9840000e+03   5.0309421e-01   5.0853699e-03
   6.9920000e+03   5.0566726e-01   2.4283992e-03
   7.0000000e+03   4.9908800e-01   8.0078788e-03
   7.0080000e+03   5.0290324e-01  -3.2469071e-03
   7.0160000e+03   4.9920682e-01   5.4383468e-03
   7.0240000e+03   5.0372265e-01   1.0484592e-02
   7.0320000e+03   4.8817881e-01   3.3734302e-03
   7.0400000e+03   4.8900514e-01   8.6696739e-03
   7.0480000e+03   4.9810904e-01   7.0255255e-03
   7.0560000e+03   4.9664194e-01   9.8595701e-03
   7.0640000e+03   4.9711777e-01   1.0868998e-02
   7.0720000e+03   4.9616799e-01   6.2211572e-03
   7.0800000e+03   4.8478763e-01  -1.2986699e-02
   7.0880000e+03   4.8823032e-01  -1.8111233e-03
   7.0960000e+03   4.9829609e-01  -1.4250241e-02
   7.1040000e+03   4.9949288e-01  -1.6106599e-03
   7.1120000e+03   4.9688382e-01   1.5541048e-02
   7.1200000e+03   4.8420936e-01   7.4406527e-04
   7.1280000e+03   5.0231986e-01   1.9290074e-02
   7.1360000e+03   5.0794456e-01  -8.3895484e-04
   7.1440000e+03   5.0185287e-01   6.2261281e-03
   7.1520000e+03   4.9074816e-01   2.3436245e-03
   7.1600000e+03   4.9804624e-01  -9.0528217e-03
   7.1680000e+03   4.9294475e-01  -8.1761505e-03
   7.1760000e+03   5.1279115e-01   3.9851742e-04
   7.1840000e+03   4.8459801e-01  -5.0689161e-03
   7.1920000e+03   4.9338753e-01  -3.2738181e-03
   7.2000000e+03   5.0473190e-01  -5.9837509e-03
   7.2080000e+03   4.9711736e-01   4.8255208e-05
   7.2160000e+03   4.9781685e-01  -1.4685236e-02
   7.2240000e+03   5.1042461e-01  -1.9976068e-03
   7.2320000e+03   5.0249876e-01  -1.0443395e-02
   7.2400000e+03   5.0269802e-01   2.1278568e-04
   7.2480000e+03   4.9831944e-01  -2.0704248e-04
   7.2560000e+03   4.9243601e-01   7.5604165e-03
   7.2640000e+03   4.9716474e-01   6.1729125e-03
   7.2720000e+03   4.8382234e-01  -2.2961945e-03
   7.2800000e+03   4.8796244e-01  -3.0162452e-03
   7.2880000e+03   4.9610496e-01   6.2438171e-04
   7.2960000e+03   4.9817300e-01  -1.0272160e-02
   7.3040000e+03   4.9848680e-01  -5.2646691e-03
   7.3120000e+03   4.9115867e-01   1.6118870e-03
   7.3200000e+03   4.7144177e-01  -1.7751640e-02
   7.3280000e+03   4.8304609e-01  -6.3190720e-03
   7.3360000e+03   4.9205052e-01  -4.1996635e-03
   7.3440000e+03   4.8765963e-01   1.1694954e-03
   7.3520000e+03   4.7823292e-01  -1.9730462e-03
   7.3600000e+03   4.8416954e-01  -2.2810646e-02
   7.3680000e+03   4.9986737e-01   8.5713681e-03
   7.3760000e+03   5.0264245e-01  -8.9531944e-03
   7.3840000e+03   5.0482014e-01   7.4481927e-03
   7.3920000e+03   4.9038794e-01   8.4613803e-03
   7.4000000e+03   4.7591506e-01   3.1425222e-03
   7.4080000e+03   4.9715236e-01  -5.5048179e-03
   7.4160000e+03   4.9897156e-01   1.0638820e-02
   7.4240000e+03   5.1224914e-01  -1.4987366e-02
   7.4320000e+03   5.0028511e-01  -2.5768856e-03
   7.4400000e+03   4.8838385e-01  -5.8845800e-03
   7.4480000e+03   4.9261971e-01  -6.4764583e-04
   7.4560000e+03   4.8905127e-01  -4.8952079e-03
   7.4640000e+03   4.8062896e-01   5.3802088e-03
   7.4720000e+03   4.8274394e-01   5.0049529e-03
   7.4800000e+03   4.8826250e-01   3.1935162e-04
   7.4880000e+03   4.8643616e-01   8.0926310e-03
   7.4960000e+03   4.8547757e-01   3.8639798e-03
   7.5040000e+03   4.7965974e-01   1.0273726e-03
   7.5120000e+03   4.9179435e-01  -6.5013195e-03
   7.5200000e+03   4.8792275e-01   7.4474879e-04
   7.5280000e+03   4.8341421e-01   7.5548862e-03
   7.5360000e+03   4.9401413e-01   3.5706484e-03
   7.5440000e+03   4.7611589e-01   6.6714683e-03
   7.5520000e+03   4.8447287e-01   5.5938671e-03
   7.5600000e+03   4.9253499e-01  -2.6862498e-03
   7.5680000e+03   4.9404309e-01  -1.7593549e-02
   7.5760000e+03   4.9765368e-01   1.4850219e-03
   7.5840000e+03   5.0394075e-01   8.8329930e-03
   7.5920000e+03   4.7750750e-01  -9.7805560e-03
   7.6000000e+03   4.8981191e-01   5.6364183e-05
   7.6080000e+03   4.8211208e-01  -7.3667364e-03
   7.6160000e+03   4.8983321e-01  -2.6540781e-03
   7.6240000e+03   5.0040291e-01   2.3810699e-03
   7.6320000e+03   4.9607261e-01   5.7174807e-03
   7.6400000e+03   4.8866981e-01  -7.4470289e-03
   7.6480000e+03   4.8458266e-01  -1.0040550e-02
   7.6560000e+03   4.8957104e-01  -3.7835748e-03
   7.6640000e+03   4.9552901e-01  -1.0844848e-02
   7.6720000e+03   4.7909226e-01   5.1646190e-03
   7.6800000e+03   4.9327509e-01   9.3904928e-03
   7.6880000e+03   4.7666696e-01  -7.1384122e-03
   7.6960000e+03   4.9416885e-01  -8.3732112e-03
   7.7040000e+03   4.8178423e-01  -7.7010519e-03
   7.7120000e+03   4.8912795e-01  -1.7767537e-03
   7.7200000e+03   4.8545359e-01  -5.0804662e-04
   7.7280000e+03   4.7956535e-01  -1.1547570e-03
   7.7360000e+03   4.9048471e-01  -2.3638949e-03
   7.7440000e+03   4.8640614e-01  -7.5243582e-03
   7.7520000e+03   4.7635190e-01  -9.7750713e-03
   7.7600000e+03   4.7658272e-01   9.6282277e-03
   7.7680000e+03   4.9429817e-01  -1.5373774e-03
   7.7760000e+03   4.8784963e-01   6.3817866e-04
   7.7840000e+03   4.7796682e-01   8.0738703e-03
   7.7920000e+03   4.8343578e-01   8.9902751e-03
   7.8000000e+03   4.7974423e-01   5.5886779e-03
   7.8080000e+03   4.8414273e-01  -2.6740629e-03
   7.8160000e+03   4.8217661e-01  -1.3707861e-02
   7.8240000e+03   4.8099642e-01  -2.4330978e-03
   7.8320000e+03   4.8666371e-01  -9.6838262e-03
   7.8400000e+03   4.8470358e-01   5.0085497e-03
   7.8480000e+03   4.7962596e-01   9.5512547e-03
   7.8560000e+03   4.7315372e-01   5.7396064e-03
   7.8640000e+03   4.8027863e-01   7.5688134e-04
   7.8720000e+03   4.9077571e-01  -1.9442714e-02
   7.8800000e+03   4.8508011e-01   3.2144009e-03
   7.8880000e+03   4.7310822e-01   4.3777697e-04
   7.8960000e+03   4.8589911e-01   1.1711428e-02
   7.9040000e+03   4.7516970e-01   6.4878103e-03
   7.9120000e+03   4.7612051e-01  -8.6782420e-05
   7.9200000e+03   4.9330053e-01  -1.3640479e-03
   7.9280000e+03   4.7128272e-01   3.0262821e-03
   7.9360000e+03   4.9760668e-01   1.0256945e-02
   7.9440000e+03   4.9364476e-01  -1.1842837e-02
   7.9520000e+03   4.8822525e-01  -5.8475928e-03
   7.9600000e+03   4.7918751e-01   3.4048172e-04
   7.9680000e+03   4.7993347e-01  -4.0081416e-03
   7.9760000e+03   4.8651845e-01   9.8171821e-04
   7.9840000e+03   4.7746475e-01   3.3064079e-03
   7.9920000e+03   4.8470797e-01   3.3746702e-03
   8.0000000e+03   4.8642166e-01  -4.3546897e-03
   8.0080000e+03   4.8009717e-01   5.8795086e-03
   8.0160000e+03   4.7813762e-01   3.6739387e-04
   8.0240000e+03   4.6465258e-01   8.4718061e-04
   8.0320000e+03   4.8412186e-01   4.6467743e-04
   8.0400000e+03   4.8787579e-01   3.4847585e-03
   8.0480000e+03   4.8760011e-01  -6.2280413e-03
   8.0560000e+03   4.7978090e-01   4.9328353e-03
   8.0640000e+03   4.8309309e-01  -6.8512480e-03
   8.0720000e+03   4.7444668e-01   2.9983801e-04
   8.0800000e+03   4.8194833e-01  -1.0812362e-02
   8.0880000e+03   4.7599627e-01  -9.3126119e-03
   8.0960000e+03   4.7757658e-01   6.9043752e-03
   8.1040000e+03   4.8359169e-01   4.5118265e-04
   8.1120000e+03   4.6766237e-01   1.9496233e-02
   8.1200000e+03   4.6664834e-01  -1.0853157e-04
   8.1280000e+03   4.7234044e-01   5.0582097e-03
   8.1360000e+03   4.7013751e-01  -6.5386369e-03
   8.1440000e+03   4.7122118e-01  -4.4455915e-03
   8.1520000e+03   4.7959049e-01   2.2915862e-03
   8.1600000e+03   4.8036631e-01  -1.0077448e-02
   8.1680000e+03   4.7892592e-01   4.6458385e-03
   8.1760000e+03   4.7458855e-01   3.2710539e-03
   8.1840000e+03   4.7391215e-01  -5.3322909e-03
   8.1920000e+03   4.7214534e-01   6.1359106e-03
   8.2000000e+03   4.7329703e-01  -2.0857712e-03
   8.2080000e+03   4.9370006e-01   3.5239883e-03
   8.2160000e+03   4.7876940e-01  -4.1424933e-03
   8.2240000e+03   4.7258489e-01   6.1279515e-03
   8.2320000e+03   4.7743606e-01  -1.7765260e-03
   8.2400000e+03   4.6659692e-01  -9.2226331e-04
   8.2480000e+03   4.7747702e-01  -3.9316505e-03
   8.2560000e+03   4.8248275e-01   1.6891336e-02
   8.2640000e+03   4.8614281e-01  -8.3203727e-03
   8.2720000e+03   4.7712061e-01  -3.1909532e-03
   8.2800000e+03   4.8144237e-01   1.7005311e-03
   8.2880000e+03   4.7668342e-01   1.3698536e-03
   8.2960000e+03   4.8250090e-01   3.1921757e-03
