   0.0000000e+00   9.8710991e-01  -1.9030511e-02
   1.6000000e+01   9.7747346e-01   6.7427980e-03
   3.2000000e+01   9.7635979e-01   1.9082212e-02
   4.8000000e+01   9.9007637e-01  -6.9148734e-03
   6.4000000e+01   9.9162863e-01   6.0036421e-03
   8.0000000e+01   9.9014748e-01  -8.8515492e-03
   9.6000000e+01   9.9184466e-01   7.8417474e-03
   1.1200000e+02   9.8689231e-01  -6.4128843e-03
   1.2800000e+02   9.8191783e-01   4.1719198e-05
   1.4400000e+02   9.8821099e-01  -6.7714625e-03
   1.6000000e+02   9.8981917e-01  -5.4654632e-03
   1.7600000e+02   9.9987017e-01   4.5529802e-03
   1.9200000e+02   1.0038476e+00  -6.0669117e-03
   2.0800000e+02   1.0042504e+00   8.2425607e-03
   2.2400000e+02   1.0038073e+00  -1.0178767e-02
   2.4000000e+02   1.0059566e+00   5.5840203e-03
   2.5600000e+02   9.9310492e-01  -4.2963517e-03
   2.7200000e+02   9.9237784e-01   2.5233368e-03
   2.8800000e+02   1.0046433e+00  -1.4415839e-03
   3.0400000e+02   9.9072294e-01  -7.0559453e-03
   3.2000000e+02   9.9036014e-01  -9.3627468e-03
   3.3600000e+02   9.8729172e-01   7.0080945e-03
   3.5200000e+02   9.8303909e-01   7.2768782e-03
   3.6800000e+02   9.8849477e-01   1.8597381e-02
   3.8400000e+02   9.7251368e-01  -1.8603980e-02
   4.0000000e+02   9.9225426e-01   4.4642654e-03
   4.1600000e+02   9.9589090e-01   7.6715441e-03
   4.3200000e+02   9.8841867e-01  -5.5773957e-03
   4.4800000e+02   9.8345541e-01   1.9325707e-02
   4.6400000e+02   9.9684753e-01   2.9053134e-03
   4.8000000e+02   9.8530556e-01  -2.0808029e-03
   4.9600000e+02   9.9914985e-01   1.3634077e-03
   5.1200000e+02   1.0121151e+00  -9.6703522e-03
   5.2800000e+02   9.7326550e-01   4.4417156e-04
   5.4400000e+02   9.8779472e-01   9.6932316e-03
   5.6000000e+02   9.6046513e-01   1.8634356e-03
   5.7600000e+02   9.7909745e-01   6.1656772e-04
   5.9200000e+02   9.8155337e-01   7.1368569e-03
   6.0800000e+02   9.7720369e-01  -3.1618635e-03
   6.2400000e+02   9.6880297e-01  -4.5781029e-03
   6.4000000e+02   9.6767808e-01   5.4089557e-03
   6.5600000e+02   9.7022917e-01  -2.1171069e-02
   6.7200000e+02   9.5747453e-01   1.0494962e-02
   6.8800000e+02   9.6860976e-01  -5.2562014e-03
   7.0400000e+02   9.6946940e-01  -9.7614293e-03
   7.2000000e+02   9.4394570e-01   3.6277349e-03
   7.3600000e+02   9.6406089e-01   5.6364642e-03
   7.5200000e+02   9.4538402e-01  -1.2050204e-02
   7.6800000e+02   9.4905767e-01  -5.2577497e-03
   7.8400000e+02   9.4793406e-01   3.9283792e-03
   8.0000000e+02   9.4902365e-01  -8.2375469e-03
   8.1600000e+02   9.4276972e-01   8.3703881e-03
   8.3200000e+02   9.3313564e-01   5.2054621e-03
   8.4800000e+02   9.4442668e-01  -9.6632975e-04
   8.6400000e+02   9.4311327e-01  -1.1083363e-02
   8.8000000e+02   9.1983539e-01   1.2718378e-02
   8.9600000e+02   9.2330744e-01  -9.9701856e-03
   9.1200000e+02   9.2711647e-01  -1.8350077e-03
   9.2800000e+02   9.2543545e-01  -1.1982985e-02
   9.4400000e+02   9.2027869e-01  -6.1256706e-03
   9.6000000e+02   9.3303499e-01  -1.2241230e-03
   9.7600000e+02   9.1513830e-01   8.9809306e-03
   9.9200000e+02   9.2704849e-01  -2.7189930e-03
   1.0080000e+03   9.1949672e-01   5.4611375e-03
   1.0240000e+03   9.0755509e-01  -1.3561189e-03
   1.0400000e+03   9.0559060e-01  -5.4700370e-03
   1.0560000e+03   8.9787854e-01  -1.0353544e-02
   1.0720000e+03   9.0081788e-01  -4.0123608e-03
   1.0880000e+03   9.0198323e-01   1.0817784e-03
   1.1040000e+03   8.9438338e-01  -2.2772767e-03
   1.1200000e+03   8.9024524e-01  -3.0579635e-03
   1.1360000e+03   8.8863735e-01   9.1170739e-03
   1.1520000e+03   9.0314912e-01  -1.0372153e-02
   1.1680000e+03   8.7571395e-01   6.0883578e-03
   1.1840000e+03   8.8951726e-01  -1.0293450e-03
   1.2000000e+03   8.9108176e-01   4.9031610e-03
   1.2160000e+03   8.6342745e-01   2.3820624e-03
   1.2320000e+03   8.7450017e-01  -3.1810304e-03
   1.2480000e+03   8.7750825e-01  -1.3316968e-03
   1.2640000e+03   8.6088540e-01   8.1333876e-03
   1.2800000e+03   8.6329106e-01  -9.6360571e-03
   1.2960000e+03   8.6453818e-01  -6.9492674e-03
   1.3120000e+03   8.5497241e-01   4.7383721e-03
   1.3280000e+03   8.5211358e-01   5.0503016e-04
   1.3440000e+03   8.5014422e-01   1.1367152e-02
   1.3600000e+03   8.4719726e-01   1.1792081e-02
   1.3760000e+03   8.5348929e-01   1.4229610e-02
   1.3920000e+03   8.3582996e-01  -1.1730862e-02
   1.4080000e+03   8.5042906e-01  -6.4878132e-03
   1.4240000e+03   8.2013771e-01   3.8586331e-03
   1.4400000e+03   8.4298737e-01  -2.2014923e-04
   1.4560000e+03   8.3855697e-01   1.1751459e-02
   1.4720000e+03   8.2306973e-01   1.0808026e-03
   1.4880000e+03   8.3194131e-01   5.4406727e-03
   1.5040000e+03   8.2795174e-01   2.4235622e-03
   1.5200000e+03   8.2789233e-01  -3.1042247e-04
   1.5360000e+03   8.1043008e-01   9.4020339e-03
   1.5520000e+03   8.0126456e-01  -5.2670277e-05
   1.5680000e+03   8.0926370e-01   7.1513596e-03
   1.5840000e+03   8.0456933e-01  -1.2944427e-02
   1.6000000e+03   7.9181507e-01  -2.5234850e-03
   1.6160000e+03   8.0403039e-01  -6.1031278e-03
   1.6320000e+03   7.8399246e-01  -7.3380609e-03
   1.6480000e+03   7.8247032e-01   1.2045440e-02
   1.6640000e+03   7.9274075e-01   6.5351096e-03
   1.6800000e+03   7.7945841e-01   8.5065211e-03
   1.6960000e+03   7.9246019e-01  -4.5576021e-04
   1.7120000e+03   7.8981466e-01  -8.7579138e-03
   1.7280000e+03   7.8002791e-01   9.6738967e-05
   1.7440000e+03   7.8040172e-01   6.2464233e-03
   1.7600000e+03   7.6149192e-01  -8.9433545e-03
   1.7760000e+03   7.7379413e-01   1.3539338e-02
   1.7920000e+03   7.6893216e-01  -2.9183596e-04
   1.8080000e+03   7.5134612e-01   7.5431212e-03
   1.8240000e+03   7.6358383e-01   5.3949863e-03
   1.8400000e+03   7.4849248e-01   1.3809212e-02
   1.8560000e+03   7.5759970e-01  -8.3070335e-04
   1.8720000e+03   7.3806724e-01   2.6647259e-03
   1.8880000e+03   7.4939918e-01  -2.1904476e-03
   1.9040000e+03   7.2524797e-01  -7.7683876e-03
   1.9200000e+03   7.1939271e-01  -1.2038604e-03
   1.9360000e+03   7.2794100e-01  -7.0418534e-04
   1.9520000e+03   7.3188048e-01   4.9268305e-03
   1.9680000e+03   7.2027906e-01  -1.8945441e-03
   1.9840000e+03   7.0155706e-01   1.9154675e-02
   2.0000000e+03   7.0868174e-01  -5.4048537e-03
   2.0160000e+03   7.1567720e-01   4.9224010e-03
   2.0320000e+03   7.0929427e-01   3.5443180e-03
   2.0480000e+03   7.1815420e-01  -9.0128690e-04
   2.0640000e+03   7.1317493e-01   1.3417780e-02
   2.0800000e+03   7.1635726e-01  -1.6738999e-04
   2.0960000e+03   7.0586408e-01  -6.9765378e-03
   2.1120000e+03   7.0270032e-01  -1.8318847e-03
   2.1280000e+03   6.8688424e-01  -9.5861880e-04
   2.1440000e+03   6.7709196e-01  -3.0487577e-03
   2.1600000e+03   6.8869514e-01  -4.4362555e-03
   2.1760000e+03   6.8933810e-01  -7.2540334e-03
   2.1920000e+03   6.8198148e-01   6.2150130e-04
   2.2080000e+03   6.8114698e-01  -9.2898580e-03
   2.2240000e+03   6.9291570e-01  -9.1372482e-03
   2.2400000e+03   6.7409908e-01  -5.6584452e-03
   2.2560000e+03   6.6723769e-01  -1.0191576e-02
   2.2720000e+03   6.7834882e-01   1.9730496e-03
   2.2880000e+03   6.7740178e-01  -9.4780437e-03
   2.3040000e+03   6.6234108e-01  -3.3474275e-03
   2.3200000e+03   6.6282108e-01   4.4310787e-04
   2.3360000e+03   6.4741800e-01  -6.3204888e-03
   2.3520000e+03   6.6460559e-01   2.5747171e-03
   2.3680000e+03   6.5437570e-01   3.3706812e-03
   2.3840000e+03   6.5900666e-01  -1.1183126e-02
   2.4000000e+03   6.5775505e-01  -1.2362021e-02
   2.4160000e+03   6.2916610e-01  -8.7308403e-03
   2.4320000e+03   6.5034601e-01   1.0049089e-03
   2.4480000e+03   6.4843187e-01   7.4568591e-03
   2.4640000e+03   6.3252124e-01   1.0829416e-02
   2.4800000e+03   6.4236661e-01  -2.3097212e-03
   2.4960000e+03   6.4079612e-01   4.4411808e-03
   2.5120000e+03   6.3332107e-01   4.2415942e-03
   2.5280000e+03   6.2165255e-01   1.2786930e-02
   2.5440000e+03   6.3511089e-01   6.8226345e-03
   2.5600000e+03   6.1566373e-01  -7.5715183e-04
   2.5760000e+03   6.1917763e-01   5.7077351e-04
   2.5920000e+03   6.1499281e-01  -4.9403593e-04
   2.6080000e+03   6.1447280e-01  -1.0514794e-04
   2.6240000e+03   6.1634581e-01  -7.6640986e-03
   2.6400000e+03   6.0241049e-01  -2.7100180e-03
   2.6560000e+03   6.1125450e-01   1.0615431e-02
   2.6720000e+03   6.0612094e-01  -5.3785187e-03
   2.6880000e+03   6.1891839e-01   9.4106864e-05
   2.7040000e+03   6.1316239e-01   6.4765835e-03
   2.7200000e+03   6.0900057e-01   4.0884703e-03
   2.7360000e+03   5.9665218e-01   6.5394323e-03
   2.7520000e+03   6.1084777e-01  -3.1832586e-02
   2.7680000e+03   5.7756250e-01   6.2358765e-04
   2.7840000e+03   5.8771651e-01  -2.6348651e-03
   2.8000000e+03   6.0488035e-01   5.0796799e-03
   2.8160000e+03   5.9209210e-01   1.0899005e-02
   2.8320000e+03   5.8378402e-01  -1.3370897e-03
   2.8480000e+03   5.8194952e-01  -1.1543570e-02
   2.8640000e+03   5.7835199e-01   4.2109625e-03
   2.8800000e+03   5.8852265e-01   2.4256839e-03
   2.8960000e+03   5.8206248e-01  -1.1911173e-03
   2.9120000e+03   5.7324403e-01  -1.1427354e-02
   2.9280000e+03   5.5460599e-01   4.2321652e-03
   2.9440000e+03   5.7016195e-01   1.4225755e-02
   2.9600000e+03   5.7186438e-01   1.9938289e-03
   2.9760000e+03   5.7538569e-01   1.4714403e-02
   2.9920000e+03   5.6389775e-01  -1.1073953e-02
   3.0080000e+03   5.5581531e-01   1.5406011e-03
   3.0240000e+03   5.7184345e-01  -1.3920208e-02
   3.0400000e+03   5.5235689e-01  -7.0823035e-04
   3.0560000e+03   5.5616968e-01  -6.9303082e-03
   3.0720000e+03   5.6136621e-01  -1.4165032e-02
   3.0880000e+03   5.5103907e-01  -7.2076210e-03
   3.1040000e+03   5.3431710e-01  -8.0484836e-03
   3.1200000e+03   5.6239190e-01  -2.3195998e-03
   3.1360000e+03   5.5543203e-01   5.5584056e-04
   3.1520000e+03   5.4334132e-01  -6.9466094e-03
   3.1680000e+03   5.4631187e-01  -6.6524510e-04
   3.1840000e+03   5.4435251e-01  -1.0041409e-02
   3.2000000e+03   5.3928860e-01   2.4694764e-03
   3.2160000e+03   5.3481702e-01  -1.7462980e-02
   3.2320000e+03   5.3929580e-01  -2.0621408e-03
   3.2480000e+03   5.3932955e-01   1.0812506e-02
   3.2640000e+03   5.4940636e-01   1.3581180e-02
   3.2800000e+03   5.3660661e-01  -9.8440310e-03
   3.2960000e+03   5.3842607e-01  -7.3380922e-03
   3.3120000e+03   5.3268106e-01   1.0991445e-02
   3.3280000e+03   5.2546583e-01  -6.5153626e-03
   3.3440000e+03   5.1776147e-01  -1.3283179e-03
   3.3600000e+03   5.2783097e-01   1.2152465e-02
   3.3760000e+03   5.3656320e-01  -2.0000176e-02
   3.3920000e+03   5.2053874e-01   1.1028226e-02
   3.4080000e+03   5.2311329e-01  -3.5375650e-03
   3.4240000e+03   5.3462625e-01   6.5389784e-03
   3.4400000e+03   5.1299290e-01  -1.2313201e-02
   3.4560000e+03   5.1364405e-01   1.2528382e-03
   3.4720000e+03   5.1275661e-01  -4.1192801e-03
   3.4880000e+03   4.9630828e-01  -7.9514623e-03
   3.5040000e+03   5.2669346e-01  -9.8068510e-03
   3.5200000e+03   5.1373371e-01   6.6679240e-03
   3.5360000e+03   5.0739795e-01  -2.3882947e-03
   3.5520000e+03   5.0509866e-01   6.7257542e-03
   3.5680000e+03   5.1128221e-01   3.2669565e-03
   3.5840000e+03   5.1866089e-01  -1.5003824e-02
   3.6000000e+03   4.9946713e-01  -9.4181257e-03
   3.6160000e+03   5.1550768e-01  -4.1037506e-03
   3.6320000e+03   5.0961426e-01   6.6753968e-04
   3.6480000e+03   4.9547100e-01   8.4862716e-03
   3.6640000e+03   4.8732546e-01  -2.6534045e-03
   3.6800000e+03   5.0901221e-01   5.4211460e-03
   3.6960000e+03   4.8863344e-01   3.6898316e-03
   3.7120000e+03   4.8247859e-01   3.3383772e-03
   3.7280000e+03   4.9049205e-01  -1.0757091e-02
   3.7440000e+03   5.0383291e-01  -7.1245872e-03
   3.7600000e+03   4.9211513e-01  -5.2184838e-03
   3.7760000e+03   4.8595242e-01   1.0837871e-02
   3.7920000e+03   5.0142427e-01   7.2289451e-03
   3.8080000e+03   4.8513968e-01   1.1523178e-02
   3.8240000e+03   4.9324086e-01  -1.2576952e-02
   3.8400000e+03   4.8880378e-01  -3.6710626e-03
   3.8560000e+03   4.8057211e-01   3.7688847e-03
   3.8720000e+03   4.8983563e-01   1.2281622e-04
   3.8880000e+03   4.9513036e-01  -2.3240978e-04
   3.9040000e+03   4.7701245e-01  -7.7580668e-03
   3.9200000e+03   4.8618588e-01  -1.0653795e-03
   3.9360000e+03   4.8926602e-01  -8.7426780e-03
   3.9520000e+03   4.8839521e-01  -6.6086075e-04
   3.9680000e+03   4.9344009e-01   1.1075375e-02
   3.9840000e+03   4.7723601e-01   9.2460913e-03
   4.0000000e+03   4.6632485e-01  -1.7631243e-02
   4.0160000e+03   4.8421468e-01   1.2538810e-03
   4.0320000e+03   4.7379283e-01   7.5373055e-03
   4.0480000e+03   4.7848457e-01  -6.9543551e-03
   4.0640000e+03   4.6790197e-01   4.3954588e-03
   4.0800000e+03   4.7080429e-01  -8.2947683e-04
   4.0960000e+03   4.8876640e-01   2.7854002e-03
   4.1120000e+03   4.8083990e-01   1.0565764e-06
   4.1280000e+03   4.8085186e-01  -1.1242198e-03
   4.1440000e+03   4.7422797e-01  -2.2406653e-03
   4.1600000e+03   4.7662877e-01   1.2819923e-03
   4.1760000e+03   4.7592154e-01   3.0786171e-03
   4.1920000e+03   4.6869665e-01   4.1237133e-03
   4.2080000e+03   4.6707326e-01  -7.1760852e-03
   4.2240000e+03   4.5798488e-01  -9.2423302e-04
   4.2400000e+03   4.7730230e-01  -9.0468099e-03
   4.2560000e+03   4.7367568e-01  -7.1721984e-03
   4.2720000e+03   4.6300746e-01  -6.7621264e-03
   4.2880000e+03   4.6404737e-01   9.2613943e-04
   4.3040000e+03   4.5784747e-01  -3.0070966e-03
   4.3200000e+03   4.7000762e-01   8.9714569e-03
   4.3360000e+03   4.5561533e-01   3.1660867e-03
   4.3520000e+03   4.6074584e-01  -2.1832683e-03
   4.3680000e+03   4.6452049e-01   1.0505638e-03
   4.3840000e+03   4.6452780e-01   6.5471161e-03
   4.4000000e+03   4.5712750e-01  -6.3544233e-03
   4.4160000e+03   4.6931382e-01  -5.5651014e-03
   4.4320000e+03   4.6156600e-01   7.6442584e-03
   4.4480000e+03   4.5745644e-01  -7.4857116e-03
   4.4640000e+03   4.5782460e-01   2.8018996e-03
   4.4800000e+03   4.5154150e-01  -8.1546195e-03
   4.4960000e+03   4.4540638e-01  -4.0825926e-03
   4.5120000e+03   4.5533216e-01   4.4263686e-03
   4.5280000e+03   4.3962502e-01  -3.4148317e-03
   4.5440000e+03   4.4831193e-01   1.7346645e-03
   4.5600000e+03   4.5086283e-01   1.3966658e-04
   4.5760000e+03   4.3871906e-01  -1.0537657e-02
   4.5920000e+03   4.4745707e-01  -1.3483033e-02
   4.6080000e+03   4.4003976e-01  -1.7124569e-03
   4.6240000e+03   4.5028792e-01  -2.0904090e-03
   4.6400000e+03   4.4722087e-01   3.2240060e-03
   4.6560000e+03   4.5212291e-01  -4.3354883e-03
   4.6720000e+03   4.5476338e-01  -1.2834174e-02
   4.6880000e+03   4.5297999e-01  -5.3521550e-03
   4.7040000e+03   4.4324370e-01  -8.6043900e-03
   4.7200000e+03   4.4277623e-01  -1.4134703e-02
   4.7360000e+03   4.5386145e-01  -3.1725670e-03
   4.7520000e+03   4.6158673e-01   7.2683725e-03
   4.7680000e+03   4.4217018e-01  -1.3658874e-02
   4.7840000e+03   4.5174990e-01  -1.4505922e-02
   4.8000000e+03   4.4358521e-01   6.3737009e-03
   4.8160000e+03   4.3808418e-01   3.4754514e-03
   4.8320000e+03   4.5177125e-01  -1.6159481e-02
   4.8480000e+03   4.4947707e-01  -4.2326965e-04
   4.8640000e+03   4.5616594e-01  -6.1097379e-03
   4.8800000e+03   4.3890721e-01   2.3496392e-03
   4.8960000e+03   4.4852696e-01   1.2669879e-02
   4.9120000e+03   4.5419777e-01   1.9291535e-03
   4.9280000e+03   4.4363645e-01   3.9849045e-03
   4.9440000e+03   4.4550574e-01  -1.4155438e-03
   4.9600000e+03   4.5458344e-01  -9.4975945e-04
   4.9760000e+03   4.3364321e-01   1.3388236e-02
   4.9920000e+03   4.4839301e-01   3.5191734e-03
   5.0080000e+03   4.5196746e-01  -1.9719333e-03
   5.0240000e+03   4.4731298e-01   6.9165498e-03
   5.0400000e+03   4.4062654e-01  -3.6383685e-03
   5.0560000e+03   4.3063826e-01  -1.7541998e-02
   5.0720000e+03   4.6270386e-01   3.4930698e-03
   5.0880000e+03   4.4459812e-01  -1.1756426e-02
   5.1040000e+03   4.6120370e-01   4.5762731e-03
   5.1200000e+03   4.5277397e-01   1.0319660e-02
   5.1360000e+03   4.5140598e-01   5.5197956e-03
   5.1520000e+03   4.4511895e-01  -8.6564613e-03
   5.1680000e+03   4.4690409e-01   1.3015720e-03
   5.1840000e+03   4.3555131e-01   1.1383143e-03
   5.2000000e+03   4.4807526e-01  -8.9683459e-03
   5.2160000e+03   4.3882649e-01  -2.1924648e-03
   5.2320000e+03   4.4141105e-01   1.6136529e-02
   5.2480000e+03   4.3965494e-01   3.0924440e-02
   5.2640000e+03   4.2656801e-01   2.8742094e-03
   5.2800000e+03   4.3575062e-01  -1.7295580e-02
   5.2960000e+03   4.3792138e-01  -2.8431000e-03
   5.3120000e+03   4.3605002e-01   4.2897607e-03
   5.3280000e+03   4.4837266e-01  -5.9399619e-03
   5.3440000e+03   4.3511129e-01  -1.5034027e-02
   5.3600000e+03   4.2579464e-01   5.3974801e-03
   5.3760000e+03   4.3915078e-01  -3.6458260e-03
   5.3920000e+03   4.4239996e-01  -1.1273382e-02
   5.4080000e+03   4.4470861e-01  -1.6734877e-03
   5.4240000e+03   4.2843468e-01  -8.3119666e-03
   5.4400000e+03   4.5406781e-01   6.9117053e-03
   5.4560000e+03   4.3110223e-01   1.2649904e-02
   5.4720000e+03   4.3518567e-01  -4.6940874e-03
   5.4880000e+03   4.3938856e-01   1.4274446e-02
   5.5040000e+03   4.4647674e-01   4.9633471e-03
   5.5200000e+03   4.3765479e-01  -5.5300027e-03
   5.5360000e+03   4.4322274e-01   7.5190192e-03
   5.5520000e+03   4.5368696e-01   1.0714894e-03
   5.5680000e+03   4.4867008e-01  -2.2124835e-03
   5.5840000e+03   4.4342783e-01   6.9639653e-03
   5.6000000e+03   4.3783254e-01   4.6439047e-03
   5.6160000e+03   4.3972153e-01   9.0968206e-04
   5.6320000e+03   4.3750090e-01  -1.9134252e-03
   5.6480000e+03   4.4452485e-01  -3.4746973e-03
   5.6640000e+03   4.2085744e-01   1.5372346e-02
   5.6800000e+03   4.3186960e-01   1.2656837e-03
   5.6960000e+03   4.3978364e-01   1.0330254e-02
   5.7120000e+03   4.3518794e-01  -6.7095778e-03
   5.7280000e+03   4.4125779e-01  -3.7221449e-03
   5.7440000e+03   4.4126398e-01   3.7405855e-03
   5.7600000e+03   4.3033890e-01  -5.0582718e-03
   5.7760000e+03   4.4509222e-01   9.3691555e-03
   5.7920000e+03   4.4790209e-01  -5.2459408e-03
   5.8080000e+03   4.3272963e-01  -4.7083393e-03
   5.8240000e+03   4.3887619e-01   1.0129345e-02
   5.8400000e+03   4.3893704e-01   5.8282487e-03
   5.8560000e+03   4.3271209e-01  -1.4058663e-02
   5.8720000e+03   4.2717579e-01  -1.4254770e-03
   5.8880000e+03   4.2337971e-01  -4.9716191e-03
   5.9040000e+03   4.4301631e-01   8.0009079e-03
   5.9200000e+03   4.6068286e-01  -1.7676639e-02
   5.9360000e+03   4.3300068e-01  -1.2600651e-02
   5.9520000e+03   4.4785006e-01   1.1522342e-02
   5.9680000e+03   4.5309747e-01  -4.3962059e-03
   5.9840000e+03   4.3133217e-01   1.1270729e-03
   6.0000000e+03   4.1653709e-01   2.2940049e-03
   6.0160000e+03   4.2701104e-01  -9.3378988e-04
   6.0320000e+03   4.3551409e-01   7.5441579e-03
   6.0480000e+03   4.3123005e-01   1.2402652e-02
   6.0640000e+03   4.0999137e-01   6.2095407e-03
   6.0800000e+03   4.3960465e-01   1.3337209e-03
   6.0960000e+03   4.2859826e-01   1.0480126e-02
   6.1120000e+03   4.2196570e-01  -7.4988831e-03
   6.1280000e+03   4.2461796e-01   1.1408182e-02
   6.1440000e+03   4.3887744e-01  -1.5754242e-02
   6.1600000e+03   4.2960646e-01   1.0568292e-02
   6.1760000e+03   4.4589444e-01   2.8475764e-04
   6.1920000e+03   4.2903805e-01  -4.1164087e-04
   6.2080000e+03   4.4000535e-01  -1.3496230e-02
   6.2240000e+03   4.4047404e-01  -1.2416854e-02
   6.2400000e+03   4.3223864e-01   6.5698042e-03
   6.2560000e+03   4.3947222e-01  -1.2306353e-03
   6.2720000e+03   4.4279405e-01  -5.2477520e-03
   6.2880000e+03   4.4488633e-01  -1.0860257e-02
   6.3040000e+03   4.3451114e-01  -5.7978590e-03
   6.3200000e+03   4.4011096e-01  -4.1949115e-03
   6.3360000e+03   4.2946982e-01   5.8185614e-03
   6.3520000e+03   4.3021490e-01   6.0167138e-03
   6.3680000e+03   4.4132063e-01   1.4661373e-03
   6.3840000e+03   4.2115575e-01   1.8939310e-02
   6.4000000e+03   4.4507883e-01   4.9707002e-04
   6.4160000e+03   4.3877121e-01   1.1989820e-02
   6.4320000e+03   4.1863532e-01   7.2207004e-03
   6.4480000e+03   4.3343637e-01  -1.1241210e-02
   6.4640000e+03   4.3075335e-01  -9.8593840e-03
   6.4800000e+03   4.3163047e-01   2.3706851e-05
   6.4960000e+03   4.3473206e-01   8.6312897e-03
   6.5120000e+03   4.3232204e-01  -1.0110903e-02
   6.5280000e+03   4.4426596e-01   1.8079480e-02
   6.5440000e+03   4.4371704e-01   1.9537699e-02
   6.5600000e+03   4.3537493e-01   2.2582764e-03
   6.5760000e+03   4.5251229e-01   4.2511562e-04
   6.5920000e+03   4.3008838e-01   1.0642894e-02
   6.6080000e+03   4.3997237e-01   1.1582232e-02
   6.6240000e+03   4.3198371e-01  -1.4594855e-03
   6.6400000e+03   4.4017358e-01  -4.4585000e-03
   6.6560000e+03   4.2825620e-01   2.2450356e-04
   6.6720000e+03   4.2548458e-01  -3.6118772e-03
   6.6880000e+03   4.3350218e-01   1.0228142e-02
   6.7040000e+03   4.5168263e-01   4.7926731e-03
   6.7200000e+03   4.3881950e-01  -7.1261462e-04
   6.7360000e+03   4.3068094e-01   7.7334124e-03
   6.7520000e+03   4.3480627e-01  -1.4309045e-02
   6.7680000e+03   4.3581188e-01  -2.3598747e-03
   6.7840000e+03   4.2719384e-01   3.0128584e-03
   6.8000000e+03   4.3509412e-01  -2.2509096e-03
   6.8160000e+03   4.1235517e-01   8.4544633e-03
   6.8320000e+03   4.3402511e-01   4.8005565e-03
   6.8480000e+03   4.2632629e-01   1.1412078e-02
   6.8640000e+03   4.2741106e-01  -1.4590885e-02
   6.8800000e+03   4.3190406e-01  -9.4416586e-03
   6.8960000e+03   4.4304674e-01   1.2791928e-02
   6.9120000e+03   4.4003305e-01   9.5829542e-03
   6.9280000e+03   4.3050550e-01   1.1744594e-02
   6.9440000e+03   4.3593169e-01   1.4387070e-02
   6.9600000e+03   4.2729891e-01  -1.4417467e-02
   6.9760000e+03   4.2710716e-01   8.5308470e-03
   6.9920000e+03   4.3808191e-01  -3.0265865e-03
   7.0080000e+03   4.2677935e-01   8.1814777e-03
   7.0240000e+03   4.3093050e-01   9.2488415e-03
   7.0400000e+03   4.3256325e-01  -1.2461844e-03
   7.0560000e+03   4.4696307e-01   8.5513066e-03
   7.0720000e+03   4.3772979e-01   7.3475179e-03
   7.0880000e+03   4.2676338e-01  -1.9514181e-02
   7.1040000e+03   4.4178492e-01  -1.8013896e-02
   7.1200000e+03   4.3554125e-01   1.8207821e-02
   7.1360000e+03   4.2487293e-01   2.0870587e-03
   7.1520000e+03   4.2719981e-01  -6.2291920e-03
   7.1680000e+03   4.2938269e-01  -1.2726412e-02
   7.1840000e+03   4.3016068e-01  -3.5467687e-03
   7.2000000e+03   4.4473603e-01  -3.1641828e-03
   7.2160000e+03   4.3083330e-01  -5.5418412e-03
   7.2320000e+03   4.4746882e-01   8.5361321e-03
   7.2480000e+03   4.2466928e-01  -5.8629510e-03
   7.2640000e+03   4.2871091e-01   3.7253479e-03
   7.2800000e+03   4.2887765e-01  -1.0274707e-02
   7.2960000e+03   4.3768860e-01  -1.5650589e-03
   7.3120000e+03   4.2994395e-01  -9.4670144e-04
   7.3280000e+03   4.2133502e-01  -1.3221346e-02
   7.3440000e+03   4.2136278e-01  -1.2661028e-03
   7.3600000e+03   4.2423452e-01  -7.1430599e-03
   7.3760000e+03   4.2508627e-01   1.7593346e-03
   7.3920000e+03   4.2548318e-01  -8.8708986e-03
   7.4080000e+03   4.4476377e-01   1.4992087e-03
   7.4240000e+03   4.3414004e-01   4.0020251e-03
   7.4400000e+03   4.2504540e-01   1.1229699e-02
   7.4560000e+03   4.2623844e-01  -8.5684381e-03
   7.4720000e+03   4.3940555e-01   8.6894381e-03
   7.4880000e+03   4.3649030e-01  -1.1346242e-02
   7.5040000e+03   4.3473684e-01  -4.2123708e-03
   7.5200000e+03   4.2587342e-01  -1.1314788e-02
   7.5360000e+03   4.3699298e-01  -2.0708992e-03
   7.5520000e+03   4.3932219e-01   2.4025720e-03
   7.5680000e+03   4.4242297e-01  -2.2760267e-03
   7.5840000e+03   4.3179598e-01  -6.9126680e-03
   7.6000000e+03   4.2365019e-01  -6.7360753e-03
   7.6160000e+03   4.2601976e-01  -1.1115630e-02
   7.6320000e+03   4.3109534e-01   1.0586348e-02
   7.6480000e+03   4.3117245e-01  -5.0044728e-03
   7.6640000e+03   4.2658514e-01   5.8937048e-03
   7.6800000e+03   4.3305630e-01   7.1858020e-04
   7.6960000e+03   4.3354620e-01   4.1587481e-03
   7.7120000e+03   4.3723918e-01   2.2605135e-04
   7.7280000e+03   4.1938829e-01  -6.4343903e-03
   7.7440000e+03   4.2185799e-01  -1.6208438e-03
   7.7600000e+03   4.3443652e-01  -3.8133611e-03
   7.7760000e+03   4.3865061e-01  -6.5329866e-03
   7.7920000e+03   4.2764309e-01  -3.7648421e-03
   7.8080000e+03   4.2413881e-01   8.1998818e-03
   7.8240000e+03   4.1694742e-01   1.1089875e-02
   7.8400000e+03   4.2579851e-01   1.9367537e-03
   7.8560000e+03   4.3403153e-01  -5.8097747e-03
   7.8720000e+03   4.3075606e-01  -1.0458598e-02
   7.8880000e+03   4.3441473e-01  -2.0361851e-03
   7.9040000e+03   4.3257207e-01  -4.1351079e-03
   7.9200000e+03   4.0333195e-01  -3.1593218e-04
   7.9360000e+03   4.1911317e-01   9.4206555e-03
   7.9520000e+03   4.2798576e-01   1.7399251e-03
   7.9680000e+03   4.2900105e-01   2.9572211e-03
   7.9840000e+03   4.2756500e-01  -1.5416216e-04
   8.0000000e+03   4.3063331e-01   4.4462454e-03
   8.0160000e+03   4.3556210e-01  -3.1859453e-03
   8.0320000e+03   4.1249229e-01   2.0174838e-03
   8.0480000e+03   4.3024534e-01  -1.9366162e-03
   8.0640000e+03   4.2758847e-01  -2.1627374e-03
   8.0800000e+03   4.3683678e-01   1.4121286e-02
   8.0960000e+03   4.0218032e-01   5.5571582e-03
   8.1120000e+03   4.3758391e-01   1.3474735e-02
   8.1280000e+03   4.2058705e-01  -3.4728526e-03
   8.1440000e+03   4.2302061e-01  -2.9447354e-03
   8.1600000e+03   4.1643601e-01  -9.9605396e-03
   8.1760000e+03   4.1536776e-01  -5.5984471e-05
   8.1920000e+03   4.2128489e-01  -4.0084728e-03
   8.2080000e+03   4.2452591e-01   4.6273478e-03
   8.2240000e+03   4.2554714e-01  -2.4844392e-03
   8.2400000e+03   4.3978761e-01  -8.2751474e-04
   8.2560000e+03   4.1625473e-01   1.0207933e-03
   8.2720000e+03   4.3541825e-01   7.4017698e-03
   8.2880000e+03   4.2826080e-01  -1.8589771e-03
   8.3040000e+03   4.1816643e-01  -1.2117765e-02
   8.3200000e+03   4.2162513e-01  -5.2405772e-03
   8.3360000e+03   4.1647330e-01   1.7859108e-03
   8.3520000e+03   4.2581433e-01  -7.6400985e-03
   8.3680000e+03   4.3170345e-01  -8.2998064e-03
   8.3840000e+03   4.3459567e-01   8.4792841e-03
   8.4000000e+03   4.2571339e-01  -1.8570072e-02
   8.4160000e+03   4.2868659e-01   4.5197511e-03
   8.4320000e+03   4.2806902e-01  -6.1009596e-03
   8.4480000e+03   4.1827585e-01   2.2997338e-04
   8.4640000e+03   4.0937560e-01   8.3705789e-04
   8.4800000e+03   4.2793157e-01   7.6892863e-05
   8.4960000e+03   4.1915018e-01  -7.8483660e-03
   8.5120000e+03   4.1874541e-01  -1.7707897e-03
   8.5280000e+03   4.3669486e-01  -2.3852502e-03
   8.5440000e+03   4.2483852e-01   1.2550775e-02
   8.5600000e+03   4.1576102e-01  -8.4768792e-03
   8.5760000e+03   4.2804125e-01   9.7673397e-03
   8.5920000e+03   4.2205068e-01   5.8306978e-04
   8.6080000e+03   4.2411319e-01   1.4770647e-03
   8.6240000e+03   4.2223051e-01   3.2359205e-03
   8.6400000e+03   4.1516364e-01  -6.0479681e-03
   8.6560000e+03   4.3456319e-01   1.0657903e-02
   8.6720000e+03   4.3002534e-01   2.3446907e-03
   8.6880000e+03   4.1836012e-01   3.0314540e-03
   8.7040000e+03   4.2775728e-01  -9.1039883e-03
   8.7200000e+03   4.2219822e-01  -3.7879182e-03
   8.7360000e+03   4.2536956e-01   2.7390186e-03
   8.7520000e+03   4.1761991e-01  -8.8634165e-05
   8.7680000e+03   4.2143134e-01   1.0486770e-02
   8.7840000e+03   4.1608122e-01  -9.7337229e-03
   8.8000000e+03   4.1865672e-01   8.6396065e-03
   8.8160000e+03   4.1833476e-01  -1.0192635e-02
   8.8320000e+03   4.1109888e-01   3.9924597e-03
   8.8480000e+03   4.0355848e-01   2.0388268e-02
   8.8640000e+03   4.1718988e-01   1.0948577e-02
   8.8800000e+03   4.2374680e-01   7.5305731e-03
   8.8960000e+03   4.4238722e-01  -5.3992954e-03
   8.9120000e+03   4.2765108e-01  -2.0436102e-02
   8.9280000e+03   4.1905967e-01  -5.1456170e-03
   8.9440000e+03   4.3531718e-01  -8.8628548e-04
   8.9600000e+03   4.2180496e-01   1.1051835e-02
   8.9760000e+03   4.2653150e-01  -1.9756324e-03
   8.9920000e+03   4.1784352e-01   4.5893086e-03
   9.0080000e+03   4.3057358e-01  -1.5692749e-04
   9.0240000e+03   4.2473536e-01  -7.4195140e-03
   9.0400000e+03   4.1092396e-01   5.7277793e-04
   9.0560000e+03   4.1238051e-01   3.8257435e-03
   9.0720000e+03   4.1483451e-01   3.6552865e-03
   9.0880000e+03   4.1638400e-01   2.0141406e-04
   9.1040000e+03   4.2838423e-01  -1.8988823e-02
   9.1200000e+03   4.1454450e-01   5.3785868e-03
   9.1360000e+03   4.3048241e-01  -3.5389587e-03
   9.1520000e+03   4.2619025e-01  -1.4254015e-02
   9.1680000e+03   4.0547834e-01   9.9260600e-03
   9.1840000e+03   3.9655863e-01   6.0545083e-03
   9.2000000e+03   4.2575787e-01   2.8618544e-03
   9.2160000e+03   4.1594527e-01  -9.5361618e-03
   9.2320000e+03   3.9699890e-01   6.7948242e-04
   9.2480000e+03   4.1315995e-01  -3.4561692e-03
   9.2640000e+03   4.1774105e-01  -1.5288048e-02
   9.2800000e+03   4.2290178e-01   4.7627315e-03
   9.2960000e+03   4.0442282e-01  -4.4207180e-03
   9.3120000e+03   4.0474489e-01  -1.0488337e-02
   9.3280000e+03   4.3456888e-01   9.5509526e-03
   9.3440000e+03   4.1922081e-01   1.2845199e-03
   9.3600000e+03   4.2023271e-01   4.1641624e-05
   9.3760000e+03   4.2025642e-01   1.0775200e-02
   9.3920000e+03   4.0700092e-01   1.9903128e-02
   9.4080000e+03   4.1728147e-01   4.3261528e-03
   9.4240000e+03   4.3120658e-01   5.6483258e-03
   9.4400000e+03   4.1836076e-01  -2.7856725e-03
   9.4560000e+03   4.2556421e-01   1.8345689e-02
   9.4720000e+03   4.2717887e-01  -9.8476418e-04
   9.4880000e+03   4.2372586e-01   6.4791934e-04
   9.5040000e+03   4.1144851e-01   1.5867523e-02
   9.5200000e+03   4.3130854e-01  -1.4391156e-04
   9.5360000e+03   4.1557864e-01   3.5815369e-03
   9.5520000e+03   4.1047862e-01   6.5800630e-03
   9.5680000e+03   4.3444585e-01  -9.8761165e-03
   9.5840000e+03   4.1011224e-01  -1.4251888e-02
   9.6000000e+03   4.1443954e-01  -1.1822955e-02
   9.6160000e+03   4.1868455e-01  -1.2189766e-02
   9.6320000e+03   4.1583956e-01   1.5079553e-02
   9.6480000e+03   4.1132082e-01  -3.4990278e-04
   9.6640000e+03   4.2583411e-01   5.2052153e-03
   9.6800000e+03   4.2146730e-01  -2.1701544e-03
   9.6960000e+03   4.2207157e-01   3.8629833e-03
   9.7120000e+03   4.1488897e-01   9.1677372e-03
   9.7280000e+03   4.2155488e-01  -5.6414161e-03
   9.7440000e+03   4.1629191e-01   5.7625867e-03
   9.7600000e+03   4.1522430e-01  -4.7895298e-03
   9.7760000e+03   4.1473057e-01   7.7212676e-03
   9.7920000e+03   4.2277392e-01   1.2759855e-03
   9.8080000e+03   4.1616060e-01   1.1262465e-02
   9.8240000e+03   4.4298411e-01  -1.6514135e-03
   9.8400000e+03   4.0211470e-01   2.8873056e-03
   9.8560000e+03   4.2672066e-01  -1.4786013e-02
   9.8720000e+03   4.0422255e-01   4.3330346e-03
   9.8880000e+03   4.0794808e-01   1.4826122e-02
   9.9040000e+03   4.2019601e-01   2.3148076e-03
   9.9200000e+03   4.1018971e-01  -1.7058871e-02
   9.9360000e+03   4.0444876e-01  -2.5043811e-03
   9.9520000e+03   4.0717651e-01   3.5576816e-03
   9.9680000e+03   4.1823645e-01  -1.4433542e-02
   9.9840000e+03   4.2439539e-01   7.7935839e-03
   1.0000000e+04   4.2151467e-01   4.4172542e-03
   1.0016000e+04   4.2181715e-01   6.5209975e-03
   1.0032000e+04   4.2105217e-01  -2.0063839e-04
   1.0048000e+04   4.0590919e-01   3.9026708e-04
   1.0064000e+04   4.0870502e-01  -1.0664661e-02
   1.0080000e+04   4.0891656e-01   1.6936270e-02
   1.0096000e+04   4.0581793e-01   5.8762450e-03
   1.0112000e+04   4.2401762e-01  -1.4449937e-03
   1.0128000e+04   4.0944683e-01   3.9539526e-03
   1.0144000e+04   4.0764726e-01  -3.9355216e-03
   1.0160000e+04   4.2805968e-01   6.2551105e-03
   1.0176000e+04   4.1572067e-01   1.7435576e-02
   1.0192000e+04   4.0250840e-01  -7.1680739e-03
   1.0208000e+04   4.1956297e-01   8.6933194e-03
   1.0224000e+04   4.1934266e-01  -6.0093409e-03
   1.0240000e+04   3.9957117e-01  -3.9369902e-03
   1.0256000e+04   4.1559045e-01   1.0717199e-03
   1.0272000e+04   4.0591612e-01  -1.8258249e-03
   1.0288000e+04   3.9427513e-01  -2.7958817e-03
   1.0304000e+04   4.2107711e-01   1.8804541e-02
   1.0320000e+04   4.0432528e-01   7.0267666e-03
   1.0336000e+04   4.0281770e-01   7.6071810e-03
   1.0352000e+04   4.1003803e-01   1.2788865e-03
   1.0368000e+04   4.1863923e-01   5.1976980e-03
   1.0384000e+04   4.1250573e-01   1.1268209e-02
   1.0400000e+04   4.1790486e-01   6.5855731e-03
   1.0416000e+04   4.1135206e-01  -1.5124558e-02
   1.0432000e+04   4.0985439e-01  -2.9267470e-04
   1.0448000e+04   4.0922782e-01  -3.5080602e-03
   1.0464000e+04   4.1669676e-01  -1.9611321e-02
   1.0480000e+04   4.1507330e-01  -2.0169239e-03
   1.0496000e+04   4.0665228e-01   4.0394765e-03
   1.0512000e+04   4.1837239e-01  -1.1051147e-02
   1.0528000e+04   4.2389867e-01  -5.8370381e-03
   1.0544000e+04   3.9574261e-01   5.3625011e-03
   1.0560000e+04   3.9562493e-01  -8.8642791e-03
   1.0576000e+04   4.0280161e-01   3.3503570e-03
   1.0592000e+04   4.0077087e-01   2.0429185e-02
   1.0608000e+04   4.0844329e-01  -3.8781886e-03
   1.0624000e+04   4.1240188e-01  -8.1932156e-03
   1.0640000e+04   3.9279929e-01   2.5361315e-02
   1.0656000e+04   4.0484254e-01   2.4729790e-03
   1.0672000e+04   4.0792503e-01   4.6332249e-03
   1.0688000e+04   4.0307889e-01   1.0449653e-02
   1.0704000e+04   3.9317367e-01  -1.7455802e-02
   1.0720000e+04   3.9451444e-01  -6.3406100e-04
   1.0736000e+04   4.0140290e-01   1.0047002e-02
   1.0752000e+04   4.0739342e-01   3.9935404e-03
   1.0768000e+04   4.1074724e-01   2.0528632e-03
   1.0784000e+04   4.1110149e-01  -4.3705299e-03
   1.0800000e+04   4.0972686e-01   7.4284953e-03
   1.0816000e+04   4.1450921e-01  -2.1039241e-03
   1.0832000e+04   3.9269350e-01  -4.5056505e-03
   1.0848000e+04   4.1466639e-01   1.0935901e-02
   1.0864000e+04   4.0498068e-01   1.4641762e-03
   1.0880000e+04   4.1148637e-01   5.5584192e-04
   1.0896000e+04   4.1547480e-01   1.7839881e-02
   1.0912000e+04   4.0138006e-01   6.5301307e-03
   1.0928000e+04   4.0489365e-01  -5.7095987e-03
   1.0944000e+04   4.0425350e-01   2.1163558e-03
   1.0960000e+04   4.0297640e-01   8.0542490e-03
   1.0976000e+04   4.0001304e-01   3.7318644e-03
   1.0992000e+04   3.9657666e-01  -1.1736450e-02
   1.1008000e+04   4.0757658e-01   2.2099131e-04
   1.1024000e+04   4.0642153e-01  -1.3079387e-02
   1.1040000e+04   4.0926552e-01  -9.8951978e-04
   1.1056000e+04   4.1848904e-01   5.2573079e-03
   1.1072000e+04   4.0069608e-01  -3.9768906e-03
   1.1088000e+04   4.2078213e-01  -1.6018516e-02
   1.1104000e+04   4.0505995e-01  -9.4422663e-03
   1.1120000e+04   3.9469585e-01  -7.1408850e-03
   1.1136000e+04   3.9629596e-01   9.6995194e-03
   1.1152000e+04   4.1323892e-01  -1.7228431e-02
   1.1168000e+04   4.0996049e-01  -7.8771402e-03
   1.1184000e+04   3.9483933e-01   4.5023123e-03
   1.1200000e+04   4.1069923e-01  -2.2487180e-03
   1.1216000e+04   3.9603298e-01   2.1466696e-03
   1.1232000e+04   3.9778723e-01   7.8194327e-03
   1.1248000e+04   4.0825139e-01  -1.3032462e-03
   1.1264000e+04   3.9406975e-01   5.3066445e-04
   1.1280000e+04   3.9072675e-01  -4.2736802e-03
   1.1296000e+04   3.9675354e-01   7.3023623e-03
   1.1312000e+04   4.0030186e-01   3.7919214e-03
   1.1328000e+04   3.9468264e-01   1.4043610e-02
   1.1344000e+04   3.9597283e-01  -1.8436931e-03
   1.1360000e+04   4.2601367e-01  -3.8107514e-03
   1.1376000e+04   3.9078635e-01   1.1522583e-03
   1.1392000e+04   3.8918197e-01  -2.0133274e-02
   1.1408000e+04   4.0747549e-01   3.5501504e-03
   1.1424000e+04   3.9948078e-01  -3.9396530e-03
   1.1440000e+04   3.9569994e-01  -1.4448701e-03
   1.1456000e+04   3.9679091e-01   4.6386606e-03
   1.1472000e+04   4.0316752e-01  -8.4055852e-03
   1.1488000e+04   3.9113275e-01  -6.7453000e-04
   1.1504000e+04   3.9562526e-01   3.8406097e-03
   1.1520000e+04   3.9677598e-01  -2.6664658e-03
   1.1536000e+04   4.0866205e-01  -1.3074520e-02
   1.1552000e+04   4.0567033e-01  -1.9733155e-04
   1.1568000e+04   3.8802027e-01   2.9580091e-03
   1.1584000e+04   3.9589645e-01  -1.2748222e-02
   1.1600000e+04   3.9510631e-01  -3.7845218e-03
   1.1616000e+04   3.7658593e-01  -8.2060469e-03
   1.1632000e+04   4.0983333e-01   1.0008296e-02
   1.1648000e+04   3.9685526e-01   1.0990549e-02
   1.1664000e+04   4.0379658e-01   1.7120186e-02
   1.1680000e+04   3.8695354e-01  -1.8089356e-03
   1.1696000e+04   3.9891922e-01  -1.6047118e-02
   1.1712000e+04   3.9820286e-01  -5.4475341e-03
   1.1728000e+04   4.1045636e-01   7.2754627e-04
   1.1744000e+04   3.9330881e-01  -8.9623149e-03
   1.1760000e+04   4.0448147e-01  -5.0010859e-03
   1.1776000e+04   3.9379145e-01   4.0534657e-03
   1.1792000e+04   3.9096794e-01   8.5173471e-03
   1.1808000e+04   3.9545871e-01  -9.5015140e-03
   1.1824000e+04   3.8540350e-01   6.7252624e-04
   1.1840000e+04   4.0017759e-01   6.7103240e-03
   1.1856000e+04   4.0111535e-01  -4.3992925e-04
   1.1872000e+04   4.0342622e-01  -7.0629508e-04
   1.1888000e+04   3.9689164e-01  -3.0400911e-03
   1.1904000e+04   3.9043157e-01   2.8453931e-03
   1.1920000e+04   3.8416071e-01  -8.5299658e-03
   1.1936000e+04   4.0508202e-01  -3.6630028e-03
   1.1952000e+04   3.8495982e-01   9.2645201e-04
   1.1968000e+04   3.8525457e-01   5.5837276e-03
   1.1984000e+04   3.9061523e-01  -7.1862339e-03
   1.2000000e+04   3.8529647e-01   2.7515199e-04
   1.2016000e+04   3.8319955e-01   1.0337772e-02
   1.2032000e+04   3.9611282e-01  -6.3851841e-04
   1.2048000e+04   3.8636588e-01   3.1146583e-03
   1.2064000e+04   3.8852869e-01   4.9471619e-03
   1.2080000e+04   3.7402426e-01   1.8483558e-04
   1.2096000e+04   3.8692250e-01   7.1659304e-03
   1.2112000e+04   3.7940306e-01  -9.6227866e-03
   1.2128000e+04   3.7636307e-01   1.7930770e-03
   1.2144000e+04   3.9488131e-01   1.1692162e-02
   1.2160000e+04   3.8032231e-01   1.8687139e-03
   1.2176000e+04   3.8351981e-01  -2.7625457e-03
   1.2192000e+04   3.9130540e-01  -9.3792632e-03
   1.2208000e+04   3.9423321e-01   1.6734699e-02
   1.2224000e+04   3.7902871e-01  -7.8650541e-03
   1.2240000e+04   3.9717754e-01  -2.1539472e-03
   1.2256000e+04   3.8859553e-01  -6.2865327e-03
