   0.0000000e+00   8.9625046e-01  -2.8203534e-03
   8.0000000e+00   9.0934591e-01   8.3719566e-03
   1.6000000e+01   9.1703267e-01   6.4731778e-03
   2.4000000e+01   9.3088799e-01  -7.9560925e-04
   3.2000000e+01   9.3332574e-01   1.2160290e-03
   4.0000000e+01   9.4026218e-01  -3.9500414e-03
   4.8000000e+01   9.5746506e-01  -2.5847413e-04
   5.6000000e+01   9.5998535e-01  -3.7394940e-03
   6.4000000e+01   9.7212107e-01   4.7031716e-05
   7.2000000e+01   9.7658373e-01  -8.9131727e-04
   8.0000000e+01   9.8323451e-01   2.6940042e-03
   8.8000000e+01   9.8565933e-01   2.5173009e-03
   9.6000000e+01   9.9498724e-01  -9.4295983e-03
   1.0400000e+02   9.9450899e-01   3.7466578e-03
   1.1200000e+02   9.9212507e-01   8.1218396e-04
   1.2000000e+02   1.0018530e+00   3.2466068e-04
   1.2800000e+02   9.9141865e-01   6.4954018e-03
   1.3600000e+02   9.8678719e-01  -2.7027272e-03
   1.4400000e+02   9.7512023e-01  -3.2705474e-03
   1.5200000e+02   9.7450569e-01   1.7015524e-03
   1.6000000e+02   9.6970152e-01   4.9788726e-04
   1.6800000e+02   9.6253402e-01   2.3396047e-04
   1.7600000e+02   9.4902133e-01   1.7263606e-03
   1.8400000e+02   9.3461488e-01  -2.4757855e-03
   1.9200000e+02   9.3334278e-01   1.6419304e-03
   2.0000000e+02   9.3307784e-01  -3.4745965e-03
   2.0800000e+02   9.1651817e-01   8.1714029e-04
   2.1600000e+02   9.0626033e-01  -4.0742573e-03
   2.2400000e+02   9.0136439e-01   3.0588850e-03
   2.3200000e+02   8.8612284e-01   2.7421495e-04
   2.4000000e+02   8.8323373e-01  -4.6151468e-03
   2.4800000e+02   8.6452355e-01   2.8030949e-04
   2.5600000e+02   8.6069241e-01  -3.2108232e-03
   2.6400000e+02   8.5136226e-01  -4.6870728e-03
   2.7200000e+02   8.4006376e-01   4.2027304e-03
   2.8000000e+02   8.3875463e-01  -4.6720428e-03
   2.8800000e+02   8.2631383e-01   6.3467337e-03
   2.9600000e+02   8.2107920e-01  -3.3093158e-03
   3.0400000e+02   8.1722521e-01  -5.7783687e-04
   3.1200000e+02   8.0865778e-01   6.6882479e-04
   3.2000000e+02   7.9884780e-01  -2.2116385e-03
   3.2800000e+02   7.9326852e-01  -6.5435567e-03
   3.3600000e+02   7.9395128e-01  -7.3584181e-04
   3.4400000e+02   7.9315769e-01   1.4812560e-04
   3.5200000e+02   7.8146436e-01   1.7725091e-03
   3.6000000e+02   7.7903536e-01  -4.4003127e-03
   3.6800000e+02   7.7222471e-01  -6.8106811e-03
   3.7600000e+02   7.6395655e-01   3.2731967e-03
   3.8400000e+02   7.6292879e-01   1.1296431e-03
   3.9200000e+02   7.6717334e-01  -4.8153681e-03
   4.0000000e+02   7.5370037e-01   7.4303946e-03
   4.0800000e+02   7.5776861e-01   2.5555717e-03
   4.1600000e+02   7.5312834e-01   1.4939313e-04
   4.2400000e+02   7.4886121e-01  -2.1372993e-03
   4.3200000e+02   7.4916612e-01  -6.6584136e-03
   4.4000000e+02   7.4580373e-01  -1.2978406e-03
   4.4800000e+02   7.4492871e-01   1.3985760e-03
   4.5600000e+02   7.4668630e-01   3.1786179e-03
   4.6400000e+02   7.4320930e-01   1.5146086e-04
   4.7200000e+02   7.4511068e-01  -3.0585811e-04
   4.8000000e+02   7.4373338e-01  -4.1076196e-03
   4.8800000e+02   7.4374764e-01   2.7005122e-03
   4.9600000e+02   7.3709242e-01  -3.5570918e-03
   5.0400000e+02   7.3355415e-01   1.7159189e-03
   5.1200000e+02   7.4208926e-01  -3.3414584e-03
   5.2000000e+02   7.3212972e-01  -3.5355401e-03
   5.2800000e+02   7.3625619e-01   1.3573684e-03
   5.3600000e+02   7.3930047e-01   4.3553705e-03
   5.4400000e+02   7.3424981e-01   1.9152157e-03
   5.5200000e+02   7.3102205e-01   2.0683515e-03
   5.6000000e+02   7.3459959e-01   5.7906751e-03
   5.6800000e+02   7.3357142e-01   1.5302688e-03
   5.7600000e+02   7.3334835e-01   1.3583294e-03
   5.8400000e+02   7.3855264e-01   2.4707810e-03
   5.9200000e+02   7.3216527e-01   2.6558160e-03
   6.0000000e+02   7.3645649e-01  -1.1723980e-03
   6.0800000e+02   7.2196563e-01   7.8348402e-04
   6.1600000e+02   7.3094138e-01   6.3694437e-03
   6.2400000e+02   7.3580155e-01   3.4273678e-04
   6.3200000e+02   7.3555045e-01   5.8347729e-04
   6.4000000e+02   7.2910431e-01   9.9403099e-04
   6.4800000e+02   7.2911403e-01  -4.2712695e-04
   6.5600000e+02   7.3043385e-01  -2.4327868e-03
   6.6400000e+02   7.3171456e-01   5.5549840e-03
   6.7200000e+02   7.2896882e-01   3.4776542e-03
   6.8000000e+02   7.2912930e-01   3.0017757e-03
   6.8800000e+02   7.3108195e-01  -1.8791934e-03
   6.9600000e+02   7.1523404e-01   9.6071528e-04
   7.0400000e+02   7.3042238e-01  -2.0608851e-03
   7.1200000e+02   7.2519264e-01  -2.6955369e-04
   7.2000000e+02   7.2669928e-01   2.1614528e-04
   7.2800000e+02   7.2614355e-01   1.5402602e-04
   7.3600000e+02   7.2284608e-01  -2.0428008e-03
   7.4400000e+02   7.1995002e-01   5.0626392e-04
   7.5200000e+02   7.2181781e-01  -9.4537717e-03
   7.6000000e+02   7.1955821e-01  -1.5459619e-03
   7.6800000e+02   7.1930538e-01   5.0057338e-03
   7.7600000e+02   7.1284942e-01   2.1224577e-03
   7.8400000e+02   7.1304218e-01   5.3600613e-03
   7.9200000e+02   7.1588497e-01  -3.7121633e-03
   8.0000000e+02   7.1853494e-01  -2.0567549e-03
   8.0800000e+02   7.0909113e-01  -3.2335710e-04
   8.1600000e+02   7.1113353e-01   2.2908806e-03
   8.2400000e+02   7.1024070e-01   6.2396727e-04
   8.3200000e+02   7.0585303e-01  -9.4524850e-03
   8.4000000e+02   7.0421946e-01   3.0738525e-04
   8.4800000e+02   7.0739541e-01   1.7138334e-03
   8.5600000e+02   6.9927573e-01   5.7574739e-03
   8.6400000e+02   6.9828537e-01  -4.5843388e-03
   8.7200000e+02   7.0938127e-01   5.0358404e-03
   8.8000000e+02   6.9576135e-01   7.7739007e-03
   8.8800000e+02   6.8980235e-01  -1.0191421e-02
   8.9600000e+02   6.8098538e-01   8.7986903e-04
   9.0400000e+02   6.9439394e-01   5.0120476e-03
   9.1200000e+02   6.8184667e-01  -4.6163419e-04
   9.2000000e+02   6.8466640e-01  -5.1156270e-03
   9.2800000e+02   6.8642247e-01   7.1722966e-04
   9.3600000e+02   6.8172243e-01  -1.6751836e-03
   9.4400000e+02   6.7842538e-01  -2.0902270e-03
   9.5200000e+02   6.7781121e-01  -8.3074509e-03
   9.6000000e+02   6.7610449e-01  -1.5581885e-03
   9.6800000e+02   6.7407813e-01  -5.1871069e-04
   9.7600000e+02   6.6512718e-01  -4.7354773e-03
   9.8400000e+02   6.7086878e-01   2.0907990e-03
   9.9200000e+02   6.6697607e-01   8.7867706e-04
   1.0000000e+03   6.6306200e-01   1.2205274e-04
   1.0080000e+03   6.6108636e-01   1.2706315e-03
   1.0160000e+03   6.5803117e-01   3.1128555e-03
   1.0240000e+03   6.5281584e-01  -3.1228857e-03
   1.0320000e+03   6.5311765e-01   7.9441619e-04
   1.0400000e+03   6.5304149e-01  -1.8427856e-03
   1.0480000e+03   6.5249158e-01  -6.8903545e-04
   1.0560000e+03   6.5308831e-01   7.3655546e-03
   1.0640000e+03   6.4999898e-01   4.6556399e-03
   1.0720000e+03   6.4781257e-01  -4.7567989e-03
   1.0800000e+03   6.4218326e-01   4.7877627e-03
   1.0880000e+03   6.4173145e-01   4.2331990e-03
   1.0960000e+03   6.4099796e-01  -8.8258928e-04
   1.1040000e+03   6.4492152e-01   7.9448817e-04
   1.1120000e+03   6.3741003e-01   5.5431898e-03
   1.1200000e+03   6.3638404e-01   3.5263049e-03
   1.1280000e+03   6.3370698e-01  -4.4855456e-03
   1.1360000e+03   6.3174832e-01  -5.5995402e-04
   1.1440000e+03   6.3506489e-01   1.4588823e-03
   1.1520000e+03   6.3412176e-01   4.9846353e-03
   1.1600000e+03   6.3020965e-01  -1.4087203e-03
   1.1680000e+03   6.2652863e-01  -5.0142870e-04
   1.1760000e+03   6.3011770e-01   2.8913154e-04
   1.1840000e+03   6.2229057e-01  -1.5477666e-03
   1.1920000e+03   6.2048028e-01   8.6580311e-03
   1.2000000e+03   6.1879070e-01  -5.3591627e-04
   1.2080000e+03   6.1809106e-01   2.9397982e-03
   1.2160000e+03   6.1763295e-01  -3.1642390e-03
   1.2240000e+03   6.1707156e-01   2.1767621e-03
   1.2320000e+03   6.1343853e-01   3.1871887e-03
   1.2400000e+03   6.1882567e-01  -3.5182872e-04
   1.2480000e+03   6.1085136e-01  -1.0188441e-03
   1.2560000e+03   6.1325579e-01   1.6053954e-04
   1.2640000e+03   6.0571212e-01   1.9263764e-03
   1.2720000e+03   6.1273004e-01  -3.3937607e-03
   1.2800000e+03   6.1144525e-01   2.5629596e-03
   1.2880000e+03   6.0787583e-01   1.0081683e-03
   1.2960000e+03   6.0062845e-01  -4.0003765e-04
   1.3040000e+03   6.0631978e-01  -1.2421297e-03
   1.3120000e+03   6.0248252e-01  -6.1061275e-03
   1.3200000e+03   6.0135149e-01   7.2954389e-04
   1.3280000e+03   5.9598531e-01   2.5931470e-03
   1.3360000e+03   6.0096648e-01   2.3266136e-03
   1.3440000e+03   5.9925147e-01   5.3291359e-04
   1.3520000e+03   5.9584237e-01  -7.2274514e-03
   1.3600000e+03   5.9916999e-01   5.6583216e-05
   1.3680000e+03   5.9995758e-01   3.6412425e-03
   1.3760000e+03   5.9517276e-01  -4.9571186e-03
   1.3840000e+03   5.9287922e-01   4.6159844e-03
   1.3920000e+03   5.9171400e-01  -3.4936036e-03
   1.4000000e+03   5.9073208e-01   1.3694010e-03
   1.4080000e+03   5.9273173e-01  -2.9773667e-03
   1.4160000e+03   5.9196506e-01  -5.4588934e-04
   1.4240000e+03   5.9063812e-01  -9.1352804e-03
   1.4320000e+03   5.8926232e-01  -1.7382499e-03
   1.4400000e+03   5.8477128e-01  -2.5160309e-03
   1.4480000e+03   5.8203695e-01  -1.0492378e-02
   1.4560000e+03   5.8235658e-01  -8.4358456e-03
   1.4640000e+03   5.8010083e-01  -5.3275147e-04
   1.4720000e+03   5.8402767e-01   2.1473192e-03
   1.4800000e+03   5.7699829e-01   1.4270332e-03
   1.4880000e+03   5.7389487e-01   2.8157991e-04
   1.4960000e+03   5.8359455e-01  -2.1173887e-03
   1.5040000e+03   5.8181946e-01  -2.0525898e-03
   1.5120000e+03   5.7763954e-01  -2.2468374e-03
   1.5200000e+03   5.8587423e-01   1.1747451e-03
   1.5280000e+03   5.7683769e-01   4.5937449e-03
   1.5360000e+03   5.7743100e-01  -3.1621227e-04
   1.5440000e+03   5.7539839e-01  -7.9352860e-04
   1.5520000e+03   5.7251808e-01   5.8600861e-03
   1.5600000e+03   5.7085033e-01  -3.7886951e-03
   1.5680000e+03   5.7380689e-01  -3.3746143e-04
   1.5760000e+03   5.6490475e-01  -6.1766984e-03
   1.5840000e+03   5.7287554e-01   1.9209577e-04
   1.5920000e+03   5.7025997e-01  -1.0592741e-03
   1.6000000e+03   5.7462334e-01   1.2212162e-04
   1.6080000e+03   5.6813343e-01  -1.3400269e-03
   1.6160000e+03   5.6995301e-01  -3.0765843e-03
   1.6240000e+03   5.7282125e-01   1.0007379e-02
   1.6320000e+03   5.6391778e-01  -5.7556482e-03
   1.6400000e+03   5.6170488e-01   5.6401056e-03
   1.6480000e+03   5.6619155e-01   1.8187771e-03
   1.6560000e+03   5.6418108e-01  -5.8650590e-03
   1.6640000e+03   5.6793193e-01   5.8603449e-03
   1.6720000e+03   5.6149971e-01  -1.2552087e-03
   1.6800000e+03   5.6945536e-01  -3.8741184e-03
   1.6880000e+03   5.5699301e-01   2.7465079e-03
   1.6960000e+03   5.5762560e-01  -2.4265992e-03
   1.7040000e+03   5.5593633e-01  -4.9144380e-03
   1.7120000e+03   5.6256890e-01   5.6361173e-03
   1.7200000e+03   5.5949669e-01  -1.7284870e-03
   1.7280000e+03   5.5937954e-01  -1.2154649e-03
   1.7360000e+03   5.5315079e-01   4.4911204e-04
   1.7440000e+03   5.6203791e-01   3.4150750e-03
   1.7520000e+03   5.5109138e-01   9.1176486e-03
   1.7600000e+03   5.5120635e-01  -9.7947397e-04
   1.7680000e+03   5.5341382e-01   3.2891145e-03
   1.7760000e+03   5.5301056e-01   1.4435730e-03
   1.7840000e+03   5.5778520e-01  -5.1880753e-03
   1.7920000e+03   5.5134270e-01   6.4183434e-04
   1.8000000e+03   5.5432244e-01   3.2446929e-03
   1.8080000e+03   5.5528217e-01  -1.4078874e-03
   1.8160000e+03   5.5492118e-01  -6.9774031e-03
   1.8240000e+03   5.5654229e-01  -1.9632889e-03
   1.8320000e+03   5.5267335e-01   3.1677807e-03
   1.8400000e+03   5.5517611e-01  -3.7865232e-03
   1.8480000e+03   5.4755585e-01  -3.8326131e-03
   1.8560000e+03   5.5221570e-01  -6.2593450e-03
   1.8640000e+03   5.4740960e-01   2.5290184e-03
   1.8720000e+03   5.4458897e-01   4.9134073e-03
   1.8800000e+03   5.5428878e-01  -4.2195607e-03
   1.8880000e+03   5.5070344e-01   6.2075374e-03
   1.8960000e+03   5.4990964e-01   8.8544170e-04
   1.9040000e+03   5.5626805e-01  -1.5939467e-03
   1.9120000e+03   5.4065979e-01  -3.7450736e-03
   1.9200000e+03   5.4926312e-01  -4.4457160e-04
   1.9280000e+03   5.4552142e-01   4.5430517e-03
   1.9360000e+03   5.4550158e-01   3.9350662e-03
   1.9440000e+03   5.4485906e-01   4.0710137e-03
   1.9520000e+03   5.3978203e-01  -2.3543319e-03
   1.9600000e+03   5.4492249e-01   5.7378490e-04
   1.9680000e+03   5.3860384e-01  -8.2164461e-03
   1.9760000e+03   5.5128541e-01   8.9602378e-03
   1.9840000e+03   5.5053286e-01  -4.3936425e-03
   1.9920000e+03   5.4707997e-01  -7.3219679e-04
   2.0000000e+03   5.4012170e-01   2.3513256e-03
   2.0080000e+03   5.4789364e-01  -4.2376917e-04
   2.0160000e+03   5.3932578e-01   5.5905913e-04
   2.0240000e+03   5.3812487e-01  -5.2749892e-04
   2.0320000e+03   5.4607969e-01  -2.0791210e-03
   2.0400000e+03   5.4595192e-01   1.2859886e-03
   2.0480000e+03   5.4000437e-01  -4.4679414e-03
   2.0560000e+03   5.4490971e-01  -5.4867898e-03
   2.0640000e+03   5.3603031e-01   7.2419600e-03
   2.0720000e+03   5.4017355e-01   2.6931344e-03
   2.0800000e+03   5.3818671e-01   7.9525563e-03
   2.0880000e+03   5.3762673e-01   3.1842437e-03
   2.0960000e+03   5.3652005e-01  -3.8510247e-03
   2.1040000e+03   5.5006356e-01   8.2815814e-03
   2.1120000e+03   5.4406714e-01  -6.7792797e-03
   2.1200000e+03   5.4624131e-01   3.1636956e-03
   2.1280000e+03   5.3651652e-01  -1.3302165e-03
   2.1360000e+03   5.3817853e-01   1.6332236e-04
   2.1440000e+03   5.3732128e-01   7.5172806e-03
   2.1520000e+03   5.4313324e-01  -9.2086327e-04
   2.1600000e+03   5.3606616e-01   1.0875332e-02
   2.1680000e+03   5.4023685e-01   1.0681581e-03
   2.1760000e+03   5.3853904e-01   7.3323478e-04
   2.1840000e+03   5.3914976e-01   3.6993086e-03
   2.1920000e+03   5.3576135e-01   4.8411960e-03
   2.2000000e+03   5.3715290e-01   7.6886242e-03
   2.2080000e+03   5.3525433e-01   1.9502542e-03
   2.2160000e+03   5.3974218e-01   4.1933626e-03
   2.2240000e+03   5.4320960e-01   1.7216553e-04
   2.2320000e+03   5.4108195e-01   2.7547524e-03
   2.2400000e+03   5.3277320e-01  -8.0648205e-03
   2.2480000e+03   5.2816232e-01   1.2416831e-03
   2.2560000e+03   5.3191188e-01  -3.3940673e-03
   2.2640000e+03   5.3637982e-01  -3.2216015e-03
   2.2720000e+03   5.4185835e-01  -5.0119128e-03
   2.2800000e+03   5.2959706e-01  -4.0876345e-03
   2.2880000e+03   5.3363904e-01   3.7367500e-03
   2.2960000e+03   5.2927451e-01   4.5524004e-04
   2.3040000e+03   5.2671874e-01   3.5272949e-03
   2.3120000e+03   5.3629833e-01   3.3759878e-03
   2.3200000e+03   5.2833701e-01  -3.3878531e-03
   2.3280000e+03   5.3677693e-01   2.3616222e-03
   2.3360000e+03   5.3436413e-01  -4.8811746e-03
   2.3440000e+03   5.2987047e-01   3.2097435e-03
   2.3520000e+03   5.3294910e-01  -1.6779542e-03
   2.3600000e+03   5.2697542e-01   6.7472333e-03
   2.3680000e+03   5.2914548e-01  -2.7316777e-03
   2.3760000e+03   5.3636348e-01   7.0124072e-04
   2.3840000e+03   5.3799246e-01   4.2382381e-03
   2.3920000e+03   5.3256205e-01  -2.9142452e-03
   2.4000000e+03   5.2747475e-01  -1.2106389e-03
   2.4080000e+03   5.3531383e-01  -5.2499791e-03
   2.4160000e+03   5.3205562e-01   1.8594412e-03
   2.4240000e+03   5.3424298e-01   7.5104885e-04
   2.4320000e+03   5.3525462e-01   3.9664871e-03
   2.4400000e+03   5.3854631e-01  -8.0731986e-03
   2.4480000e+03   5.3329979e-01   4.9174497e-03
   2.4560000e+03   5.3352429e-01  -4.0809143e-04
   2.4640000e+03   5.3445857e-01  -2.3348198e-03
   2.4720000e+03   5.3696080e-01   1.2793695e-04
   2.4800000e+03   5.2623417e-01   2.8049586e-03
   2.4880000e+03   5.2488737e-01  -6.2337384e-03
   2.4960000e+03   5.3262775e-01  -2.1465242e-03
   2.5040000e+03   5.3327314e-01  -4.7353829e-03
   2.5120000e+03   5.4433624e-01  -3.0967683e-03
   2.5200000e+03   5.3105445e-01  -3.5724389e-03
   2.5280000e+03   5.2599171e-01   1.0929855e-03
   2.5360000e+03   5.3083214e-01  -1.6482792e-03
   2.5440000e+03   5.3159495e-01  -5.4791504e-03
   2.5520000e+03   5.2964291e-01   3.7089519e-03
   2.5600000e+03   5.2729384e-01  -1.1781220e-03
   2.5680000e+03   5.2811937e-01   8.0366944e-04
   2.5760000e+03   5.2776459e-01  -3.1894648e-04
   2.5840000e+03   5.3697959e-01   3.2924736e-03
   2.5920000e+03   5.3471298e-01   1.6944781e-03
   2.6000000e+03   5.3120774e-01  -6.6060839e-03
   2.6080000e+03   5.2603501e-01  -6.0558352e-03
   2.6160000e+03   5.3136637e-01  -1.6074911e-03
   2.6240000e+03   5.3228471e-01  -1.0884071e-03
   2.6320000e+03   5.3442068e-01   1.5290453e-03
   2.6400000e+03   5.3391581e-01  -4.6293761e-05
   2.6480000e+03   5.3277925e-01   6.7963946e-04
   2.6560000e+03   5.3555922e-01  -1.6074288e-03
   2.6640000e+03   5.3083655e-01   5.2133670e-04
   2.6720000e+03   5.4268126e-01   4.0615679e-04
   2.6800000e+03   5.3016492e-01   3.9053240e-03
   2.6880000e+03   5.3833185e-01  -8.0129215e-03
   2.6960000e+03   5.2943141e-01  -2.4142049e-03
   2.7040000e+03   5.3368487e-01  -4.0598576e-03
   2.7120000e+03   5.3321372e-01  -3.5388241e-03
   2.7200000e+03   5.3159619e-01  -5.1126125e-05
   2.7280000e+03   5.3584403e-01   3.2147772e-03
   2.7360000e+03   5.2791839e-01   4.1468986e-03
   2.7440000e+03   5.3016414e-01   3.7305436e-04
   2.7520000e+03   5.3643376e-01   2.4819879e-03
   2.7600000e+03   5.2897355e-01  -3.4194260e-03
   2.7680000e+03   5.3331639e-01  -2.4359686e-03
   2.7760000e+03   5.2900290e-01  -5.9622666e-03
   2.7840000e+03   5.3507342e-01  -2.0326888e-03
   2.7920000e+03   5.2275546e-01  -8.1523034e-03
   2.8000000e+03   5.3328418e-01   1.0027615e-03
   2.8080000e+03   5.2964298e-01  -9.4555459e-03
   2.8160000e+03   5.3581750e-01   9.6547062e-04
   2.8240000e+03   5.2910886e-01  -4.7043278e-03
   2.8320000e+03   5.3059556e-01   3.0625840e-03
   2.8400000e+03   5.3501940e-01   7.9334576e-03
   2.8480000e+03   5.3162713e-01  -1.8624014e-04
   2.8560000e+03   5.4183077e-01  -6.0483563e-04
   2.8640000e+03   5.2708147e-01  -9.7822680e-04
   2.8720000e+03   5.3572514e-01   2.2139844e-03
   2.8800000e+03   5.3414419e-01  -7.2072676e-03
   2.8880000e+03   5.3587946e-01  -6.8390851e-03
   2.8960000e+03   5.3601248e-01   1.0642296e-04
   2.9040000e+03   5.3369638e-01   2.4972728e-03
   2.9120000e+03   5.2924378e-01  -1.3239642e-03
   2.9200000e+03   5.3251664e-01  -2.7020984e-03
   2.9280000e+03   5.3757045e-01  -5.8602504e-03
   2.9360000e+03   5.3594616e-01   8.4897552e-04
   2.9440000e+03   5.2708165e-01  -2.3011507e-03
   2.9520000e+03   5.3384211e-01   3.8563664e-03
   2.9600000e+03   5.4174762e-01   7.1615309e-04
   2.9680000e+03   5.3178548e-01   3.5493713e-03
   2.9760000e+03   5.3602808e-01  -4.5191372e-03
   2.9840000e+03   5.3237884e-01  -4.3033474e-03
   2.9920000e+03   5.3556535e-01  -3.0168089e-03
   3.0000000e+03   5.3469860e-01  -3.7020103e-03
   3.0080000e+03   5.3241590e-01   6.1359362e-03
   3.0160000e+03   5.3652524e-01   6.0941053e-04
   3.0240000e+03   5.3787144e-01  -2.1836085e-03
   3.0320000e+03   5.4026409e-01  -3.1956988e-03
   3.0400000e+03   5.3946639e-01   3.6918001e-03
   3.0480000e+03   5.3693021e-01   7.1140437e-03
   3.0560000e+03   5.4061110e-01   5.4876914e-03
   3.0640000e+03   5.3533530e-01  -9.2477811e-03
   3.0720000e+03   5.3906196e-01  -7.4336855e-03
   3.0800000e+03   5.3587270e-01  -4.5267791e-03
   3.0880000e+03   5.3604487e-01  -4.7099486e-03
   3.0960000e+03   5.3844951e-01  -2.6893171e-03
   3.1040000e+03   5.3510770e-01   4.6119154e-03
   3.1120000e+03   5.3836288e-01   5.5177780e-03
   3.1200000e+03   5.3683699e-01  -1.0111874e-02
   3.1280000e+03   5.3636075e-01  -5.5570019e-03
   3.1360000e+03   5.3399009e-01  -3.4947581e-03
   3.1440000e+03   5.3757590e-01  -3.0363894e-03
   3.1520000e+03   5.3151880e-01   2.3606122e-03
   3.1600000e+03   5.3736231e-01   3.4432804e-03
   3.1680000e+03   5.3683390e-01  -1.2452608e-04
   3.1760000e+03   5.3652715e-01   3.9619454e-03
   3.1840000e+03   5.4186389e-01  -2.9163441e-03
   3.1920000e+03   5.3772680e-01  -9.2774700e-04
   3.2000000e+03   5.3433251e-01   2.3612017e-03
   3.2080000e+03   5.4137282e-01  -1.3362337e-03
   3.2160000e+03   5.3988663e-01  -3.5711602e-03
   3.2240000e+03   5.3684383e-01  -1.6270018e-04
   3.2320000e+03   5.3961302e-01  -2.5748355e-03
   3.2400000e+03   5.3721901e-01  -8.2895520e-04
   3.2480000e+03   5.4185868e-01   2.8568317e-03
   3.2560000e+03   5.3558654e-01  -6.1112075e-04
   3.2640000e+03   5.3807002e-01   8.7566166e-04
   3.2720000e+03   5.4411475e-01   3.2319812e-03
   3.2800000e+03   5.4343646e-01  -5.6325773e-03
   3.2880000e+03   5.4304836e-01  -2.7334867e-03
   3.2960000e+03   5.4906428e-01  -1.1252898e-04
   3.3040000e+03   5.4425123e-01  -4.6875576e-03
   3.3120000e+03   5.4474198e-01   7.7041165e-03
   3.3200000e+03   5.3573585e-01  -1.5151486e-03
   3.3280000e+03   5.3471953e-01   3.8962717e-03
   3.3360000e+03   5.3973047e-01  -4.5548709e-03
   3.3440000e+03   5.4355633e-01  -2.8357230e-03
   3.3520000e+03   5.3881863e-01  -5.1884177e-03
   3.3600000e+03   5.4308680e-01   3.3205893e-04
   3.3680000e+03   5.4187934e-01  -3.2423166e-04
   3.3760000e+03   5.4223231e-01  -6.0516026e-04
   3.3840000e+03   5.4228152e-01   6.3527251e-04
   3.3920000e+03   5.4589701e-01  -4.7298524e-03
   3.4000000e+03   5.4585493e-01   2.2184511e-03
   3.4080000e+03   5.4527842e-01   2.9280144e-03
   3.4160000e+03   5.4559458e-01  -7.0000093e-03
   3.4240000e+03   5.4351274e-01  -1.1855092e-03
   3.4320000e+03   5.4694643e-01  -5.0975822e-04
   3.4400000e+03   5.4106919e-01  -4.8655840e-03
   3.4480000e+03   5.4426276e-01   4.5911887e-04
   3.4560000e+03   5.4450217e-01  -2.1261081e-03
   3.4640000e+03   5.4666511e-01   6.8191392e-03
   3.4720000e+03   5.4370040e-01  -4.4061760e-04
   3.4800000e+03   5.4041816e-01   3.6018138e-03
   3.4880000e+03   5.5194263e-01  -5.5635627e-03
   3.4960000e+03   5.4786640e-01  -9.4892488e-05
   3.5040000e+03   5.4320701e-01   2.9102480e-03
   3.5120000e+03   5.4671361e-01   8.4725560e-04
   3.5200000e+03   5.4433078e-01  -3.7189805e-03
   3.5280000e+03   5.4496897e-01  -3.0755048e-03
   3.5360000e+03   5.4859689e-01  -1.2141786e-03
   3.5440000e+03   5.4495804e-01   3.0089614e-03
   3.5520000e+03   5.4494045e-01   1.6403956e-03
   3.5600000e+03   5.5690306e-01  -9.6535181e-04
   3.5680000e+03   5.5096068e-01   2.0530699e-03
   3.5760000e+03   5.4912004e-01   4.5118746e-03
   3.5840000e+03   5.4677726e-01  -4.0773367e-04
   3.5920000e+03   5.4903399e-01   3.6206498e-03
   3.6000000e+03   5.4520723e-01  -2.1322092e-03
   3.6080000e+03   5.4687126e-01   4.6605314e-03
   3.6160000e+03   5.4887139e-01  -8.1605563e-03
   3.6240000e+03   5.4103947e-01  -7.4267488e-04
   3.6320000e+03   5.5055336e-01   2.4131523e-04
   3.6400000e+03   5.4804909e-01  -3.4828758e-04
   3.6480000e+03   5.4431797e-01  -3.7059330e-03
   3.6560000e+03   5.4177649e-01   2.5111243e-03
   3.6640000e+03   5.5184573e-01  -2.8193828e-03
   3.6720000e+03   5.4577408e-01   1.9496163e-04
   3.6800000e+03   5.4999866e-01  -3.8810185e-03
   3.6880000e+03   5.4442282e-01  -5.2554674e-03
   3.6960000e+03   5.4132749e-01  -2.4332557e-03
   3.7040000e+03   5.4315013e-01  -2.5308307e-05
   3.7120000e+03   5.4576980e-01  -3.1345250e-03
   3.7200000e+03   5.4801459e-01  -1.7283765e-03
   3.7280000e+03   5.4416310e-01   4.4108810e-03
   3.7360000e+03   5.5112753e-01  -4.5897725e-03
   3.7440000e+03   5.4697071e-01  -2.9323314e-03
   3.7520000e+03   5.4673492e-01  -1.2802363e-03
   3.7600000e+03   5.5091684e-01   1.3646738e-04
   3.7680000e+03   5.4362876e-01  -3.3090774e-03
   3.7760000e+03   5.4996088e-01  -5.7946385e-04
   3.7840000e+03   5.4790594e-01  -5.7168297e-03
   3.7920000e+03   5.5260493e-01   4.4908929e-03
   3.8000000e+03   5.4623459e-01   4.9537481e-04
   3.8080000e+03   5.4622017e-01  -4.3841251e-04
   3.8160000e+03   5.4798521e-01   2.2228458e-03
   3.8240000e+03   5.4644699e-01  -9.5936593e-05
   3.8320000e+03   5.5254422e-01  -2.2414514e-03
   3.8400000e+03   5.4523584e-01  -6.0989772e-04
   3.8480000e+03   5.5244687e-01   5.0328563e-04
   3.8560000e+03   5.4844543e-01   3.3324717e-03
   3.8640000e+03   5.4700067e-01  -7.9693075e-03
   3.8720000e+03   5.4840951e-01  -8.5313071e-04
   3.8800000e+03   5.4557886e-01  -6.7638814e-04
   3.8880000e+03   5.5013272e-01   4.7146631e-03
   3.8960000e+03   5.5262896e-01  -4.9754386e-05
   3.9040000e+03   5.5034424e-01   3.1895211e-03
   3.9120000e+03   5.5111472e-01   1.7725778e-03
   3.9200000e+03   5.5488772e-01   3.2575899e-03
   3.9280000e+03   5.5400094e-01  -3.4478558e-05
   3.9360000e+03   5.4915422e-01  -4.1505295e-03
   3.9440000e+03   5.4131417e-01   1.8246771e-03
   3.9520000e+03   5.5022567e-01  -4.2851754e-03
   3.9600000e+03   5.4932029e-01  -2.4732204e-03
   3.9680000e+03   5.4519787e-01   1.2855024e-03
   3.9760000e+03   5.5081345e-01  -3.0593168e-03
   3.9840000e+03   5.5133847e-01   4.3707886e-03
   3.9920000e+03   5.4360221e-01  -1.2013345e-03
   4.0000000e+03   5.4554213e-01   4.1063998e-03
   4.0080000e+03   5.4851568e-01  -5.1084631e-03
   4.0160000e+03   5.4261204e-01   2.2347214e-03
   4.0240000e+03   5.5525070e-01   2.5824536e-03
   4.0320000e+03   5.4667114e-01  -2.5174190e-03
   4.0400000e+03   5.4987690e-01   4.1750276e-03
   4.0480000e+03   5.4887290e-01  -8.6651569e-04
   4.0560000e+03   5.4565113e-01  -1.1490232e-04
   4.0640000e+03   5.4523721e-01  -2.5144134e-03
   4.0720000e+03   5.5081865e-01   3.3037225e-03
   4.0800000e+03   5.4172064e-01   1.4243986e-03
   4.0880000e+03   5.4143809e-01   5.3292282e-03
   4.0960000e+03   5.4553764e-01   1.4166074e-03
   4.1040000e+03   5.5127884e-01  -6.7069636e-03
   4.1120000e+03   5.4686440e-01  -4.2979656e-03
   4.1200000e+03   5.4907722e-01  -2.7714010e-03
   4.1280000e+03   5.4084919e-01   2.7005389e-04
   4.1360000e+03   5.4541688e-01  -6.5830979e-03
   4.1440000e+03   5.4407417e-01  -1.1948210e-03
   4.1520000e+03   5.4463993e-01   1.8700461e-03
   4.1600000e+03   5.4155017e-01  -1.2036946e-03
   4.1680000e+03   5.4717507e-01  -6.0807754e-03
   4.1760000e+03   5.4181883e-01   9.1455499e-03
   4.1840000e+03   5.4359644e-01  -9.6496045e-04
   4.1920000e+03   5.5147018e-01   1.8092195e-03
   4.2000000e+03   5.4254079e-01  -6.2919147e-04
   4.2080000e+03   5.4872697e-01  -7.3442496e-05
   4.2160000e+03   5.4721224e-01  -6.3364423e-03
   4.2240000e+03   5.4221990e-01  -2.6105241e-03
   4.2320000e+03   5.4896574e-01   3.3171920e-03
   4.2400000e+03   5.4414409e-01   3.2808786e-04
   4.2480000e+03   5.4251751e-01  -4.1580111e-03
   4.2560000e+03   5.3857980e-01   5.2170334e-03
   4.2640000e+03   5.4434852e-01  -3.4953021e-03
   4.2720000e+03   5.4216565e-01   3.9281265e-03
   4.2800000e+03   5.4525819e-01  -2.2433819e-04
   4.2880000e+03   5.4083081e-01   3.4756535e-03
   4.2960000e+03   5.4313690e-01  -3.2242328e-03
   4.3040000e+03   5.4602952e-01   1.1990348e-02
   4.3120000e+03   5.4211731e-01   2.6963903e-03
   4.3200000e+03   5.4404648e-01   1.7084986e-03
   4.3280000e+03   5.4418745e-01  -1.6572363e-03
   4.3360000e+03   5.3975474e-01  -1.3265503e-03
   4.3440000e+03   5.3845890e-01   1.3874227e-03
   4.3520000e+03   5.3748784e-01  -2.0965966e-03
   4.3600000e+03   5.4096064e-01  -4.8510684e-03
   4.3680000e+03   5.3331171e-01  -3.8947888e-03
   4.3760000e+03   5.4025187e-01   2.0259323e-03
   4.3840000e+03   5.4318972e-01   3.3625138e-03
   4.3920000e+03   5.4139127e-01  -2.9605324e-04
   4.4000000e+03   5.4288145e-01  -3.6915893e-03
   4.4080000e+03   5.4426899e-01   2.2499761e-03
   4.4160000e+03   5.3921766e-01   1.5701677e-03
   4.4240000e+03   5.4008901e-01   2.5174086e-03
   4.4320000e+03   5.3468661e-01   3.0315786e-03
   4.4400000e+03   5.4545742e-01   2.9106012e-03
   4.4480000e+03   5.4161064e-01  -2.3143090e-03
   4.4560000e+03   5.3424500e-01   1.8061220e-03
   4.4640000e+03   5.3473462e-01   5.6346075e-04
   4.4720000e+03   5.4490210e-01   3.1069235e-03
   4.4800000e+03   5.4018811e-01  -6.9523912e-03
   4.4880000e+03   5.3484649e-01  -1.4140171e-03
   4.4960000e+03   5.4191765e-01  -1.4257105e-03
   4.5040000e+03   5.3787788e-01  -8.5588093e-04
   4.5120000e+03   5.3392015e-01  -2.5953326e-03
   4.5200000e+03   5.4120384e-01  -3.8409243e-03
   4.5280000e+03   5.3889165e-01   2.6553493e-03
   4.5360000e+03   5.4412875e-01   2.4297826e-03
   4.5440000e+03   5.4361104e-01  -6.6780484e-03
   4.5520000e+03   5.4315396e-01   1.0216278e-02
   4.5600000e+03   5.3610472e-01   2.4300969e-03
   4.5680000e+03   5.3563151e-01  -1.2588789e-03
   4.5760000e+03   5.3566482e-01   2.0592416e-03
   4.5840000e+03   5.2779436e-01  -3.9095182e-03
   4.5920000e+03   5.3513809e-01   4.0551370e-03
   4.6000000e+03   5.3635504e-01  -3.6823324e-03
   4.6080000e+03   5.2952121e-01   8.7143608e-04
   4.6160000e+03   5.3070003e-01  -2.8043247e-03
   4.6240000e+03   5.3059898e-01  -1.7490374e-03
   4.6320000e+03   5.2960728e-01   1.6339272e-03
   4.6400000e+03   5.2844243e-01   2.5724780e-03
   4.6480000e+03   5.2544360e-01  -2.7865500e-03
   4.6560000e+03   5.3803613e-01  -4.8983319e-03
   4.6640000e+03   5.3230994e-01   7.9792688e-03
   4.6720000e+03   5.2677232e-01   4.5221773e-04
   4.6800000e+03   5.3202579e-01  -2.6993234e-03
   4.6880000e+03   5.3026956e-01   2.2798936e-03
   4.6960000e+03   5.3782710e-01   6.0871931e-03
   4.7040000e+03   5.3825838e-01   6.9887770e-05
   4.7120000e+03   5.2517287e-01  -4.6341600e-03
   4.7200000e+03   5.3627071e-01   2.3996183e-03
   4.7280000e+03   5.3163566e-01   1.9348383e-03
   4.7360000e+03   5.3069025e-01  -2.2454373e-03
   4.7440000e+03   5.3651735e-01   8.2084204e-04
   4.7520000e+03   5.2506195e-01  -7.7884270e-03
   4.7600000e+03   5.2917067e-01   2.1452661e-03
   4.7680000e+03   5.3332705e-01  -5.0129171e-03
   4.7760000e+03   5.2623963e-01   2.5343030e-03
   4.7840000e+03   5.2767958e-01   5.8135892e-03
   4.7920000e+03   5.2630736e-01  -1.5507132e-03
   4.8000000e+03   5.2625661e-01   5.8356790e-03
   4.8080000e+03   5.2878908e-01   8.8610603e-04
   4.8160000e+03   5.3757684e-01  -9.4774969e-04
   4.8240000e+03   5.3016935e-01  -4.6603516e-04
   4.8320000e+03   5.2538329e-01   8.8205188e-03
   4.8400000e+03   5.3221577e-01   8.6161460e-04
   4.8480000e+03   5.1998212e-01  -8.2244405e-03
   4.8560000e+03   5.2458377e-01   2.0920441e-03
   4.8640000e+03   5.2790233e-01  -1.1556565e-03
   4.8720000e+03   5.2652416e-01  -4.9009908e-03
   4.8800000e+03   5.2703216e-01  -1.7518679e-03
   4.8880000e+03   5.2478942e-01   2.7422051e-03
   4.8960000e+03   5.2701171e-01  -1.9629478e-03
   4.9040000e+03   5.2199698e-01  -1.4624770e-03
   4.9120000e+03   5.1779880e-01  -1.8026233e-03
   4.9200000e+03   5.1912080e-01  -5.1771260e-03
   4.9280000e+03   5.1785487e-01  -4.3457168e-03
   4.9360000e+03   5.2266422e-01   3.9905791e-05
   4.9440000e+03   5.1922612e-01   3.6677239e-04
   4.9520000e+03   5.2573216e-01  -2.2811780e-03
   4.9600000e+03   5.1981778e-01   1.4335515e-03
   4.9680000e+03   5.2489489e-01   3.0090909e-03
   4.9760000e+03   5.2067833e-01   4.8059564e-04
   4.9840000e+03   5.2307589e-01  -4.0037119e-03
   4.9920000e+03   5.2050715e-01   7.0143407e-03
   5.0000000e+03   5.2614885e-01  -1.8075628e-03
   5.0080000e+03   5.2391343e-01  -2.9705105e-03
   5.0160000e+03   5.1971843e-01   3.6042543e-04
   5.0240000e+03   5.2272945e-01   2.2064027e-03
   5.0320000e+03   5.2161315e-01   7.9451834e-04
   5.0400000e+03   5.1720292e-01  -2.3973653e-03
   5.0480000e+03   5.2077795e-01   1.4278847e-03
   5.0560000e+03   5.1753513e-01   8.6057630e-04
   5.0640000e+03   5.1403152e-01  -7.0414778e-03
   5.0720000e+03   5.1249105e-01   1.8156564e-04
   5.0800000e+03   5.1836730e-01  -5.7498092e-03
   5.0880000e+03   5.1465259e-01   6.4389379e-03
   5.0960000e+03   5.1520799e-01  -3.1282934e-04
   5.1040000e+03   5.1911094e-01  -7.8478701e-03
   5.1120000e+03   5.1930440e-01  -7.0605612e-03
   5.1200000e+03   5.1631751e-01  -3.2889398e-03
   5.1280000e+03   5.1225277e-01   1.1923283e-03
   5.1360000e+03   5.2079445e-01   3.1512238e-03
   5.1440000e+03   5.2084656e-01  -4.7289302e-04
   5.1520000e+03   5.0852540e-01  -2.2498993e-03
   5.1600000e+03   5.0985860e-01   6.2977279e-03
   5.1680000e+03   5.1024437e-01  -2.7056302e-04
   5.1760000e+03   5.1632589e-01   1.0857930e-03
   5.1840000e+03   5.0513742e-01   1.1555889e-03
   5.1920000e+03   5.1300008e-01   2.2179635e-03
   5.2000000e+03   5.1354589e-01  -8.6767998e-04
   5.2080000e+03   5.1061033e-01  -3.6086000e-03
   5.2160000e+03   5.0469061e-01  -4.8514375e-03
   5.2240000e+03   5.0122031e-01   3.8382990e-04
   5.2320000e+03   5.0718074e-01   4.5927391e-03
   5.2400000e+03   5.0910169e-01   4.7674094e-03
   5.2480000e+03   5.0787811e-01   6.9157920e-03
   5.2560000e+03   5.0763046e-01  -5.1854225e-03
   5.2640000e+03   5.0420876e-01   4.2434444e-03
   5.2720000e+03   5.0223647e-01  -2.9082720e-03
   5.2800000e+03   5.1175480e-01   2.3655153e-04
   5.2880000e+03   5.0926183e-01   4.2081036e-04
   5.2960000e+03   4.9982018e-01  -1.9840355e-03
   5.3040000e+03   5.0695559e-01   4.9787288e-03
   5.3120000e+03   5.0788381e-01   7.6602547e-05
   5.3200000e+03   5.0920563e-01   8.9345892e-03
   5.3280000e+03   5.1063076e-01  -1.2334782e-03
   5.3360000e+03   5.0610025e-01  -1.7673435e-03
   5.3440000e+03   5.0717705e-01   2.8069163e-03
   5.3520000e+03   5.0586763e-01  -1.3962394e-03
   5.3600000e+03   5.0420478e-01  -2.3667950e-03
   5.3680000e+03   5.0124368e-01   5.0156342e-03
   5.3760000e+03   5.0472141e-01   6.0019059e-04
   5.3840000e+03   4.9992123e-01  -2.7582505e-04
   5.3920000e+03   5.0452823e-01  -2.7619839e-03
   5.4000000e+03   5.0046904e-01  -6.6464560e-03
   5.4080000e+03   5.0075179e-01   2.2598733e-03
   5.4160000e+03   5.0551568e-01   1.2890315e-03
   5.4240000e+03   5.0633170e-01   9.3120185e-04
   5.4320000e+03   5.0304931e-01   1.6456221e-04
   5.4400000e+03   5.0465369e-01   4.7655434e-03
   5.4480000e+03   5.0567408e-01   4.1240769e-04
   5.4560000e+03   5.0655017e-01   4.5113344e-04
   5.4640000e+03   4.9900079e-01  -2.1807202e-03
   5.4720000e+03   5.0187099e-01  -1.3330512e-03
   5.4800000e+03   5.0419904e-01   4.9082709e-03
   5.4880000e+03   4.9029583e-01  -4.1221057e-03
   5.4960000e+03   4.9791990e-01   6.4826090e-03
   5.5040000e+03   5.0002813e-01  -5.1556244e-03
   5.5120000e+03   4.9451262e-01  -4.1897093e-03
   5.5200000e+03   4.9700220e-01  -2.4091060e-03
   5.5280000e+03   5.0135893e-01  -1.5723967e-03
   5.5360000e+03   4.9598535e-01   2.3876025e-03
   5.5440000e+03   4.9736509e-01  -5.9545679e-05
   5.5520000e+03   4.9736284e-01   5.7785079e-03
   5.5600000e+03   5.0214949e-01   6.6633579e-03
   5.5680000e+03   5.0570134e-01  -4.6757465e-04
   5.5760000e+03   4.9761864e-01   9.2227147e-05
   5.5840000e+03   4.9927257e-01   1.7505799e-03
   5.5920000e+03   4.9159963e-01  -6.4684891e-03
   5.6000000e+03   4.9656679e-01  -2.7309294e-03
   5.6080000e+03   5.0322316e-01  -1.0906066e-03
   5.6160000e+03   4.9628513e-01   4.2974003e-03
   5.6240000e+03   4.8972521e-01   1.0735583e-03
   5.6320000e+03   5.0313785e-01   4.7851029e-03
   5.6400000e+03   4.9641671e-01  -6.7312614e-04
   5.6480000e+03   4.9369005e-01  -6.8550616e-03
   5.6560000e+03   5.0035708e-01   3.3794232e-03
   5.6640000e+03   4.9144546e-01  -2.7583109e-04
   5.6720000e+03   4.8625254e-01   4.0398985e-03
   5.6800000e+03   4.9337611e-01   7.0331309e-04
   5.6880000e+03   4.9052751e-01   2.1020066e-03
