   0.0000000e+00   9.6050613e-01   2.1799382e-03
   1.6000000e+01   9.6992461e-01  -2.7471078e-03
   3.2000000e+01   9.7226291e-01  -5.5849328e-03
   4.8000000e+01   9.8222218e-01  -3.6612383e-03
   6.4000000e+01   9.8462924e-01  -1.0332031e-03
   8.0000000e+01   9.7882690e-01  -9.4575736e-03
   9.6000000e+01   9.8004435e-01  -7.2096614e-04
   1.1200000e+02   9.8986204e-01  -6.2569978e-03
   1.2800000e+02   9.9099273e-01   7.7480985e-03
   1.4400000e+02   9.8394318e-01  -4.3085808e-03
   1.6000000e+02   9.8856643e-01  -4.5787023e-04
   1.7600000e+02   9.9557791e-01   6.5165253e-03
   1.9200000e+02   9.9659398e-01   5.5361492e-03
   2.0800000e+02   9.8859683e-01  -1.1271779e-02
   2.2400000e+02   9.9723574e-01   6.0923128e-03
   2.4000000e+02   1.0021680e+00  -6.0348223e-03
   2.5600000e+02   9.9292752e-01  -1.4703966e-03
   2.7200000e+02   9.9796850e-01  -9.1806267e-03
   2.8800000e+02   1.0000893e+00   1.9869377e-03
   3.0400000e+02   9.9429280e-01  -5.4349457e-03
   3.2000000e+02   1.0014199e+00  -3.8995354e-03
   3.3600000e+02   9.8280080e-01   3.2685584e-03
   3.5200000e+02   9.9554210e-01   4.2144713e-03
   3.6800000e+02   9.8909925e-01   6.7362433e-03
   3.8400000e+02   9.9327704e-01  -8.0747402e-03
   4.0000000e+02   9.9344251e-01  -9.9328911e-03
   4.1600000e+02   9.8248442e-01   1.0612552e-02
   4.3200000e+02   9.7496822e-01   1.1456989e-02
   4.4800000e+02   9.8312650e-01   1.4037826e-03
   4.6400000e+02   9.7837533e-01  -1.0472705e-03
   4.8000000e+02   9.6743419e-01   5.1501834e-03
   4.9600000e+02   9.6827950e-01  -2.0757464e-03
   5.1200000e+02   9.6334094e-01   3.6392889e-03
   5.2800000e+02   9.5274577e-01   6.6913715e-03
   5.4400000e+02   9.4726433e-01  -2.0096512e-03
   5.6000000e+02   9.4591281e-01  -1.1311682e-04
   5.7600000e+02   9.4044440e-01   2.4274471e-03
   5.9200000e+02   9.4622388e-01   3.4636741e-03
   6.0800000e+02   9.3822779e-01  -3.3503961e-03
   6.2400000e+02   9.3980973e-01   2.0107762e-03
   6.4000000e+02   9.3784429e-01  -2.9259175e-04
   6.5600000e+02   9.1282944e-01   8.2219230e-03
   6.7200000e+02   9.2342539e-01  -1.1573591e-02
   6.8800000e+02   9.1355155e-01   6.0758714e-04
   7.0400000e+02   9.0933872e-01   1.3525432e-02
   7.2000000e+02   8.8823002e-01  -3.3146902e-04
   7.3600000e+02   8.9466586e-01   3.9854715e-03
   7.5200000e+02   9.1117747e-01   3.3867248e-03
   7.6800000e+02   8.9815488e-01  -3.7307136e-03
   7.8400000e+02   8.9623402e-01  -4.2852487e-03
   8.0000000e+02   8.8645003e-01   1.4748853e-03
   8.1600000e+02   8.8418534e-01  -1.0466869e-03
   8.3200000e+02   8.6502814e-01  -3.0324432e-03
   8.4800000e+02   8.5778801e-01   1.8664965e-02
   8.6400000e+02   8.6757679e-01   2.2463992e-03
   8.8000000e+02   8.7144721e-01   2.1559375e-03
   8.9600000e+02   8.6127581e-01  -1.4496342e-03
   9.1200000e+02   8.5430171e-01   6.4814492e-03
   9.2800000e+02   8.4192196e-01  -4.6613653e-03
   9.4400000e+02   8.4852804e-01   5.3551486e-03
   9.6000000e+02   8.4384379e-01  -4.2744634e-03
   9.7600000e+02   8.2926389e-01   6.3506921e-03
   9.9200000e+02   8.2778172e-01   7.7313723e-03
   1.0080000e+03   8.2409936e-01   2.0820085e-03
   1.0240000e+03   8.2231688e-01  -3.3348536e-04
   1.0400000e+03   8.1289355e-01   5.1881296e-03
   1.0560000e+03   8.0994050e-01  -7.0663931e-03
   1.0720000e+03   8.1690296e-01   3.7000685e-03
   1.0880000e+03   8.1025039e-01   1.3908875e-02
   1.1040000e+03   7.9680167e-01   2.7933671e-03
   1.1200000e+03   8.0611408e-01  -1.6199457e-02
   1.1360000e+03   7.9812365e-01  -6.0711839e-04
   1.1520000e+03   7.8693511e-01   5.5521376e-04
   1.1680000e+03   7.9934649e-01   3.9156078e-03
   1.1840000e+03   7.8319775e-01  -2.1776144e-03
   1.2000000e+03   7.8966345e-01   9.9249043e-04
   1.2160000e+03   7.7642694e-01   7.1424121e-03
   1.2320000e+03   7.7490858e-01   2.9213738e-03
   1.2480000e+03   7.8198719e-01  -4.3055170e-03
   1.2640000e+03   7.7201496e-01   1.2753713e-02
   1.2800000e+03   7.7439346e-01  -6.6102137e-03
   1.2960000e+03   7.7900199e-01  -7.1403415e-04
   1.3120000e+03   7.6256079e-01  -7.9334041e-04
   1.3280000e+03   7.5782843e-01   5.6085140e-04
   1.3440000e+03   7.6029210e-01   6.6548900e-03
   1.3600000e+03   7.5826094e-01   5.8551014e-03
   1.3760000e+03   7.5363035e-01   4.0176139e-03
   1.3920000e+03   7.4900062e-01  -7.5254149e-04
   1.4080000e+03   7.5579538e-01  -5.6668706e-03
   1.4240000e+03   7.3962620e-01  -6.6452067e-03
   1.4400000e+03   7.5868212e-01   2.4676016e-03
   1.4560000e+03   7.3118271e-01   2.8396432e-03
   1.4720000e+03   7.2196476e-01   2.6326726e-03
   1.4880000e+03   7.2809611e-01   4.0137870e-03
   1.5040000e+03   7.3797064e-01  -4.4440742e-03
   1.5200000e+03   7.3385205e-01  -5.6138772e-03
   1.5360000e+03   7.2677238e-01   5.7882673e-03
   1.5520000e+03   7.2355390e-01  -2.9309256e-03
   1.5680000e+03   7.2220555e-01  -5.0528835e-03
   1.5840000e+03   7.2247539e-01   3.5928137e-03
   1.6000000e+03   7.1720750e-01  -1.4691365e-02
   1.6160000e+03   7.1934856e-01  -1.7289758e-03
   1.6320000e+03   7.1289045e-01  -2.7439228e-03
   1.6480000e+03   7.1948203e-01   5.4158980e-03
   1.6640000e+03   7.1063424e-01  -1.5548660e-03
   1.6800000e+03   7.0739233e-01   5.5141340e-03
   1.6960000e+03   7.1181936e-01   3.9709945e-04
   1.7120000e+03   7.1445143e-01   5.7439357e-03
   1.7280000e+03   7.0743774e-01   2.6822597e-03
   1.7440000e+03   6.9705717e-01   2.2162502e-03
   1.7600000e+03   6.9691505e-01  -1.5904939e-03
   1.7760000e+03   7.0473752e-01   1.3047430e-02
   1.7920000e+03   6.9675852e-01  -1.2516908e-02
   1.8080000e+03   6.9529442e-01  -1.0974116e-03
   1.8240000e+03   7.0575396e-01  -6.4672115e-03
   1.8400000e+03   6.9040750e-01   4.8930348e-03
   1.8560000e+03   6.9250540e-01  -9.8237102e-03
   1.8720000e+03   6.8587695e-01   1.3461565e-02
   1.8880000e+03   6.9444161e-01  -5.4517136e-03
   1.9040000e+03   6.9228937e-01  -5.4076932e-03
   1.9200000e+03   6.8884390e-01  -5.0995481e-03
   1.9360000e+03   6.8548711e-01  -7.7932228e-04
   1.9520000e+03   6.7771529e-01   5.7743160e-03
   1.9680000e+03   6.8991327e-01   4.2288538e-03
   1.9840000e+03   6.7598772e-01   1.0501694e-03
   2.0000000e+03   6.8428917e-01  -2.4583895e-03
   2.0160000e+03   6.7290181e-01  -6.2005852e-03
   2.0320000e+03   6.8864952e-01  -9.4309298e-04
   2.0480000e+03   6.7604882e-01   9.0052764e-03
   2.0640000e+03   6.6937229e-01  -1.0859034e-02
   2.0800000e+03   6.6673712e-01   6.3095130e-03
   2.0960000e+03   6.6845026e-01  -2.9217782e-04
   2.1120000e+03   6.7736095e-01  -7.4028425e-03
   2.1280000e+03   6.7509042e-01   7.3308984e-03
   2.1440000e+03   6.7350192e-01   9.4091198e-03
   2.1600000e+03   6.7795450e-01  -9.8464976e-03
   2.1760000e+03   6.6784024e-01  -5.1099804e-03
   2.1920000e+03   6.7488576e-01  -4.3357967e-03
   2.2080000e+03   6.6616765e-01  -2.2653894e-04
   2.2240000e+03   6.6276610e-01   1.9812896e-03
   2.2400000e+03   6.7087751e-01  -9.0699221e-03
   2.2560000e+03   6.6901943e-01  -4.3241945e-03
   2.2720000e+03   6.5525783e-01   2.8650706e-04
   2.2880000e+03   6.6278330e-01   7.0449313e-03
   2.3040000e+03   6.5043250e-01  -5.8891011e-03
   2.3200000e+03   6.5415999e-01   3.0334023e-03
   2.3360000e+03   6.5780578e-01   1.3612122e-02
   2.3520000e+03   6.5342727e-01  -3.8213793e-03
   2.3680000e+03   6.4863787e-01   3.2542209e-03
   2.3840000e+03   6.5861566e-01   2.0551052e-03
   2.4000000e+03   6.6415596e-01  -4.6991689e-03
   2.4160000e+03   6.5119424e-01  -5.5066951e-04
   2.4320000e+03   6.4166622e-01  -1.0460546e-02
   2.4480000e+03   6.5172676e-01   3.2707620e-03
   2.4640000e+03   6.4641749e-01   4.6636393e-03
   2.4800000e+03   6.5761039e-01  -4.9114947e-03
   2.4960000e+03   6.4848907e-01   2.3240084e-03
   2.5120000e+03   6.4762923e-01  -1.2147572e-02
   2.5280000e+03   6.4770449e-01  -1.2155551e-03
   2.5440000e+03   6.5261266e-01   5.1900083e-04
   2.5600000e+03   6.4270318e-01  -1.8869166e-03
   2.5760000e+03   6.4070107e-01  -5.6219506e-03
   2.5920000e+03   6.4403754e-01   4.1328238e-03
   2.6080000e+03   6.4147007e-01   3.4166163e-03
   2.6240000e+03   6.4244652e-01  -2.7087315e-03
   2.6400000e+03   6.3780320e-01   7.1648570e-03
   2.6560000e+03   6.3848871e-01   1.0117517e-02
   2.6720000e+03   6.3700959e-01  -5.6661079e-03
   2.6880000e+03   6.3977510e-01  -1.5675629e-04
   2.7040000e+03   6.3956866e-01   1.3242188e-02
   2.7200000e+03   6.3302537e-01   1.0656184e-02
   2.7360000e+03   6.3246250e-01  -7.5838863e-03
   2.7520000e+03   6.2678186e-01  -5.0108672e-03
   2.7680000e+03   6.3339949e-01  -7.2021645e-03
   2.7840000e+03   6.3569068e-01   7.2185641e-03
   2.8000000e+03   6.3207498e-01   1.9390718e-03
   2.8160000e+03   6.3119340e-01   4.5715810e-03
   2.8320000e+03   6.2582907e-01  -7.1038588e-03
   2.8480000e+03   6.2562047e-01   5.2266975e-03
   2.8640000e+03   6.4130358e-01   6.2987135e-03
   2.8800000e+03   6.4200963e-01   6.1117405e-03
   2.8960000e+03   6.2691047e-01   7.2207850e-03
   2.9120000e+03   6.3113328e-01  -4.2660476e-03
   2.9280000e+03   6.2980060e-01  -1.5673423e-02
   2.9440000e+03   6.3225922e-01   1.3775073e-03
   2.9600000e+03   6.1815172e-01  -5.4687405e-03
   2.9760000e+03   6.3207109e-01   8.9550480e-03
   2.9920000e+03   6.1768446e-01   1.6567555e-04
   3.0080000e+03   6.1717297e-01   6.6826249e-03
   3.0240000e+03   6.2814777e-01   6.8739584e-03
   3.0400000e+03   6.1768831e-01  -2.3251160e-03
   3.0560000e+03   6.2422417e-01   5.8925434e-03
   3.0720000e+03   6.3535258e-01   5.8629112e-03
   3.0880000e+03   6.2033412e-01   7.3261198e-03
   3.1040000e+03   6.1735257e-01   7.8068664e-03
   3.1200000e+03   6.1129445e-01  -1.0615265e-02
   3.1360000e+03   6.2100272e-01   5.2478963e-03
   3.1520000e+03   6.1525709e-01  -2.9513681e-03
   3.1680000e+03   6.1125145e-01   7.7315599e-03
   3.1840000e+03   6.0929836e-01   6.0582164e-03
   3.2000000e+03   6.1928632e-01  -5.9274954e-04
   3.2160000e+03   6.1280329e-01   2.4615757e-04
   3.2320000e+03   6.1195652e-01  -6.6619668e-03
   3.2480000e+03   6.1271983e-01   4.4088433e-03
   3.2640000e+03   6.2512689e-01   3.7116185e-03
   3.2800000e+03   6.1711758e-01  -4.8327722e-03
   3.2960000e+03   6.1717153e-01  -6.2731159e-03
   3.3120000e+03   6.1814341e-01  -7.0818495e-03
   3.3280000e+03   6.1641494e-01  -1.0736952e-02
   3.3440000e+03   6.2152043e-01   6.4284557e-03
   3.3600000e+03   6.1838664e-01   3.5163311e-03
   3.3760000e+03   6.1347089e-01  -1.1176330e-04
   3.3920000e+03   6.1875646e-01   4.2420448e-03
   3.4080000e+03   6.1434227e-01   4.1472883e-03
   3.4240000e+03   6.1212377e-01  -4.5587086e-03
   3.4400000e+03   6.0503251e-01  -1.6045644e-03
   3.4560000e+03   5.9526103e-01   4.0088115e-03
   3.4720000e+03   6.0729663e-01   4.8234675e-03
   3.4880000e+03   6.0601910e-01   2.2294139e-03
   3.5040000e+03   6.0414077e-01  -3.8403524e-04
   3.5200000e+03   6.0695026e-01  -5.1274875e-03
   3.5360000e+03   6.0830313e-01   2.3450456e-03
   3.5520000e+03   6.1195127e-01  -1.6360893e-02
   3.5680000e+03   6.0428325e-01   1.8798213e-03
   3.5840000e+03   6.0035936e-01  -5.9895202e-03
   3.6000000e+03   6.0269771e-01   2.6462080e-03
   3.6160000e+03   6.0883640e-01  -1.6241729e-03
   3.6320000e+03   6.0290086e-01   8.7956504e-03
   3.6480000e+03   6.0390630e-01   1.0139605e-02
   3.6640000e+03   6.0529250e-01  -6.0838421e-03
   3.6800000e+03   6.0150292e-01   5.5202680e-03
   3.6960000e+03   6.0688564e-01   6.1438816e-03
   3.7120000e+03   6.0318730e-01  -6.8887691e-03
   3.7280000e+03   5.9295817e-01   3.0140131e-03
   3.7440000e+03   6.1657235e-01   8.3744649e-03
   3.7600000e+03   5.9354823e-01   3.7331998e-03
   3.7760000e+03   5.9825644e-01   6.5789517e-03
   3.7920000e+03   6.0358645e-01   2.8530233e-03
   3.8080000e+03   5.9075895e-01  -2.5510550e-03
   3.8240000e+03   5.9664282e-01   7.0155103e-03
   3.8400000e+03   6.0025195e-01  -5.3520445e-03
   3.8560000e+03   6.0097500e-01  -7.3369149e-03
   3.8720000e+03   6.0765688e-01  -1.4425889e-03
   3.8880000e+03   5.9616987e-01   5.2214919e-03
   3.9040000e+03   5.9500663e-01  -1.1769464e-02
   3.9200000e+03   5.9372961e-01   5.9329237e-03
   3.9360000e+03   5.9415973e-01  -1.0427468e-02
   3.9520000e+03   5.9573142e-01  -5.8377447e-03
   3.9680000e+03   5.9434188e-01  -1.9624296e-03
   3.9840000e+03   6.0460958e-01   5.3042464e-03
   4.0000000e+03   5.9175593e-01  -6.5006649e-03
   4.0160000e+03   5.9892176e-01   4.8541790e-03
   4.0320000e+03   5.8954938e-01  -6.3771250e-03
   4.0480000e+03   5.7960777e-01   1.3057386e-03
   4.0640000e+03   5.9127883e-01   2.6088036e-03
   4.0800000e+03   5.9110716e-01   5.0393508e-03
   4.0960000e+03   5.9659840e-01   8.5931493e-04
   4.1120000e+03   5.9511869e-01  -3.9525058e-03
   4.1280000e+03   5.9543029e-01  -4.1181772e-04
   4.1440000e+03   5.9024112e-01   5.1553642e-03
   4.1600000e+03   5.8733650e-01  -5.4468364e-03
   4.1760000e+03   5.8906235e-01   3.9384496e-03
   4.1920000e+03   5.8915349e-01   8.8168812e-03
   4.2080000e+03   5.8112009e-01  -7.1446297e-04
   4.2240000e+03   5.8822396e-01  -1.2305019e-02
   4.2400000e+03   5.8927732e-01   6.6119141e-03
   4.2560000e+03   5.8792678e-01   4.0072180e-03
   4.2720000e+03   5.9668582e-01  -5.4779381e-03
   4.2880000e+03   5.7712304e-01  -3.7130849e-04
   4.3040000e+03   5.8214774e-01   7.5754382e-03
   4.3200000e+03   5.7539295e-01  -1.2450068e-02
   4.3360000e+03   5.9013182e-01   9.4273428e-05
   4.3520000e+03   5.7080488e-01  -1.0030541e-04
   4.3680000e+03   5.8306755e-01  -2.8497004e-03
   4.3840000e+03   5.7896047e-01   5.9219611e-03
   4.4000000e+03   5.8150524e-01  -2.7426090e-04
   4.4160000e+03   5.8569292e-01  -9.1334752e-03
   4.4320000e+03   5.8353590e-01   9.9961885e-03
   4.4480000e+03   5.8779244e-01  -2.5153208e-03
   4.4640000e+03   5.7530632e-01  -3.3131203e-03
   4.4800000e+03   5.8390352e-01   2.3870433e-03
   4.4960000e+03   5.8642956e-01  -8.5305259e-03
   4.5120000e+03   5.8028455e-01   8.1433982e-03
   4.5280000e+03   5.7847782e-01   9.6301458e-03
   4.5440000e+03   5.7725670e-01  -7.8551498e-03
   4.5600000e+03   5.7559849e-01   7.4975670e-03
   4.5760000e+03   5.7638053e-01   4.1756934e-04
   4.5920000e+03   5.7389465e-01   4.3215088e-03
   4.6080000e+03   5.8116880e-01  -2.9707059e-03
   4.6240000e+03   5.8608797e-01   3.6540563e-04
   4.6400000e+03   5.7946318e-01  -4.7055926e-03
   4.6560000e+03   5.7537930e-01  -1.1534392e-02
   4.6720000e+03   5.7579113e-01   3.6293032e-03
   4.6880000e+03   5.7243837e-01   3.7776515e-03
   4.7040000e+03   5.7774373e-01   9.9902488e-03
   4.7200000e+03   5.8466330e-01  -1.3523595e-04
   4.7360000e+03   5.8145416e-01   5.9882345e-03
   4.7520000e+03   5.7100846e-01   2.9671749e-03
   4.7680000e+03   5.8564338e-01   7.7099169e-03
   4.7840000e+03   5.7670167e-01   1.6584818e-03
   4.8000000e+03   5.7219340e-01   3.7518329e-03
   4.8160000e+03   5.8096600e-01   4.2904529e-03
   4.8320000e+03   5.7958778e-01  -1.5689445e-02
   4.8480000e+03   5.7114676e-01  -8.4997288e-03
   4.8640000e+03   5.7653822e-01   6.8292205e-03
   4.8800000e+03   5.7682021e-01   8.0713635e-03
   4.8960000e+03   5.8719326e-01   4.4017388e-03
   4.9120000e+03   5.7002101e-01  -1.3767848e-03
   4.9280000e+03   5.7996385e-01  -1.4306320e-02
   4.9440000e+03   5.7589438e-01   6.7325998e-03
   4.9600000e+03   5.6836090e-01  -4.0009483e-03
   4.9760000e+03   5.7566339e-01  -3.3267270e-03
   4.9920000e+03   5.7428991e-01   2.0756525e-03
   5.0080000e+03   5.6384124e-01   1.4689162e-02
   5.0240000e+03   5.8485975e-01  -1.0202849e-02
   5.0400000e+03   5.8488645e-01  -7.0853048e-03
   5.0560000e+03   5.6869451e-01   1.6070564e-02
   5.0720000e+03   5.6985382e-01  -2.6329822e-04
   5.0880000e+03   5.7833309e-01  -8.0028486e-04
   5.1040000e+03   5.6861290e-01  -8.8347743e-03
   5.1200000e+03   5.7330494e-01   2.4370066e-03
   5.1360000e+03   5.6560803e-01  -1.6054263e-03
   5.1520000e+03   5.6915824e-01  -1.7795303e-03
   5.1680000e+03   5.6711746e-01   7.3084654e-03
   5.1840000e+03   5.6333990e-01   6.6326182e-03
   5.2000000e+03   5.7561740e-01   8.9248331e-03
   5.2160000e+03   5.6991620e-01   1.7762121e-03
   5.2320000e+03   5.6505261e-01  -6.2703763e-03
   5.2480000e+03   5.5771191e-01  -2.3374528e-03
   5.2640000e+03   5.7684874e-01  -7.4291421e-03
   5.2800000e+03   5.6770611e-01   5.8380334e-04
   5.2960000e+03   5.6684756e-01  -7.0624691e-04
   5.3120000e+03   5.7773334e-01   8.9784884e-04
   5.3280000e+03   5.6041187e-01  -3.7310794e-03
   5.3440000e+03   5.8432327e-01   3.8204979e-04
   5.3600000e+03   5.6343165e-01  -5.9673462e-03
   5.3760000e+03   5.6180915e-01   8.6450680e-03
   5.3920000e+03   5.5908712e-01   8.2885042e-03
   5.4080000e+03   5.7457623e-01   1.4135251e-03
   5.4240000e+03   5.7218197e-01   2.9989889e-03
   5.4400000e+03   5.7074477e-01   2.6240893e-03
   5.4560000e+03   5.6497328e-01   7.1457063e-03
   5.4720000e+03   5.7242429e-01   9.8846014e-05
   5.4880000e+03   5.6730465e-01  -1.0932837e-02
   5.5040000e+03   5.6503094e-01   3.8032605e-03
   5.5200000e+03   5.6179644e-01   3.6946817e-03
   5.5360000e+03   5.6830166e-01  -2.1931147e-03
   5.5520000e+03   5.5864746e-01  -1.1119602e-02
   5.5680000e+03   5.6207094e-01   1.3023725e-03
   5.5840000e+03   5.7691784e-01   1.2318076e-03
   5.6000000e+03   5.6817273e-01   5.2326120e-03
   5.6160000e+03   5.6889464e-01   6.0045701e-03
   5.6320000e+03   5.6065457e-01   9.2897062e-04
   5.6480000e+03   5.7243299e-01  -3.0596931e-03
   5.6640000e+03   5.6313116e-01  -1.0377257e-02
   5.6800000e+03   5.6885783e-01  -2.6204049e-03
   5.6960000e+03   5.7212863e-01  -8.4388097e-03
   5.7120000e+03   5.5703953e-01  -2.9317849e-03
   5.7280000e+03   5.5773258e-01  -5.4565620e-03
   5.7440000e+03   5.6372034e-01  -3.2381874e-04
   5.7600000e+03   5.6516186e-01  -2.1676652e-03
   5.7760000e+03   5.7093696e-01   4.2328271e-03
   5.7920000e+03   5.7521077e-01   4.1674922e-03
   5.8080000e+03   5.6991499e-01   5.2568907e-03
   5.8240000e+03   5.6441671e-01  -3.7785895e-03
   5.8400000e+03   5.6068072e-01   8.3511234e-03
   5.8560000e+03   5.5226696e-01   2.5020006e-03
   5.8720000e+03   5.5864372e-01  -3.9595739e-03
   5.8880000e+03   5.6299813e-01   4.3789820e-03
   5.9040000e+03   5.5706600e-01  -1.6348721e-03
   5.9200000e+03   5.7052442e-01   1.2168119e-02
   5.9360000e+03   5.7433801e-01   2.6379287e-03
   5.9520000e+03   5.7206817e-01   8.3076842e-03
   5.9680000e+03   5.6565701e-01   5.5466346e-04
   5.9840000e+03   5.6371729e-01  -4.4945777e-04
   6.0000000e+03   5.6067672e-01   9.5562164e-03
   6.0160000e+03   5.5566111e-01   7.5025191e-04
   6.0320000e+03   5.6825553e-01   3.9084823e-03
   6.0480000e+03   5.6823408e-01  -4.8680089e-04
   6.0640000e+03   5.7046331e-01   3.6925906e-03
   6.0800000e+03   5.6717868e-01  -1.3665960e-02
   6.0960000e+03   5.6486425e-01   1.0301060e-02
   6.1120000e+03   5.6830673e-01  -1.4426222e-03
   6.1280000e+03   5.5749592e-01  -5.6280086e-03
   6.1440000e+03   5.5755229e-01  -9.6753590e-03
   6.1600000e+03   5.6845207e-01   9.2658722e-03
   6.1760000e+03   5.6114473e-01  -1.9957799e-04
   6.1920000e+03   5.6259004e-01  -3.9128232e-03
   6.2080000e+03   5.5491966e-01  -4.9880272e-03
   6.2240000e+03   5.6038180e-01   4.5065385e-03
   6.2400000e+03   5.6792451e-01   6.9549310e-03
   6.2560000e+03   5.6223433e-01  -7.1748367e-04
   6.2720000e+03   5.6544190e-01   1.2422122e-02
   6.2880000e+03   5.6851292e-01   3.0927101e-03
   6.3040000e+03   5.5087078e-01   4.9355029e-03
   6.3200000e+03   5.4594340e-01   4.7786282e-04
   6.3360000e+03   5.5727599e-01  -4.4801234e-03
   6.3520000e+03   5.5773712e-01  -1.3979348e-02
   6.3680000e+03   5.5440505e-01  -2.2274601e-03
   6.3840000e+03   5.6032240e-01  -2.4195519e-04
   6.4000000e+03   5.6255942e-01   2.3792704e-03
   6.4160000e+03   5.6474493e-01  -1.6275053e-03
   6.4320000e+03   5.5698364e-01   2.2181515e-03
   6.4480000e+03   5.6079653e-01  -5.7654036e-03
   6.4640000e+03   5.6274780e-01   7.6825176e-03
   6.4800000e+03   5.6827810e-01  -7.8746071e-03
   6.4960000e+03   5.5434526e-01   6.9601474e-04
   6.5120000e+03   5.5795396e-01  -4.6257954e-03
   6.5280000e+03   5.6127391e-01  -7.7456805e-03
   6.5440000e+03   5.6826476e-01   6.1005941e-03
   6.5600000e+03   5.4899796e-01   2.8985945e-03
   6.5760000e+03   5.7114089e-01   5.4228481e-03
   6.5920000e+03   5.5348544e-01   8.9850491e-03
   6.6080000e+03   5.5759845e-01   9.9083567e-04
   6.6240000e+03   5.6237424e-01   4.2679526e-03
   6.6400000e+03   5.6089574e-01   6.5960550e-04
   6.6560000e+03   5.5029680e-01  -5.3460392e-03
   6.6720000e+03   5.5830074e-01   8.8520387e-03
   6.6880000e+03   5.5536684e-01  -8.5389679e-03
   6.7040000e+03   5.4753430e-01   7.3129515e-03
   6.7200000e+03   5.5827403e-01  -2.2169671e-03
   6.7360000e+03   5.5957681e-01  -3.8563798e-03
   6.7520000e+03   5.5422905e-01  -6.5203724e-03
   6.7680000e+03   5.5265940e-01   3.9857256e-03
   6.7840000e+03   5.6268937e-01   2.3612228e-04
   6.8000000e+03   5.5768256e-01   4.4812417e-03
   6.8160000e+03   5.5396771e-01   1.8981045e-03
   6.8320000e+03   5.6143827e-01  -3.8721751e-03
   6.8480000e+03   5.6082293e-01   3.9355078e-03
   6.8640000e+03   5.6906297e-01  -1.9713286e-02
   6.8800000e+03   5.7005012e-01  -5.5915290e-03
   6.8960000e+03   5.5558299e-01  -1.9899853e-03
   6.9120000e+03   5.4660222e-01   3.5883123e-03
   6.9280000e+03   5.4826812e-01  -7.9356186e-03
   6.9440000e+03   5.5569697e-01   2.0545414e-03
   6.9600000e+03   5.5749716e-01  -1.0071273e-02
   6.9760000e+03   5.6039354e-01   9.9736826e-03
   6.9920000e+03   5.5586147e-01  -3.9955782e-03
   7.0080000e+03   5.6195323e-01  -7.4954907e-04
   7.0240000e+03   5.5517464e-01  -1.0540542e-03
   7.0400000e+03   5.5089717e-01   9.7159074e-03
   7.0560000e+03   5.3825761e-01  -6.0412328e-04
   7.0720000e+03   5.5219996e-01   1.3626083e-02
   7.0880000e+03   5.5440361e-01   1.1884591e-02
   7.1040000e+03   5.6457591e-01  -4.4384740e-03
   7.1200000e+03   5.4692628e-01  -7.9062069e-04
   7.1360000e+03   5.5285361e-01  -1.5536195e-03
   7.1520000e+03   5.5621257e-01   1.8936238e-04
   7.1680000e+03   5.4884352e-01  -1.8071155e-03
   7.1840000e+03   5.4273065e-01  -8.9695450e-03
   7.2000000e+03   5.5549993e-01   8.1581768e-03
   7.2160000e+03   5.5880677e-01  -4.7163331e-03
   7.2320000e+03   5.4974917e-01  -1.6145379e-03
   7.2480000e+03   5.3960848e-01   4.1569875e-03
   7.2640000e+03   5.4148048e-01   9.8763997e-03
   7.2800000e+03   5.5673241e-01  -1.3425526e-02
   7.2960000e+03   5.4622519e-01   1.5367738e-03
   7.3120000e+03   5.4845471e-01   4.6753541e-03
   7.3280000e+03   5.4618861e-01  -2.8475466e-03
   7.3440000e+03   5.4936406e-01  -1.6299380e-03
   7.3600000e+03   5.5643508e-01  -1.2382745e-02
   7.3760000e+03   5.4606013e-01   3.2048418e-03
   7.3920000e+03   5.5298127e-01  -1.2782917e-03
   7.4080000e+03   5.5582555e-01  -9.3782899e-03
   7.4240000e+03   5.5461502e-01   6.8882657e-03
   7.4400000e+03   5.5471331e-01  -7.5877268e-03
   7.4560000e+03   5.5138477e-01   2.0203188e-03
   7.4720000e+03   5.5041227e-01   3.5925788e-03
   7.4880000e+03   5.5451726e-01  -1.0508426e-03
   7.5040000e+03   5.4829916e-01  -4.2729634e-03
   7.5200000e+03   5.4201039e-01   7.8172951e-03
   7.5360000e+03   5.5416306e-01   7.9156660e-03
   7.5520000e+03   5.5335953e-01  -1.9926500e-03
   7.5680000e+03   5.4581502e-01   3.8177845e-03
   7.5840000e+03   5.4398088e-01  -9.0991028e-03
   7.6000000e+03   5.5083008e-01  -1.4171378e-02
   7.6160000e+03   5.3945906e-01   3.8401207e-03
   7.6320000e+03   5.5093724e-01  -1.0357686e-02
   7.6480000e+03   5.5309906e-01  -1.2749027e-02
   7.6640000e+03   5.4532346e-01   2.9295557e-03
   7.6800000e+03   5.4743857e-01  -3.6063370e-03
   7.6960000e+03   5.5307923e-01  -7.4672681e-03
   7.7120000e+03   5.4975432e-01   3.5092749e-03
   7.7280000e+03   5.5827516e-01   3.9258570e-03
   7.7440000e+03   5.4384728e-01   2.5879055e-03
   7.7600000e+03   5.4204507e-01  -1.8151208e-03
   7.7760000e+03   5.3207960e-01   1.2000964e-03
   7.7920000e+03   5.4470897e-01  -9.1064404e-03
   7.8080000e+03   5.3919782e-01   6.3265538e-03
   7.8240000e+03   5.4899502e-01  -5.0886025e-04
   7.8400000e+03   5.4104610e-01  -2.6458045e-03
   7.8560000e+03   5.4270627e-01   6.1783633e-04
   7.8720000e+03   5.4533219e-01   3.2346669e-03
   7.8880000e+03   5.4456739e-01  -1.0709531e-03
   7.9040000e+03   5.4603182e-01  -2.6740912e-03
   7.9200000e+03   5.4659722e-01   2.9982373e-03
   7.9360000e+03   5.4179124e-01  -4.8536180e-03
   7.9520000e+03   5.4194311e-01  -7.0878357e-04
   7.9680000e+03   5.3290985e-01  -4.5574649e-03
   7.9840000e+03   5.4898257e-01   1.2198963e-03
   8.0000000e+03   5.3607338e-01  -4.5247011e-03
   8.0160000e+03   5.3704972e-01   3.3254908e-03
   8.0320000e+03   5.4066598e-01   2.4559356e-03
   8.0480000e+03   5.4290376e-01   6.5512168e-03
   8.0640000e+03   5.3904498e-01  -7.7028203e-04
   8.0800000e+03   5.4231208e-01   1.0611731e-03
   8.0960000e+03   5.3910802e-01   1.8026495e-03
   8.1120000e+03   5.3763513e-01  -1.6132977e-03
   8.1280000e+03   5.3752173e-01   4.1772326e-03
   8.1440000e+03   5.4127532e-01  -5.2764861e-03
   8.1600000e+03   5.3890481e-01   5.4803016e-03
   8.1760000e+03   5.4455483e-01   6.4539754e-04
   8.1920000e+03   5.3167781e-01   1.4382270e-03
   8.2080000e+03   5.3598631e-01   2.9090334e-03
   8.2240000e+03   5.3325446e-01  -3.5978192e-03
   8.2400000e+03   5.2713471e-01   4.9818936e-03
   8.2560000e+03   5.2909245e-01  -3.5152550e-03
   8.2720000e+03   5.3857088e-01   1.0688415e-02
   8.2880000e+03   5.3845083e-01   1.3722319e-03
   8.3040000e+03   5.3391904e-01   1.0984447e-03
   8.3200000e+03   5.3633294e-01  -4.0574390e-03
   8.3360000e+03   5.3760432e-01  -4.9396926e-03
   8.3520000e+03   5.3421381e-01  -6.4239033e-03
   8.3680000e+03   5.3492178e-01   7.9352972e-03
   8.3840000e+03   5.3214472e-01  -1.3299140e-02
   8.4000000e+03   5.4144614e-01  -4.5319416e-03
   8.4160000e+03   5.4098000e-01  -2.4568172e-03
   8.4320000e+03   5.2514361e-01   3.3538911e-03
   8.4480000e+03   5.3090323e-01   1.1844744e-03
   8.4640000e+03   5.3357105e-01   1.8201437e-03
   8.4800000e+03   5.3601726e-01  -5.0757784e-03
   8.4960000e+03   5.2071286e-01   1.6607122e-03
   8.5120000e+03   5.4141047e-01  -1.3195513e-02
   8.5280000e+03   5.3251664e-01   4.9512273e-03
   8.5440000e+03   5.3394868e-01   1.8549988e-03
   8.5600000e+03   5.2908561e-01  -1.5804434e-03
   8.5760000e+03   5.2923364e-01  -8.4365873e-03
   8.5920000e+03   5.2288131e-01  -6.4057314e-03
   8.6080000e+03   5.2851605e-01   1.2882339e-03
   8.6240000e+03   5.2392132e-01   3.3922198e-03
   8.6400000e+03   5.3298055e-01   4.2748428e-03
   8.6560000e+03   5.2521183e-01  -1.3676667e-04
   8.6720000e+03   5.2761801e-01   5.2481791e-03
   8.6880000e+03   5.2805711e-01   9.6860418e-03
   8.7040000e+03   5.2239321e-01   7.4277402e-03
   8.7200000e+03   5.3189598e-01  -3.7343468e-03
   8.7360000e+03   5.2591082e-01  -4.6123770e-04
   8.7520000e+03   5.2804765e-01  -2.7246330e-03
   8.7680000e+03   5.2350596e-01   1.3348238e-03
   8.7840000e+03   5.3387332e-01  -1.1959170e-02
   8.8000000e+03   5.3367969e-01   3.4063643e-03
   8.8160000e+03   5.3120027e-01  -1.2184952e-02
   8.8320000e+03   5.1638433e-01   1.2719539e-03
   8.8480000e+03   5.3862835e-01  -5.2403412e-03
   8.8640000e+03   5.2690141e-01  -2.8916363e-03
   8.8800000e+03   5.2699080e-01  -5.1397524e-03
   8.8960000e+03   5.2093185e-01   8.2691128e-04
   8.9120000e+03   5.1123008e-01   4.5716241e-05
   8.9280000e+03   5.2116273e-01  -1.2708262e-02
   8.9440000e+03   5.2203220e-01  -3.1702270e-03
   8.9600000e+03   5.1425390e-01  -5.7066533e-03
   8.9760000e+03   5.2215822e-01  -1.6241189e-03
   8.9920000e+03   5.2393783e-01   1.4493122e-02
   9.0080000e+03   5.1882540e-01   1.1029936e-03
   9.0240000e+03   5.2039095e-01   1.0284087e-02
   9.0400000e+03   5.2353612e-01   8.4275887e-03
   9.0560000e+03   5.1672628e-01   1.5310332e-03
   9.0720000e+03   5.1793683e-01  -5.1666801e-03
   9.0880000e+03   5.1404367e-01  -1.6641697e-03
   9.1040000e+03   5.1257603e-01   3.6975959e-03
   9.1200000e+03   5.2152089e-01  -1.5584301e-02
   9.1360000e+03   5.0598236e-01  -7.8349716e-03
   9.1520000e+03   5.1917122e-01  -8.0131200e-04
   9.1680000e+03   5.0952369e-01  -4.9557717e-03
   9.1840000e+03   5.1375633e-01   2.9529194e-04
   9.2000000e+03   5.1657374e-01   8.3681161e-03
   9.2160000e+03   5.2358395e-01  -3.6082109e-03
   9.2320000e+03   5.1542520e-01   6.9126883e-03
   9.2480000e+03   5.2211944e-01   1.6504693e-02
   9.2640000e+03   5.2397704e-01   2.3281683e-03
   9.2800000e+03   5.1092608e-01  -1.0561942e-02
   9.2960000e+03   5.1542691e-01   3.4051730e-03
   9.3120000e+03   5.2083049e-01  -8.8746601e-04
   9.3280000e+03   5.0907249e-01   1.0575354e-03
   9.3440000e+03   5.2128396e-01   6.3479295e-03
   9.3600000e+03   5.1126727e-01   1.0358585e-02
   9.3760000e+03   5.0251823e-01  -1.6852479e-03
   9.3920000e+03   5.1339021e-01  -2.5985686e-03
   9.4080000e+03   5.0174980e-01  -1.5717296e-02
   9.4240000e+03   5.1685150e-01  -8.1858862e-03
   9.4400000e+03   5.1272575e-01   6.4982433e-03
   9.4560000e+03   5.0807374e-01  -4.2100089e-03
   9.4720000e+03   5.0125591e-01   6.3879844e-03
   9.4880000e+03   5.1279894e-01   9.3507385e-03
   9.5040000e+03   5.1252881e-01   1.0139680e-02
   9.5200000e+03   5.0909345e-01  -3.2873689e-03
   9.5360000e+03   5.2189451e-01  -1.4929646e-02
   9.5520000e+03   5.0486265e-01  -6.2307714e-03
   9.5680000e+03   5.0995633e-01   1.0126924e-02
   9.5840000e+03   5.0380929e-01   1.7653754e-04
   9.6000000e+03   4.9456032e-01  -4.7906213e-04
   9.6160000e+03   5.0228220e-01  -9.1156265e-03
   9.6320000e+03   4.9713332e-01  -1.4279237e-03
   9.6480000e+03   5.0557894e-01  -8.2100984e-04
   9.6640000e+03   5.0211337e-01   5.7451709e-03
   9.6800000e+03   5.0545961e-01   3.1559858e-03
   9.6960000e+03   5.0797960e-01   4.3398918e-03
   9.7120000e+03   5.0179353e-01  -2.4717106e-03
   9.7280000e+03   4.9133945e-01  -1.7661675e-03
   9.7440000e+03   5.0890693e-01   6.5017945e-03
   9.7600000e+03   5.0115383e-01   1.0064311e-02
   9.7760000e+03   4.8812050e-01  -2.3703355e-03
   9.7920000e+03   4.9078477e-01  -8.5082007e-03
   9.8080000e+03   4.9309341e-01   7.0359021e-03
   9.8240000e+03   5.0133390e-01  -4.0153748e-03
   9.8400000e+03   5.0495203e-01  -6.6262124e-03
   9.8560000e+03   5.0856760e-01   6.3965956e-04
   9.8720000e+03   4.9537901e-01  -2.5791448e-03
   9.8880000e+03   5.0623440e-01   1.0144250e-02
   9.9040000e+03   4.9619316e-01  -7.1707937e-03
   9.9200000e+03   5.0375546e-01   3.4608092e-03
   9.9360000e+03   4.9386837e-01  -4.8495366e-03
   9.9520000e+03   5.0390021e-01  -4.9963903e-03
   9.9680000e+03   4.9167935e-01  -2.6841300e-03
   9.9840000e+03   5.0179299e-01   7.4574960e-03
   1.0000000e+04   4.9339559e-01  -4.2371410e-03
   1.0016000e+04   5.0351361e-01   6.7998365e-04
   1.0032000e+04   5.0114240e-01   1.8716939e-03
   1.0048000e+04   5.0802674e-01   3.2164689e-03
   1.0064000e+04   5.0485317e-01  -1.0465513e-02
   1.0080000e+04   4.9586023e-01  -1.0738786e-06
   1.0096000e+04   5.0059581e-01  -1.5046313e-04
   1.0112000e+04   5.0166365e-01   1.6934388e-03
   1.0128000e+04   4.9241499e-01  -7.7687852e-03
   1.0144000e+04   4.9320194e-01   3.7170981e-03
   1.0160000e+04   4.9415117e-01  -3.7189912e-03
   1.0176000e+04   4.8399853e-01  -2.6842256e-04
   1.0192000e+04   4.9725679e-01   1.1579556e-03
   1.0208000e+04   4.8849102e-01  -1.0790744e-02
   1.0224000e+04   4.9480520e-01   6.8802796e-04
   1.0240000e+04   4.8554380e-01  -2.8097433e-03
   1.0256000e+04   4.8760564e-01   2.6828334e-03
   1.0272000e+04   4.9554867e-01   4.8618133e-03
   1.0288000e+04   4.9430568e-01   6.8810199e-03
   1.0304000e+04   4.8434417e-01   4.8026395e-03
   1.0320000e+04   4.8724796e-01   1.6783523e-03
   1.0336000e+04   4.9478841e-01  -2.1124050e-03
   1.0352000e+04   4.8922283e-01  -1.0122805e-02
   1.0368000e+04   4.8073410e-01   1.1955624e-02
   1.0384000e+04   4.8823908e-01  -1.0975354e-03
   1.0400000e+04   4.8691007e-01  -4.0114539e-03
   1.0416000e+04   4.9589926e-01   6.7053765e-04
   1.0432000e+04   4.8408206e-01   7.8653154e-04
   1.0448000e+04   4.7628969e-01   1.3837698e-02
   1.0464000e+04   4.9608622e-01   3.9697220e-03
   1.0480000e+04   4.8599941e-01   1.3502410e-03
   1.0496000e+04   4.9500439e-01   2.8859876e-03
   1.0512000e+04   4.8972797e-01   1.8423747e-03
   1.0528000e+04   4.8906362e-01   8.3703376e-03
   1.0544000e+04   4.7978269e-01   5.4278802e-03
   1.0560000e+04   4.7956690e-01   7.9894611e-03
   1.0576000e+04   4.7900171e-01  -3.5173765e-03
   1.0592000e+04   4.7666351e-01   1.7502907e-03
   1.0608000e+04   4.8909007e-01   7.6120390e-03
   1.0624000e+04   4.8748140e-01  -1.6543293e-02
   1.0640000e+04   4.8099489e-01   4.1187471e-03
   1.0656000e+04   4.8282835e-01   7.3396772e-03
   1.0672000e+04   4.8708820e-01  -1.7793204e-03
   1.0688000e+04   4.8143003e-01  -5.6360526e-03
   1.0704000e+04   4.8186331e-01  -5.5730563e-03
   1.0720000e+04   4.7595206e-01  -2.0414619e-03
   1.0736000e+04   4.8721671e-01   4.1646504e-03
   1.0752000e+04   4.7885275e-01  -6.2618954e-03
   1.0768000e+04   4.8593535e-01   3.4478864e-03
   1.0784000e+04   4.7944794e-01   1.1718426e-03
   1.0800000e+04   4.7290132e-01  -1.0169324e-02
   1.0816000e+04   4.8256515e-01   7.6025442e-03
   1.0832000e+04   4.6972915e-01  -4.1689409e-04
   1.0848000e+04   4.7502625e-01  -1.1696998e-03
   1.0864000e+04   4.8591806e-01   3.1530716e-03
   1.0880000e+04   4.8085524e-01  -8.0166302e-04
   1.0896000e+04   4.7170911e-01  -1.2112732e-03
   1.0912000e+04   4.7795828e-01  -9.4775281e-03
   1.0928000e+04   4.7143558e-01  -6.8911457e-03
   1.0944000e+04   4.8594971e-01   9.0383626e-03
   1.0960000e+04   4.6846976e-01   6.8147825e-04
   1.0976000e+04   4.7506225e-01   9.6870625e-03
   1.0992000e+04   4.7454801e-01   4.5396242e-03
   1.1008000e+04   4.7352299e-01   3.4305788e-04
   1.1024000e+04   4.7690071e-01  -1.2764659e-03
   1.1040000e+04   4.7148646e-01   1.0978457e-02
   1.1056000e+04   4.7976146e-01  -5.9620435e-03
   1.1072000e+04   4.6465614e-01   2.3902511e-03
   1.1088000e+04   4.7417411e-01  -4.2094439e-03
   1.1104000e+04   4.7482575e-01  -3.6384739e-03
   1.1120000e+04   4.7153562e-01   1.8959315e-03
   1.1136000e+04   4.7351341e-01  -8.9767175e-03
   1.1152000e+04   4.7325751e-01   7.1936288e-03
   1.1168000e+04   4.7344373e-01   1.6813009e-03
   1.1184000e+04   4.6829909e-01   2.5102865e-04
   1.1200000e+04   4.8069797e-01   1.7917408e-03
   1.1216000e+04   4.7189398e-01   3.1651783e-03
   1.1232000e+04   4.7502582e-01  -7.2724563e-03
   1.1248000e+04   4.7618172e-01  -1.6553297e-02
   1.1264000e+04   4.7684188e-01  -4.1141806e-03
   1.1280000e+04   4.7477233e-01   1.0342916e-03
   1.1296000e+04   4.7412013e-01   1.2100120e-03
   1.1312000e+04   4.7077761e-01   5.3879187e-03
   1.1328000e+04   4.7773969e-01  -4.5398069e-03
   1.1344000e+04   4.7014342e-01  -2.7095166e-04
   1.1360000e+04   4.7413663e-01   3.6202102e-03
   1.1376000e+04   4.7294265e-01   1.3380862e-03
   1.1392000e+04   4.6605810e-01   2.7627514e-03
   1.1408000e+04   4.7336616e-01   1.4359412e-03
   1.1424000e+04   4.6481913e-01   2.0094569e-03
   1.1440000e+04   4.6459041e-01  -4.1209212e-03
   1.1456000e+04   4.5780421e-01  -4.8862933e-03
   1.1472000e+04   4.7182283e-01   7.8879476e-03
   1.1488000e+04   4.8031916e-01  -7.1507795e-04
   1.1504000e+04   4.6828050e-01  -1.7066033e-03
   1.1520000e+04   4.6599574e-01  -1.0552458e-02
   1.1536000e+04   4.7316085e-01   4.4791307e-03
   1.1552000e+04   4.6886836e-01  -1.1127745e-03
   1.1568000e+04   4.6064448e-01  -4.2215296e-03
   1.1584000e+04   4.6678064e-01   1.6598472e-03
   1.1600000e+04   4.6520615e-01  -3.1062648e-03
   1.1616000e+04   4.6668492e-01   3.9922398e-03
   1.1632000e+04   4.7144705e-01  -1.3601221e-03
   1.1648000e+04   4.6735013e-01  -7.1167986e-03
   1.1664000e+04   4.6168311e-01  -1.2879841e-03
   1.1680000e+04   4.7381495e-01   5.9478932e-04
   1.1696000e+04   4.5998473e-01   1.1625926e-02
   1.1712000e+04   4.7377981e-01   1.6404023e-04
   1.1728000e+04   4.6160514e-01  -1.0611386e-02
   1.1744000e+04   4.6280018e-01   1.6852230e-03
   1.1760000e+04   4.6318353e-01  -2.8901729e-03
   1.1776000e+04   4.6731918e-01   7.5070900e-03
   1.1792000e+04   4.5423284e-01  -1.4457679e-02
   1.1808000e+04   4.6844337e-01  -6.0263976e-03
   1.1824000e+04   4.6502280e-01   2.2598908e-03
   1.1840000e+04   4.5846914e-01   6.4654128e-03
   1.1856000e+04   4.6722280e-01   2.2118250e-05
   1.1872000e+04   4.6627842e-01  -4.1412129e-03
   1.1888000e+04   4.5928857e-01   4.9240390e-03
   1.1904000e+04   4.5807469e-01  -1.1618751e-02
   1.1920000e+04   4.6412965e-01  -9.2205778e-03
   1.1936000e+04   4.5889873e-01   4.2786386e-03
   1.1952000e+04   4.5336202e-01   8.9334605e-03
   1.1968000e+04   4.6606912e-01   4.4613811e-03
   1.1984000e+04   4.5749518e-01   9.4885461e-03
   1.2000000e+04   4.5458144e-01   2.1160006e-03
   1.2016000e+04   4.4818936e-01   1.9066365e-05
   1.2032000e+04   4.5441991e-01   6.8023885e-04
   1.2048000e+04   4.5116257e-01  -1.2573428e-02
   1.2064000e+04   4.5637061e-01   8.5499395e-03
   1.2080000e+04   4.5932776e-01   4.3735836e-03
   1.2096000e+04   4.5512959e-01  -5.5411921e-03
   1.2112000e+04   4.6145322e-01  -4.5034279e-03
   1.2128000e+04   4.4828493e-01  -3.7448167e-03
   1.2144000e+04   4.4653895e-01   5.9754693e-03
   1.2160000e+04   4.5930365e-01  -1.7953579e-03
   1.2176000e+04   4.4948796e-01  -1.2210610e-03
   1.2192000e+04   4.4945470e-01   3.6002731e-03
   1.2208000e+04   4.6143766e-01   5.4348257e-05
   1.2224000e+04   4.5153401e-01  -1.0069072e-02
   1.2240000e+04   4.5441005e-01   9.9203986e-03
   1.2256000e+04   4.6678890e-01   4.3177477e-03
