   0.0000000e+00   9.0523171e-01  -4.8464711e-03
   8.0000000e+00   9.0877936e-01  -1.1061642e-02
   1.6000000e+01   9.1103334e-01  -6.1724521e-03
   2.4000000e+01   9.2101728e-01  -2.7450721e-03
   3.2000000e+01   9.1632057e-01  -2.0104459e-03
   4.0000000e+01   9.3176708e-01   1.1745551e-02
   4.8000000e+01   9.4814011e-01   2.4963003e-03
   5.6000000e+01   9.4753456e-01   2.7276779e-03
   6.4000000e+01   9.5139092e-01   4.1515084e-03
   7.2000000e+01   9.7038448e-01  -2.7446234e-03
   8.0000000e+01   9.8210676e-01  -3.2022692e-03
   8.8000000e+01   9.8302627e-01  -8.9257423e-03
   9.6000000e+01   1.0004648e+00  -1.1929268e-02
   1.0400000e+02   1.0067647e+00  -5.9438759e-03
   1.1200000e+02   9.9935415e-01   6.0917134e-03
   1.2000000e+02   9.9446668e-01   3.3191440e-03
   1.2800000e+02   9.8470086e-01   1.6537874e-02
   1.3600000e+02   9.6483256e-01  -1.4500612e-02
   1.4400000e+02   9.8117751e-01   1.1893988e-02
   1.5200000e+02   9.6587219e-01  -5.2204950e-03
   1.6000000e+02   9.5765084e-01  -2.9098043e-03
   1.6800000e+02   9.3293134e-01   7.3380368e-03
   1.7600000e+02   9.2989577e-01  -1.3832957e-02
   1.8400000e+02   9.1374695e-01   7.0295927e-03
   1.9200000e+02   9.2969521e-01  -2.0905405e-03
   2.0000000e+02   9.2912747e-01  -7.4676751e-04
   2.0800000e+02   9.0635564e-01   5.0084917e-03
   2.1600000e+02   9.2059004e-01   6.8100562e-03
   2.2400000e+02   9.1008794e-01  -2.0930483e-02
   2.3200000e+02   8.8746767e-01  -4.2949064e-03
   2.4000000e+02   8.7746562e-01  -5.5691662e-03
   2.4800000e+02   8.7923075e-01   9.7422377e-03
   2.5600000e+02   8.8482908e-01   5.0367682e-03
   2.6400000e+02   8.8864636e-01  -7.8081982e-03
   2.7200000e+02   8.6132053e-01   3.1274980e-03
   2.8000000e+02   8.5729660e-01  -1.2359979e-02
   2.8800000e+02   8.6316129e-01   8.4147230e-03
   2.9600000e+02   8.5808184e-01   5.6540324e-04
   3.0400000e+02   8.6454540e-01   9.5618793e-03
   3.1200000e+02   8.5509551e-01  -1.7197469e-02
   3.2000000e+02   8.3600495e-01   5.7995077e-03
   3.2800000e+02   8.3209650e-01  -5.3353195e-04
   3.3600000e+02   8.3410723e-01   1.0222299e-02
   3.4400000e+02   8.2237846e-01  -3.8692533e-03
   3.5200000e+02   8.1756449e-01   9.1753319e-03
   3.6000000e+02   8.3634550e-01  -8.7163610e-03
   3.6800000e+02   8.1910168e-01  -3.0148131e-03
   3.7600000e+02   8.1498582e-01  -1.8961939e-02
   3.8400000e+02   8.0572590e-01   9.9273629e-03
   3.9200000e+02   8.1663955e-01   7.1285605e-03
   4.0000000e+02   8.1243021e-01   1.5327205e-03
   4.0800000e+02   8.0796867e-01   3.8482864e-03
   4.1600000e+02   8.1901261e-01   2.9776224e-03
   4.2400000e+02   7.9016006e-01   2.1041528e-03
   4.3200000e+02   8.0457625e-01   1.2253902e-02
   4.4000000e+02   7.8871408e-01  -2.0973658e-03
   4.4800000e+02   7.9621242e-01   4.3120802e-03
   4.5600000e+02   7.8105046e-01   3.2717818e-03
   4.6400000e+02   7.8090367e-01   1.5602945e-03
   4.7200000e+02   7.8992716e-01  -6.0503724e-04
   4.8000000e+02   7.8099067e-01  -6.1375914e-03
   4.8800000e+02   7.7646077e-01   3.9541182e-03
   4.9600000e+02   7.9798269e-01  -9.1789514e-05
   5.0400000e+02   7.8329610e-01  -1.3770958e-03
   5.1200000e+02   7.7968239e-01  -4.1834303e-03
   5.2000000e+02   7.5261160e-01  -8.7501825e-04
   5.2800000e+02   7.8475571e-01  -7.9971040e-03
   5.3600000e+02   7.6946136e-01   4.8982604e-03
   5.4400000e+02   7.6616903e-01   1.0959408e-02
   5.5200000e+02   7.4467414e-01   1.4535616e-02
   5.6000000e+02   7.6944126e-01  -1.9864630e-04
   5.6800000e+02   7.6839255e-01  -1.3125824e-02
   5.7600000e+02   7.5863428e-01   2.5969880e-02
   5.8400000e+02   7.4175958e-01  -1.2347630e-02
   5.9200000e+02   7.4791585e-01  -4.3884033e-03
   6.0000000e+02   7.3205481e-01  -4.9305977e-03
   6.0800000e+02   7.5710579e-01   1.0717114e-02
   6.1600000e+02   7.3626408e-01   1.3953606e-02
   6.2400000e+02   7.4466402e-01  -8.7685294e-03
   6.3200000e+02   7.3121060e-01   1.2371088e-02
   6.4000000e+02   7.6357912e-01  -7.8902844e-03
   6.4800000e+02   7.3034924e-01  -6.3801786e-03
   6.5600000e+02   7.2993880e-01   1.2013537e-03
   6.6400000e+02   7.2259463e-01   1.8860267e-03
   6.7200000e+02   7.4997919e-01   1.3962156e-03
   6.8000000e+02   7.3750759e-01  -1.1213219e-03
   6.8800000e+02   7.2315529e-01   4.6841441e-03
   6.9600000e+02   7.3154838e-01  -5.2587732e-03
   7.0400000e+02   7.4816235e-01   6.1973810e-03
   7.1200000e+02   7.1338284e-01   1.4599595e-03
   7.2000000e+02   7.2163509e-01   5.4633854e-03
   7.2800000e+02   7.1911193e-01   6.2994937e-03
   7.3600000e+02   7.2117671e-01  -9.3982173e-03
   7.4400000e+02   7.2398896e-01   1.4136071e-02
   7.5200000e+02   7.0854477e-01   5.4806065e-03
   7.6000000e+02   7.2395118e-01   8.8953669e-03
   7.6800000e+02   7.2611081e-01  -6.2429593e-03
   7.7600000e+02   7.2475130e-01  -1.2565532e-02
   7.8400000e+02   6.9688161e-01  -7.0011974e-03
   7.9200000e+02   7.0472290e-01   1.4361367e-02
   8.0000000e+02   7.1143363e-01   7.3714823e-03
   8.0800000e+02   7.0324319e-01   7.4642894e-03
   8.1600000e+02   7.1073553e-01   1.0909541e-02
   8.2400000e+02   7.0394565e-01  -1.1699761e-02
   8.3200000e+02   6.9911884e-01  -7.0044323e-04
   8.4000000e+02   6.9417829e-01  -8.5485974e-05
   8.4800000e+02   7.1208557e-01   1.1520682e-02
   8.5600000e+02   6.9763562e-01   9.8054018e-03
   8.6400000e+02   6.9764016e-01   5.6849994e-03
   8.7200000e+02   7.0070337e-01   8.1993945e-03
   8.8000000e+02   7.1273400e-01   1.1429022e-02
   8.8800000e+02   6.9730907e-01  -2.3860565e-03
   8.9600000e+02   6.9658173e-01  -1.5591608e-02
   9.0400000e+02   6.9135311e-01  -9.3696410e-03
   9.1200000e+02   6.8848120e-01  -3.9818583e-04
   9.2000000e+02   6.9133179e-01   3.0002809e-03
   9.2800000e+02   7.0557051e-01  -9.6041013e-03
   9.3600000e+02   6.9231961e-01   2.4263424e-04
   9.4400000e+02   6.8293277e-01  -1.3297981e-03
   9.5200000e+02   6.9161979e-01  -1.1682254e-05
   9.6000000e+02   6.8438460e-01  -1.9899996e-02
   9.6800000e+02   6.6198400e-01   4.0892806e-03
   9.7600000e+02   6.8528176e-01   9.7837801e-04
   9.8400000e+02   7.0402842e-01   1.3214704e-03
   9.9200000e+02   6.7225639e-01  -4.5410328e-03
   1.0000000e+03   6.7409350e-01  -1.4540886e-02
   1.0080000e+03   6.8294996e-01   2.4663358e-02
   1.0160000e+03   6.8335101e-01   1.1584855e-03
   1.0240000e+03   6.8059611e-01  -1.5337182e-03
   1.0320000e+03   6.8426549e-01   7.6431464e-03
   1.0400000e+03   6.9715211e-01  -1.5777353e-02
   1.0480000e+03   6.6583119e-01   5.6897856e-03
   1.0560000e+03   6.9019439e-01  -1.0742871e-03
   1.0640000e+03   6.7193203e-01  -1.9912682e-03
   1.0720000e+03   6.7176234e-01  -2.7665008e-03
   1.0800000e+03   6.7400593e-01  -3.7832231e-03
   1.0880000e+03   6.5754616e-01  -1.0803445e-03
   1.0960000e+03   6.7695011e-01   5.5156185e-03
   1.1040000e+03   6.6447457e-01   6.4200770e-03
   1.1120000e+03   6.7450813e-01   3.1669633e-02
   1.1200000e+03   6.5602859e-01   1.6899292e-03
   1.1280000e+03   6.7391855e-01   8.3363512e-03
   1.1360000e+03   6.7612926e-01  -2.4771174e-03
   1.1440000e+03   6.5749391e-01   1.4369592e-02
   1.1520000e+03   6.6621777e-01   7.7889425e-03
   1.1600000e+03   6.6837630e-01  -3.0266779e-03
   1.1680000e+03   6.7102107e-01   8.0093095e-03
   1.1760000e+03   6.5527333e-01  -3.5046063e-03
   1.1840000e+03   6.4726135e-01   9.7252498e-03
   1.1920000e+03   6.6677454e-01   4.0682720e-03
   1.2000000e+03   6.5490822e-01  -1.0427497e-03
   1.2080000e+03   6.6080277e-01   3.7947564e-03
   1.2160000e+03   6.5774040e-01  -8.6913063e-03
   1.2240000e+03   6.4492644e-01  -6.2063408e-03
   1.2320000e+03   6.4376505e-01   1.1068864e-03
   1.2400000e+03   6.6067601e-01  -2.3673538e-03
   1.2480000e+03   6.6186378e-01   8.9380841e-03
   1.2560000e+03   6.6531084e-01   1.9229983e-02
   1.2640000e+03   6.5105894e-01   1.1376835e-02
   1.2720000e+03   6.5973069e-01   5.9803746e-03
   1.2800000e+03   6.5630782e-01  -6.8969305e-03
   1.2880000e+03   6.4971448e-01  -1.1086379e-03
   1.2960000e+03   6.4109779e-01  -7.7567099e-03
   1.3040000e+03   6.5354535e-01   1.4656257e-02
   1.3120000e+03   6.4795930e-01  -1.2274254e-02
   1.3200000e+03   6.4521388e-01  -1.4216705e-02
   1.3280000e+03   6.3266872e-01   1.1717008e-02
   1.3360000e+03   6.6567907e-01  -2.2559632e-03
   1.3440000e+03   6.5013736e-01   1.2839473e-04
   1.3520000e+03   6.5631888e-01   1.6516658e-02
   1.3600000e+03   6.5970359e-01  -3.7207205e-03
   1.3680000e+03   6.4243911e-01  -3.1320978e-03
   1.3760000e+03   6.4525377e-01  -3.6577239e-03
   1.3840000e+03   6.4853686e-01  -7.9731135e-03
   1.3920000e+03   6.3527927e-01  -2.3867603e-03
   1.4000000e+03   6.4246743e-01  -1.1977369e-02
   1.4080000e+03   6.3923056e-01  -5.4679316e-03
   1.4160000e+03   6.6085627e-01   5.8106065e-03
   1.4240000e+03   6.4174401e-01   4.2683942e-03
   1.4320000e+03   6.5959965e-01  -3.8579162e-04
   1.4400000e+03   6.5087451e-01   7.7659786e-03
   1.4480000e+03   6.3361711e-01  -3.0102132e-03
   1.4560000e+03   6.3353403e-01   1.5140703e-02
   1.4640000e+03   6.2852637e-01  -2.0835180e-02
   1.4720000e+03   6.4153326e-01   3.6980892e-03
   1.4800000e+03   6.4573457e-01   2.9027283e-04
   1.4880000e+03   6.4439723e-01   8.8502881e-03
   1.4960000e+03   6.3814339e-01   1.6280276e-03
   1.5040000e+03   6.4192255e-01   2.7054644e-03
   1.5120000e+03   6.2898783e-01  -9.9096379e-03
   1.5200000e+03   6.4534626e-01  -6.5811936e-03
   1.5280000e+03   6.4093410e-01  -8.4628191e-03
   1.5360000e+03   6.2692007e-01  -3.5003049e-03
   1.5440000e+03   6.3674480e-01  -3.7903385e-03
   1.5520000e+03   6.2475440e-01  -4.6300719e-03
   1.5600000e+03   6.2811891e-01   5.9364331e-03
   1.5680000e+03   6.2815035e-01   9.3024192e-04
   1.5760000e+03   6.2646931e-01  -1.0513102e-02
   1.5840000e+03   6.2523622e-01  -1.1391856e-02
   1.5920000e+03   6.2690674e-01   4.3017325e-03
   1.6000000e+03   6.3716556e-01  -1.3853509e-02
   1.6080000e+03   6.3645534e-01   2.1106959e-02
   1.6160000e+03   6.3267853e-01   2.3063633e-03
   1.6240000e+03   6.2239089e-01  -8.1363780e-03
   1.6320000e+03   6.1993903e-01  -2.8228935e-03
   1.6400000e+03   6.1596851e-01   9.4112388e-03
   1.6480000e+03   6.3609866e-01   7.7094577e-03
   1.6560000e+03   6.3160582e-01  -3.9334693e-03
   1.6640000e+03   6.2488917e-01  -4.3407089e-03
   1.6720000e+03   6.3209238e-01  -5.8189091e-03
   1.6800000e+03   6.3881353e-01  -1.3786222e-03
   1.6880000e+03   6.2119538e-01   8.3732791e-03
   1.6960000e+03   6.1417247e-01   8.9605718e-03
   1.7040000e+03   6.4009033e-01   1.5897309e-02
   1.7120000e+03   6.2487002e-01   3.8130802e-03
   1.7200000e+03   6.2899765e-01   1.5886501e-02
   1.7280000e+03   6.3177540e-01  -4.5381296e-03
   1.7360000e+03   6.1188316e-01  -6.2920090e-03
   1.7440000e+03   6.1842364e-01   2.0119075e-03
   1.7520000e+03   6.4781427e-01  -1.7916316e-02
   1.7600000e+03   6.2128728e-01  -1.2267068e-02
   1.7680000e+03   6.3291251e-01  -6.0120422e-03
   1.7760000e+03   6.1305081e-01   3.5586774e-03
   1.7840000e+03   6.1753598e-01  -1.2784039e-02
   1.7920000e+03   6.2204963e-01  -1.0103277e-02
   1.8000000e+03   6.2870807e-01  -1.2227413e-02
   1.8080000e+03   6.1386817e-01  -1.6494914e-02
   1.8160000e+03   6.2987188e-01   2.6501877e-03
   1.8240000e+03   6.2921547e-01   8.4939829e-03
   1.8320000e+03   6.1976598e-01   1.0490391e-02
   1.8400000e+03   6.0924720e-01   1.9075687e-02
   1.8480000e+03   6.1872009e-01  -7.8149179e-04
   1.8560000e+03   6.3630445e-01   1.9115263e-03
   1.8640000e+03   6.1196872e-01   3.1980770e-03
   1.8720000e+03   6.0186004e-01   1.2745258e-02
   1.8800000e+03   6.1563581e-01  -8.1966040e-03
   1.8880000e+03   6.0052565e-01  -2.2979571e-03
   1.8960000e+03   6.1581970e-01   7.8319031e-03
   1.9040000e+03   6.2776886e-01   8.0419782e-03
   1.9120000e+03   6.2446941e-01  -5.2238784e-03
   1.9200000e+03   6.2677811e-01  -1.8079802e-03
   1.9280000e+03   6.1636287e-01  -4.8472220e-03
   1.9360000e+03   6.1388197e-01   9.3535308e-03
   1.9440000e+03   6.0598971e-01  -1.4777774e-02
   1.9520000e+03   6.0531870e-01  -4.9570315e-03
   1.9600000e+03   6.1257142e-01   1.2451449e-02
   1.9680000e+03   6.1018285e-01   1.7010191e-03
   1.9760000e+03   6.1874898e-01  -4.6810562e-03
   1.9840000e+03   6.1827626e-01   2.1792540e-03
   1.9920000e+03   6.0457852e-01  -1.8451796e-02
   2.0000000e+03   6.0615315e-01  -9.0833661e-03
   2.0080000e+03   6.1118954e-01  -3.6272052e-04
   2.0160000e+03   6.1432548e-01  -3.2483249e-03
   2.0240000e+03   5.9759649e-01   7.4340071e-03
   2.0320000e+03   6.0704043e-01   2.3630903e-03
   2.0400000e+03   6.0761046e-01   7.4680876e-03
   2.0480000e+03   6.1169731e-01  -2.2990961e-03
   2.0560000e+03   6.1857196e-01  -3.9887920e-03
   2.0640000e+03   6.1035420e-01   1.2691148e-02
   2.0720000e+03   5.9857741e-01  -4.0821609e-03
   2.0800000e+03   6.1853360e-01   7.1270436e-03
   2.0880000e+03   6.1907675e-01  -3.3232180e-03
   2.0960000e+03   6.0177483e-01  -1.0736759e-02
   2.1040000e+03   6.0250929e-01  -1.2594364e-02
   2.1120000e+03   5.9286669e-01  -1.0146028e-02
   2.1200000e+03   5.9141068e-01   1.4448255e-02
   2.1280000e+03   5.9707264e-01   9.4517731e-03
   2.1360000e+03   6.1728625e-01  -1.0597315e-02
   2.1440000e+03   5.9956061e-01   5.8771358e-03
   2.1520000e+03   5.9822974e-01   1.1261081e-02
   2.1600000e+03   6.0869810e-01   2.2586969e-03
   2.1680000e+03   6.0064797e-01  -3.7967992e-03
   2.1760000e+03   5.9916837e-01  -4.8642298e-03
   2.1840000e+03   6.0693871e-01  -4.9431109e-03
   2.1920000e+03   6.0721471e-01   9.9010385e-03
   2.2000000e+03   6.0781526e-01   2.0983589e-02
   2.2080000e+03   6.0108674e-01   1.1293481e-02
   2.2160000e+03   5.9533731e-01  -6.4611741e-03
   2.2240000e+03   5.9901068e-01  -8.3976723e-04
   2.2320000e+03   6.0120070e-01  -6.4815986e-03
   2.2400000e+03   5.9680876e-01  -4.2594321e-04
   2.2480000e+03   6.0229071e-01   9.4709063e-03
   2.2560000e+03   5.9833878e-01  -1.1695040e-03
   2.2640000e+03   5.8946227e-01  -1.4650082e-02
   2.2720000e+03   5.9607848e-01  -1.8091149e-02
   2.2800000e+03   6.1740602e-01   1.1192234e-02
   2.2880000e+03   5.9272514e-01   2.5502803e-03
   2.2960000e+03   6.0039647e-01  -1.8395860e-03
   2.3040000e+03   5.9160148e-01  -2.7960319e-03
   2.3120000e+03   5.8201577e-01  -8.5679171e-03
   2.3200000e+03   5.9205294e-01  -3.0529849e-03
   2.3280000e+03   5.9608597e-01  -1.3542878e-03
   2.3360000e+03   5.8427740e-01   5.3683541e-04
   2.3440000e+03   6.0133168e-01  -1.1047044e-02
   2.3520000e+03   6.1074202e-01   1.0968595e-03
   2.3600000e+03   5.9846216e-01  -6.5125411e-04
   2.3680000e+03   5.9331367e-01  -9.5388186e-03
   2.3760000e+03   5.9344917e-01  -9.9749460e-03
   2.3840000e+03   5.8701037e-01  -3.1227865e-04
   2.3920000e+03   5.8984146e-01   4.6139997e-03
   2.4000000e+03   6.0080940e-01  -6.2914640e-03
   2.4080000e+03   5.8390806e-01  -8.2080848e-03
   2.4160000e+03   5.9030038e-01  -4.1887004e-03
   2.4240000e+03   5.8933895e-01   3.7885867e-03
   2.4320000e+03   6.0468238e-01  -3.0995913e-03
   2.4400000e+03   5.9671826e-01  -1.5312178e-02
   2.4480000e+03   5.9185112e-01   2.2227763e-04
   2.4560000e+03   5.8533944e-01   7.9645433e-03
   2.4640000e+03   5.8273314e-01  -1.1055213e-03
   2.4720000e+03   5.8577175e-01   7.8701267e-04
   2.4800000e+03   5.7634513e-01   6.5428893e-03
   2.4880000e+03   5.8270954e-01   1.4214254e-02
   2.4960000e+03   6.0026905e-01   8.9736214e-03
   2.5040000e+03   5.8705151e-01  -3.3195828e-03
   2.5120000e+03   5.9424168e-01  -1.4557544e-04
   2.5200000e+03   5.8516930e-01  -8.2815682e-03
   2.5280000e+03   5.8444097e-01   5.8891544e-03
   2.5360000e+03   5.9648618e-01   7.9945884e-03
   2.5440000e+03   6.0359372e-01  -7.9977354e-03
   2.5520000e+03   5.6866978e-01  -1.5144246e-03
   2.5600000e+03   5.7518294e-01   7.8382805e-03
   2.5680000e+03   5.9541810e-01  -1.6200899e-03
   2.5760000e+03   5.6921809e-01   2.7022800e-03
   2.5840000e+03   5.9312114e-01   4.5592394e-03
   2.5920000e+03   5.9535806e-01   1.4201902e-02
   2.6000000e+03   5.7748817e-01  -1.9854381e-02
   2.6080000e+03   5.7170540e-01   3.9739037e-03
   2.6160000e+03   5.6931448e-01   2.2606846e-03
   2.6240000e+03   5.9114729e-01  -1.0056447e-02
   2.6320000e+03   5.8825273e-01  -1.4481130e-03
   2.6400000e+03   5.8805033e-01  -1.9453895e-04
   2.6480000e+03   5.7564437e-01   1.9052249e-02
   2.6560000e+03   5.6435781e-01  -5.3332670e-03
   2.6640000e+03   5.8233028e-01   7.4950696e-03
   2.6720000e+03   5.8099084e-01   2.2709491e-02
   2.6800000e+03   5.8689199e-01   4.4914124e-03
   2.6880000e+03   5.7927593e-01   1.3000068e-02
   2.6960000e+03   5.7434494e-01  -1.3888979e-02
   2.7040000e+03   5.6161563e-01  -6.9857317e-03
   2.7120000e+03   6.0111436e-01   9.0990051e-04
   2.7200000e+03   5.8979267e-01  -3.9009642e-03
   2.7280000e+03   5.7059859e-01   1.2729312e-03
   2.7360000e+03   5.8570833e-01  -3.7742888e-03
   2.7440000e+03   5.8035267e-01  -4.8117397e-03
   2.7520000e+03   5.7706124e-01  -3.6144299e-03
   2.7600000e+03   5.6714655e-01   1.4529270e-02
   2.7680000e+03   5.5697809e-01   5.8887636e-03
   2.7760000e+03   5.7250232e-01  -5.2558161e-03
   2.7840000e+03   5.7997244e-01   2.0395228e-02
   2.7920000e+03   5.8333149e-01   7.4292640e-03
   2.8000000e+03   5.7529644e-01  -1.4997587e-02
   2.8080000e+03   5.7364978e-01   1.2756750e-03
   2.8160000e+03   5.8251878e-01   1.4481235e-02
   2.8240000e+03   5.8237630e-01  -2.1215623e-03
   2.8320000e+03   5.7444111e-01   1.3882399e-03
   2.8400000e+03   5.9032780e-01   6.4950564e-04
   2.8480000e+03   5.8578580e-01  -1.6152085e-02
   2.8560000e+03   5.8153421e-01   7.8784402e-03
   2.8640000e+03   5.7084037e-01   4.8524241e-03
   2.8720000e+03   5.8477542e-01   3.9806805e-03
   2.8800000e+03   5.8740523e-01  -9.8591236e-04
   2.8880000e+03   5.8790589e-01  -1.5273502e-02
   2.8960000e+03   5.6854193e-01   3.7234368e-04
   2.9040000e+03   5.7129293e-01  -1.4382335e-03
   2.9120000e+03   5.6106778e-01  -5.6904248e-03
   2.9200000e+03   5.7758980e-01  -1.7962837e-03
   2.9280000e+03   5.9293199e-01   4.7139864e-03
   2.9360000e+03   5.6753205e-01  -1.1744270e-03
   2.9440000e+03   5.8420441e-01  -1.3328148e-03
   2.9520000e+03   5.7772069e-01   1.7056390e-03
   2.9600000e+03   5.6089603e-01  -1.0905456e-03
   2.9680000e+03   5.7598847e-01   1.4604901e-02
   2.9760000e+03   5.7421228e-01  -1.4875314e-03
   2.9840000e+03   5.5430320e-01   2.6770343e-03
   2.9920000e+03   5.6616464e-01   2.7151868e-03
   3.0000000e+03   5.5300984e-01  -2.2471416e-03
   3.0080000e+03   5.7896489e-01   6.7807612e-03
   3.0160000e+03   5.6304411e-01   3.9125222e-03
   3.0240000e+03   5.6620712e-01   2.0537150e-02
   3.0320000e+03   5.5216676e-01   6.0675106e-03
   3.0400000e+03   5.7087640e-01   4.2290740e-03
   3.0480000e+03   5.7162655e-01  -8.6712810e-04
   3.0560000e+03   5.6186894e-01   2.4006020e-03
   3.0640000e+03   5.6657036e-01   8.2545358e-03
   3.0720000e+03   5.5990185e-01  -5.3576181e-03
   3.0800000e+03   5.4343921e-01   5.0751607e-03
   3.0880000e+03   5.8269850e-01  -1.2411104e-02
   3.0960000e+03   5.4972370e-01   9.3162215e-03
   3.1040000e+03   5.7573182e-01   2.8946235e-03
   3.1120000e+03   5.7686207e-01   2.5052373e-04
   3.1200000e+03   5.7226677e-01   2.3268693e-03
   3.1280000e+03   5.5549001e-01  -4.0922959e-03
   3.1360000e+03   5.7803390e-01   1.2942599e-02
   3.1440000e+03   5.8673588e-01  -1.9423010e-02
   3.1520000e+03   5.5684002e-01  -1.4546057e-02
   3.1600000e+03   5.5913776e-01   6.4841183e-03
   3.1680000e+03   5.5576577e-01   2.0292442e-03
   3.1760000e+03   5.6541614e-01   3.7677221e-03
   3.1840000e+03   5.6175764e-01   1.2723055e-02
   3.1920000e+03   5.5196777e-01   1.8032138e-02
   3.2000000e+03   5.7458647e-01  -4.4452882e-03
   3.2080000e+03   5.6668373e-01   1.0075073e-02
   3.2160000e+03   5.7342389e-01  -2.4115362e-03
   3.2240000e+03   5.5373162e-01   4.5744544e-03
   3.2320000e+03   5.5183535e-01   1.1722976e-02
   3.2400000e+03   5.5946515e-01   1.1091970e-02
   3.2480000e+03   5.6483820e-01   4.4000619e-03
   3.2560000e+03   5.7418588e-01  -1.7862261e-02
   3.2640000e+03   5.6518074e-01   1.9372246e-03
   3.2720000e+03   5.6940472e-01   1.6747493e-02
   3.2800000e+03   5.7350576e-01   1.2100462e-02
   3.2880000e+03   5.6260522e-01  -3.6008580e-03
   3.2960000e+03   5.5479853e-01  -9.9114831e-03
   3.3040000e+03   5.6129849e-01  -5.2862723e-03
   3.3120000e+03   5.5393739e-01  -7.1490235e-03
   3.3200000e+03   5.6502158e-01  -7.5259609e-03
   3.3280000e+03   5.5537842e-01   1.6987394e-02
   3.3360000e+03   5.6553640e-01  -9.2714457e-03
   3.3440000e+03   5.5565141e-01  -2.4502190e-03
   3.3520000e+03   5.5889830e-01  -7.0628660e-03
   3.3600000e+03   5.6837350e-01  -1.3871647e-02
   3.3680000e+03   5.6348149e-01  -1.5048560e-02
   3.3760000e+03   5.5091226e-01  -1.5191239e-02
   3.3840000e+03   5.5109790e-01   1.2253237e-02
   3.3920000e+03   5.4665006e-01   1.9260840e-04
   3.4000000e+03   5.5041437e-01  -1.6970513e-02
   3.4080000e+03   5.6620713e-01   7.5964130e-03
   3.4160000e+03   5.6403489e-01   7.6161927e-03
   3.4240000e+03   5.6765229e-01   1.9390440e-03
   3.4320000e+03   5.6111689e-01  -6.5856751e-03
   3.4400000e+03   5.5396460e-01  -1.0875353e-03
   3.4480000e+03   5.6806936e-01  -3.6564648e-03
   3.4560000e+03   5.6115353e-01   2.1781372e-02
   3.4640000e+03   5.5005646e-01   1.4627262e-04
   3.4720000e+03   5.3835225e-01   5.6852628e-03
   3.4800000e+03   5.5227687e-01   4.8478748e-03
   3.4880000e+03   5.5290991e-01  -1.1042143e-02
   3.4960000e+03   5.5708265e-01   1.2638867e-02
   3.5040000e+03   5.5637291e-01   1.6853102e-02
   3.5120000e+03   5.4972119e-01   8.6695826e-03
   3.5200000e+03   5.5126878e-01   1.2464754e-02
   3.5280000e+03   5.5402192e-01  -1.0773282e-03
   3.5360000e+03   5.5417400e-01   9.6358811e-03
   3.5440000e+03   5.5097834e-01   1.1364103e-03
   3.5520000e+03   5.4818879e-01   4.8249954e-03
   3.5600000e+03   5.4870838e-01  -2.7652754e-03
   3.5680000e+03   5.4059035e-01  -6.9088439e-03
   3.5760000e+03   5.5959057e-01   1.4926925e-02
   3.5840000e+03   5.6182821e-01   9.6609520e-04
   3.5920000e+03   5.4226239e-01   1.5175341e-04
   3.6000000e+03   5.5269713e-01  -1.8275513e-03
   3.6080000e+03   5.4573443e-01   1.0525126e-02
   3.6160000e+03   5.5931995e-01  -8.7980697e-03
   3.6240000e+03   5.5394869e-01  -2.4461069e-03
   3.6320000e+03   5.4959647e-01   6.1294702e-03
   3.6400000e+03   5.2955371e-01   1.4765890e-02
   3.6480000e+03   5.5223144e-01  -1.0381874e-02
   3.6560000e+03   5.3404368e-01  -5.2277144e-04
   3.6640000e+03   5.3295586e-01  -1.5949189e-02
   3.6720000e+03   5.5077084e-01   2.6503275e-03
   3.6800000e+03   5.3836164e-01  -5.7171744e-03
   3.6880000e+03   5.6119856e-01   3.3254319e-03
   3.6960000e+03   5.3277960e-01  -1.4674827e-02
   3.7040000e+03   5.4635649e-01  -1.4717204e-03
   3.7120000e+03   5.4502142e-01  -5.9985945e-03
   3.7200000e+03   5.3113608e-01   6.5752906e-03
   3.7280000e+03   5.5005426e-01  -3.3959658e-03
   3.7360000e+03   5.3582101e-01  -1.8622141e-02
   3.7440000e+03   5.6687281e-01   4.5263549e-04
   3.7520000e+03   5.4477901e-01   4.3275566e-03
   3.7600000e+03   5.4680682e-01   1.7099985e-03
   3.7680000e+03   5.3820119e-01   7.7193122e-03
   3.7760000e+03   5.4528665e-01   1.3565607e-02
   3.7840000e+03   5.3532191e-01  -9.8806733e-05
   3.7920000e+03   5.5223607e-01  -1.0927159e-02
   3.8000000e+03   5.5789206e-01  -6.2470840e-03
   3.8080000e+03   5.3958800e-01  -1.4294216e-02
   3.8160000e+03   5.4256579e-01   1.1329438e-02
   3.8240000e+03   5.4972768e-01   1.9768128e-02
   3.8320000e+03   5.4011581e-01  -7.9540130e-03
   3.8400000e+03   5.4279774e-01   1.3809856e-02
   3.8480000e+03   5.4021925e-01   1.7664322e-02
   3.8560000e+03   5.4478205e-01  -1.8761151e-03
   3.8640000e+03   5.4441629e-01  -1.5508402e-02
   3.8720000e+03   5.3320813e-01  -1.9517390e-03
   3.8800000e+03   5.4327926e-01   5.0321856e-03
   3.8880000e+03   5.4873490e-01  -4.1356972e-04
   3.8960000e+03   5.4963368e-01  -4.5655526e-03
   3.9040000e+03   5.3833873e-01  -2.8704671e-03
   3.9120000e+03   5.4134410e-01   3.0554966e-03
   3.9200000e+03   5.3997833e-01  -1.1374483e-02
   3.9280000e+03   5.4574318e-01  -2.2641392e-03
   3.9360000e+03   5.4305028e-01  -5.3228302e-03
   3.9440000e+03   5.5159213e-01  -3.7629250e-03
   3.9520000e+03   5.3680839e-01  -7.5430627e-03
   3.9600000e+03   5.3587076e-01   8.7479791e-03
   3.9680000e+03   5.4676857e-01   2.8789173e-03
   3.9760000e+03   5.3335921e-01  -4.0992385e-03
   3.9840000e+03   5.5412233e-01  -2.8976235e-02
   3.9920000e+03   5.3756682e-01   5.1085827e-03
   4.0000000e+03   5.4076726e-01   3.8003031e-03
   4.0080000e+03   5.4349900e-01   7.2665857e-03
   4.0160000e+03   5.4617673e-01  -9.8044116e-04
   4.0240000e+03   5.3738175e-01  -1.4230133e-02
   4.0320000e+03   5.4140396e-01   1.1397087e-03
   4.0400000e+03   5.2888100e-01   3.2320533e-03
   4.0480000e+03   5.4582231e-01   3.9930798e-03
   4.0560000e+03   5.3824773e-01   1.8387005e-02
   4.0640000e+03   5.4677650e-01   1.4867165e-02
   4.0720000e+03   5.6047181e-01  -1.3596397e-02
   4.0800000e+03   5.2932041e-01  -7.4908778e-03
   4.0880000e+03   5.4157769e-01   3.9261755e-03
   4.0960000e+03   5.4047861e-01  -8.8083796e-03
   4.1040000e+03   5.3333712e-01  -4.5928879e-03
   4.1120000e+03   5.2433387e-01  -9.7298445e-04
   4.1200000e+03   5.2524533e-01  -1.5109152e-02
   4.1280000e+03   5.2234315e-01  -1.1766864e-02
   4.1360000e+03   5.2490677e-01   2.5621027e-03
   4.1440000e+03   5.3714066e-01  -3.6111755e-03
   4.1520000e+03   5.4579697e-01   7.1409901e-03
   4.1600000e+03   5.3360000e-01  -8.7323678e-04
   4.1680000e+03   5.2631561e-01  -7.3906906e-03
   4.1760000e+03   5.4020595e-01   1.0716059e-02
   4.1840000e+03   5.2773495e-01   3.1024965e-03
   4.1920000e+03   5.4528580e-01  -1.2231971e-02
   4.2000000e+03   5.5422239e-01   1.1902520e-02
   4.2080000e+03   5.3558437e-01   1.2820897e-02
   4.2160000e+03   5.3194449e-01   5.1589186e-03
   4.2240000e+03   5.2549271e-01   1.7258334e-02
   4.2320000e+03   5.2122454e-01  -2.1825777e-03
   4.2400000e+03   5.3569230e-01  -5.7752988e-04
   4.2480000e+03   5.2828298e-01  -9.2017520e-04
   4.2560000e+03   5.3631765e-01  -2.5418993e-03
   4.2640000e+03   5.4578838e-01   4.6634393e-03
   4.2720000e+03   5.3684416e-01   3.6377077e-03
   4.2800000e+03   5.4097691e-01   1.2057546e-03
   4.2880000e+03   5.3514159e-01  -1.8732318e-03
   4.2960000e+03   5.3400757e-01  -1.0385557e-02
   4.3040000e+03   5.4137531e-01   1.4412347e-03
   4.3120000e+03   5.4642903e-01   1.6089775e-03
   4.3200000e+03   5.3861389e-01  -6.9841156e-04
   4.3280000e+03   5.3982863e-01   6.1147671e-03
   4.3360000e+03   5.2089706e-01   4.8456336e-03
   4.3440000e+03   5.1928821e-01   9.3200071e-03
   4.3520000e+03   5.4136881e-01   9.0452522e-03
   4.3600000e+03   5.4540685e-01  -1.1585344e-02
   4.3680000e+03   5.2491644e-01   1.1700427e-02
   4.3760000e+03   5.4423783e-01  -1.8367055e-02
   4.3840000e+03   5.1421182e-01   5.6265466e-03
   4.3920000e+03   5.2667544e-01   1.1353307e-02
   4.4000000e+03   5.2736861e-01   1.2082806e-02
   4.4080000e+03   5.2928968e-01  -7.4547612e-04
   4.4160000e+03   5.2784986e-01  -3.1342556e-03
   4.4240000e+03   5.3064145e-01   6.7878162e-03
   4.4320000e+03   5.2400656e-01   1.5308169e-02
   4.4400000e+03   5.2792338e-01  -2.5483678e-04
   4.4480000e+03   5.1578003e-01  -8.7801622e-03
   4.4560000e+03   5.2226067e-01  -3.2238029e-03
   4.4640000e+03   5.3195596e-01  -4.1373306e-03
   4.4720000e+03   5.2504755e-01  -1.4798755e-02
   4.4800000e+03   5.2825721e-01   2.5894970e-03
   4.4880000e+03   5.3204497e-01   3.4509360e-03
   4.4960000e+03   5.2659682e-01  -6.0139607e-03
   4.5040000e+03   5.0915135e-01  -1.5760957e-02
   4.5120000e+03   5.1052098e-01   5.0760775e-03
   4.5200000e+03   5.1938981e-01  -2.2063180e-02
   4.5280000e+03   5.2736622e-01  -1.3782955e-02
   4.5360000e+03   5.1588304e-01  -1.0856025e-02
   4.5440000e+03   5.1623454e-01  -1.6313239e-02
   4.5520000e+03   5.0612253e-01   6.4823543e-03
   4.5600000e+03   5.2936189e-01   1.1366955e-02
   4.5680000e+03   5.4103032e-01  -4.9468386e-04
   4.5760000e+03   5.0947765e-01   6.8305500e-03
   4.5840000e+03   5.2214268e-01   5.6258143e-03
   4.5920000e+03   5.1920489e-01   2.1801454e-03
   4.6000000e+03   5.2815786e-01   1.3699264e-03
   4.6080000e+03   5.3449022e-01  -4.3809795e-03
   4.6160000e+03   5.1790758e-01   6.0908188e-03
   4.6240000e+03   5.0384658e-01  -3.4764038e-04
   4.6320000e+03   5.2716192e-01  -1.3763337e-02
   4.6400000e+03   5.1538928e-01  -2.3364628e-03
   4.6480000e+03   5.1479361e-01   7.8590182e-03
   4.6560000e+03   5.2869848e-01  -1.5230486e-02
   4.6640000e+03   5.1840952e-01  -1.1831802e-02
   4.6720000e+03   5.1680260e-01  -5.1003053e-04
   4.6800000e+03   5.1786859e-01   1.6993799e-02
   4.6880000e+03   5.1335714e-01  -1.3297465e-03
   4.6960000e+03   5.1885573e-01  -4.6104347e-03
   4.7040000e+03   5.1669045e-01   3.3390203e-03
   4.7120000e+03   5.1479147e-01  -1.7740200e-02
   4.7200000e+03   5.1750585e-01   9.2313260e-03
   4.7280000e+03   5.1914614e-01  -1.0739548e-02
   4.7360000e+03   5.2669175e-01   4.5317778e-03
   4.7440000e+03   5.1709841e-01   2.0282270e-02
   4.7520000e+03   5.0752619e-01   1.8480381e-04
   4.7600000e+03   5.0605204e-01   1.8376497e-03
   4.7680000e+03   5.2058092e-01  -1.3620090e-03
   4.7760000e+03   5.2203125e-01  -4.2810474e-03
   4.7840000e+03   5.0148911e-01  -4.1672949e-04
   4.7920000e+03   5.1105127e-01  -9.2397227e-03
   4.8000000e+03   5.1444203e-01   2.8114709e-03
   4.8080000e+03   5.1494907e-01   1.3307230e-02
   4.8160000e+03   5.0562308e-01  -4.4122478e-03
   4.8240000e+03   5.2316301e-01   7.1899195e-03
   4.8320000e+03   5.1405003e-01   3.5743982e-03
   4.8400000e+03   5.1467643e-01  -1.1508911e-03
   4.8480000e+03   5.1397602e-01  -8.8794623e-03
   4.8560000e+03   5.2642791e-01   2.4599711e-03
   4.8640000e+03   5.1205846e-01   2.5199126e-03
   4.8720000e+03   5.1263708e-01  -5.1614359e-03
   4.8800000e+03   5.1111956e-01  -1.8394300e-03
   4.8880000e+03   5.2120539e-01  -1.6014059e-02
   4.8960000e+03   5.0605311e-01   6.7705696e-03
   4.9040000e+03   5.0641845e-01  -5.1736013e-03
   4.9120000e+03   5.0474767e-01   1.2942204e-02
   4.9200000e+03   5.1539892e-01   8.0060194e-03
   4.9280000e+03   5.0809482e-01  -1.5725004e-02
   4.9360000e+03   5.2624579e-01  -2.1895906e-03
   4.9440000e+03   5.0222308e-01   4.1181981e-03
   4.9520000e+03   5.1694617e-01   5.9025493e-03
   4.9600000e+03   5.0576991e-01  -7.7425618e-04
   4.9680000e+03   5.0335020e-01  -2.9400600e-03
   4.9760000e+03   4.8900701e-01   1.0466359e-04
   4.9840000e+03   5.0723270e-01   5.5010351e-03
   4.9920000e+03   5.0128385e-01   3.8467407e-04
   5.0000000e+03   5.1874306e-01   1.5723606e-02
   5.0080000e+03   5.1938499e-01   8.6986192e-03
   5.0160000e+03   5.0831272e-01  -6.6879514e-03
   5.0240000e+03   5.0291434e-01  -6.8772007e-03
   5.0320000e+03   5.0557850e-01  -1.4832250e-03
   5.0400000e+03   5.0291718e-01   6.9803338e-03
   5.0480000e+03   5.0186988e-01   1.7806419e-03
   5.0560000e+03   5.0144816e-01   1.8946148e-02
   5.0640000e+03   5.1208883e-01   8.9626067e-03
   5.0720000e+03   4.9352303e-01   9.4770020e-04
   5.0800000e+03   5.1105822e-01   1.9971086e-02
   5.0880000e+03   5.0078045e-01   8.1919052e-03
   5.0960000e+03   5.0548831e-01  -2.6524470e-03
   5.1040000e+03   5.0598507e-01  -6.7224852e-04
   5.1120000e+03   5.1478016e-01   5.9477672e-03
   5.1200000e+03   5.1882478e-01   5.1143820e-04
   5.1280000e+03   5.1590778e-01  -9.4963675e-03
   5.1360000e+03   4.8331153e-01   4.9802245e-03
   5.1440000e+03   5.1302194e-01  -8.3704348e-03
   5.1520000e+03   5.0430935e-01  -7.3405251e-03
   5.1600000e+03   4.9840691e-01   4.8837485e-03
   5.1680000e+03   5.1121967e-01   9.3275123e-03
   5.1760000e+03   5.0408562e-01  -2.8238392e-03
   5.1840000e+03   4.9578301e-01   6.1341616e-03
   5.1920000e+03   5.0105327e-01   5.2481462e-03
   5.2000000e+03   5.0335551e-01   4.3107833e-03
   5.2080000e+03   5.0931410e-01  -1.0096174e-02
   5.2160000e+03   5.1192365e-01  -2.2386663e-03
   5.2240000e+03   5.1727421e-01   2.2215086e-03
   5.2320000e+03   4.9176211e-01  -4.4647070e-03
   5.2400000e+03   5.0057675e-01   5.5660760e-03
   5.2480000e+03   5.0454257e-01  -1.5949307e-03
   5.2560000e+03   4.9768490e-01  -9.4637803e-03
   5.2640000e+03   4.9731258e-01   1.2589501e-02
   5.2720000e+03   5.1628332e-01  -4.7822446e-03
   5.2800000e+03   5.1162262e-01   9.1002457e-03
   5.2880000e+03   5.1576765e-01   1.0927759e-02
   5.2960000e+03   5.0226950e-01   1.2445157e-02
   5.3040000e+03   5.0610107e-01   7.9743576e-03
   5.3120000e+03   5.1629849e-01   4.2708026e-04
   5.3200000e+03   5.1386634e-01  -1.6078824e-02
   5.3280000e+03   5.1304993e-01   1.0061736e-03
   5.3360000e+03   5.0017397e-01   1.8131691e-03
   5.3440000e+03   5.0815850e-01   1.0478707e-02
   5.3520000e+03   5.0096898e-01  -5.1650027e-04
   5.3600000e+03   5.0453456e-01  -1.2212349e-03
   5.3680000e+03   5.0734442e-01  -2.2126045e-04
   5.3760000e+03   4.9934164e-01   4.4032209e-03
   5.3840000e+03   5.0251903e-01   3.7103322e-03
   5.3920000e+03   5.1226489e-01  -1.1943327e-02
   5.4000000e+03   5.0360442e-01   9.9441647e-04
   5.4080000e+03   4.9868928e-01   9.7464478e-03
   5.4160000e+03   5.0826685e-01   2.6505562e-03
   5.4240000e+03   4.9694502e-01  -5.2405740e-03
   5.4320000e+03   4.9974923e-01  -9.9257814e-03
   5.4400000e+03   4.9934034e-01   5.3971323e-03
   5.4480000e+03   5.0630326e-01   8.2612663e-03
   5.4560000e+03   5.1146757e-01   7.5063188e-04
   5.4640000e+03   4.9310210e-01   4.0472799e-03
   5.4720000e+03   5.0553371e-01  -1.1647170e-02
   5.4800000e+03   5.0939953e-01  -1.2403631e-03
   5.4880000e+03   4.9624077e-01  -4.1661236e-03
   5.4960000e+03   4.9473781e-01   2.9636972e-03
   5.5040000e+03   4.9824406e-01   2.0348702e-03
   5.5120000e+03   4.9832114e-01  -4.7622041e-03
   5.5200000e+03   4.9380970e-01   9.1645642e-03
   5.5280000e+03   4.8147685e-01   6.9719039e-03
   5.5360000e+03   5.0984045e-01  -2.7618269e-03
   5.5440000e+03   4.9868506e-01   3.7753087e-04
   5.5520000e+03   4.8195350e-01  -1.0774407e-02
   5.5600000e+03   5.0085117e-01   4.9513948e-03
   5.5680000e+03   4.8884484e-01  -5.2523383e-03
   5.5760000e+03   5.1265742e-01   7.9952352e-03
   5.5840000e+03   5.0063923e-01   6.8419196e-03
   5.5920000e+03   4.8670262e-01  -3.1692328e-04
   5.6000000e+03   4.9644635e-01  -4.5156108e-03
   5.6080000e+03   4.9506142e-01   5.3039165e-03
   5.6160000e+03   4.9460931e-01  -1.0957319e-02
   5.6240000e+03   4.8573875e-01   5.4251037e-03
   5.6320000e+03   4.8553115e-01   2.0290655e-03
   5.6400000e+03   4.9104359e-01   1.2854629e-02
   5.6480000e+03   4.9696788e-01   1.0150277e-02
   5.6560000e+03   5.0067631e-01  -2.4555075e-03
   5.6640000e+03   4.9945075e-01  -2.9286035e-03
   5.6720000e+03   4.9843230e-01   4.7432229e-03
   5.6800000e+03   4.8649810e-01  -7.4680367e-04
   5.6880000e+03   4.8749222e-01   1.3629323e-02
   5.6960000e+03   4.9794638e-01  -9.1198363e-03
   5.7040000e+03   4.9121824e-01   1.6612284e-02
   5.7120000e+03   4.8154524e-01  -3.0217358e-03
   5.7200000e+03   4.9594971e-01  -1.1931167e-02
   5.7280000e+03   4.8063257e-01   3.4362243e-03
   5.7360000e+03   5.0335331e-01   1.3958438e-02
   5.7440000e+03   4.9011775e-01   7.2618487e-03
   5.7520000e+03   4.9620149e-01  -3.7235235e-04
   5.7600000e+03   4.9017001e-01   8.5117750e-03
   5.7680000e+03   4.9933242e-01   6.3399835e-03
   5.7760000e+03   5.1248900e-01  -1.1730148e-02
   5.7840000e+03   4.8548563e-01  -1.0001503e-02
   5.7920000e+03   5.0410426e-01  -6.8470070e-03
   5.8000000e+03   4.9335188e-01  -5.1892467e-03
   5.8080000e+03   4.8970831e-01   8.9092994e-03
   5.8160000e+03   4.9849983e-01  -5.3609240e-04
   5.8240000e+03   4.9614522e-01   6.9477377e-04
   5.8320000e+03   4.8599374e-01   1.0883348e-03
   5.8400000e+03   4.7531665e-01   1.1504072e-02
   5.8480000e+03   4.9579184e-01  -2.1346269e-03
   5.8560000e+03   5.0101514e-01  -3.3248678e-03
   5.8640000e+03   4.9391028e-01   3.7511400e-03
   5.8720000e+03   4.8177681e-01  -8.7091033e-04
   5.8800000e+03   4.7999916e-01   4.3411663e-03
   5.8880000e+03   4.8275528e-01  -2.5253301e-04
   5.8960000e+03   4.7681388e-01   1.1424519e-02
   5.9040000e+03   4.8266552e-01  -6.0763474e-03
   5.9120000e+03   4.8353660e-01   4.8395333e-03
   5.9200000e+03   4.7912342e-01  -6.2791384e-03
   5.9280000e+03   4.7840313e-01  -6.8998379e-03
   5.9360000e+03   4.9520992e-01   7.0539740e-03
   5.9440000e+03   4.8955962e-01  -1.2309874e-02
   5.9520000e+03   4.8886487e-01  -6.2703161e-03
   5.9600000e+03   4.7660885e-01  -1.5553515e-02
   5.9680000e+03   4.8214720e-01   1.1505661e-02
   5.9760000e+03   4.9587733e-01   3.1270989e-03
   5.9840000e+03   4.8311740e-01   7.4084094e-03
   5.9920000e+03   4.8174399e-01  -5.2666817e-03
   6.0000000e+03   4.6972671e-01   8.4210319e-03
   6.0080000e+03   4.8271817e-01  -3.2333207e-02
   6.0160000e+03   4.7599986e-01  -2.1131053e-04
   6.0240000e+03   4.8837152e-01  -2.8908438e-03
   6.0320000e+03   4.8124161e-01  -2.0430948e-03
   6.0400000e+03   4.7736678e-01  -1.1000364e-02
   6.0480000e+03   4.8068424e-01   9.5478407e-03
   6.0560000e+03   4.6545496e-01   4.6943625e-03
   6.0640000e+03   4.7739613e-01   8.6481444e-03
   6.0720000e+03   4.8206014e-01  -1.4912749e-02
   6.0800000e+03   4.8975840e-01   2.8489785e-03
   6.0880000e+03   4.6455319e-01   1.1886935e-02
   6.0960000e+03   4.7019216e-01  -3.3660449e-03
   6.1040000e+03   4.8830019e-01  -9.5678805e-03
   6.1120000e+03   4.8116446e-01  -1.5475437e-02
   6.1200000e+03   4.7056981e-01  -8.5051690e-03
   6.1280000e+03   4.7771250e-01   8.8034799e-03
   6.1360000e+03   4.8490997e-01   7.2017479e-03
   6.1440000e+03   4.8195509e-01  -2.0896800e-03
   6.1520000e+03   4.8095922e-01   3.0945969e-04
   6.1600000e+03   4.6281467e-01   9.7570637e-03
   6.1680000e+03   4.9213639e-01   6.0346999e-03
   6.1760000e+03   4.6363316e-01  -1.5506138e-02
   6.1840000e+03   4.9516992e-01   1.2145897e-02
   6.1920000e+03   4.7511653e-01   1.1946320e-03
   6.2000000e+03   4.8283185e-01  -5.3942004e-03
   6.2080000e+03   4.6856619e-01   1.6776633e-03
   6.2160000e+03   4.7150040e-01   1.3215996e-02
   6.2240000e+03   4.8285533e-01   5.7865484e-03
   6.2320000e+03   4.7319002e-01   1.2304335e-02
   6.2400000e+03   4.7909991e-01   1.0360404e-04
   6.2480000e+03   4.8054733e-01   1.1636269e-02
   6.2560000e+03   4.7210725e-01  -6.5532715e-03
   6.2640000e+03   4.8069876e-01   2.3202601e-03
   6.2720000e+03   4.7865696e-01   1.9092487e-02
   6.2800000e+03   4.6118913e-01  -1.5561255e-02
   6.2880000e+03   4.7065868e-01   9.2210143e-03
   6.2960000e+03   4.7213833e-01  -8.5598421e-03
   6.3040000e+03   4.7753103e-01  -1.1516017e-03
   6.3120000e+03   4.7439185e-01  -6.8464884e-03
   6.3200000e+03   4.6947665e-01  -1.9702311e-03
   6.3280000e+03   4.6052204e-01   2.0296630e-04
   6.3360000e+03   4.7716475e-01  -9.8507763e-03
   6.3440000e+03   4.7652277e-01  -2.3517067e-03
   6.3520000e+03   4.8230246e-01  -1.2008109e-03
   6.3600000e+03   4.8163613e-01   8.4439747e-03
   6.3680000e+03   4.7162144e-01   2.9796006e-03
   6.3760000e+03   4.8337547e-01   2.0352354e-03
   6.3840000e+03   4.6641253e-01   1.5022768e-03
   6.3920000e+03   4.7526954e-01  -5.5064777e-03
   6.4000000e+03   4.7708679e-01   3.9664995e-03
   6.4080000e+03   4.8123457e-01  -1.4124139e-07
   6.4160000e+03   4.6397636e-01   1.3888561e-02
   6.4240000e+03   4.6565493e-01   1.5254225e-03
   6.4320000e+03   4.6171030e-01  -7.0149198e-03
   6.4400000e+03   4.8516833e-01  -7.6068921e-03
   6.4480000e+03   4.7171853e-01   1.4887207e-02
   6.4560000e+03   4.7845837e-01   4.3362739e-03
   6.4640000e+03   4.7428257e-01   3.1483334e-03
   6.4720000e+03   4.6530505e-01  -6.7219581e-03
   6.4800000e+03   4.7448336e-01   6.6631210e-03
   6.4880000e+03   4.7147355e-01  -7.9757458e-03
   6.4960000e+03   4.8509360e-01   6.0098099e-03
   6.5040000e+03   4.6018190e-01   1.3396820e-02
   6.5120000e+03   4.6368133e-01  -6.3339915e-03
   6.5200000e+03   4.6688147e-01  -1.4516593e-02
   6.5280000e+03   4.5938800e-01   5.2125896e-03
   6.5360000e+03   4.9662325e-01  -1.2173822e-03
   6.5440000e+03   4.8982657e-01   1.9864928e-02
   6.5520000e+03   4.5693400e-01  -6.8998032e-05
   6.5600000e+03   4.6858948e-01  -6.6644815e-03
   6.5680000e+03   4.7513121e-01  -6.3574831e-03
   6.5760000e+03   4.6528857e-01  -7.4284746e-03
   6.5840000e+03   4.6820676e-01  -6.5560553e-03
   6.5920000e+03   4.7139598e-01   7.1361624e-03
   6.6000000e+03   4.4801760e-01  -2.3666074e-03
   6.6080000e+03   4.7019242e-01   1.1959921e-02
   6.6160000e+03   4.8016089e-01  -1.4095697e-02
   6.6240000e+03   4.5528516e-01  -5.2177812e-03
   6.6320000e+03   4.7527089e-01  -5.8776914e-03
   6.6400000e+03   4.6958866e-01  -2.2035953e-03
   6.6480000e+03   4.6318727e-01   9.3610415e-03
   6.6560000e+03   4.5666603e-01   3.5986152e-03
   6.6640000e+03   4.6017679e-01  -7.9539445e-04
   6.6720000e+03   4.5454158e-01   1.9488382e-03
   6.6800000e+03   4.6324144e-01  -3.6547343e-03
   6.6880000e+03   4.6347639e-01  -2.8990922e-03
   6.6960000e+03   4.7770668e-01   3.5649422e-03
   6.7040000e+03   4.6982748e-01  -4.2154477e-03
   6.7120000e+03   4.6346876e-01   2.7344362e-02
   6.7200000e+03   4.5407997e-01   7.5437941e-03
   6.7280000e+03   4.6891831e-01   1.1972802e-02
   6.7360000e+03   4.6573205e-01  -2.3054801e-03
   6.7440000e+03   4.7183570e-01  -3.2641881e-03
   6.7520000e+03   4.6105143e-01  -5.1941667e-03
   6.7600000e+03   4.6338233e-01  -1.0507832e-02
   6.7680000e+03   4.4778018e-01  -2.1703780e-03
   6.7760000e+03   4.7063379e-01   9.0607693e-03
   6.7840000e+03   4.6117502e-01   1.0978920e-02
   6.7920000e+03   4.8004105e-01   5.7280775e-03
   6.8000000e+03   4.4812246e-01   6.1332710e-03
   6.8080000e+03   4.5182029e-01  -6.8974806e-03
   6.8160000e+03   4.5456072e-01   3.3034841e-03
   6.8240000e+03   4.5932616e-01  -7.4086105e-03
   6.8320000e+03   4.7043284e-01   1.2547795e-03
   6.8400000e+03   4.6499924e-01  -4.8887927e-03
   6.8480000e+03   4.5741687e-01  -4.2091348e-03
   6.8560000e+03   4.4888087e-01   3.1589743e-03
   6.8640000e+03   4.6383138e-01   1.3193164e-02
   6.8720000e+03   4.6631669e-01  -1.1742479e-02
   6.8800000e+03   4.4280675e-01   1.4673113e-02
   6.8880000e+03   4.4778514e-01  -1.4944922e-02
   6.8960000e+03   4.4867501e-01   1.2497371e-02
   6.9040000e+03   4.5701559e-01  -1.0862456e-02
   6.9120000e+03   4.6266153e-01   1.5016339e-02
   6.9200000e+03   4.6410844e-01  -1.2784265e-02
   6.9280000e+03   4.6519734e-01   7.1511544e-03
   6.9360000e+03   4.5986630e-01  -7.7065694e-03
   6.9440000e+03   4.5714467e-01   1.1007608e-02
   6.9520000e+03   4.5372019e-01   6.4377648e-03
   6.9600000e+03   4.4654411e-01   1.4641726e-02
   6.9680000e+03   4.5619714e-01   1.3626793e-02
   6.9760000e+03   4.4232807e-01   2.6934217e-02
   6.9840000e+03   4.6597342e-01   2.0511254e-02
   6.9920000e+03   4.4145077e-01   1.9506214e-03
   7.0000000e+03   4.5173463e-01  -5.7056307e-03
   7.0080000e+03   4.6484736e-01  -1.2589919e-02
   7.0160000e+03   4.5659086e-01  -3.9451217e-03
   7.0240000e+03   4.5978837e-01   1.0206399e-02
   7.0320000e+03   4.6791299e-01   5.1543583e-03
   7.0400000e+03   4.5001028e-01   1.4455717e-02
   7.0480000e+03   4.6516288e-01  -9.7000091e-04
   7.0560000e+03   4.4892743e-01   3.0836301e-03
   7.0640000e+03   4.5931533e-01  -3.4728483e-04
   7.0720000e+03   4.4607973e-01  -1.2725665e-02
   7.0800000e+03   4.5530745e-01  -1.8024288e-02
   7.0880000e+03   4.6173898e-01  -1.8326982e-02
   7.0960000e+03   4.6236652e-01   1.4148160e-02
   7.1040000e+03   4.6077603e-01   8.2296329e-04
   7.1120000e+03   4.6255236e-01   2.0276939e-03
   7.1200000e+03   4.6857475e-01  -6.1878135e-03
   7.1280000e+03   4.6319589e-01  -1.1030030e-02
   7.1360000e+03   4.5748723e-01   4.1471499e-03
   7.1440000e+03   4.6179950e-01   8.5685424e-04
   7.1520000e+03   4.7431958e-01  -3.0788969e-04
   7.1600000e+03   4.4784643e-01  -4.4141779e-03
   7.1680000e+03   4.5830056e-01  -1.0113993e-02
   7.1760000e+03   4.3088995e-01   5.3022262e-03
   7.1840000e+03   4.5041950e-01   1.5325988e-02
   7.1920000e+03   4.4916553e-01   2.0449717e-03
   7.2000000e+03   4.5168354e-01   7.0816316e-03
   7.2080000e+03   4.5626574e-01   1.1738966e-02
   7.2160000e+03   4.5676103e-01  -7.0289889e-03
   7.2240000e+03   4.3868645e-01   2.4025158e-03
   7.2320000e+03   4.6395063e-01  -2.8260713e-04
   7.2400000e+03   4.4602203e-01  -1.1556808e-02
   7.2480000e+03   4.4738228e-01   9.5485070e-03
   7.2560000e+03   4.4010135e-01   9.4527159e-03
   7.2640000e+03   4.5311468e-01  -1.4706255e-02
   7.2720000e+03   4.6335467e-01   4.1569279e-03
   7.2800000e+03   4.5711182e-01  -1.6486858e-03
   7.2880000e+03   4.3491446e-01   4.3750642e-03
   7.2960000e+03   4.6957966e-01   1.4054155e-03
   7.3040000e+03   4.4754479e-01  -5.3374521e-03
   7.3120000e+03   4.4550030e-01   3.3041918e-03
   7.3200000e+03   4.6008698e-01   3.3012198e-03
   7.3280000e+03   4.5746507e-01  -1.2604934e-02
   7.3360000e+03   4.5361463e-01  -5.7414144e-03
   7.3440000e+03   4.5403181e-01   3.0324699e-03
   7.3520000e+03   4.5000040e-01  -1.2219204e-02
   7.3600000e+03   4.4141382e-01  -1.5236623e-02
   7.3680000e+03   4.3644508e-01  -7.6496818e-03
   7.3760000e+03   4.6079717e-01  -1.1542194e-02
   7.3840000e+03   4.4577270e-01  -3.0368896e-03
   7.3920000e+03   4.4146341e-01  -8.3967994e-03
   7.4000000e+03   4.5214065e-01  -1.9975687e-04
   7.4080000e+03   4.5645295e-01  -1.3044546e-02
   7.4160000e+03   4.2739301e-01   1.1323190e-02
   7.4240000e+03   4.5504872e-01   3.0084496e-03
   7.4320000e+03   4.3344875e-01  -2.1041396e-02
   7.4400000e+03   4.5542009e-01   6.6515843e-03
   7.4480000e+03   4.5188783e-01   1.8832625e-03
   7.4560000e+03   4.5651914e-01  -4.6258043e-03
   7.4640000e+03   4.4660558e-01  -9.5925395e-03
   7.4720000e+03   4.3801946e-01   1.4731480e-03
   7.4800000e+03   4.4037735e-01   6.8241725e-03
   7.4880000e+03   4.5211294e-01   1.9570397e-02
   7.4960000e+03   4.4170880e-01  -1.0916839e-02
   7.5040000e+03   4.4567114e-01  -8.1382219e-03
   7.5120000e+03   4.3722921e-01  -1.3504223e-02
   7.5200000e+03   4.4599353e-01   5.1243013e-03
   7.5280000e+03   4.4987189e-01  -2.5866824e-03
   7.5360000e+03   4.2780375e-01  -1.9116510e-03
   7.5440000e+03   4.5127271e-01   4.3418416e-03
   7.5520000e+03   4.4967574e-01   2.0912898e-02
   7.5600000e+03   4.4991382e-01  -7.0030218e-03
   7.5680000e+03   4.5597573e-01   6.7751457e-03
   7.5760000e+03   4.4976190e-01   8.3946493e-03
   7.5840000e+03   4.5669308e-01  -3.3997247e-03
   7.5920000e+03   4.3736313e-01  -2.2516725e-03
   7.6000000e+03   4.3694403e-01  -2.0611952e-02
   7.6080000e+03   4.4765033e-01  -7.1009771e-03
   7.6160000e+03   4.4407810e-01  -2.1511415e-03
   7.6240000e+03   4.3631396e-01   3.4452531e-03
   7.6320000e+03   4.3655285e-01   3.9053949e-04
   7.6400000e+03   4.3316743e-01   5.9965509e-03
   7.6480000e+03   4.5234417e-01  -8.5173138e-03
   7.6560000e+03   4.2707536e-01   1.4268663e-02
   7.6640000e+03   4.4498226e-01   2.7821834e-03
   7.6720000e+03   4.2893484e-01  -8.6513644e-03
   7.6800000e+03   4.5099037e-01   1.7803170e-02
   7.6880000e+03   4.5423404e-01   4.4172490e-03
   7.6960000e+03   4.3570510e-01   3.2207622e-04
   7.7040000e+03   4.3191586e-01   1.0498782e-02
   7.7120000e+03   4.4572887e-01   1.2344331e-02
   7.7200000e+03   4.4959516e-01   1.6433362e-03
   7.7280000e+03   4.5212106e-01   7.6821273e-03
   7.7360000e+03   4.4400143e-01  -1.5467873e-03
   7.7440000e+03   4.3799657e-01   2.0874727e-03
   7.7520000e+03   4.3099776e-01  -1.3240741e-02
   7.7600000e+03   4.4768279e-01  -5.4028028e-03
   7.7680000e+03   4.4855134e-01   5.4848683e-04
   7.7760000e+03   4.4585374e-01   3.3630709e-03
   7.7840000e+03   4.4444897e-01   4.1345784e-03
   7.7920000e+03   4.3656705e-01  -1.0230801e-03
   7.8000000e+03   4.5796813e-01  -1.6889225e-03
   7.8080000e+03   4.4212921e-01   4.7770472e-03
   7.8160000e+03   4.4401339e-01  -1.2903511e-02
   7.8240000e+03   4.4726296e-01  -1.1134070e-03
   7.8320000e+03   4.5646859e-01  -2.5273503e-03
   7.8400000e+03   4.3388331e-01  -2.6428657e-03
   7.8480000e+03   4.3873395e-01   1.4215178e-02
   7.8560000e+03   4.4346559e-01   2.7602218e-04
   7.8640000e+03   4.3040168e-01  -5.1940734e-04
   7.8720000e+03   4.4091658e-01   3.4915302e-03
   7.8800000e+03   4.4694421e-01  -6.2579255e-03
   7.8880000e+03   4.5513222e-01   5.9096478e-03
   7.8960000e+03   4.4894681e-01  -5.5781369e-03
   7.9040000e+03   4.4017807e-01  -1.1163586e-02
   7.9120000e+03   4.2260164e-01   2.2713833e-05
   7.9200000e+03   4.2982774e-01  -1.2926295e-02
   7.9280000e+03   4.5294338e-01   4.4515795e-03
   7.9360000e+03   4.2052144e-01  -1.4765717e-02
   7.9440000e+03   4.1895462e-01  -3.7468701e-03
   7.9520000e+03   4.3739331e-01   7.3014791e-04
   7.9600000e+03   4.3800509e-01  -5.3267745e-03
   7.9680000e+03   4.3322733e-01   6.0202715e-03
   7.9760000e+03   4.2131977e-01   7.9851068e-03
   7.9840000e+03   4.3852108e-01   2.2209850e-03
   7.9920000e+03   4.4545506e-01  -1.4615219e-03
   8.0000000e+03   4.2900360e-01  -8.0787975e-03
   8.0080000e+03   4.3002099e-01   1.0383531e-02
   8.0160000e+03   4.3902359e-01   8.9796122e-03
   8.0240000e+03   4.3842666e-01  -1.5333025e-03
   8.0320000e+03   4.2623007e-01   5.1002265e-03
   8.0400000e+03   4.4506971e-01   9.5263378e-03
   8.0480000e+03   4.1870456e-01   8.7886396e-03
   8.0560000e+03   4.1579257e-01   3.7535876e-03
   8.0640000e+03   4.3183644e-01  -3.1035278e-03
   8.0720000e+03   4.3923088e-01  -1.9896013e-03
   8.0800000e+03   4.3792554e-01   1.2787288e-02
   8.0880000e+03   4.4358201e-01  -3.6718388e-03
   8.0960000e+03   4.2450021e-01   2.6756059e-03
   8.1040000e+03   4.2767189e-01  -4.2592689e-03
   8.1120000e+03   4.2600302e-01   8.8047568e-03
   8.1200000e+03   4.1306537e-01  -1.9667076e-03
   8.1280000e+03   4.2410054e-01   1.0548429e-02
   8.1360000e+03   4.1687705e-01   1.2306086e-03
   8.1440000e+03   4.2764720e-01  -7.6456342e-03
   8.1520000e+03   4.2188702e-01   7.4597525e-03
   8.1600000e+03   4.4837886e-01  -1.0766071e-02
   8.1680000e+03   4.2758481e-01  -6.3232230e-03
   8.1760000e+03   4.2444868e-01   4.2409676e-03
   8.1840000e+03   4.3288699e-01   1.7277813e-02
   8.1920000e+03   4.2580819e-01  -1.6940967e-03
   8.2000000e+03   4.3638675e-01   1.1580760e-02
   8.2080000e+03   4.3597845e-01   1.0878528e-02
   8.2160000e+03   4.1989045e-01   1.2539381e-02
   8.2240000e+03   4.2851743e-01  -5.3722900e-03
   8.2320000e+03   4.3653924e-01   2.1935195e-02
   8.2400000e+03   4.1426275e-01  -3.6927120e-03
   8.2480000e+03   4.2785834e-01   5.3047096e-03
   8.2560000e+03   4.3264266e-01   1.4076486e-03
   8.2640000e+03   4.2872707e-01   3.4211416e-03
   8.2720000e+03   4.1448480e-01   7.8651127e-03
   8.2800000e+03   4.2298062e-01   3.2567447e-04
   8.2880000e+03   4.2500788e-01   1.0608068e-03
   8.2960000e+03   4.2339021e-01  -1.0799891e-03
