   0.0000000e+00   9.0189229e-01   4.2820955e-03
   8.0000000e+00   9.0606786e-01   2.4361607e-03
   1.6000000e+01   9.1569550e-01   1.5432706e-03
   2.4000000e+01   9.2995404e-01  -3.0382235e-03
   3.2000000e+01   9.3654879e-01  -3.7536113e-04
   4.0000000e+01   9.3995817e-01   1.7536005e-03
   4.8000000e+01   9.5306347e-01  -1.4932555e-03
   5.6000000e+01   9.5556451e-01  -5.8956182e-03
   6.4000000e+01   9.6691854e-01  -2.4964910e-03
   7.2000000e+01   9.7490566e-01   8.1754609e-03
   8.0000000e+01   9.7354921e-01   1.2640240e-03
   8.8000000e+01   9.9109929e-01  -1.0757701e-03
   9.6000000e+01   9.9917129e-01  -3.6047934e-03
   1.0400000e+02   9.9922548e-01  -7.3608113e-03
   1.1200000e+02   9.9821575e-01  -3.4242236e-03
   1.2000000e+02   9.9881003e-01  -1.8176541e-03
   1.2800000e+02   1.0040889e+00  -1.3414432e-03
   1.3600000e+02   9.9269035e-01   7.1300054e-05
   1.4400000e+02   9.7683477e-01   2.0970353e-03
   1.5200000e+02   9.7308897e-01  -5.7984712e-03
   1.6000000e+02   9.6339583e-01   5.4564164e-03
   1.6800000e+02   9.5613667e-01   8.1197393e-03
   1.7600000e+02   9.5272300e-01  -1.1487469e-04
   1.8400000e+02   9.4050187e-01  -2.8705888e-03
   1.9200000e+02   9.3768697e-01   5.2301702e-03
   2.0000000e+02   9.2911292e-01   2.7126950e-03
   2.0800000e+02   9.2332249e-01  -1.6254482e-03
   2.1600000e+02   9.0923954e-01   4.4757881e-04
   2.2400000e+02   8.9977410e-01   6.0320391e-03
   2.3200000e+02   8.8858314e-01   3.0791225e-03
   2.4000000e+02   8.8004609e-01   4.0676196e-03
   2.4800000e+02   8.7879330e-01   2.3265215e-03
   2.5600000e+02   8.6402164e-01  -3.9522853e-03
   2.6400000e+02   8.6371859e-01  -6.9688274e-03
   2.7200000e+02   8.5112322e-01  -4.3522026e-03
   2.8000000e+02   8.4482960e-01  -4.5066092e-03
   2.8800000e+02   8.4091357e-01  -7.9457304e-04
   2.9600000e+02   8.2858317e-01   1.7643742e-03
   3.0400000e+02   8.2416260e-01  -2.6330611e-03
   3.1200000e+02   8.1935552e-01   3.8965256e-03
   3.2000000e+02   8.0518001e-01   6.4405840e-03
   3.2800000e+02   7.9812718e-01  -1.2966824e-03
   3.3600000e+02   8.0156067e-01   6.0739174e-03
   3.4400000e+02   7.9334246e-01   4.2160864e-03
   3.5200000e+02   7.9595776e-01  -5.8900415e-04
   3.6000000e+02   7.8590664e-01  -3.0312012e-04
   3.6800000e+02   7.7912753e-01   1.9362999e-03
   3.7600000e+02   7.7890226e-01   2.0556222e-03
   3.8400000e+02   7.7601896e-01   3.6778487e-03
   3.9200000e+02   7.6976527e-01  -3.4922848e-04
   4.0000000e+02   7.6787582e-01   1.7905416e-03
   4.0800000e+02   7.6743687e-01  -3.5504605e-03
   4.1600000e+02   7.5918397e-01   1.9999953e-03
   4.2400000e+02   7.5517846e-01   1.1577234e-03
   4.3200000e+02   7.5706829e-01   1.5596429e-03
   4.4000000e+02   7.5343997e-01   4.5190121e-03
   4.4800000e+02   7.4903437e-01  -1.0506690e-03
   4.5600000e+02   7.4871560e-01  -4.5454762e-03
   4.6400000e+02   7.4486725e-01  -4.0763926e-04
   4.7200000e+02   7.4827441e-01  -1.3421811e-03
   4.8000000e+02   7.5119674e-01   2.5545241e-03
   4.8800000e+02   7.4209092e-01  -4.8601831e-03
   4.9600000e+02   7.4258970e-01  -3.1370795e-03
   5.0400000e+02   7.4570761e-01  -3.5662238e-03
   5.1200000e+02   7.3907292e-01  -3.0440674e-03
   5.2000000e+02   7.4784729e-01  -6.5372355e-03
   5.2800000e+02   7.3655191e-01  -2.0995088e-04
   5.3600000e+02   7.3886843e-01  -5.2758109e-03
   5.4400000e+02   7.3837958e-01   3.5940825e-03
   5.5200000e+02   7.3335061e-01  -1.5960419e-03
   5.6000000e+02   7.3036526e-01   6.6219094e-05
   5.6800000e+02   7.3153789e-01   1.8209464e-04
   5.7600000e+02   7.3284853e-01  -1.8032918e-03
   5.8400000e+02   7.3623736e-01   5.7101452e-03
   5.9200000e+02   7.3485433e-01  -1.6057086e-03
   6.0000000e+02   7.3466921e-01  -1.2445597e-03
   6.0800000e+02   7.3082898e-01  -6.5613991e-03
   6.1600000e+02   7.2885720e-01   2.9977695e-03
   6.2400000e+02   7.2778383e-01   2.1681456e-03
   6.3200000e+02   7.2726930e-01   4.0749657e-03
   6.4000000e+02   7.3249448e-01   2.1442684e-03
   6.4800000e+02   7.3161442e-01   1.9056430e-03
   6.5600000e+02   7.2937700e-01  -2.0797849e-04
   6.6400000e+02   7.2456279e-01   2.7142620e-03
   6.7200000e+02   7.2659183e-01  -1.3627971e-03
   6.8000000e+02   7.3118663e-01   2.1791313e-03
   6.8800000e+02   7.2785650e-01   1.0646847e-03
   6.9600000e+02   7.2805279e-01   3.9528942e-03
   7.0400000e+02   7.2879001e-01   2.3764107e-03
   7.1200000e+02   7.2472363e-01   2.0760000e-03
   7.2000000e+02   7.2384036e-01   2.9349198e-03
   7.2800000e+02   7.2947304e-01  -1.2109767e-03
   7.3600000e+02   7.2948065e-01   1.7891685e-03
   7.4400000e+02   7.2706267e-01  -2.0284262e-03
   7.5200000e+02   7.2277086e-01   5.0934459e-03
   7.6000000e+02   7.2849846e-01  -4.1354971e-03
   7.6800000e+02   7.2972804e-01  -6.9159401e-03
   7.7600000e+02   7.2703341e-01  -6.6244755e-04
   7.8400000e+02   7.1748859e-01  -3.3007860e-03
   7.9200000e+02   7.2652488e-01  -1.0522245e-03
   8.0000000e+02   7.2576486e-01   2.4644900e-03
   8.0800000e+02   7.2537446e-01   3.4218969e-04
   8.1600000e+02   7.2536693e-01   5.0503682e-03
   8.2400000e+02   7.1337280e-01  -5.4261108e-03
   8.3200000e+02   7.1907461e-01  -1.0115183e-03
   8.4000000e+02   7.1935710e-01   1.2094054e-03
   8.4800000e+02   7.1528065e-01  -5.8258113e-03
   8.5600000e+02   7.2002559e-01  -1.6405900e-03
   8.6400000e+02   7.0941561e-01  -1.0722324e-04
   8.7200000e+02   7.1292441e-01  -4.0860908e-03
   8.8000000e+02   7.1531692e-01   3.7726303e-03
   8.8800000e+02   7.1199975e-01   8.7684215e-04
   8.9600000e+02   7.0532089e-01  -2.5107078e-03
   9.0400000e+02   7.0596532e-01  -2.4491995e-03
   9.1200000e+02   7.0699615e-01  -9.0452578e-04
   9.2000000e+02   6.9786438e-01   2.6747925e-03
   9.2800000e+02   6.9860656e-01  -9.9243659e-04
   9.3600000e+02   6.9361970e-01   1.6858803e-03
   9.4400000e+02   6.9127546e-01   1.4268435e-03
   9.5200000e+02   6.9754370e-01  -5.2186426e-03
   9.6000000e+02   6.9028248e-01  -2.6445311e-03
   9.6800000e+02   6.8516410e-01  -9.0276496e-04
   9.7600000e+02   6.8766924e-01   4.8543125e-03
   9.8400000e+02   6.8537575e-01   6.0720021e-03
   9.9200000e+02   6.8118323e-01   8.9059231e-04
   1.0000000e+03   6.9184486e-01   2.2974648e-03
   1.0080000e+03   6.7298700e-01  -2.4632783e-04
   1.0160000e+03   6.7338786e-01  -1.6045801e-03
   1.0240000e+03   6.8141806e-01  -2.5623381e-03
   1.0320000e+03   6.7238886e-01  -2.3036093e-03
   1.0400000e+03   6.7136497e-01  -9.8591464e-04
   1.0480000e+03   6.6617972e-01   3.3061789e-03
   1.0560000e+03   6.6180253e-01  -2.2894865e-03
   1.0640000e+03   6.5339767e-01  -3.2276429e-03
   1.0720000e+03   6.5708456e-01   2.2681792e-03
   1.0800000e+03   6.5622462e-01   2.4994671e-03
   1.0880000e+03   6.5163962e-01  -2.8636614e-03
   1.0960000e+03   6.5504181e-01   7.9905137e-04
   1.1040000e+03   6.5148952e-01  -2.0695231e-03
   1.1120000e+03   6.4647246e-01  -4.7346751e-03
   1.1200000e+03   6.4822914e-01  -4.4269156e-03
   1.1280000e+03   6.5033232e-01  -5.2297553e-04
   1.1360000e+03   6.3735103e-01   2.7380995e-03
   1.1440000e+03   6.4393144e-01  -2.6886160e-03
   1.1520000e+03   6.3721267e-01   6.1179961e-04
   1.1600000e+03   6.3652525e-01  -3.8230675e-04
   1.1680000e+03   6.3715363e-01   1.3141797e-03
   1.1760000e+03   6.3712607e-01  -6.6186804e-03
   1.1840000e+03   6.2840574e-01   4.2653956e-03
   1.1920000e+03   6.2619462e-01   5.6242237e-03
   1.2000000e+03   6.3441735e-01   8.6118062e-04
   1.2080000e+03   6.2758663e-01   1.8360067e-03
   1.2160000e+03   6.2210857e-01   1.3538079e-03
   1.2240000e+03   6.2260369e-01   5.6405629e-03
   1.2320000e+03   6.2488726e-01  -4.8161414e-03
   1.2400000e+03   6.1881727e-01  -3.2726455e-03
   1.2480000e+03   6.1865609e-01  -5.4575719e-03
   1.2560000e+03   6.1713377e-01   8.5467451e-03
   1.2640000e+03   6.1649486e-01  -4.4706349e-04
   1.2720000e+03   6.1143006e-01  -4.9956417e-03
   1.2800000e+03   6.0753851e-01   2.5360666e-03
   1.2880000e+03   6.1311927e-01  -2.5597705e-03
   1.2960000e+03   6.1176866e-01   1.1215290e-03
   1.3040000e+03   6.0733314e-01   9.5039827e-04
   1.3120000e+03   6.1019618e-01  -2.0468042e-03
   1.3200000e+03   6.1009141e-01   1.3686716e-03
   1.3280000e+03   6.0572409e-01  -2.7207732e-05
   1.3360000e+03   6.0688215e-01   2.5388113e-03
   1.3440000e+03   6.0822134e-01   3.9044767e-04
   1.3520000e+03   5.9920308e-01  -2.8477411e-03
   1.3600000e+03   6.0295584e-01  -2.0530675e-03
   1.3680000e+03   6.0043036e-01  -5.2965020e-03
   1.3760000e+03   5.9828388e-01  -3.6583085e-03
   1.3840000e+03   5.9754239e-01   3.2384490e-04
   1.3920000e+03   5.9868671e-01  -5.8095815e-03
   1.4000000e+03   5.9477665e-01   9.6271073e-03
   1.4080000e+03   5.9829329e-01   2.2203925e-03
   1.4160000e+03   5.9591023e-01  -3.8053746e-03
   1.4240000e+03   5.8964003e-01  -7.1655969e-04
   1.4320000e+03   5.9458355e-01  -4.0219252e-04
   1.4400000e+03   5.8932020e-01   3.5845538e-03
   1.4480000e+03   5.8779516e-01   1.8497531e-03
   1.4560000e+03   5.9126293e-01   1.6384549e-03
   1.4640000e+03   5.9326270e-01   1.1350449e-03
   1.4720000e+03   5.9438937e-01   2.6027489e-03
   1.4800000e+03   5.8640934e-01   1.9114516e-03
   1.4880000e+03   5.8834353e-01   1.1773793e-04
   1.4960000e+03   5.8615285e-01  -3.1354812e-03
   1.5040000e+03   5.8747956e-01  -5.3002383e-03
   1.5120000e+03   5.8430216e-01  -6.2730259e-04
   1.5200000e+03   5.8485646e-01  -4.7488586e-04
   1.5280000e+03   5.9124376e-01   1.0480448e-03
   1.5360000e+03   5.8151574e-01   1.7536141e-03
   1.5440000e+03   5.8371409e-01  -3.2516859e-03
   1.5520000e+03   5.8599264e-01   4.9453202e-03
   1.5600000e+03   5.8373286e-01   6.0683726e-03
   1.5680000e+03   5.7760058e-01  -7.0840338e-04
   1.5760000e+03   5.7930436e-01  -1.7936462e-03
   1.5840000e+03   5.7900077e-01   9.4862774e-04
   1.5920000e+03   5.8671009e-01   4.2082845e-04
   1.6000000e+03   5.7341512e-01  -1.6040623e-03
   1.6080000e+03   5.7087089e-01   2.5039256e-03
   1.6160000e+03   5.7894078e-01   6.5550734e-04
   1.6240000e+03   5.7788205e-01   1.5117038e-04
   1.6320000e+03   5.6864040e-01   6.1142073e-03
   1.6400000e+03   5.6928503e-01  -4.8600074e-03
   1.6480000e+03   5.6876056e-01   1.2252007e-03
   1.6560000e+03   5.7109162e-01   7.6366766e-04
   1.6640000e+03   5.7475155e-01   3.5270287e-03
   1.6720000e+03   5.6737345e-01   5.2064343e-03
   1.6800000e+03   5.6947140e-01   6.6392095e-03
   1.6880000e+03   5.6543420e-01  -4.8167886e-03
   1.6960000e+03   5.7029908e-01  -1.0194744e-02
   1.7040000e+03   5.7549959e-01   1.3125812e-03
   1.7120000e+03   5.6613506e-01  -3.8362537e-03
   1.7200000e+03   5.6607798e-01  -1.2303834e-03
   1.7280000e+03   5.6465610e-01   2.4416086e-03
   1.7360000e+03   5.5996397e-01   3.2717707e-03
   1.7440000e+03   5.5855091e-01  -1.1083024e-03
   1.7520000e+03   5.6362648e-01  -3.8177300e-04
   1.7600000e+03   5.5818034e-01   5.7766437e-03
   1.7680000e+03   5.5552798e-01  -1.9733436e-03
   1.7760000e+03   5.6005044e-01   2.9967937e-03
   1.7840000e+03   5.6229357e-01  -7.0848681e-03
   1.7920000e+03   5.6454321e-01   1.3610294e-04
   1.8000000e+03   5.6495890e-01   7.1988265e-04
   1.8080000e+03   5.5534881e-01   5.8133058e-03
   1.8160000e+03   5.6078796e-01  -1.3362187e-02
   1.8240000e+03   5.6157880e-01   6.2050561e-04
   1.8320000e+03   5.4963462e-01   2.1294240e-03
   1.8400000e+03   5.5177003e-01  -1.4239531e-04
   1.8480000e+03   5.5766136e-01  -5.8261838e-03
   1.8560000e+03   5.5893414e-01   4.8655283e-03
   1.8640000e+03   5.4864090e-01  -2.2586149e-03
   1.8720000e+03   5.5041680e-01   3.8313674e-03
   1.8800000e+03   5.5085236e-01  -6.5882631e-03
   1.8880000e+03   5.5582403e-01  -7.1717847e-03
   1.8960000e+03   5.4937021e-01   1.5509451e-03
   1.9040000e+03   5.4660965e-01   6.0146805e-03
   1.9120000e+03   5.4440014e-01  -8.5287509e-04
   1.9200000e+03   5.4653660e-01  -5.8623619e-03
   1.9280000e+03   5.4926816e-01  -2.6394864e-04
   1.9360000e+03   5.4631055e-01  -6.3888253e-04
   1.9440000e+03   5.4802952e-01  -1.0772734e-03
   1.9520000e+03   5.5391481e-01   2.2466660e-03
   1.9600000e+03   5.4329925e-01   8.3941302e-04
   1.9680000e+03   5.4921204e-01  -4.6268340e-03
   1.9760000e+03   5.5497123e-01   2.2322991e-03
   1.9840000e+03   5.4913549e-01   6.5196313e-03
   1.9920000e+03   5.4127792e-01   5.6793899e-03
   2.0000000e+03   5.4521064e-01  -1.0910347e-03
   2.0080000e+03   5.4857943e-01  -6.2390862e-03
   2.0160000e+03   5.4357018e-01  -2.1973964e-03
   2.0240000e+03   5.4792155e-01   1.1956892e-03
   2.0320000e+03   5.4423429e-01   4.7372702e-03
   2.0400000e+03   5.4374597e-01  -2.2334239e-03
   2.0480000e+03   5.3943720e-01  -5.6817634e-03
   2.0560000e+03   5.4167061e-01  -3.0481726e-03
   2.0640000e+03   5.3944094e-01   3.3831723e-03
   2.0720000e+03   5.3650134e-01  -5.3052962e-03
   2.0800000e+03   5.3384771e-01  -2.1632469e-03
   2.0880000e+03   5.3902667e-01  -3.6526693e-03
   2.0960000e+03   5.3834676e-01   2.7460494e-03
   2.1040000e+03   5.4175743e-01  -4.2417032e-03
   2.1120000e+03   5.3621289e-01   3.7259462e-03
   2.1200000e+03   5.4210118e-01  -7.9670415e-03
   2.1280000e+03   5.3627471e-01  -4.4992996e-03
   2.1360000e+03   5.4307319e-01   1.3256787e-03
   2.1440000e+03   5.3364326e-01  -1.4981825e-03
   2.1520000e+03   5.3608501e-01   4.3002013e-03
   2.1600000e+03   5.3760245e-01  -5.9049300e-03
   2.1680000e+03   5.3360518e-01  -1.1869816e-03
   2.1760000e+03   5.3625073e-01   4.3313657e-03
   2.1840000e+03   5.3161137e-01   1.4310700e-03
   2.1920000e+03   5.4398039e-01   4.1927984e-03
   2.2000000e+03   5.3786028e-01  -8.6927312e-04
   2.2080000e+03   5.3212271e-01   5.6800240e-04
   2.2160000e+03   5.3963212e-01  -3.0626491e-03
   2.2240000e+03   5.3583397e-01   1.9429045e-03
   2.2320000e+03   5.2748843e-01   4.2009202e-03
   2.2400000e+03   5.3363504e-01   1.5002264e-03
   2.2480000e+03   5.3775842e-01  -2.2646382e-03
   2.2560000e+03   5.3870002e-01   2.6515168e-03
   2.2640000e+03   5.3794120e-01   5.8948165e-03
   2.2720000e+03   5.3577318e-01   8.0071426e-04
   2.2800000e+03   5.3216883e-01  -4.9872354e-03
   2.2880000e+03   5.3865833e-01   2.5602376e-03
   2.2960000e+03   5.3810395e-01  -3.7111470e-04
   2.3040000e+03   5.3435493e-01  -4.2119544e-03
   2.3120000e+03   5.4018561e-01   1.8705634e-03
   2.3200000e+03   5.3550717e-01   7.9294913e-04
   2.3280000e+03   5.3545841e-01  -4.0079981e-03
   2.3360000e+03   5.3827042e-01  -3.0830120e-03
   2.3440000e+03   5.4142560e-01  -2.7750731e-03
   2.3520000e+03   5.3458383e-01  -2.1800963e-04
   2.3600000e+03   5.3196154e-01  -1.8387805e-03
   2.3680000e+03   5.3482156e-01  -1.9026178e-03
   2.3760000e+03   5.3197113e-01   8.4362097e-04
   2.3840000e+03   5.3408529e-01  -3.2729972e-03
   2.3920000e+03   5.2614573e-01   3.9061325e-03
   2.4000000e+03   5.3729313e-01   1.0694014e-04
   2.4080000e+03   5.2681988e-01   3.1725758e-03
   2.4160000e+03   5.3083932e-01  -1.9644567e-03
   2.4240000e+03   5.2818426e-01   6.2299015e-03
   2.4320000e+03   5.2946593e-01   3.0733115e-03
   2.4400000e+03   5.3086452e-01  -3.4105100e-03
   2.4480000e+03   5.2856237e-01   1.6430923e-03
   2.4560000e+03   5.2866339e-01   1.4824003e-03
   2.4640000e+03   5.3045765e-01   2.4143819e-04
   2.4720000e+03   5.3208002e-01  -2.2594329e-03
   2.4800000e+03   5.2587873e-01   1.5702436e-03
   2.4880000e+03   5.3295146e-01   3.7722102e-03
   2.4960000e+03   5.2908820e-01   9.8177861e-04
   2.5040000e+03   5.2746258e-01  -8.0644860e-03
   2.5120000e+03   5.2724908e-01  -9.2514710e-04
   2.5200000e+03   5.3331728e-01  -4.1939171e-03
   2.5280000e+03   5.2678742e-01   2.3581015e-03
   2.5360000e+03   5.3865522e-01  -4.1540449e-03
   2.5440000e+03   5.3084134e-01  -1.2638109e-03
   2.5520000e+03   5.3252845e-01   3.5471290e-03
   2.5600000e+03   5.2989166e-01   5.2039350e-03
   2.5680000e+03   5.2700533e-01  -8.9248504e-04
   2.5760000e+03   5.2322277e-01   1.5488913e-03
   2.5840000e+03   5.2441967e-01  -7.0684332e-03
   2.5920000e+03   5.2324606e-01   5.8764821e-03
   2.6000000e+03   5.2806692e-01  -6.6983699e-03
   2.6080000e+03   5.2370162e-01   1.2349249e-03
   2.6160000e+03   5.2486704e-01   4.1576485e-03
   2.6240000e+03   5.3062068e-01   3.1035563e-03
   2.6320000e+03   5.2257524e-01  -3.2231368e-03
   2.6400000e+03   5.2540460e-01   4.9419125e-03
   2.6480000e+03   5.3552230e-01   2.1571612e-03
   2.6560000e+03   5.2695875e-01  -6.0088904e-03
   2.6640000e+03   5.3132102e-01   1.9916957e-03
   2.6720000e+03   5.3268467e-01  -6.7570469e-04
   2.6800000e+03   5.2921234e-01  -7.4690977e-04
   2.6880000e+03   5.3016396e-01   1.1373871e-03
   2.6960000e+03   5.2785037e-01  -1.8033728e-03
   2.7040000e+03   5.2817527e-01  -6.6147867e-03
   2.7120000e+03   5.3203189e-01   1.9520886e-03
   2.7200000e+03   5.2575851e-01   9.8177714e-04
   2.7280000e+03   5.2169480e-01   2.3718110e-03
   2.7360000e+03   5.3015263e-01  -8.5377714e-04
   2.7440000e+03   5.2620482e-01   4.4904855e-03
   2.7520000e+03   5.2706972e-01  -1.2450305e-03
   2.7600000e+03   5.3536430e-01   2.6001858e-03
   2.7680000e+03   5.3018036e-01  -2.2123656e-04
   2.7760000e+03   5.2313505e-01   1.1869372e-02
   2.7840000e+03   5.2376106e-01  -9.4414807e-04
   2.7920000e+03   5.3372201e-01  -5.7798063e-03
   2.8000000e+03   5.2862229e-01   2.6160302e-03
   2.8080000e+03   5.2980489e-01  -3.5951850e-03
   2.8160000e+03   5.2763986e-01  -1.9230181e-03
   2.8240000e+03   5.3070743e-01   5.1009351e-03
   2.8320000e+03   5.2993388e-01   1.2608851e-03
   2.8400000e+03   5.3425792e-01   2.7065568e-03
   2.8480000e+03   5.2468882e-01  -2.8711041e-03
   2.8560000e+03   5.2067559e-01   2.4738888e-03
   2.8640000e+03   5.3093234e-01  -2.8709986e-04
   2.8720000e+03   5.2122069e-01  -1.1449657e-03
   2.8800000e+03   5.2431179e-01  -3.4502739e-03
   2.8880000e+03   5.2575693e-01   5.0697977e-03
   2.8960000e+03   5.2983153e-01   1.7099813e-03
   2.9040000e+03   5.2146980e-01  -9.1924068e-04
   2.9120000e+03   5.2639528e-01   5.5719830e-03
   2.9200000e+03   5.3318143e-01   3.3831259e-03
   2.9280000e+03   5.3230468e-01   4.4850420e-03
   2.9360000e+03   5.2665990e-01  -5.2835632e-03
   2.9440000e+03   5.2889619e-01  -8.9477717e-04
   2.9520000e+03   5.2795214e-01   2.9524004e-03
   2.9600000e+03   5.2874736e-01   4.5281397e-03
   2.9680000e+03   5.3029505e-01  -4.5247106e-03
   2.9760000e+03   5.2738933e-01  -3.6584025e-04
   2.9840000e+03   5.3232869e-01  -5.2726873e-03
   2.9920000e+03   5.2075885e-01   1.1451845e-02
   3.0000000e+03   5.3065141e-01   5.4157113e-03
   3.0080000e+03   5.2949332e-01  -2.9162224e-03
   3.0160000e+03   5.3040509e-01   3.2633356e-03
   3.0240000e+03   5.3243516e-01  -2.0141824e-03
   3.0320000e+03   5.3253634e-01  -2.5815261e-03
   3.0400000e+03   5.2579809e-01   5.8982057e-04
   3.0480000e+03   5.2781811e-01  -3.8408247e-03
   3.0560000e+03   5.3071841e-01  -2.3696991e-03
   3.0640000e+03   5.2221157e-01  -6.2959553e-04
   3.0720000e+03   5.2929198e-01   1.0704854e-04
   3.0800000e+03   5.3413760e-01   1.2449017e-03
   3.0880000e+03   5.3088804e-01  -3.9774030e-03
   3.0960000e+03   5.3454118e-01   1.4473613e-03
   3.1040000e+03   5.3760527e-01  -9.5892502e-04
   3.1120000e+03   5.3066072e-01   3.7514113e-03
   3.1200000e+03   5.3244478e-01  -5.4605951e-03
   3.1280000e+03   5.2027688e-01  -1.4849210e-03
   3.1360000e+03   5.3644602e-01   1.5056659e-04
   3.1440000e+03   5.3299460e-01  -2.8338210e-05
   3.1520000e+03   5.2370261e-01   7.2928971e-04
   3.1600000e+03   5.3393152e-01   5.0350593e-04
   3.1680000e+03   5.2819425e-01  -9.1348777e-04
   3.1760000e+03   5.2660453e-01   3.5181972e-03
   3.1840000e+03   5.3508985e-01  -1.7967900e-03
   3.1920000e+03   5.3238383e-01   2.1579595e-03
   3.2000000e+03   5.2961932e-01  -2.1075045e-04
   3.2080000e+03   5.3218930e-01  -2.3236683e-03
   3.2160000e+03   5.3443589e-01  -4.0380165e-03
   3.2240000e+03   5.3287047e-01  -1.0775994e-02
   3.2320000e+03   5.3120771e-01  -2.9481978e-03
   3.2400000e+03   5.3243716e-01  -4.6963993e-03
   3.2480000e+03   5.4352788e-01  -3.5790935e-03
   3.2560000e+03   5.3395392e-01  -1.5746915e-03
   3.2640000e+03   5.3383908e-01  -9.2178001e-04
   3.2720000e+03   5.3353938e-01   7.4409479e-03
   3.2800000e+03   5.3063507e-01   2.9089032e-03
   3.2880000e+03   5.3097395e-01  -1.7001082e-03
   3.2960000e+03   5.3591836e-01  -4.7807395e-03
   3.3040000e+03   5.3415173e-01   9.4904578e-04
   3.3120000e+03   5.3062648e-01  -5.1194086e-06
   3.3200000e+03   5.3827282e-01   3.3612256e-03
   3.3280000e+03   5.3452578e-01  -3.2575841e-03
   3.3360000e+03   5.3767624e-01  -3.2098718e-03
   3.3440000e+03   5.3830521e-01  -3.2551238e-03
   3.3520000e+03   5.3460295e-01  -1.8841164e-03
   3.3600000e+03   5.3769196e-01  -5.1918712e-04
   3.3680000e+03   5.4155524e-01   2.3019974e-03
   3.3760000e+03   5.3121666e-01   2.8475761e-03
   3.3840000e+03   5.4150889e-01  -3.7023471e-03
   3.3920000e+03   5.3339831e-01   6.4972871e-04
   3.4000000e+03   5.3145801e-01  -7.2286122e-03
   3.4080000e+03   5.2885941e-01   6.4102191e-03
   3.4160000e+03   5.2998223e-01   1.3977550e-03
   3.4240000e+03   5.4033503e-01  -5.7163346e-04
   3.4320000e+03   5.3163319e-01  -2.3319138e-04
   3.4400000e+03   5.3921690e-01   3.9178528e-03
   3.4480000e+03   5.4208656e-01   4.0857583e-04
   3.4560000e+03   5.3591847e-01   1.6668211e-03
   3.4640000e+03   5.3587109e-01  -3.7583195e-03
   3.4720000e+03   5.3216200e-01   5.1962484e-05
   3.4800000e+03   5.3412573e-01   2.0408318e-03
   3.4880000e+03   5.3563408e-01   5.0796223e-03
   3.4960000e+03   5.3859293e-01   3.0412336e-04
   3.5040000e+03   5.4005592e-01   6.7928516e-03
   3.5120000e+03   5.3848294e-01  -1.2128658e-03
   3.5200000e+03   5.4223567e-01   1.0010574e-02
   3.5280000e+03   5.4145414e-01   4.6422533e-03
   3.5360000e+03   5.3885284e-01   3.2966061e-03
   3.5440000e+03   5.3808173e-01  -1.9945678e-03
   3.5520000e+03   5.4512267e-01   5.5923465e-03
   3.5600000e+03   5.4206358e-01   2.1114158e-03
   3.5680000e+03   5.4014524e-01  -1.6653644e-03
   3.5760000e+03   5.4169677e-01  -7.1981649e-04
   3.5840000e+03   5.3785103e-01   8.5266711e-04
   3.5920000e+03   5.4413038e-01   4.3366621e-03
   3.6000000e+03   5.4159316e-01   6.4620960e-04
   3.6080000e+03   5.4764904e-01  -2.5682367e-04
   3.6160000e+03   5.4367883e-01  -5.6910395e-03
   3.6240000e+03   5.4302961e-01  -2.8428488e-04
   3.6320000e+03   5.4120861e-01  -3.4258660e-03
   3.6400000e+03   5.3726757e-01   6.7116345e-03
   3.6480000e+03   5.4195628e-01   4.3956961e-03
   3.6560000e+03   5.4452591e-01   4.5652041e-03
   3.6640000e+03   5.3971827e-01   1.7174172e-03
   3.6720000e+03   5.4090327e-01   2.7413907e-03
   3.6800000e+03   5.4412060e-01  -4.8934770e-04
   3.6880000e+03   5.4405743e-01   3.6702249e-03
   3.6960000e+03   5.3465363e-01  -4.2452735e-03
   3.7040000e+03   5.4601811e-01   5.3578742e-03
   3.7120000e+03   5.4716334e-01  -1.0977283e-03
   3.7200000e+03   5.4985580e-01  -5.6069797e-03
   3.7280000e+03   5.3948292e-01  -3.0286914e-03
   3.7360000e+03   5.3890761e-01   3.8432390e-04
   3.7440000e+03   5.4260940e-01   4.4870529e-03
   3.7520000e+03   5.4716000e-01  -8.6288366e-05
   3.7600000e+03   5.4515792e-01   3.0952605e-03
   3.7680000e+03   5.3958126e-01  -1.9060976e-03
   3.7760000e+03   5.4687402e-01   1.8505629e-04
   3.7840000e+03   5.4582436e-01  -5.0573503e-03
   3.7920000e+03   5.4639775e-01  -2.9657707e-03
   3.8000000e+03   5.4090642e-01   3.9859689e-03
   3.8080000e+03   5.3950721e-01  -2.1949855e-04
   3.8160000e+03   5.4161006e-01   6.0850969e-03
   3.8240000e+03   5.4603202e-01  -1.1620008e-03
   3.8320000e+03   5.4317932e-01   1.9566543e-03
   3.8400000e+03   5.4983058e-01   1.0004985e-03
   3.8480000e+03   5.4772726e-01  -2.8669258e-03
   3.8560000e+03   5.3619548e-01  -3.1116135e-03
   3.8640000e+03   5.4058902e-01  -3.0867611e-04
   3.8720000e+03   5.4892904e-01   4.0342741e-03
   3.8800000e+03   5.4726069e-01  -1.8917162e-04
   3.8880000e+03   5.5147270e-01   9.1457531e-04
   3.8960000e+03   5.4395289e-01   2.2234307e-03
   3.9040000e+03   5.5030670e-01   2.8099260e-03
   3.9120000e+03   5.4472067e-01   1.8586144e-03
   3.9200000e+03   5.5130579e-01  -5.0379100e-03
   3.9280000e+03   5.4907465e-01  -6.9748078e-04
   3.9360000e+03   5.3685264e-01  -1.4584379e-03
   3.9440000e+03   5.4351784e-01   1.2024346e-03
   3.9520000e+03   5.4795711e-01   2.4784392e-03
   3.9600000e+03   5.4816859e-01   5.2836459e-03
   3.9680000e+03   5.5303799e-01  -5.3135839e-03
   3.9760000e+03   5.4419337e-01  -2.2478257e-03
   3.9840000e+03   5.3851298e-01  -5.2824329e-03
   3.9920000e+03   5.4349295e-01   6.2154744e-04
   4.0000000e+03   5.4679598e-01   2.7056316e-03
   4.0080000e+03   5.4647555e-01   1.2718078e-02
   4.0160000e+03   5.4067337e-01   6.7044271e-03
   4.0240000e+03   5.4494419e-01  -3.3526814e-03
   4.0320000e+03   5.4267806e-01   4.1662531e-04
   4.0400000e+03   5.4827397e-01   7.5653204e-03
   4.0480000e+03   5.5431900e-01  -1.9526054e-03
   4.0560000e+03   5.5173316e-01   5.1141033e-05
   4.0640000e+03   5.4374827e-01  -8.4591529e-04
   4.0720000e+03   5.4897200e-01  -2.0356222e-03
   4.0800000e+03   5.5050435e-01  -5.4332831e-03
   4.0880000e+03   5.4810805e-01   3.5458572e-03
   4.0960000e+03   5.4182307e-01   4.8647080e-03
   4.1040000e+03   5.4183262e-01   1.0185015e-03
   4.1120000e+03   5.4633587e-01  -3.6775508e-03
   4.1200000e+03   5.4686708e-01  -2.9864339e-03
   4.1280000e+03   5.4733096e-01   8.0132549e-05
   4.1360000e+03   5.3946516e-01  -1.6749197e-03
   4.1440000e+03   5.5025393e-01  -3.9237348e-04
   4.1520000e+03   5.4646970e-01  -9.2700349e-04
   4.1600000e+03   5.4673031e-01   2.6641137e-03
   4.1680000e+03   5.4524612e-01  -1.2035220e-03
   4.1760000e+03   5.4511614e-01  -3.9388092e-03
   4.1840000e+03   5.5045467e-01  -2.7318460e-03
   4.1920000e+03   5.5509355e-01   4.2583545e-03
   4.2000000e+03   5.4309151e-01   7.5269040e-03
   4.2080000e+03   5.4657747e-01   4.1901109e-03
   4.2160000e+03   5.4851177e-01   2.8372678e-03
   4.2240000e+03   5.5201621e-01   1.0376457e-03
   4.2320000e+03   5.4583019e-01  -3.5028632e-03
   4.2400000e+03   5.4491988e-01   1.4984890e-03
   4.2480000e+03   5.3934239e-01   4.6645532e-04
   4.2560000e+03   5.4642338e-01   2.0821089e-03
   4.2640000e+03   5.4297006e-01   5.8529360e-03
   4.2720000e+03   5.4803065e-01  -5.5632735e-04
   4.2800000e+03   5.4824198e-01  -9.4749709e-04
   4.2880000e+03   5.4787633e-01  -4.2987674e-03
   4.2960000e+03   5.4425656e-01   6.9148486e-03
   4.3040000e+03   5.4721117e-01   6.7000157e-03
   4.3120000e+03   5.4628993e-01  -1.7068362e-03
   4.3200000e+03   5.4135890e-01  -1.8795853e-03
   4.3280000e+03   5.3887652e-01  -2.3199949e-03
   4.3360000e+03   5.4533386e-01  -2.4921297e-03
   4.3440000e+03   5.4554152e-01  -1.2803920e-03
   4.3520000e+03   5.3738256e-01  -4.6876257e-03
   4.3600000e+03   5.4702819e-01   5.6770419e-03
   4.3680000e+03   5.4369311e-01   2.4539118e-03
   4.3760000e+03   5.4760958e-01  -2.0412751e-03
   4.3840000e+03   5.4286221e-01  -2.5857381e-03
   4.3920000e+03   5.4996135e-01   2.9702203e-03
   4.4000000e+03   5.4465746e-01  -4.0617462e-03
   4.4080000e+03   5.4400004e-01  -1.9705517e-03
   4.4160000e+03   5.4562002e-01  -4.6677762e-03
   4.4240000e+03   5.4545834e-01  -6.1539789e-03
   4.4320000e+03   5.4925528e-01  -5.5101282e-03
   4.4400000e+03   5.3821999e-01   1.2343872e-03
   4.4480000e+03   5.4184810e-01  -4.2259531e-03
   4.4560000e+03   5.4227164e-01   6.3201193e-03
   4.4640000e+03   5.4642172e-01  -3.3077155e-04
   4.4720000e+03   5.4373326e-01  -1.9500680e-03
   4.4800000e+03   5.3874982e-01   6.5478845e-04
   4.4880000e+03   5.4815287e-01  -3.1084469e-03
   4.4960000e+03   5.4185278e-01   4.7452907e-04
   4.5040000e+03   5.5138213e-01   4.6596436e-03
   4.5120000e+03   5.3627265e-01   1.9516061e-03
   4.5200000e+03   5.4607356e-01   7.5268725e-04
   4.5280000e+03   5.3986148e-01  -3.2309276e-03
   4.5360000e+03   5.4193504e-01   2.3922318e-03
   4.5440000e+03   5.4563071e-01   3.0621091e-03
   4.5520000e+03   5.4379429e-01   1.0379027e-03
   4.5600000e+03   5.4033205e-01  -6.9217051e-03
   4.5680000e+03   5.4722030e-01  -4.0023897e-04
   4.5760000e+03   5.4371055e-01   9.0844175e-04
   4.5840000e+03   5.3808684e-01  -4.7044875e-03
   4.5920000e+03   5.3994233e-01  -3.7723118e-03
   4.6000000e+03   5.3547870e-01   2.2329751e-03
   4.6080000e+03   5.3564567e-01  -1.8907278e-03
   4.6160000e+03   5.4253544e-01   2.1057117e-03
   4.6240000e+03   5.4155199e-01   1.4286084e-03
   4.6320000e+03   5.3421536e-01  -5.0813868e-03
   4.6400000e+03   5.3626911e-01  -5.5036539e-03
   4.6480000e+03   5.3333689e-01   2.4853862e-03
   4.6560000e+03   5.3765238e-01  -1.3231109e-03
   4.6640000e+03   5.4152820e-01  -1.0157852e-03
   4.6720000e+03   5.4370900e-01  -4.1823434e-03
   4.6800000e+03   5.3733239e-01   4.1837572e-04
   4.6880000e+03   5.3913610e-01  -5.3033737e-03
   4.6960000e+03   5.3566363e-01  -5.2597517e-04
   4.7040000e+03   5.3531559e-01   5.1126518e-03
   4.7120000e+03   5.4028728e-01  -1.1694273e-03
   4.7200000e+03   5.4216495e-01  -4.6675106e-03
   4.7280000e+03   5.2931434e-01  -3.6794746e-04
   4.7360000e+03   5.3897713e-01  -5.4225911e-03
   4.7440000e+03   5.2992910e-01   4.4697050e-03
   4.7520000e+03   5.3717460e-01   1.4048281e-03
   4.7600000e+03   5.3252801e-01  -1.6333725e-03
   4.7680000e+03   5.4301437e-01  -4.3365758e-03
   4.7760000e+03   5.3504271e-01   1.3429116e-03
   4.7840000e+03   5.3856346e-01   4.2744712e-05
   4.7920000e+03   5.3213748e-01  -5.7893254e-03
   4.8000000e+03   5.3056088e-01  -8.3641388e-05
   4.8080000e+03   5.3436629e-01  -7.2905476e-03
   4.8160000e+03   5.3301820e-01   5.9348072e-03
   4.8240000e+03   5.3340116e-01  -3.7094151e-04
   4.8320000e+03   5.2979729e-01   3.3398052e-03
   4.8400000e+03   5.3695698e-01   2.9034571e-03
   4.8480000e+03   5.2837136e-01  -1.7075480e-03
   4.8560000e+03   5.3513632e-01  -3.7879160e-04
   4.8640000e+03   5.3343028e-01  -2.8331220e-03
   4.8720000e+03   5.2471090e-01  -6.8488343e-03
   4.8800000e+03   5.3355238e-01   8.5762447e-06
   4.8880000e+03   5.3269274e-01   1.7997461e-03
   4.8960000e+03   5.2754197e-01   3.8078691e-03
   4.9040000e+03   5.3321121e-01   1.3176429e-03
   4.9120000e+03   5.2294071e-01   2.4008059e-04
   4.9200000e+03   5.2731305e-01   7.0208126e-04
   4.9280000e+03   5.3345706e-01  -2.8507414e-03
   4.9360000e+03   5.3111478e-01  -2.9359986e-03
   4.9440000e+03   5.2802690e-01   3.0803745e-03
   4.9520000e+03   5.2537348e-01  -3.9369962e-03
   4.9600000e+03   5.2497396e-01   5.9023347e-03
   4.9680000e+03   5.2287243e-01   4.8944772e-03
   4.9760000e+03   5.2628080e-01   2.4253051e-03
   4.9840000e+03   5.3159361e-01   3.6845562e-04
   4.9920000e+03   5.2784201e-01  -6.3406315e-03
   5.0000000e+03   5.2560153e-01   2.5130262e-03
   5.0080000e+03   5.2187193e-01  -1.4662074e-03
   5.0160000e+03   5.2251002e-01  -9.5299620e-04
   5.0240000e+03   5.2408534e-01   5.6727109e-03
   5.0320000e+03   5.2070624e-01   3.5693731e-03
   5.0400000e+03   5.2213423e-01   7.3912698e-04
   5.0480000e+03   5.2615248e-01   5.1593570e-03
   5.0560000e+03   5.2488705e-01  -6.1005720e-03
   5.0640000e+03   5.2299334e-01  -2.0141583e-03
   5.0720000e+03   5.2169534e-01   2.1470182e-03
   5.0800000e+03   5.2202013e-01   1.5067932e-03
   5.0880000e+03   5.2546506e-01  -5.2162287e-03
   5.0960000e+03   5.1435155e-01   6.4924801e-04
   5.1040000e+03   5.1471542e-01  -6.2011903e-04
   5.1120000e+03   5.2392591e-01   4.0490978e-03
   5.1200000e+03   5.2065488e-01   6.2228088e-04
   5.1280000e+03   5.1905111e-01  -3.5049273e-03
   5.1360000e+03   5.2364246e-01   8.5242487e-03
   5.1440000e+03   5.2362456e-01   5.6521045e-03
   5.1520000e+03   5.1636252e-01   2.9791629e-03
   5.1600000e+03   5.1481714e-01   2.3276457e-03
   5.1680000e+03   5.2029189e-01   3.0088372e-03
   5.1760000e+03   5.1748528e-01  -2.0028913e-03
   5.1840000e+03   5.1514391e-01  -7.3448062e-04
   5.1920000e+03   5.1722090e-01  -1.9868429e-03
   5.2000000e+03   5.1350265e-01   1.5278230e-03
   5.2080000e+03   5.1636557e-01   2.2788371e-03
   5.2160000e+03   5.1491886e-01  -5.6407393e-03
   5.2240000e+03   5.1277390e-01   9.7871468e-04
   5.2320000e+03   5.1552761e-01  -3.4480782e-03
   5.2400000e+03   5.1019425e-01  -2.0751004e-03
   5.2480000e+03   5.1717231e-01  -2.9417575e-03
   5.2560000e+03   5.1343253e-01   9.0748267e-04
   5.2640000e+03   5.1462554e-01  -9.4996328e-04
   5.2720000e+03   5.1623365e-01  -3.4572362e-04
   5.2800000e+03   5.1240495e-01   4.2488459e-03
   5.2880000e+03   5.0908457e-01  -1.6526843e-03
   5.2960000e+03   5.1191021e-01   6.7135597e-03
   5.3040000e+03   5.1108172e-01  -1.7526033e-03
   5.3120000e+03   5.1128705e-01  -7.8969320e-05
   5.3200000e+03   5.0925560e-01   4.5453709e-03
   5.3280000e+03   5.1525426e-01   1.3524143e-03
   5.3360000e+03   5.0666520e-01   1.1345642e-03
   5.3440000e+03   5.0724295e-01  -3.8990168e-03
   5.3520000e+03   5.1345158e-01  -5.9779840e-04
   5.3600000e+03   5.1140777e-01   2.7831636e-03
   5.3680000e+03   5.0995661e-01   2.6829978e-03
   5.3760000e+03   5.0239722e-01   3.7070563e-03
   5.3840000e+03   5.0116050e-01   2.6206816e-03
   5.3920000e+03   5.0363396e-01  -4.5213133e-03
   5.4000000e+03   5.0636811e-01   9.0029794e-03
   5.4080000e+03   5.0798776e-01  -4.1334151e-03
   5.4160000e+03   5.0277143e-01  -7.3447839e-03
   5.4240000e+03   5.0354892e-01  -1.6463400e-03
   5.4320000e+03   5.0089802e-01   1.2547648e-03
   5.4400000e+03   4.9791414e-01  -3.1738502e-03
   5.4480000e+03   5.0876898e-01  -3.9179363e-03
   5.4560000e+03   5.0840339e-01  -5.8802189e-03
   5.4640000e+03   5.0781433e-01   2.6748558e-03
   5.4720000e+03   5.0443514e-01   1.8314526e-03
   5.4800000e+03   4.9945758e-01   3.8155290e-03
   5.4880000e+03   5.0535994e-01  -1.7235737e-03
   5.4960000e+03   4.9953911e-01  -2.5596358e-03
   5.5040000e+03   4.9719387e-01   5.2922178e-04
   5.5120000e+03   5.0389797e-01  -2.2095134e-03
   5.5200000e+03   4.9541891e-01   4.5540448e-03
   5.5280000e+03   4.9927500e-01  -1.7862789e-03
   5.5360000e+03   5.0647601e-01  -2.1593416e-04
   5.5440000e+03   4.9948246e-01  -1.4472212e-03
   5.5520000e+03   5.0131421e-01  -5.2651239e-03
   5.5600000e+03   4.9818879e-01  -2.5195736e-04
   5.5680000e+03   5.0374110e-01   3.9413828e-03
   5.5760000e+03   5.0316412e-01   5.8045429e-03
   5.5840000e+03   4.9889182e-01   2.7424068e-03
   5.5920000e+03   4.9634930e-01  -4.7580267e-03
   5.6000000e+03   4.9643012e-01   7.0122617e-03
   5.6080000e+03   5.0193326e-01   2.3305291e-03
   5.6160000e+03   4.9643358e-01   6.7752697e-03
   5.6240000e+03   4.9364075e-01   1.9511759e-03
   5.6320000e+03   4.8854364e-01  -7.6723145e-03
   5.6400000e+03   4.9699325e-01  -2.4952864e-03
   5.6480000e+03   4.9949812e-01   6.7645454e-03
   5.6560000e+03   5.0146935e-01   7.0586983e-03
   5.6640000e+03   5.0298025e-01   1.4459901e-04
   5.6720000e+03   4.9901170e-01   4.3937338e-03
   5.6800000e+03   4.8897607e-01   1.2958122e-04
   5.6880000e+03   4.9128662e-01   7.2718981e-03
