   0.0000000e+00   7.2784560e-01   1.9622003e-02
   8.0000000e+00   8.2459998e-01   1.4784653e-02
   1.6000000e+01   8.8632460e-01  -7.8626779e-04
   2.4000000e+01   8.3478129e-01  -4.4563301e-02
   3.2000000e+01   8.6864116e-01   1.4179180e-02
   4.0000000e+01   8.9877213e-01  -1.1638699e-02
   4.8000000e+01   9.2070009e-01  -4.2906461e-02
   5.6000000e+01   9.2350409e-01   6.0437762e-02
   6.4000000e+01   9.0216590e-01   1.2729418e-02
   7.2000000e+01   9.0935440e-01  -2.9840535e-02
   8.0000000e+01   9.3686886e-01   9.6379281e-03
   8.8000000e+01   9.1341303e-01   4.5074749e-02
   9.6000000e+01   1.0120964e+00  -1.0688015e-01
   1.0400000e+02   9.7507591e-01  -4.9661212e-03
   1.1200000e+02   1.0354911e+00   1.3620213e-02
   1.2000000e+02   9.6697966e-01   7.5680308e-02
   1.2800000e+02   9.6412031e-01   1.0198868e-01
   1.3600000e+02   1.0067993e+00  -5.1946398e-02
   1.4400000e+02   9.6238252e-01   7.8382991e-02
   1.5200000e+02   8.9209265e-01  -3.4180344e-02
   1.6000000e+02   9.4804452e-01  -5.9408099e-02
   1.6800000e+02   9.4749621e-01  -4.1572589e-02
   1.7600000e+02   9.6461075e-01   1.5099050e-02
   1.8400000e+02   9.4293837e-01  -9.7368414e-02
   1.9200000e+02   8.5422462e-01   6.0824413e-03
   2.0000000e+02   8.0901825e-01   6.1598606e-03
   2.0800000e+02   9.0647893e-01   5.4616470e-02
   2.1600000e+02   8.2156339e-01  -1.3469176e-02
   2.2400000e+02   8.2978491e-01   1.9699741e-02
   2.3200000e+02   7.7532920e-01   1.1499491e-02
   2.4000000e+02   8.4198283e-01   3.9133042e-02
   2.4800000e+02   8.3175288e-01  -2.3524906e-02
   2.5600000e+02   8.0464529e-01  -2.7134492e-02
   2.6400000e+02   8.1564001e-01   2.1548628e-02
   2.7200000e+02   8.1530353e-01  -1.5121292e-02
   2.8000000e+02   7.6186337e-01   4.2075582e-02
   2.8800000e+02   7.5942908e-01   3.2862772e-02
   2.9600000e+02   8.0541105e-01   1.1769706e-02
   3.0400000e+02   8.0173995e-01   1.3871272e-02
   3.1200000e+02   8.1409960e-01  -4.7133587e-02
   3.2000000e+02   8.1185300e-01   1.2495623e-02
   3.2800000e+02   8.2455977e-01  -1.5342246e-02
   3.3600000e+02   7.9840966e-01  -1.2550508e-02
   3.4400000e+02   7.9047644e-01   1.5292702e-02
   3.5200000e+02   8.2494307e-01   3.7201696e-02
   3.6000000e+02   8.7645205e-01   3.8660003e-02
   3.6800000e+02   7.6062426e-01   2.8052856e-02
   3.7600000e+02   8.0316939e-01   3.8268219e-02
   3.8400000e+02   7.4412846e-01   4.0952635e-02
   3.9200000e+02   8.2678766e-01  -1.9029374e-02
   4.0000000e+02   8.3729349e-01  -7.4070854e-03
   4.0800000e+02   8.4383729e-01   3.6099234e-02
   4.1600000e+02   8.5059345e-01   3.5382328e-02
   4.2400000e+02   8.3999774e-01  -8.9977863e-02
   4.3200000e+02   8.0445892e-01   2.9902421e-03
   4.4000000e+02   8.1221810e-01  -9.4768365e-02
   4.4800000e+02   7.9428136e-01   3.2251120e-02
   4.5600000e+02   7.1951559e-01   8.1974492e-02
   4.6400000e+02   7.0950553e-01   1.0938418e-02
   4.7200000e+02   7.6030316e-01  -2.9620305e-02
   4.8000000e+02   7.3698701e-01   2.7034113e-03
   4.8800000e+02   8.3865817e-01  -1.0036995e-01
   4.9600000e+02   7.4582405e-01   6.9050685e-02
   5.0400000e+02   6.9873816e-01  -4.7233669e-02
   5.1200000e+02   7.6496183e-01  -3.0657196e-02
   5.2000000e+02   8.1012072e-01   2.5288582e-02
   5.2800000e+02   7.2891444e-01   3.1067315e-02
   5.3600000e+02   7.4920617e-01  -1.9374319e-02
   5.4400000e+02   7.6927835e-01   5.1981567e-02
   5.5200000e+02   7.9171498e-01  -4.8455998e-02
   5.6000000e+02   7.4091639e-01   1.0067274e-02
   5.6800000e+02   6.7646848e-01   2.3479555e-02
   5.7600000e+02   7.0203202e-01  -1.6937784e-03
   5.8400000e+02   7.4732135e-01  -2.2864545e-02
   5.9200000e+02   6.7709010e-01   6.7707717e-02
   6.0000000e+02   7.6399662e-01  -1.7070418e-02
   6.0800000e+02   7.1520054e-01  -4.1998516e-02
   6.1600000e+02   7.3087438e-01  -4.0324676e-02
   6.2400000e+02   6.8162368e-01  -5.8493999e-02
   6.3200000e+02   6.7955983e-01  -3.7147189e-02
   6.4000000e+02   6.5562482e-01  -1.4694606e-02
   6.4800000e+02   7.8721256e-01   9.1325525e-03
   6.5600000e+02   7.3585710e-01   9.9112948e-02
   6.6400000e+02   7.0232670e-01  -1.5528891e-02
   6.7200000e+02   6.5702464e-01   7.7729073e-02
   6.8000000e+02   6.8886774e-01   2.8331130e-02
   6.8800000e+02   6.5993862e-01   1.6495418e-02
   6.9600000e+02   8.1821761e-01   6.8340963e-02
   7.0400000e+02   6.4917711e-01  -9.0913728e-02
   7.1200000e+02   7.8217293e-01  -6.4849524e-02
   7.2000000e+02   7.2665128e-01  -1.1593763e-01
   7.2800000e+02   7.4812391e-01   3.4805394e-02
   7.3600000e+02   7.3318759e-01   1.9617334e-02
   7.4400000e+02   7.5545489e-01  -2.5428699e-02
   7.5200000e+02   7.4961054e-01  -3.4949694e-02
   7.6000000e+02   6.4424465e-01   2.9674146e-02
   7.6800000e+02   6.6923261e-01   7.2697369e-02
   7.7600000e+02   6.7070573e-01  -6.4085019e-02
   7.8400000e+02   6.7218604e-01   1.0495962e-01
   7.9200000e+02   7.6205803e-01  -2.4464870e-02
   8.0000000e+02   6.6709565e-01  -6.9844072e-02
   8.0800000e+02   7.5682037e-01   2.7292061e-02
   8.1600000e+02   7.0119575e-01  -1.1104782e-01
   8.2400000e+02   6.9595713e-01  -1.7175186e-02
   8.3200000e+02   7.3483770e-01  -6.1215475e-02
   8.4000000e+02   7.1664321e-01  -4.7788233e-02
   8.4800000e+02   7.4270392e-01   9.4546972e-03
   8.5600000e+02   6.5021810e-01   1.5794733e-02
   8.6400000e+02   6.4228309e-01  -1.2101662e-01
   8.7200000e+02   6.8903594e-01  -8.1800280e-02
   8.8000000e+02   7.4103895e-01   1.3869937e-02
   8.8800000e+02   6.9022341e-01  -3.2121026e-02
   8.9600000e+02   7.4858120e-01  -5.3543105e-02
   9.0400000e+02   6.4153781e-01  -3.4256920e-02
   9.1200000e+02   6.5334743e-01   6.2015400e-02
   9.2000000e+02   6.7880241e-01   2.5961354e-02
   9.2800000e+02   6.8570383e-01  -1.4412892e-02
   9.3600000e+02   6.3081968e-01   4.0884728e-02
   9.4400000e+02   6.1943761e-01   1.8678242e-02
   9.5200000e+02   5.6539975e-01   1.4728903e-02
   9.6000000e+02   6.6950967e-01   1.1790448e-02
   9.6800000e+02   6.2491005e-01  -2.3455714e-02
   9.7600000e+02   7.0424009e-01  -3.2960341e-02
   9.8400000e+02   7.0136601e-01  -6.3356346e-02
   9.9200000e+02   6.8497220e-01  -7.7566878e-02
   1.0000000e+03   6.5403150e-01  -5.0767337e-02
   1.0080000e+03   6.8105668e-01  -5.0273885e-02
   1.0160000e+03   6.6018059e-01   4.2966451e-02
   1.0240000e+03   5.5730997e-01  -4.2515156e-02
   1.0320000e+03   6.6431972e-01   3.4337300e-02
   1.0400000e+03   6.7178152e-01   1.2081573e-02
   1.0480000e+03   6.1591004e-01   9.5857618e-02
   1.0560000e+03   6.6885492e-01  -2.5325880e-02
   1.0640000e+03   6.6201395e-01  -2.3125663e-02
   1.0720000e+03   6.1938039e-01  -3.0565206e-02
   1.0800000e+03   6.0794527e-01   2.7414810e-02
   1.0880000e+03   6.9631247e-01   3.1292192e-02
   1.0960000e+03   5.6989752e-01  -2.6398658e-02
   1.1040000e+03   6.7437464e-01  -4.7099438e-02
   1.1120000e+03   6.3419690e-01   1.6162130e-01
   1.1200000e+03   6.5019130e-01  -5.8941272e-02
   1.1280000e+03   6.9264965e-01   4.3182377e-02
   1.1360000e+03   6.7179498e-01   5.7429049e-02
   1.1440000e+03   7.2475122e-01   5.8925422e-02
   1.1520000e+03   6.7041382e-01  -3.1299039e-02
   1.1600000e+03   5.9124914e-01  -6.5895248e-02
   1.1680000e+03   6.8022772e-01   4.7267241e-02
   1.1760000e+03   6.5458830e-01   3.0671474e-02
   1.1840000e+03   7.0275734e-01  -2.7108626e-02
   1.1920000e+03   6.2320431e-01  -8.0038351e-02
   1.2000000e+03   5.6492585e-01  -9.9030653e-02
   1.2080000e+03   6.1764909e-01  -3.2806326e-02
   1.2160000e+03   6.0934161e-01  -1.1650223e-01
   1.2240000e+03   5.8997401e-01   4.2462071e-04
   1.2320000e+03   6.9187041e-01  -1.9667621e-02
   1.2400000e+03   5.6714400e-01  -7.3702711e-02
   1.2480000e+03   6.0804084e-01   2.1515700e-03
   1.2560000e+03   5.9182236e-01  -1.8116246e-02
   1.2640000e+03   6.3550309e-01  -6.0102914e-02
   1.2720000e+03   6.3416887e-01   9.3254979e-02
   1.2800000e+03   5.7825133e-01   5.4912200e-03
   1.2880000e+03   6.9357306e-01  -7.0253991e-03
   1.2960000e+03   6.7853034e-01  -1.7076671e-02
   1.3040000e+03   6.3102125e-01  -3.8949721e-02
   1.3120000e+03   6.3210287e-01   3.4462800e-02
   1.3200000e+03   6.5898448e-01  -4.1360931e-02
   1.3280000e+03   5.4712282e-01   1.2052138e-01
   1.3360000e+03   5.8436925e-01  -3.3073399e-03
   1.3440000e+03   6.5942390e-01  -6.0915687e-02
   1.3520000e+03   6.1904341e-01  -7.6201031e-03
   1.3600000e+03   6.7206437e-01  -4.4336885e-02
   1.3680000e+03   6.7821145e-01  -2.4978461e-02
   1.3760000e+03   6.3058092e-01   9.3137210e-02
   1.3840000e+03   5.8723504e-01   3.3732903e-02
   1.3920000e+03   6.9888415e-01  -1.1936413e-02
   1.4000000e+03   5.4586538e-01  -2.7139852e-02
   1.4080000e+03   6.0666384e-01  -3.6733210e-02
   1.4160000e+03   6.2295225e-01  -2.5009300e-02
   1.4240000e+03   6.2464874e-01   1.5464640e-02
   1.4320000e+03   5.8058468e-01  -3.0162253e-02
   1.4400000e+03   6.5691198e-01  -8.0746313e-02
   1.4480000e+03   5.5622670e-01   2.6840140e-02
   1.4560000e+03   5.9535903e-01   2.9010454e-03
   1.4640000e+03   5.4188430e-01   1.9775537e-02
   1.4720000e+03   6.3175608e-01  -3.2137292e-02
   1.4800000e+03   6.5893988e-01   6.0260076e-02
   1.4880000e+03   6.7188189e-01  -2.3575103e-02
   1.4960000e+03   5.9864537e-01   3.5852143e-03
   1.5040000e+03   5.5550692e-01  -5.9355340e-02
   1.5120000e+03   5.4361487e-01  -2.1274800e-02
   1.5200000e+03   6.0703343e-01   9.8399832e-03
   1.5280000e+03   6.1645794e-01   1.0980202e-01
   1.5360000e+03   6.6209784e-01   4.2694424e-02
   1.5440000e+03   6.3768623e-01   2.1833998e-02
   1.5520000e+03   6.5834802e-01  -7.6337337e-02
   1.5600000e+03   7.1304161e-01   1.2459426e-02
   1.5680000e+03   5.5717068e-01  -7.3575518e-02
   1.5760000e+03   5.4112582e-01   4.3705962e-02
   1.5840000e+03   6.0429230e-01   4.6193422e-02
   1.5920000e+03   5.7330460e-01   1.5136429e-02
   1.6000000e+03   6.5280483e-01   6.0468824e-02
   1.6080000e+03   4.6559396e-01   1.5657002e-02
   1.6160000e+03   6.7009801e-01   9.1664836e-02
   1.6240000e+03   5.4532927e-01   1.7513821e-03
   1.6320000e+03   5.3122306e-01   9.8173334e-02
   1.6400000e+03   5.7740545e-01   3.6749352e-02
   1.6480000e+03   6.4356436e-01   1.1451882e-02
   1.6560000e+03   5.3397911e-01  -1.9087681e-02
   1.6640000e+03   6.9080132e-01  -1.8249288e-02
   1.6720000e+03   5.6576686e-01   6.4703386e-03
   1.6800000e+03   6.4326830e-01   1.1162460e-02
   1.6880000e+03   6.7910758e-01  -6.5611905e-02
   1.6960000e+03   5.3017414e-01  -4.7706940e-02
   1.7040000e+03   5.8620416e-01   5.7688609e-02
   1.7120000e+03   5.7236255e-01  -3.5542568e-02
   1.7200000e+03   6.6120268e-01  -3.3806646e-02
   1.7280000e+03   6.3489759e-01   1.4814127e-02
   1.7360000e+03   5.9499027e-01   3.0282297e-02
   1.7440000e+03   6.1243908e-01  -5.7157404e-02
   1.7520000e+03   5.9918026e-01   1.1446642e-02
   1.7600000e+03   5.0909639e-01   2.7686843e-02
   1.7680000e+03   5.5806744e-01   1.0064738e-02
   1.7760000e+03   5.9808527e-01   2.3201190e-02
   1.7840000e+03   6.0161158e-01   5.0247302e-02
   1.7920000e+03   6.0036552e-01  -5.7010137e-02
   1.8000000e+03   6.5744023e-01   3.1323434e-02
   1.8080000e+03   6.0073838e-01   8.8572776e-02
   1.8160000e+03   6.1046925e-01   1.0250479e-02
   1.8240000e+03   6.0915650e-01   5.0051043e-02
   1.8320000e+03   5.4023551e-01  -8.7158355e-02
   1.8400000e+03   5.3111068e-01  -1.9616045e-02
   1.8480000e+03   6.2193482e-01   5.0596112e-02
   1.8560000e+03   5.3496114e-01  -2.9066538e-02
   1.8640000e+03   5.9722195e-01   1.6689633e-02
   1.8720000e+03   5.3861629e-01  -9.8589172e-02
   1.8800000e+03   5.7315438e-01   1.0519614e-02
   1.8880000e+03   5.8568506e-01   5.8012202e-03
   1.8960000e+03   5.5464821e-01  -4.1166564e-02
   1.9040000e+03   5.3250429e-01  -2.2600578e-02
   1.9120000e+03   5.9631286e-01  -1.4672330e-01
   1.9200000e+03   6.2133275e-01  -5.7886447e-02
   1.9280000e+03   6.0110253e-01   3.5606549e-02
   1.9360000e+03   5.3705064e-01   1.2445933e-02
   1.9440000e+03   6.2507219e-01   3.1624644e-02
   1.9520000e+03   5.4557280e-01  -3.2110961e-02
   1.9600000e+03   6.0752753e-01  -3.5241120e-02
   1.9680000e+03   6.3715931e-01   6.4666629e-02
   1.9760000e+03   5.4617634e-01   1.8353868e-02
   1.9840000e+03   6.2569085e-01  -5.4989980e-02
   1.9920000e+03   6.2161998e-01   1.5800142e-02
   2.0000000e+03   5.1582200e-01  -2.0930656e-02
   2.0080000e+03   6.0499427e-01  -6.6055181e-03
   2.0160000e+03   5.8865200e-01  -5.9154199e-02
   2.0240000e+03   5.2280850e-01  -7.1004438e-02
   2.0320000e+03   5.2836961e-01  -9.6735566e-03
   2.0400000e+03   5.8014553e-01  -1.5397350e-02
   2.0480000e+03   6.0099028e-01   3.6265891e-02
   2.0560000e+03   5.9166700e-01  -2.4219599e-02
   2.0640000e+03   5.6203252e-01   2.4721783e-02
   2.0720000e+03   6.2984328e-01   2.8305162e-02
   2.0800000e+03   6.3130297e-01   6.1797136e-03
   2.0880000e+03   5.0134606e-01  -1.8710650e-02
   2.0960000e+03   5.9828495e-01  -2.0757687e-02
   2.1040000e+03   4.8023652e-01  -3.7623787e-02
   2.1120000e+03   5.2057151e-01   6.6690959e-03
   2.1200000e+03   5.4193143e-01   7.4167657e-03
   2.1280000e+03   5.3315335e-01   4.7983773e-03
   2.1360000e+03   5.3085872e-01   5.7113465e-02
   2.1440000e+03   5.7739828e-01   4.7116576e-04
   2.1520000e+03   5.5547218e-01  -5.1711630e-02
   2.1600000e+03   6.0433486e-01  -6.7570954e-03
   2.1680000e+03   5.7750049e-01  -8.5166572e-02
   2.1760000e+03   6.1228903e-01  -1.6388374e-02
   2.1840000e+03   6.0293387e-01  -4.8201229e-03
   2.1920000e+03   5.6180227e-01  -3.5473461e-02
   2.2000000e+03   5.2032699e-01  -7.1917318e-02
   2.2080000e+03   5.5096485e-01   5.7524659e-02
   2.2160000e+03   6.6500520e-01   3.6952132e-02
   2.2240000e+03   5.5464244e-01  -1.0687973e-05
   2.2320000e+03   5.7252679e-01   8.0989012e-02
   2.2400000e+03   6.2773173e-01   3.6296158e-02
   2.2480000e+03   6.0731743e-01   3.5075484e-04
   2.2560000e+03   4.4403813e-01  -4.0166775e-02
   2.2640000e+03   5.1800949e-01  -3.7745463e-02
   2.2720000e+03   5.4822863e-01  -9.5891620e-03
   2.2800000e+03   5.6024488e-01   6.9459957e-02
   2.2880000e+03   6.0176072e-01   4.6250594e-02
   2.2960000e+03   5.9009040e-01  -7.0964906e-02
   2.3040000e+03   5.8842738e-01  -3.4052919e-02
   2.3120000e+03   5.7729573e-01  -1.5228913e-02
   2.3200000e+03   5.8215363e-01   3.7735325e-03
   2.3280000e+03   6.1575169e-01  -4.7567556e-02
   2.3360000e+03   5.6241716e-01  -6.7412609e-03
   2.3440000e+03   5.4664379e-01  -7.3093157e-02
   2.3520000e+03   6.5490515e-01   7.3557704e-02
   2.3600000e+03   4.9951156e-01   6.1921238e-02
   2.3680000e+03   5.6342845e-01   5.7879781e-02
   2.3760000e+03   5.4342030e-01   2.8164168e-03
   2.3840000e+03   6.5347450e-01   1.5367754e-02
   2.3920000e+03   5.4194274e-01   6.8408626e-03
   2.4000000e+03   5.9903830e-01   7.4735569e-02
   2.4080000e+03   5.0932742e-01  -6.7226811e-02
   2.4160000e+03   5.6737337e-01  -8.0993605e-02
   2.4240000e+03   5.8035610e-01   6.3091877e-03
   2.4320000e+03   5.7633410e-01  -6.0348987e-03
   2.4400000e+03   5.4059689e-01  -1.6071963e-02
   2.4480000e+03   5.7279091e-01  -6.5924195e-02
   2.4560000e+03   5.3609080e-01  -3.2717713e-02
   2.4640000e+03   6.3371728e-01   1.9176375e-02
   2.4720000e+03   6.5483215e-01   5.4808928e-02
   2.4800000e+03   5.8711104e-01   3.8621427e-02
   2.4880000e+03   6.0566622e-01   4.6764008e-02
   2.4960000e+03   5.9532801e-01  -1.7940286e-02
   2.5040000e+03   5.9545037e-01   9.0758239e-04
   2.5120000e+03   5.6779889e-01   2.0800823e-02
   2.5200000e+03   5.4530975e-01   1.2209466e-03
   2.5280000e+03   5.0182309e-01   1.3540527e-02
   2.5360000e+03   5.3149002e-01  -3.9428826e-02
   2.5440000e+03   5.4193218e-01  -1.4129247e-02
   2.5520000e+03   4.7120384e-01  -4.2943329e-02
   2.5600000e+03   5.5939560e-01  -4.4306413e-03
   2.5680000e+03   5.6570018e-01  -6.2440452e-02
   2.5760000e+03   5.6338268e-01   3.4892343e-02
   2.5840000e+03   4.8370614e-01  -7.1977437e-02
   2.5920000e+03   5.9977041e-01  -1.2225067e-01
   2.6000000e+03   5.7474258e-01  -8.5474036e-02
   2.6080000e+03   5.1025034e-01   9.2185784e-02
   2.6160000e+03   4.9180017e-01   4.5658189e-02
   2.6240000e+03   5.4808363e-01  -4.1489980e-02
   2.6320000e+03   5.0100698e-01  -6.1878014e-02
   2.6400000e+03   5.9617164e-01   4.9998564e-02
   2.6480000e+03   5.3049705e-01  -7.8396646e-02
   2.6560000e+03   4.4038595e-01  -2.7303950e-02
   2.6640000e+03   5.3649841e-01   9.9410310e-02
   2.6720000e+03   6.4090026e-01   3.6365263e-02
   2.6800000e+03   5.4779433e-01  -4.2605224e-02
   2.6880000e+03   6.0813257e-01   8.1510885e-02
   2.6960000e+03   5.0096443e-01   1.6734192e-02
   2.7040000e+03   5.7350609e-01   3.3434647e-02
   2.7120000e+03   5.3292478e-01  -3.6118080e-02
   2.7200000e+03   6.0838622e-01   8.6430958e-02
   2.7280000e+03   5.5161249e-01  -7.0695566e-02
   2.7360000e+03   5.7442523e-01   3.8761451e-02
   2.7440000e+03   5.7827488e-01  -5.1758839e-02
   2.7520000e+03   5.6818547e-01  -2.8607066e-02
   2.7600000e+03   5.9833241e-01  -2.7005837e-02
   2.7680000e+03   5.7674133e-01   2.0579813e-02
   2.7760000e+03   5.6658905e-01  -9.0234835e-03
   2.7840000e+03   5.1720891e-01   1.3947946e-02
   2.7920000e+03   6.1402096e-01  -1.8840593e-02
   2.8000000e+03   5.7957484e-01   4.8982576e-02
   2.8080000e+03   5.0811263e-01   7.8057165e-03
   2.8160000e+03   5.6088089e-01  -1.1910742e-02
   2.8240000e+03   5.4203697e-01  -1.4853347e-02
   2.8320000e+03   4.9457311e-01   9.7772579e-02
   2.8400000e+03   6.3747294e-01  -2.1698821e-03
   2.8480000e+03   5.5818135e-01  -1.4596231e-02
   2.8560000e+03   5.2873499e-01   3.8935367e-02
   2.8640000e+03   4.9124043e-01   5.7336349e-02
   2.8720000e+03   5.5558360e-01   3.2659025e-02
   2.8800000e+03   4.9157179e-01   5.4330963e-03
   2.8880000e+03   5.2559516e-01   7.6224419e-02
   2.8960000e+03   5.7070702e-01   1.1269953e-02
   2.9040000e+03   5.6464087e-01  -4.6261439e-02
   2.9120000e+03   4.7345591e-01   4.5384450e-02
   2.9200000e+03   5.2566341e-01  -2.9422784e-02
   2.9280000e+03   5.1110250e-01  -6.6055543e-02
   2.9360000e+03   5.5729587e-01  -4.1890090e-02
   2.9440000e+03   5.0672241e-01   1.1800021e-02
   2.9520000e+03   5.1864564e-01  -4.0590964e-02
   2.9600000e+03   5.3190264e-01  -5.2762062e-02
   2.9680000e+03   5.3576788e-01  -1.1174623e-01
   2.9760000e+03   4.8070519e-01   9.7227557e-02
   2.9840000e+03   5.0974452e-01   8.7477973e-02
   2.9920000e+03   6.1072968e-01  -3.3623682e-03
   3.0000000e+03   5.5006356e-01  -4.5461890e-02
   3.0080000e+03   4.5272283e-01  -1.3277808e-02
   3.0160000e+03   5.5614799e-01   5.4802044e-03
   3.0240000e+03   5.5846642e-01  -3.7847597e-02
   3.0320000e+03   4.7196763e-01  -4.0422436e-02
   3.0400000e+03   4.9849793e-01  -5.1357914e-02
   3.0480000e+03   5.5555552e-01   6.6683771e-02
   3.0560000e+03   6.0492716e-01  -4.4664437e-02
   3.0640000e+03   6.3196459e-01   5.5698393e-02
   3.0720000e+03   5.8454585e-01   7.6200564e-04
   3.0800000e+03   5.8467683e-01   3.2027771e-04
   3.0880000e+03   5.3576655e-01   7.8643519e-02
   3.0960000e+03   6.0533691e-01  -3.8962696e-02
   3.1040000e+03   5.3961940e-01  -4.7604524e-02
   3.1120000e+03   5.2602630e-01   6.0097135e-02
   3.1200000e+03   5.3416492e-01  -6.1727706e-03
   3.1280000e+03   5.5624212e-01  -8.0671942e-02
   3.1360000e+03   5.5607711e-01  -2.7760506e-02
   3.1440000e+03   5.7009669e-01   2.3485344e-02
   3.1520000e+03   5.3753998e-01   5.6222717e-02
   3.1600000e+03   5.5812071e-01  -8.0072859e-02
   3.1680000e+03   5.2521718e-01  -1.9254292e-03
   3.1760000e+03   5.8862430e-01   8.0422935e-02
   3.1840000e+03   4.6579371e-01  -1.5041334e-02
   3.1920000e+03   5.2818821e-01  -7.9153777e-02
   3.2000000e+03   5.9897530e-01   3.9903537e-02
   3.2080000e+03   4.9761206e-01  -3.5114283e-02
   3.2160000e+03   5.6476580e-01   1.7015816e-05
   3.2240000e+03   5.4533125e-01   6.7610803e-02
   3.2320000e+03   6.4436875e-01  -2.7249495e-02
   3.2400000e+03   5.2830719e-01  -3.9769647e-02
   3.2480000e+03   5.1739092e-01   6.6232091e-02
   3.2560000e+03   4.7528462e-01   2.8041215e-02
   3.2640000e+03   5.8785605e-01  -5.8358171e-02
   3.2720000e+03   4.7478258e-01   3.4893856e-02
   3.2800000e+03   6.1356896e-01  -8.0905683e-02
   3.2880000e+03   4.9367947e-01   5.3604782e-02
   3.2960000e+03   4.9853757e-01  -5.7736486e-02
   3.3040000e+03   4.9731232e-01  -9.0479491e-03
   3.3120000e+03   5.4583893e-01   2.9458829e-03
   3.3200000e+03   5.0358789e-01   3.8407808e-02
   3.3280000e+03   5.5787360e-01   5.7695581e-02
   3.3360000e+03   6.4109335e-01  -8.0676524e-03
   3.3440000e+03   6.3311655e-01   4.6598755e-02
   3.3520000e+03   5.3602227e-01  -1.5018025e-02
   3.3600000e+03   5.7801170e-01   3.9788666e-02
   3.3680000e+03   5.2748059e-01   8.5797128e-03
   3.3760000e+03   4.8687183e-01  -1.0478358e-02
   3.3840000e+03   4.6220011e-01   3.6147241e-02
   3.3920000e+03   5.6377292e-01  -2.6834412e-03
   3.4000000e+03   4.8377323e-01  -7.1575364e-02
   3.4080000e+03   5.1774769e-01   1.0600635e-01
   3.4160000e+03   5.2198850e-01  -7.2264953e-03
   3.4240000e+03   6.3000974e-01  -3.7628593e-02
   3.4320000e+03   5.1640592e-01   1.9976474e-02
   3.4400000e+03   5.8531298e-01  -2.7151457e-02
   3.4480000e+03   7.1239420e-01  -1.0511100e-02
   3.4560000e+03   5.3959159e-01  -2.7536380e-02
   3.4640000e+03   5.7787957e-01   3.5409624e-02
   3.4720000e+03   5.7843837e-01   2.1663418e-02
   3.4800000e+03   4.9596190e-01   3.1617288e-02
   3.4880000e+03   6.6165783e-01   5.9303023e-02
   3.4960000e+03   5.1544105e-01   6.7335943e-02
   3.5040000e+03   5.0011880e-01   4.8089702e-05
   3.5120000e+03   5.2357624e-01  -1.9266956e-02
   3.5200000e+03   5.3241787e-01  -2.1016550e-02
   3.5280000e+03   5.2173003e-01   8.7378950e-02
   3.5360000e+03   5.4420276e-01  -2.9034944e-02
   3.5440000e+03   5.9674264e-01  -2.1474169e-02
   3.5520000e+03   6.0103418e-01  -9.4582375e-03
   3.5600000e+03   5.8272722e-01   1.3844121e-02
   3.5680000e+03   5.1151582e-01  -2.6863035e-02
   3.5760000e+03   5.5094640e-01   4.3238804e-02
   3.5840000e+03   5.5810453e-01  -1.5721499e-02
   3.5920000e+03   5.6083622e-01   3.5244793e-02
   3.6000000e+03   5.4322093e-01   7.6993198e-03
   3.6080000e+03   5.5542081e-01  -5.6352256e-02
   3.6160000e+03   6.6151866e-01   7.0178699e-02
   3.6240000e+03   6.0587452e-01  -5.0299596e-02
   3.6320000e+03   5.5526090e-01  -1.1626278e-02
   3.6400000e+03   5.8649170e-01   4.5170427e-02
   3.6480000e+03   5.6423600e-01  -3.9029288e-03
   3.6560000e+03   5.4841194e-01   7.1256296e-02
   3.6640000e+03   4.8952956e-01  -4.3339339e-02
   3.6720000e+03   5.5696498e-01  -9.3510660e-02
   3.6800000e+03   5.4800054e-01  -1.0449589e-01
   3.6880000e+03   5.3217141e-01  -3.7956253e-02
   3.6960000e+03   5.9967939e-01  -6.0953905e-03
   3.7040000e+03   4.7580473e-01   2.9968873e-02
   3.7120000e+03   5.2997276e-01   3.0021540e-02
   3.7200000e+03   5.4219079e-01   2.0801726e-03
   3.7280000e+03   5.3428456e-01  -5.0103567e-02
   3.7360000e+03   5.1349533e-01  -1.9298772e-02
   3.7440000e+03   5.4500781e-01   2.5146084e-02
   3.7520000e+03   6.3743957e-01   1.8329883e-02
   3.7600000e+03   5.9992320e-01   5.9895850e-03
   3.7680000e+03   4.8834750e-01  -5.3339801e-02
   3.7760000e+03   5.2836922e-01  -2.8854929e-03
   3.7840000e+03   4.7945968e-01   1.8449031e-02
   3.7920000e+03   5.0358599e-01  -7.4089400e-03
   3.8000000e+03   4.8210491e-01   1.7840514e-02
   3.8080000e+03   5.3256845e-01  -1.8031080e-02
   3.8160000e+03   5.2354869e-01   6.5197907e-02
   3.8240000e+03   6.0194339e-01  -6.1665738e-02
   3.8320000e+03   5.3839628e-01   2.1049963e-02
   3.8400000e+03   6.2156541e-01   7.4947886e-02
   3.8480000e+03   5.4000902e-01   2.6308897e-02
   3.8560000e+03   5.0186419e-01  -7.3385189e-02
   3.8640000e+03   5.9254104e-01   3.1046755e-02
   3.8720000e+03   5.8380563e-01  -5.0520004e-02
   3.8800000e+03   5.3575833e-01  -3.6737147e-02
   3.8880000e+03   5.1935102e-01   5.1252368e-02
   3.8960000e+03   5.3442300e-01   2.3621755e-02
   3.9040000e+03   5.3484944e-01  -1.4766777e-02
   3.9120000e+03   5.1729316e-01  -1.5532756e-02
   3.9200000e+03   5.6350327e-01  -7.5367420e-03
   3.9280000e+03   5.6975542e-01   3.2085928e-02
   3.9360000e+03   6.2503572e-01   4.1668333e-02
   3.9440000e+03   5.4446426e-01   8.7686130e-02
   3.9520000e+03   6.3167621e-01  -9.2796463e-02
   3.9600000e+03   5.5442658e-01   2.4192864e-02
   3.9680000e+03   5.4796570e-01  -4.7023297e-02
   3.9760000e+03   5.8339402e-01   3.7417346e-02
   3.9840000e+03   5.7631324e-01  -9.4953048e-03
   3.9920000e+03   5.4676014e-01   1.3469930e-02
   4.0000000e+03   4.7453509e-01   1.2243456e-02
   4.0080000e+03   5.3705640e-01  -1.9663620e-03
   4.0160000e+03   5.3882168e-01   9.8925282e-02
   4.0240000e+03   6.3161693e-01   1.1545955e-05
   4.0320000e+03   4.7481324e-01  -2.4922532e-02
   4.0400000e+03   5.6619751e-01   3.0564231e-02
   4.0480000e+03   5.2687877e-01   4.6906142e-02
   4.0560000e+03   4.9621262e-01  -1.0373975e-02
   4.0640000e+03   5.7504482e-01   3.8273212e-02
   4.0720000e+03   5.4820938e-01  -4.5259559e-02
   4.0800000e+03   6.2329754e-01  -7.6702663e-03
   4.0880000e+03   5.8127894e-01  -2.4640605e-02
   4.0960000e+03   4.7618069e-01   6.7052464e-02
   4.1040000e+03   6.6414876e-01  -3.4639024e-03
   4.1120000e+03   5.9409488e-01   2.0779665e-03
   4.1200000e+03   5.5856800e-01  -6.9255554e-02
   4.1280000e+03   5.8065990e-01  -9.0212736e-03
   4.1360000e+03   5.3818933e-01  -1.0960554e-01
   4.1440000e+03   5.2083421e-01  -3.2482795e-02
   4.1520000e+03   6.6762085e-01   2.4884497e-02
   4.1600000e+03   5.3858541e-01   2.0167214e-03
   4.1680000e+03   5.2751062e-01  -8.8132895e-03
   4.1760000e+03   5.7058607e-01  -1.6017021e-03
   4.1840000e+03   5.2595714e-01   3.8276980e-02
   4.1920000e+03   5.4782275e-01  -3.4609168e-02
   4.2000000e+03   5.0795407e-01  -4.6122424e-02
   4.2080000e+03   5.3042253e-01   4.4279929e-02
   4.2160000e+03   5.7992836e-01  -3.1619496e-02
   4.2240000e+03   5.5917304e-01   3.5698708e-02
   4.2320000e+03   5.0301477e-01   3.5145439e-02
   4.2400000e+03   5.5297373e-01   3.9935501e-02
   4.2480000e+03   5.5752596e-01  -7.5984392e-02
   4.2560000e+03   6.2110888e-01   2.3575658e-02
   4.2640000e+03   4.9604606e-01  -7.7461203e-02
   4.2720000e+03   5.7065725e-01  -4.7025567e-02
   4.2800000e+03   6.0567576e-01  -9.1088654e-02
   4.2880000e+03   5.4789794e-01  -3.8557184e-02
   4.2960000e+03   4.9647757e-01   6.0346671e-03
   4.3040000e+03   5.1342732e-01  -5.2057210e-02
   4.3120000e+03   5.2398043e-01  -7.3123982e-03
   4.3200000e+03   5.2129106e-01  -3.0270461e-02
   4.3280000e+03   5.4092323e-01  -1.7000166e-02
   4.3360000e+03   5.5750896e-01   3.2546809e-02
   4.3440000e+03   5.6566908e-01   7.5744222e-02
   4.3520000e+03   4.9665047e-01  -3.0654859e-02
   4.3600000e+03   4.7949624e-01  -3.6763711e-02
   4.3680000e+03   5.6824805e-01  -5.1921731e-02
   4.3760000e+03   5.3339214e-01  -2.6106506e-02
   4.3840000e+03   4.8739065e-01  -5.6616622e-03
   4.3920000e+03   6.3382721e-01  -5.4422179e-03
   4.4000000e+03   5.4340541e-01  -1.1623963e-02
   4.4080000e+03   5.7066562e-01  -3.2688801e-02
   4.4160000e+03   6.1327002e-01  -8.7895129e-02
   4.4240000e+03   6.3896398e-01  -9.1829129e-03
   4.4320000e+03   5.4795475e-01  -2.4624777e-02
   4.4400000e+03   5.8904962e-01  -1.2474190e-02
   4.4480000e+03   5.8603430e-01   4.4460582e-03
   4.4560000e+03   5.5136092e-01  -2.1371538e-02
   4.4640000e+03   5.3599069e-01  -1.7020655e-02
   4.4720000e+03   4.8756997e-01  -1.7765391e-02
   4.4800000e+03   5.2109367e-01   8.1477065e-03
   4.4880000e+03   5.9669327e-01  -2.8713889e-03
   4.4960000e+03   5.6039667e-01   1.2204429e-02
   4.5040000e+03   5.9258526e-01   1.8310848e-02
   4.5120000e+03   4.7302227e-01  -1.5533345e-02
   4.5200000e+03   5.8003230e-01   5.0532489e-02
   4.5280000e+03   5.9001553e-01  -5.3990644e-03
   4.5360000e+03   5.3867457e-01  -1.0924417e-02
   4.5440000e+03   5.1449228e-01  -1.3090624e-02
   4.5520000e+03   5.0195626e-01  -7.5984627e-02
   4.5600000e+03   4.6754576e-01   3.2873834e-03
   4.5680000e+03   6.2095772e-01  -3.4789854e-02
   4.5760000e+03   4.6810395e-01  -1.9426212e-02
   4.5840000e+03   5.4552968e-01  -3.1345525e-02
   4.5920000e+03   5.6146397e-01  -1.4584360e-02
   4.6000000e+03   5.0107884e-01   6.2419954e-03
   4.6080000e+03   5.6163346e-01   1.2936437e-02
   4.6160000e+03   5.7678566e-01  -2.4657415e-02
   4.6240000e+03   4.8443041e-01   6.9066049e-02
   4.6320000e+03   4.7727522e-01   8.2245786e-02
   4.6400000e+03   5.7989702e-01  -8.5387887e-02
   4.6480000e+03   4.7423511e-01   5.2228681e-02
   4.6560000e+03   5.3496844e-01   8.6748323e-03
   4.6640000e+03   5.4867728e-01   5.3399522e-02
   4.6720000e+03   5.0637460e-01  -9.2947251e-02
   4.6800000e+03   5.2923316e-01  -1.9999654e-02
   4.6880000e+03   5.4421178e-01   1.7367596e-02
   4.6960000e+03   5.6581221e-01   1.8898822e-02
   4.7040000e+03   5.4876627e-01  -7.3429986e-02
   4.7120000e+03   4.9577423e-01  -4.9069131e-02
   4.7200000e+03   5.7511213e-01  -5.2155722e-02
   4.7280000e+03   5.4177465e-01  -3.5563676e-02
   4.7360000e+03   5.7756011e-01  -3.4044338e-02
   4.7440000e+03   5.5812686e-01  -5.6119105e-03
   4.7520000e+03   5.7946796e-01   4.9341783e-02
   4.7600000e+03   6.2287734e-01  -8.6637623e-03
   4.7680000e+03   5.1015752e-01   5.6573115e-02
   4.7760000e+03   5.3675187e-01  -1.6737686e-02
   4.7840000e+03   5.4821268e-01   7.9856198e-02
   4.7920000e+03   5.4762432e-01  -9.1326508e-04
   4.8000000e+03   5.2435193e-01  -6.9672607e-03
   4.8080000e+03   5.2857560e-01  -2.6949241e-02
   4.8160000e+03   4.8274385e-01  -3.0057342e-02
   4.8240000e+03   5.5716527e-01  -2.0387323e-02
   4.8320000e+03   5.7336530e-01  -3.0003443e-03
   4.8400000e+03   5.5006684e-01  -1.7537696e-02
   4.8480000e+03   4.9279993e-01  -8.9675510e-02
   4.8560000e+03   4.8520664e-01   8.2212963e-02
   4.8640000e+03   5.8052639e-01   3.7463630e-02
   4.8720000e+03   5.2991362e-01   1.7884456e-02
   4.8800000e+03   6.0060720e-01   6.4827080e-03
   4.8880000e+03   5.2970207e-01   2.3479786e-03
   4.8960000e+03   5.4091617e-01  -4.1233448e-02
   4.9040000e+03   4.9876806e-01  -2.9004480e-03
   4.9120000e+03   5.4458465e-01   1.8934134e-02
   4.9200000e+03   5.6988388e-01   7.9345926e-03
   4.9280000e+03   5.4435766e-01  -2.0012768e-02
   4.9360000e+03   4.8982588e-01   1.1337013e-02
   4.9440000e+03   5.6265307e-01  -6.5006668e-03
   4.9520000e+03   5.8335467e-01   4.3506940e-02
   4.9600000e+03   5.6612507e-01   1.4877595e-02
   4.9680000e+03   5.1503285e-01   2.5840664e-02
   4.9760000e+03   4.1928630e-01   6.0574603e-02
   4.9840000e+03   5.4975294e-01  -2.3286243e-02
   4.9920000e+03   5.6946784e-01   5.9013814e-02
   5.0000000e+03   5.1612043e-01  -1.6031723e-02
   5.0080000e+03   5.9514241e-01  -1.2355945e-02
   5.0160000e+03   5.2884415e-01  -1.2231887e-02
   5.0240000e+03   4.9142202e-01   7.4445865e-02
   5.0320000e+03   4.9728219e-01   6.2947926e-02
   5.0400000e+03   4.1547674e-01  -1.5393396e-04
   5.0480000e+03   4.7091333e-01  -4.5866493e-02
   5.0560000e+03   4.8580104e-01   7.2984824e-02
   5.0640000e+03   6.4745527e-01   3.1013901e-02
   5.0720000e+03   5.3913584e-01   3.6052589e-02
   5.0800000e+03   5.4425977e-01  -2.8483388e-02
   5.0880000e+03   5.1710641e-01   2.6794707e-02
   5.0960000e+03   5.2787240e-01   5.2409059e-02
   5.1040000e+03   5.5874329e-01   5.1029983e-02
   5.1120000e+03   4.9286692e-01  -8.2048237e-03
   5.1200000e+03   5.4448353e-01  -1.6457109e-02
   5.1280000e+03   4.4161121e-01   2.2419527e-02
   5.1360000e+03   5.5973200e-01   1.6791811e-02
   5.1440000e+03   5.1963255e-01  -3.9377456e-02
   5.1520000e+03   5.4326848e-01   1.9172743e-02
   5.1600000e+03   5.9758837e-01  -5.1776916e-02
   5.1680000e+03   5.4127329e-01   4.6863445e-02
   5.1760000e+03   4.9888331e-01  -9.8531937e-02
   5.1840000e+03   4.7627381e-01   1.1920465e-02
   5.1920000e+03   4.8232950e-01  -3.6507353e-02
   5.2000000e+03   5.1545021e-01  -3.5874778e-02
   5.2080000e+03   5.1178827e-01  -9.3687480e-04
   5.2160000e+03   5.2204212e-01   4.2396483e-02
   5.2240000e+03   5.1574085e-01   1.1732747e-02
   5.2320000e+03   5.0971336e-01   5.4518762e-02
   5.2400000e+03   4.9623558e-01   5.2728841e-02
   5.2480000e+03   5.9297489e-01  -2.3531117e-03
   5.2560000e+03   4.5077802e-01   1.2281248e-03
   5.2640000e+03   5.6748622e-01  -4.2853585e-02
   5.2720000e+03   5.5630933e-01  -1.6608431e-02
   5.2800000e+03   4.9682284e-01  -2.0976302e-02
   5.2880000e+03   5.5503649e-01  -6.0548792e-02
   5.2960000e+03   5.1382316e-01  -5.4388416e-02
   5.3040000e+03   5.1565032e-01  -1.6547594e-02
   5.3120000e+03   4.2850275e-01   1.7323602e-02
   5.3200000e+03   6.3154991e-01   2.3124728e-02
   5.3280000e+03   5.0859189e-01   4.9887979e-02
   5.3360000e+03   5.2768450e-01  -4.1085939e-02
   5.3440000e+03   5.6587500e-01  -9.1209080e-03
   5.3520000e+03   4.5635726e-01   9.7665374e-02
   5.3600000e+03   4.8880354e-01   5.5731358e-02
   5.3680000e+03   4.7574083e-01   4.8679069e-02
   5.3760000e+03   5.8490457e-01   3.9125996e-02
   5.3840000e+03   5.0397115e-01   4.4195460e-02
   5.3920000e+03   5.7660258e-01   2.4798090e-02
   5.4000000e+03   5.8251916e-01   2.9401373e-02
   5.4080000e+03   4.8331382e-01   5.5703588e-02
   5.4160000e+03   4.6710825e-01  -4.1478029e-02
   5.4240000e+03   4.9801300e-01  -3.5711310e-02
   5.4320000e+03   6.0787325e-01  -3.6383770e-02
   5.4400000e+03   4.9186673e-01   2.1403993e-02
   5.4480000e+03   4.8420452e-01  -8.5803793e-03
   5.4560000e+03   5.8396203e-01  -3.5716265e-03
   5.4640000e+03   4.9176489e-01   1.4464356e-02
   5.4720000e+03   5.5755289e-01  -9.7094700e-03
   5.4800000e+03   4.5596470e-01   3.1649998e-02
   5.4880000e+03   4.5793901e-01  -4.9410006e-02
   5.4960000e+03   4.5143632e-01   3.8686487e-02
   5.5040000e+03   5.3016165e-01   5.2062610e-02
   5.5120000e+03   5.6713122e-01  -1.4324681e-02
   5.5200000e+03   5.2339544e-01  -2.3742740e-02
   5.5280000e+03   4.5325922e-01   3.6473221e-02
   5.5360000e+03   4.9275781e-01   2.2299933e-02
   5.5440000e+03   4.9002661e-01   3.8032760e-02
   5.5520000e+03   5.7387399e-01  -3.9981354e-02
   5.5600000e+03   4.9727661e-01  -2.8420600e-02
   5.5680000e+03   4.8467601e-01   1.9534537e-02
   5.5760000e+03   5.6357609e-01   3.3443604e-03
   5.5840000e+03   5.9749719e-01   9.4096888e-03
   5.5920000e+03   6.2128351e-01  -2.2151354e-03
   5.6000000e+03   4.5983260e-01   6.4224501e-02
   5.6080000e+03   4.7174700e-01  -3.3166313e-02
   5.6160000e+03   5.8973103e-01  -5.3074617e-02
   5.6240000e+03   4.3516519e-01  -1.5945585e-02
   5.6320000e+03   5.2334180e-01  -5.8341732e-03
   5.6400000e+03   5.0631043e-01  -2.7783042e-02
   5.6480000e+03   5.6318911e-01  -1.4059253e-02
   5.6560000e+03   5.5254091e-01  -2.0912914e-02
   5.6640000e+03   5.2866567e-01  -1.1611510e-02
   5.6720000e+03   5.6185985e-01   4.8025367e-02
   5.6800000e+03   5.4493911e-01  -8.4761734e-02
   5.6880000e+03   4.8953843e-01   6.9323396e-02
   5.6960000e+03   5.9596947e-01  -1.0223942e-02
   5.7040000e+03   5.3878361e-01   3.6262463e-02
   5.7120000e+03   5.5472918e-01  -4.6305989e-03
   5.7200000e+03   5.1746716e-01  -4.6256195e-02
   5.7280000e+03   5.1924235e-01   1.6028994e-02
   5.7360000e+03   4.7661281e-01   4.7482604e-02
   5.7440000e+03   5.0442860e-01   5.1433510e-02
   5.7520000e+03   6.0323214e-01  -4.0307598e-02
   5.7600000e+03   4.7809997e-01  -4.3322105e-02
   5.7680000e+03   5.5873673e-01   9.9628091e-02
   5.7760000e+03   4.4488667e-01  -5.9139389e-02
   5.7840000e+03   5.9436368e-01   1.0339167e-02
   5.7920000e+03   5.5649949e-01   4.5180586e-02
   5.8000000e+03   5.3374452e-01  -2.7102156e-02
   5.8080000e+03   5.6719229e-01  -3.9994216e-02
   5.8160000e+03   5.4116628e-01   1.4170094e-02
   5.8240000e+03   5.4233060e-01   4.5319814e-04
   5.8320000e+03   4.6212815e-01   1.8067027e-02
   5.8400000e+03   5.4472609e-01   3.2956984e-02
   5.8480000e+03   5.0155560e-01  -9.4303506e-02
   5.8560000e+03   5.9512197e-01   6.1426160e-03
   5.8640000e+03   4.5864968e-01  -2.3845247e-02
   5.8720000e+03   5.4178562e-01   5.9179630e-02
   5.8800000e+03   5.8752617e-01   1.4115665e-02
   5.8880000e+03   5.0441542e-01  -1.1802947e-02
   5.8960000e+03   4.8211335e-01   2.3574243e-02
   5.9040000e+03   5.3283492e-01   6.0088047e-03
   5.9120000e+03   5.4963020e-01  -6.2564211e-02
   5.9200000e+03   5.5243161e-01  -3.4099565e-03
   5.9280000e+03   4.9139718e-01  -2.6939658e-03
   5.9360000e+03   5.3403189e-01  -4.0607539e-03
   5.9440000e+03   4.9876645e-01  -7.2648541e-02
   5.9520000e+03   4.2028365e-01   6.3539392e-02
   5.9600000e+03   4.8052361e-01  -9.3432301e-02
   5.9680000e+03   6.0651833e-01  -6.3171233e-03
   5.9760000e+03   5.4816902e-01   2.3456819e-02
   5.9840000e+03   5.5813372e-01   1.2718804e-02
   5.9920000e+03   5.0431173e-01  -5.0584446e-03
   6.0000000e+03   5.3686773e-01   1.1600896e-01
   6.0080000e+03   5.0953408e-01   7.9018252e-02
   6.0160000e+03   5.4052409e-01   4.8089577e-02
   6.0240000e+03   5.1916097e-01   1.0505392e-01
   6.0320000e+03   5.6020939e-01   6.4419856e-03
   6.0400000e+03   5.7398740e-01   3.4747197e-02
   6.0480000e+03   5.8568209e-01   1.9367354e-02
   6.0560000e+03   6.0231110e-01  -2.9084238e-02
   6.0640000e+03   5.0801624e-01  -3.8938157e-02
   6.0720000e+03   3.9461647e-01   7.0626222e-02
   6.0800000e+03   4.7594539e-01   1.9895957e-02
   6.0880000e+03   4.6388549e-01   2.8725542e-02
   6.0960000e+03   5.0755395e-01  -8.8627322e-04
   6.1040000e+03   5.0332593e-01   5.4977746e-02
   6.1120000e+03   5.1655204e-01   3.9438351e-02
   6.1200000e+03   5.1965337e-01   1.0333770e-02
   6.1280000e+03   5.2512789e-01   4.0365908e-02
   6.1360000e+03   4.8788871e-01   5.0266232e-02
   6.1440000e+03   5.0815446e-01   5.1675085e-02
   6.1520000e+03   5.1320203e-01   3.9347281e-02
   6.1600000e+03   5.4955239e-01   1.6672823e-02
   6.1680000e+03   5.3037819e-01  -1.5813188e-02
   6.1760000e+03   4.8810059e-01  -2.8954190e-02
   6.1840000e+03   5.2262671e-01   6.5445548e-03
   6.1920000e+03   5.1851303e-01  -1.6456853e-03
   6.2000000e+03   5.0777545e-01   5.3292319e-02
   6.2080000e+03   5.0609136e-01   1.1361719e-02
   6.2160000e+03   5.6687778e-01  -1.3068142e-01
   6.2240000e+03   5.3838455e-01   2.6169891e-02
   6.2320000e+03   5.7370577e-01  -1.5737999e-02
   6.2400000e+03   4.7328118e-01   2.3562560e-02
   6.2480000e+03   5.1807525e-01   8.0827857e-02
   6.2560000e+03   5.0613894e-01   5.2947407e-02
   6.2640000e+03   5.6847090e-01  -7.6840189e-03
   6.2720000e+03   5.4378691e-01  -1.4492199e-02
   6.2800000e+03   5.1589685e-01  -2.4696330e-02
   6.2880000e+03   4.9024523e-01   3.0393817e-02
   6.2960000e+03   4.6129778e-01  -1.3702803e-02
   6.3040000e+03   4.8896753e-01  -8.4829836e-03
   6.3120000e+03   5.8121930e-01   7.6656329e-03
   6.3200000e+03   4.7501443e-01   1.0491256e-01
   6.3280000e+03   4.8366607e-01   9.8961981e-03
   6.3360000e+03   5.3547362e-01  -6.3202859e-02
   6.3440000e+03   4.1023768e-01   3.5547492e-02
   6.3520000e+03   4.9363271e-01  -7.7530173e-02
   6.3600000e+03   5.1393524e-01  -2.0098897e-02
   6.3680000e+03   4.9749626e-01   3.2340516e-02
   6.3760000e+03   4.9364974e-01   2.1153586e-02
   6.3840000e+03   5.4387228e-01   9.3773326e-03
   6.3920000e+03   5.4309073e-01  -2.9180213e-02
   6.4000000e+03   5.2992991e-01   3.0705968e-02
   6.4080000e+03   4.9541322e-01  -9.9173517e-03
   6.4160000e+03   5.6200312e-01  -5.3044980e-02
   6.4240000e+03   4.7909142e-01   1.1845824e-02
   6.4320000e+03   4.7512702e-01   4.2765568e-03
   6.4400000e+03   5.7933250e-01   6.0659366e-02
   6.4480000e+03   5.5247671e-01  -5.1654314e-04
   6.4560000e+03   5.6680561e-01  -2.4964295e-02
   6.4640000e+03   4.8858410e-01  -2.8202157e-02
   6.4720000e+03   4.9623316e-01   1.4593502e-01
   6.4800000e+03   5.0060671e-01  -1.7107971e-02
   6.4880000e+03   5.1183408e-01   2.9075294e-02
   6.4960000e+03   4.7739130e-01  -3.6257685e-02
   6.5040000e+03   4.3428701e-01   3.9337162e-02
   6.5120000e+03   4.7065931e-01   6.5259734e-03
   6.5200000e+03   4.6499992e-01  -3.4183746e-02
   6.5280000e+03   5.4786855e-01   4.4424487e-02
   6.5360000e+03   4.9881095e-01  -1.2353218e-02
   6.5440000e+03   4.5248960e-01  -2.4369435e-02
   6.5520000e+03   5.5433175e-01   5.3305585e-02
   6.5600000e+03   4.1761857e-01   6.0406364e-02
   6.5680000e+03   5.7297183e-01   3.5755908e-03
   6.5760000e+03   5.0540310e-01  -2.3465656e-02
   6.5840000e+03   4.8420870e-01   4.4514052e-03
   6.5920000e+03   5.2779783e-01  -2.5684478e-02
   6.6000000e+03   5.3216823e-01  -2.4093070e-02
   6.6080000e+03   5.0348313e-01  -6.6213455e-02
   6.6160000e+03   4.4807855e-01   1.6145310e-02
   6.6240000e+03   4.9881452e-01  -4.3785362e-02
   6.6320000e+03   4.4440621e-01   2.1385536e-02
   6.6400000e+03   5.8365508e-01   4.8764472e-02
   6.6480000e+03   5.5188019e-01  -6.2571555e-04
   6.6560000e+03   4.7731435e-01  -9.2049993e-03
   6.6640000e+03   4.7839390e-01  -7.9386206e-02
   6.6720000e+03   5.4329039e-01   6.3255718e-02
   6.6800000e+03   5.2902844e-01  -1.5570554e-02
   6.6880000e+03   4.8012165e-01   4.4429225e-02
   6.6960000e+03   5.0721283e-01  -5.4650931e-02
   6.7040000e+03   5.0740258e-01  -7.3076822e-02
   6.7120000e+03   4.0735381e-01  -4.0525174e-02
   6.7200000e+03   5.5720214e-01  -3.9965597e-02
   6.7280000e+03   5.1512302e-01   6.6734323e-02
   6.7360000e+03   5.4812954e-01   2.1969338e-02
   6.7440000e+03   4.7503814e-01  -9.1772196e-03
   6.7520000e+03   4.3091293e-01  -8.0160677e-03
   6.7600000e+03   5.1074114e-01  -3.0619216e-02
   6.7680000e+03   5.1063437e-01   1.1693770e-02
   6.7760000e+03   5.7793053e-01  -5.8298133e-02
   6.7840000e+03   4.9093014e-01   2.6082164e-03
   6.7920000e+03   5.2621538e-01  -3.4169007e-02
   6.8000000e+03   5.1302624e-01   7.4761026e-02
   6.8080000e+03   5.2985164e-01   4.9649597e-02
   6.8160000e+03   4.3912808e-01  -3.0512841e-02
   6.8240000e+03   5.2949497e-01  -8.8363196e-03
   6.8320000e+03   5.3799469e-01  -9.0888438e-02
   6.8400000e+03   5.1928094e-01   3.1528512e-02
   6.8480000e+03   4.5577839e-01   7.6364964e-02
   6.8560000e+03   4.9853806e-01   3.9354261e-02
   6.8640000e+03   5.1892138e-01  -5.2485147e-02
   6.8720000e+03   5.6690837e-01   5.0384300e-02
   6.8800000e+03   4.7044479e-01   6.4490409e-02
   6.8880000e+03   5.3809100e-01  -3.2846660e-02
   6.8960000e+03   4.7138624e-01  -1.4406528e-02
   6.9040000e+03   4.7980720e-01   5.3850945e-02
   6.9120000e+03   4.0733343e-01  -3.1942709e-02
   6.9200000e+03   4.8844649e-01   3.0733848e-02
   6.9280000e+03   5.1192984e-01   2.8926298e-02
   6.9360000e+03   4.6543328e-01   3.9963005e-02
   6.9440000e+03   5.1190428e-01  -4.3453547e-02
   6.9520000e+03   4.8249194e-01  -1.3409259e-02
   6.9600000e+03   5.3798311e-01   4.4104755e-02
   6.9680000e+03   4.2625500e-01   5.0981555e-03
   6.9760000e+03   4.2731981e-01   1.4132124e-02
   6.9840000e+03   5.1121490e-01   1.7580887e-02
   6.9920000e+03   4.0814620e-01   4.2888480e-02
   7.0000000e+03   4.7343194e-01   5.6392163e-02
   7.0080000e+03   4.9363038e-01  -1.1255411e-02
   7.0160000e+03   4.8791963e-01  -8.2636821e-02
