   0.0000000e+00   9.8601184e-01   2.8492726e-03
   1.6000000e+01   9.9125677e-01  -1.6614711e-02
   3.2000000e+01   9.4780149e-01   3.1865136e-02
   4.8000000e+01   9.4145131e-01   1.4513599e-02
   6.4000000e+01   9.9079654e-01  -2.1580276e-02
   8.0000000e+01   9.9980126e-01   2.2605906e-02
   9.6000000e+01   9.9995762e-01  -2.9916865e-02
   1.1200000e+02   9.3416377e-01   1.1392748e-02
   1.2800000e+02   9.7782765e-01   1.0647939e-02
   1.4400000e+02   9.8594699e-01  -2.0522989e-02
   1.6000000e+02   9.8657507e-01   2.3482625e-02
   1.7600000e+02   9.9068197e-01  -1.5409567e-02
   1.9200000e+02   9.6788163e-01  -3.4024763e-02
   2.0800000e+02   1.0225335e+00  -1.5145639e-02
   2.2400000e+02   1.0037511e+00  -6.9259487e-02
   2.4000000e+02   1.0116853e+00   8.6930168e-03
   2.5600000e+02   9.9132759e-01  -1.2718802e-02
   2.7200000e+02   9.8681931e-01  -4.1923610e-02
   2.8800000e+02   9.9604252e-01  -8.6699088e-03
   3.0400000e+02   1.0210634e+00  -9.6803391e-03
   3.2000000e+02   9.6559227e-01  -1.4924442e-02
   3.3600000e+02   1.0036169e+00   2.3213793e-02
   3.5200000e+02   9.9580274e-01   1.5220697e-02
   3.6800000e+02   9.9026571e-01   1.1762617e-03
   3.8400000e+02   9.7613643e-01  -1.2332141e-02
   4.0000000e+02   9.9597577e-01  -2.9113355e-02
   4.1600000e+02   9.9585496e-01   5.2364198e-04
   4.3200000e+02   9.8413689e-01  -8.1693375e-03
   4.4800000e+02   9.9090860e-01   1.0800637e-02
   4.6400000e+02   9.7506100e-01   1.0559153e-02
   4.8000000e+02   9.6607981e-01  -7.5554505e-03
   4.9600000e+02   9.6074986e-01   6.9161605e-03
   5.1200000e+02   9.6597090e-01  -2.8484053e-02
   5.2800000e+02   9.7823405e-01   1.0744523e-02
   5.4400000e+02   1.0099751e+00  -7.5797567e-03
   5.6000000e+02   9.4738593e-01   2.6231010e-03
   5.7600000e+02   9.9115437e-01   1.6769427e-02
   5.9200000e+02   9.6313212e-01   1.5961488e-02
   6.0800000e+02   9.7460384e-01   1.6702800e-02
   6.2400000e+02   9.6923512e-01   9.9726200e-03
   6.4000000e+02   9.4642700e-01   3.6102055e-03
   6.5600000e+02   9.3800263e-01   9.1675712e-03
   6.7200000e+02   9.6418618e-01  -3.3519664e-02
   6.8800000e+02   9.6575061e-01  -2.5356041e-02
   7.0400000e+02   9.4436317e-01  -2.3390005e-02
   7.2000000e+02   9.3847096e-01   5.0273528e-02
   7.3600000e+02   9.4014328e-01  -9.4571671e-03
   7.5200000e+02   8.8906901e-01   5.9564513e-03
   7.6800000e+02   9.0978228e-01  -2.7347459e-02
   7.8400000e+02   9.2659253e-01   2.7685895e-02
   8.0000000e+02   9.2698350e-01  -1.8198586e-02
   8.1600000e+02   9.1437769e-01  -8.5754754e-03
   8.3200000e+02   9.4785846e-01  -6.4993618e-03
   8.4800000e+02   8.9672738e-01   1.7116728e-02
   8.6400000e+02   9.0678719e-01  -1.5682073e-02
   8.8000000e+02   9.1273725e-01  -1.3951835e-02
   8.9600000e+02   8.7586329e-01   1.1810142e-02
   9.1200000e+02   9.0889091e-01  -3.5708827e-02
   9.2800000e+02   8.7873471e-01   1.8763033e-02
   9.4400000e+02   8.9103797e-01  -1.4407295e-02
   9.6000000e+02   8.8034365e-01   2.5916822e-02
   9.7600000e+02   8.8020438e-01  -3.5457648e-02
   9.9200000e+02   8.7579092e-01  -7.2176598e-03
   1.0080000e+03   8.6789438e-01  -4.3013965e-02
   1.0240000e+03   8.3715457e-01  -3.4603773e-02
   1.0400000e+03   8.8130951e-01   3.5510136e-03
   1.0560000e+03   8.4081476e-01  -2.8764193e-02
   1.0720000e+03   8.9065513e-01  -7.7017442e-03
   1.0880000e+03   8.5899669e-01  -3.7609090e-02
   1.1040000e+03   8.1486160e-01  -5.6194492e-02
   1.1200000e+03   8.2723801e-01   6.7844695e-03
   1.1360000e+03   8.0697210e-01   3.7209149e-02
   1.1520000e+03   8.4056261e-01   5.3902818e-02
   1.1680000e+03   8.2484748e-01   2.4280794e-02
   1.1840000e+03   8.5334536e-01  -9.6501933e-03
   1.2000000e+03   8.0611102e-01   2.2736083e-02
   1.2160000e+03   8.1434750e-01  -3.4771914e-02
   1.2320000e+03   7.9514500e-01   1.1670907e-02
   1.2480000e+03   7.9678980e-01  -1.2448706e-02
   1.2640000e+03   8.1428223e-01   2.8193171e-03
   1.2800000e+03   8.2060030e-01   2.2186247e-02
   1.2960000e+03   8.1807897e-01  -1.6760709e-03
   1.3120000e+03   8.0726032e-01   2.1177846e-02
   1.3280000e+03   7.8343341e-01   1.5953896e-02
   1.3440000e+03   7.8192311e-01  -5.0268807e-02
   1.3600000e+03   7.7868582e-01  -8.2314641e-04
   1.3760000e+03   7.4873261e-01   6.0019717e-04
   1.3920000e+03   7.8573971e-01  -8.3442878e-03
   1.4080000e+03   7.7182874e-01   1.1091412e-02
   1.4240000e+03   7.7198038e-01   1.8985661e-03
   1.4400000e+03   7.4281660e-01   2.7059845e-02
   1.4560000e+03   7.5182134e-01  -6.9322259e-02
   1.4720000e+03   7.2194491e-01  -6.8829618e-03
   1.4880000e+03   7.3555028e-01   3.6270485e-03
   1.5040000e+03   7.4747216e-01  -8.1985927e-04
   1.5200000e+03   7.3866805e-01   1.8274462e-02
   1.5360000e+03   7.4700949e-01  -2.9156822e-03
   1.5520000e+03   7.6902888e-01   6.3699096e-03
   1.5680000e+03   7.4831874e-01  -4.3523714e-02
   1.5840000e+03   7.4596610e-01  -4.2265954e-03
   1.6000000e+03   7.4122062e-01  -3.0086416e-02
   1.6160000e+03   6.9794026e-01   6.2535931e-03
   1.6320000e+03   7.0146737e-01   6.2894708e-03
   1.6480000e+03   7.2666160e-01  -9.3675459e-03
   1.6640000e+03   7.4229240e-01   1.3069344e-02
   1.6800000e+03   7.1682224e-01  -2.0514708e-02
   1.6960000e+03   7.2083875e-01   1.7312497e-02
   1.7120000e+03   6.8947429e-01   8.1105905e-03
   1.7280000e+03   6.9690781e-01   9.8653318e-03
   1.7440000e+03   7.0412189e-01   2.8996279e-02
   1.7600000e+03   7.2252061e-01  -1.2981179e-02
   1.7760000e+03   7.1826239e-01  -1.9466465e-02
   1.7920000e+03   6.7713462e-01  -7.0171765e-03
   1.8080000e+03   7.1130757e-01   1.1865692e-04
   1.8240000e+03   6.9081115e-01   1.7291918e-02
   1.8400000e+03   7.0209177e-01  -2.8721221e-03
   1.8560000e+03   6.8052548e-01   7.3533002e-03
   1.8720000e+03   7.0463734e-01   2.9730641e-02
   1.8880000e+03   6.5234423e-01  -1.1072244e-02
   1.9040000e+03   6.7320798e-01   1.3588911e-03
   1.9200000e+03   6.4693525e-01   4.8696259e-03
   1.9360000e+03   6.8143412e-01  -1.0292645e-02
   1.9520000e+03   6.7550356e-01   2.5420275e-02
   1.9680000e+03   6.6293006e-01   1.9513141e-02
   1.9840000e+03   6.6508514e-01   2.1689903e-02
   2.0000000e+03   7.1136503e-01  -1.5188352e-02
   2.0160000e+03   6.6282526e-01   1.4406860e-02
   2.0320000e+03   6.5863863e-01   2.5879870e-02
   2.0480000e+03   6.4824880e-01   1.6092265e-02
   2.0640000e+03   6.8701401e-01  -1.2011800e-02
   2.0800000e+03   6.3520503e-01  -3.4418152e-02
   2.0960000e+03   6.2680191e-01  -3.2484458e-02
   2.1120000e+03   6.5673527e-01   1.3381180e-02
   2.1280000e+03   6.5674467e-01   3.8130892e-03
   2.1440000e+03   6.4722568e-01  -1.0559143e-02
   2.1600000e+03   6.6221939e-01  -1.1825450e-02
   2.1760000e+03   6.3979663e-01   2.2950705e-02
   2.1920000e+03   6.4948240e-01  -2.6197243e-03
   2.2080000e+03   6.4843761e-01  -1.7505526e-03
   2.2240000e+03   6.2540508e-01   4.0717137e-02
   2.2400000e+03   5.7738491e-01  -3.0238698e-02
   2.2560000e+03   6.4370656e-01   2.0692274e-02
   2.2720000e+03   6.4110845e-01  -1.0795198e-02
   2.2880000e+03   6.3189879e-01  -3.3918495e-02
   2.3040000e+03   6.3357743e-01   1.2615363e-02
   2.3200000e+03   6.5744356e-01   3.9283732e-02
   2.3360000e+03   6.3986601e-01  -1.6640200e-02
   2.3520000e+03   6.2798101e-01  -1.2437085e-03
   2.3680000e+03   5.6919356e-01  -2.5594576e-02
   2.3840000e+03   6.1116299e-01   1.3693868e-02
   2.4000000e+03   6.1559953e-01  -1.4354816e-02
   2.4160000e+03   6.4136497e-01  -2.8707882e-02
   2.4320000e+03   6.3562177e-01  -2.3116747e-02
   2.4480000e+03   5.8631304e-01  -1.4843225e-02
   2.4640000e+03   6.2124264e-01  -5.6439967e-03
   2.4800000e+03   6.1515063e-01  -1.9358681e-03
   2.4960000e+03   5.9923320e-01   1.5416523e-02
   2.5120000e+03   6.1714613e-01   2.5484299e-02
   2.5280000e+03   5.9884660e-01   5.5586602e-03
   2.5440000e+03   6.1080022e-01  -4.5176875e-02
   2.5600000e+03   6.0075952e-01   1.2766470e-02
   2.5760000e+03   5.6709872e-01   6.9855054e-03
   2.5920000e+03   5.6769253e-01   6.2535155e-03
   2.6080000e+03   5.7655120e-01   3.4273149e-02
   2.6240000e+03   5.8371126e-01  -6.0784991e-03
   2.6400000e+03   5.7512105e-01  -4.9624631e-03
   2.6560000e+03   6.1542293e-01   5.8478097e-03
   2.6720000e+03   6.1210906e-01   3.7751729e-03
   2.6880000e+03   5.9596981e-01  -1.0887761e-03
   2.7040000e+03   5.8984952e-01   3.0095225e-02
   2.7200000e+03   6.0194742e-01   2.0510922e-02
   2.7360000e+03   5.8450275e-01  -1.8146701e-02
   2.7520000e+03   5.6463602e-01   2.4716569e-02
   2.7680000e+03   5.8722823e-01  -1.6749779e-02
   2.7840000e+03   5.6084305e-01   1.6134360e-02
   2.8000000e+03   6.1583881e-01   5.0652858e-03
   2.8160000e+03   5.7183511e-01  -1.4235625e-02
   2.8320000e+03   5.3564476e-01  -1.5814838e-02
   2.8480000e+03   5.7403900e-01   8.8138668e-03
   2.8640000e+03   5.8549767e-01  -2.0388540e-02
   2.8800000e+03   6.0551566e-01  -9.2870236e-03
   2.8960000e+03   5.5859613e-01  -1.5402505e-02
   2.9120000e+03   5.8289361e-01   1.9702083e-02
   2.9280000e+03   5.7446119e-01   1.7391895e-02
   2.9440000e+03   5.6510880e-01  -3.2818057e-02
   2.9600000e+03   6.2256502e-01   3.5068382e-02
   2.9760000e+03   5.9918156e-01  -1.0711932e-02
   2.9920000e+03   5.9118315e-01   2.4912145e-02
   3.0080000e+03   5.7819274e-01  -2.0572834e-02
   3.0240000e+03   5.7350612e-01   3.1529453e-03
   3.0400000e+03   5.3834700e-01   3.1324115e-02
   3.0560000e+03   5.9025669e-01   5.1545496e-02
   3.0720000e+03   5.6434701e-01   1.6729985e-02
   3.0880000e+03   6.1964081e-01   1.6233597e-03
   3.1040000e+03   5.7388580e-01   4.5907425e-03
   3.1200000e+03   5.4904432e-01  -2.7623319e-02
   3.1360000e+03   5.6488260e-01   1.9079120e-02
   3.1520000e+03   5.7530165e-01   1.4930906e-02
   3.1680000e+03   5.4972613e-01   4.9850639e-04
   3.1840000e+03   5.9844962e-01   2.1919377e-02
   3.2000000e+03   5.7933760e-01  -8.6262999e-03
   3.2160000e+03   5.5693208e-01   2.2837304e-02
   3.2320000e+03   5.4569650e-01  -6.8895942e-03
   3.2480000e+03   5.5779229e-01  -1.7636925e-02
   3.2640000e+03   5.7528457e-01   3.9440355e-02
   3.2800000e+03   5.2061681e-01   3.7219719e-02
   3.2960000e+03   5.6382994e-01   5.8292764e-03
   3.3120000e+03   5.5925324e-01   6.4084758e-02
   3.3280000e+03   5.3746098e-01   1.3721259e-02
   3.3440000e+03   5.0081714e-01   1.3370248e-02
   3.3600000e+03   5.4857833e-01   9.6645362e-03
   3.3760000e+03   5.5003169e-01   9.8386382e-03
   3.3920000e+03   5.7654725e-01  -1.2753878e-02
   3.4080000e+03   5.8811450e-01   2.0333984e-03
   3.4240000e+03   5.4657023e-01  -2.1851460e-02
   3.4400000e+03   5.5128183e-01  -5.0650898e-02
   3.4560000e+03   5.6789668e-01   2.1511144e-02
   3.4720000e+03   5.8210941e-01  -2.0149884e-02
   3.4880000e+03   5.6435867e-01   1.5164793e-02
   3.5040000e+03   5.6725716e-01   3.5296929e-02
   3.5200000e+03   5.3801539e-01   2.9117363e-03
   3.5360000e+03   5.6357242e-01   2.5515684e-02
   3.5520000e+03   5.8290488e-01   2.3295308e-02
   3.5680000e+03   5.5507386e-01   7.9763886e-03
   3.5840000e+03   5.9042397e-01  -1.0130114e-02
   3.6000000e+03   5.7597826e-01   9.3784854e-03
   3.6160000e+03   5.6412817e-01   1.8240208e-02
   3.6320000e+03   5.2826711e-01  -2.4670136e-02
   3.6480000e+03   5.8372320e-01   1.2221119e-02
   3.6640000e+03   5.5532426e-01  -2.2780658e-02
   3.6800000e+03   5.5865725e-01   2.1608341e-02
   3.6960000e+03   5.4249880e-01  -8.3975952e-03
   3.7120000e+03   5.5733554e-01  -9.9901638e-03
   3.7280000e+03   5.6359366e-01   5.5132149e-03
   3.7440000e+03   5.5579645e-01  -2.7538143e-02
   3.7600000e+03   6.1113292e-01   2.1999312e-02
   3.7760000e+03   6.0430027e-01   2.9560015e-02
   3.7920000e+03   5.6832176e-01   2.8215998e-02
   3.8080000e+03   5.9397368e-01  -5.0096509e-03
   3.8240000e+03   5.7214322e-01  -6.6734037e-03
   3.8400000e+03   5.7609776e-01   7.0104603e-03
   3.8560000e+03   5.4573519e-01   6.8288091e-03
   3.8720000e+03   5.7149150e-01  -2.1953380e-02
   3.8880000e+03   5.3866234e-01  -4.9228471e-03
   3.9040000e+03   5.8151454e-01   1.4042379e-02
   3.9200000e+03   5.7383825e-01   1.4095952e-02
   3.9360000e+03   5.8542719e-01  -1.8432538e-02
   3.9520000e+03   5.5854687e-01  -1.9595539e-02
   3.9680000e+03   5.6907929e-01   1.3653564e-02
   3.9840000e+03   5.5832453e-01   9.1857604e-04
   4.0000000e+03   5.7756299e-01  -5.2575835e-03
   4.0160000e+03   5.9465797e-01  -2.6615200e-02
   4.0320000e+03   5.5714974e-01   2.0237270e-02
   4.0480000e+03   5.4688679e-01   2.4974978e-02
   4.0640000e+03   5.6926259e-01   3.5839278e-02
   4.0800000e+03   5.8350480e-01   2.5017706e-02
   4.0960000e+03   5.7204018e-01   3.0485435e-02
   4.1120000e+03   5.8192077e-01   7.0628591e-04
   4.1280000e+03   5.8585980e-01   3.1157725e-03
   4.1440000e+03   5.4861919e-01   2.5281824e-02
   4.1600000e+03   5.6681314e-01  -7.9090876e-03
   4.1760000e+03   5.7547717e-01  -3.5211672e-02
   4.1920000e+03   5.6930107e-01  -2.8077857e-03
   4.2080000e+03   5.5635400e-01   5.2570094e-03
   4.2240000e+03   5.8429557e-01   1.4112117e-02
   4.2400000e+03   5.7193226e-01  -2.9738664e-02
   4.2560000e+03   5.5461661e-01   7.4566938e-03
   4.2720000e+03   5.5934348e-01   1.5600291e-02
   4.2880000e+03   5.6457544e-01  -1.4615045e-02
   4.3040000e+03   5.4187995e-01  -4.3351396e-02
   4.3200000e+03   5.6977226e-01   6.0710088e-03
   4.3360000e+03   5.5535498e-01   9.0961713e-03
   4.3520000e+03   5.4639822e-01   2.2084300e-02
   4.3680000e+03   5.8657394e-01   1.8034228e-02
   4.3840000e+03   5.7546070e-01   3.6402772e-02
   4.4000000e+03   5.2294212e-01   1.1271992e-02
   4.4160000e+03   5.7960362e-01   6.0373841e-03
   4.4320000e+03   5.5690869e-01   7.7862775e-03
   4.4480000e+03   5.5251889e-01   1.4469192e-02
   4.4640000e+03   6.0056235e-01  -1.4887253e-02
   4.4800000e+03   5.4349358e-01  -4.4954133e-03
   4.4960000e+03   5.7017133e-01  -3.4122133e-02
   4.5120000e+03   5.7516467e-01  -2.8916065e-02
   4.5280000e+03   5.7067730e-01   4.9589493e-03
   4.5440000e+03   5.8909421e-01   3.6546553e-02
   4.5600000e+03   5.8508343e-01   1.2189306e-02
   4.5760000e+03   5.5843486e-01  -8.1531815e-03
   4.5920000e+03   5.5374739e-01   2.2946233e-02
   4.6080000e+03   5.5552775e-01   5.3446198e-03
   4.6240000e+03   5.8991854e-01  -1.5909195e-02
   4.6400000e+03   5.5712862e-01  -4.5518751e-03
   4.6560000e+03   5.5048295e-01  -1.7390725e-02
   4.6720000e+03   5.2815358e-01   1.0079878e-02
   4.6880000e+03   5.3574152e-01   1.9039703e-02
   4.7040000e+03   6.1731455e-01   1.3452170e-03
   4.7200000e+03   5.5571608e-01  -1.4980572e-02
   4.7360000e+03   5.6035861e-01   3.1717931e-02
   4.7520000e+03   5.0913009e-01  -2.8997504e-02
   4.7680000e+03   5.4426387e-01   3.6202770e-02
   4.7840000e+03   5.7817059e-01   1.9641095e-02
   4.8000000e+03   5.5506024e-01   5.8073342e-03
   4.8160000e+03   5.7788096e-01   2.0408873e-02
   4.8320000e+03   6.0168445e-01   9.2845488e-03
   4.8480000e+03   5.9108306e-01   3.2792442e-02
   4.8640000e+03   5.5184718e-01  -3.2383579e-02
   4.8800000e+03   5.3579286e-01  -1.6739294e-02
   4.8960000e+03   5.7796757e-01   1.7740715e-03
   4.9120000e+03   5.5895039e-01   1.5005622e-03
   4.9280000e+03   5.3283750e-01   1.1938511e-03
   4.9440000e+03   5.5260764e-01   1.2639311e-02
   4.9600000e+03   5.6502623e-01  -4.4205977e-02
   4.9760000e+03   5.7193821e-01   3.6241461e-02
   4.9920000e+03   5.7526351e-01  -2.3689112e-02
   5.0080000e+03   5.6848059e-01   7.7997217e-03
   5.0240000e+03   5.6612809e-01   8.2681155e-04
   5.0400000e+03   5.4691948e-01  -1.6442512e-02
   5.0560000e+03   6.3716532e-01  -2.3569358e-03
   5.0720000e+03   5.6068159e-01  -7.3683254e-03
   5.0880000e+03   5.6151316e-01  -3.5283616e-02
   5.1040000e+03   5.8459180e-01  -2.9606152e-03
   5.1200000e+03   5.5463764e-01   4.1352672e-03
   5.1360000e+03   5.8278938e-01   5.8246236e-03
   5.1520000e+03   5.6772820e-01  -1.5086726e-02
   5.1680000e+03   5.7011169e-01  -4.2047890e-03
   5.1840000e+03   5.2406950e-01  -5.7371926e-03
   5.2000000e+03   5.6329824e-01   1.4303445e-02
   5.2160000e+03   5.8339996e-01   4.6790805e-03
   5.2320000e+03   5.3619992e-01   2.7937918e-02
   5.2480000e+03   5.7583291e-01   2.5189928e-03
   5.2640000e+03   5.4485893e-01   2.0635902e-02
   5.2800000e+03   5.8863085e-01   2.7518594e-02
   5.2960000e+03   5.7849943e-01   1.0819871e-02
   5.3120000e+03   5.4367037e-01  -2.2368785e-02
   5.3280000e+03   5.8131473e-01   5.2625995e-03
   5.3440000e+03   5.4481497e-01  -2.6608199e-02
   5.3600000e+03   5.5562116e-01  -1.7722465e-02
   5.3760000e+03   5.7858957e-01   9.2374163e-03
   5.3920000e+03   5.6693846e-01  -1.9854361e-02
   5.4080000e+03   5.5109658e-01  -2.6774714e-02
   5.4240000e+03   5.6700850e-01  -7.8076375e-03
   5.4400000e+03   5.7108800e-01  -1.6568533e-03
   5.4560000e+03   5.7616287e-01   2.5564026e-02
   5.4720000e+03   5.3999611e-01  -1.3589667e-02
   5.4880000e+03   5.6372161e-01  -1.0605503e-03
   5.5040000e+03   5.7773345e-01  -3.5322094e-02
   5.5200000e+03   5.5828597e-01   1.6593336e-02
   5.5360000e+03   5.7233908e-01  -1.5516750e-02
   5.5520000e+03   6.0768242e-01   8.7904521e-03
   5.5680000e+03   5.8118911e-01  -1.7508962e-02
   5.5840000e+03   5.4954058e-01  -9.6238211e-03
   5.6000000e+03   5.8014548e-01   4.3456051e-03
   5.6160000e+03   5.6371659e-01  -1.9368438e-02
   5.6320000e+03   5.4086467e-01  -1.5575455e-03
   5.6480000e+03   5.8922278e-01   3.6365877e-02
   5.6640000e+03   5.5179192e-01   2.9544980e-02
   5.6800000e+03   5.6438560e-01   1.7612067e-02
   5.6960000e+03   5.4942786e-01   1.2864054e-02
   5.7120000e+03   5.6969673e-01  -5.9405362e-02
   5.7280000e+03   5.4600551e-01  -9.4013779e-03
   5.7440000e+03   5.1059253e-01   2.4737406e-02
   5.7600000e+03   5.6192886e-01  -1.5686593e-02
   5.7760000e+03   5.1972533e-01  -2.3811046e-02
   5.7920000e+03   5.8411192e-01   1.1738973e-02
   5.8080000e+03   5.8264568e-01   2.6140516e-02
   5.8240000e+03   5.8288947e-01  -4.8518249e-03
   5.8400000e+03   5.8360135e-01  -4.2504215e-04
   5.8560000e+03   5.6811777e-01  -3.3481602e-02
   5.8720000e+03   5.6204106e-01   2.3254009e-02
   5.8880000e+03   5.5078323e-01   9.5338856e-03
   5.9040000e+03   5.6080252e-01  -3.0477533e-02
   5.9200000e+03   5.5403951e-01  -7.2044448e-03
   5.9360000e+03   5.8772116e-01  -6.6474868e-03
   5.9520000e+03   5.8320122e-01   1.6862213e-03
   5.9680000e+03   5.5578880e-01  -1.6262144e-02
   5.9840000e+03   5.7385295e-01  -5.5343113e-03
   6.0000000e+03   6.0773770e-01   2.5602460e-03
   6.0160000e+03   5.7189629e-01   1.9297644e-03
   6.0320000e+03   5.6076597e-01  -3.0527658e-03
   6.0480000e+03   5.8843149e-01  -9.6065217e-03
   6.0640000e+03   5.5404049e-01   1.9510691e-02
   6.0800000e+03   5.4997577e-01  -3.6653891e-03
   6.0960000e+03   5.5008943e-01   5.5507416e-03
   6.1120000e+03   6.0075316e-01  -1.6110259e-02
   6.1280000e+03   5.4289383e-01   1.3253326e-02
   6.1440000e+03   5.8286955e-01   1.7156733e-02
   6.1600000e+03   5.8296744e-01   2.4770441e-02
   6.1760000e+03   5.6156827e-01  -9.6832837e-05
   6.1920000e+03   5.7388379e-01  -6.2949167e-03
   6.2080000e+03   5.8449802e-01   3.5560622e-02
   6.2240000e+03   5.7129040e-01   2.5240703e-02
   6.2400000e+03   5.4712693e-01  -1.6325190e-02
   6.2560000e+03   5.7334253e-01  -1.2619076e-02
   6.2720000e+03   5.7520877e-01  -7.6723473e-03
   6.2880000e+03   5.3094151e-01  -5.3333166e-02
   6.3040000e+03   5.3807282e-01  -4.6693016e-02
   6.3200000e+03   5.6275074e-01  -1.9135116e-02
   6.3360000e+03   5.4011028e-01  -1.7560080e-02
   6.3520000e+03   6.0102804e-01  -6.3042354e-03
   6.3680000e+03   5.7853774e-01  -1.3032353e-02
   6.3840000e+03   5.6564866e-01  -3.6583397e-02
   6.4000000e+03   5.3501723e-01   2.1211276e-02
   6.4160000e+03   5.5256243e-01   2.7392010e-03
   6.4320000e+03   5.7350999e-01   6.9702913e-03
   6.4480000e+03   5.4871858e-01  -4.7827495e-03
   6.4640000e+03   5.6451286e-01  -7.3505069e-03
   6.4800000e+03   5.8201309e-01  -4.1089966e-03
   6.4960000e+03   5.8603041e-01  -1.7421420e-02
   6.5120000e+03   5.7603110e-01  -6.7263502e-03
   6.5280000e+03   5.4826121e-01   4.4929401e-02
   6.5440000e+03   5.5203070e-01   3.7046576e-03
   6.5600000e+03   5.5896718e-01  -1.4719121e-02
   6.5760000e+03   5.4987341e-01   4.2995243e-03
   6.5920000e+03   5.5473565e-01  -2.4188694e-02
   6.6080000e+03   5.6196662e-01   2.8125934e-02
   6.6240000e+03   5.7925992e-01  -7.1620834e-03
   6.6400000e+03   5.2621750e-01  -4.7104983e-02
   6.6560000e+03   5.8999918e-01  -8.4983741e-03
   6.6720000e+03   5.7075111e-01   1.6560327e-02
   6.6880000e+03   5.9519952e-01   2.0349538e-03
   6.7040000e+03   5.2274325e-01  -4.0401510e-02
   6.7200000e+03   5.5796981e-01  -3.1598992e-02
   6.7360000e+03   5.5007411e-01  -2.3036517e-02
   6.7520000e+03   5.4889973e-01   1.0001808e-02
   6.7680000e+03   5.5980892e-01   1.3443318e-02
   6.7840000e+03   5.7325910e-01  -1.0560793e-02
   6.8000000e+03   5.7559837e-01   4.1749985e-03
   6.8160000e+03   5.7792773e-01   1.4451565e-02
   6.8320000e+03   5.8291255e-01  -1.6073432e-03
   6.8480000e+03   6.0073600e-01   1.4817982e-02
   6.8640000e+03   5.4607848e-01   2.9634130e-02
   6.8800000e+03   5.7862024e-01  -1.4032282e-02
   6.8960000e+03   5.8937153e-01   2.3694278e-03
   6.9120000e+03   5.5635932e-01   3.9378370e-02
   6.9280000e+03   5.6896312e-01  -3.5935757e-02
   6.9440000e+03   5.6176235e-01   2.8453963e-02
   6.9600000e+03   5.9088267e-01  -2.9037273e-02
   6.9760000e+03   5.7671108e-01   8.1686382e-03
   6.9920000e+03   5.5293479e-01   1.6352236e-02
   7.0080000e+03   5.6777401e-01   6.6161095e-02
   7.0240000e+03   5.8704041e-01  -3.3159988e-02
   7.0400000e+03   5.2098715e-01   6.1542788e-03
   7.0560000e+03   5.4063811e-01  -4.4976511e-02
   7.0720000e+03   5.9427323e-01   2.9689737e-02
   7.0880000e+03   6.0324576e-01  -2.8980968e-04
   7.1040000e+03   6.1490311e-01  -1.7295585e-02
   7.1200000e+03   5.6093540e-01  -2.8562743e-02
   7.1360000e+03   5.6520951e-01  -1.0834287e-03
   7.1520000e+03   5.5896367e-01   2.5952384e-03
   7.1680000e+03   6.0007005e-01  -1.2075857e-02
   7.1840000e+03   5.6896308e-01   1.3808476e-03
   7.2000000e+03   5.4494917e-01   1.4817383e-02
   7.2160000e+03   5.6387035e-01   3.1634102e-03
   7.2320000e+03   5.5305052e-01   1.7127293e-02
   7.2480000e+03   5.4142207e-01  -3.8790260e-02
   7.2640000e+03   5.1079621e-01   9.1127535e-04
   7.2800000e+03   5.5787937e-01  -1.1001121e-02
   7.2960000e+03   5.4544172e-01  -6.5585290e-04
   7.3120000e+03   5.2604157e-01  -5.5054333e-03
   7.3280000e+03   5.5725149e-01   1.4113692e-02
   7.3440000e+03   5.3792506e-01  -4.6070244e-03
   7.3600000e+03   5.5005236e-01   5.2762544e-03
   7.3760000e+03   5.3351168e-01   3.2586542e-02
   7.3920000e+03   5.4858881e-01  -4.6869788e-02
   7.4080000e+03   5.4798067e-01   2.3012725e-02
   7.4240000e+03   5.6376401e-01   1.7851549e-02
   7.4400000e+03   5.8331991e-01   2.8248229e-02
   7.4560000e+03   5.5278149e-01   7.0033973e-03
   7.4720000e+03   5.6866332e-01   1.7217966e-02
   7.4880000e+03   5.8835655e-01   2.0969197e-02
   7.5040000e+03   5.4526608e-01  -2.8581111e-02
   7.5200000e+03   5.4255058e-01  -3.3688407e-02
   7.5360000e+03   5.8849306e-01   1.5332648e-03
   7.5520000e+03   5.3616702e-01  -1.1596487e-02
   7.5680000e+03   5.6022418e-01   4.8440256e-03
   7.5840000e+03   5.2219558e-01   1.5377041e-02
   7.6000000e+03   5.4699565e-01   2.3593350e-02
   7.6160000e+03   5.4314152e-01   1.7539642e-02
   7.6320000e+03   5.7064613e-01  -1.4416540e-03
   7.6480000e+03   5.3122697e-01   1.2978354e-02
   7.6640000e+03   5.9455666e-01  -1.2825144e-04
   7.6800000e+03   5.3789893e-01   6.5927556e-03
   7.6960000e+03   5.6626161e-01  -8.2877262e-03
   7.7120000e+03   5.5575145e-01  -1.9497398e-02
   7.7280000e+03   5.5169943e-01  -4.3865826e-02
   7.7440000e+03   5.4635888e-01   1.3989659e-02
   7.7600000e+03   5.9514523e-01   4.9555064e-04
   7.7760000e+03   5.5805514e-01   1.8699993e-02
   7.7920000e+03   5.2891089e-01  -7.4402977e-04
   7.8080000e+03   5.6070322e-01  -2.1501898e-02
   7.8240000e+03   5.7822306e-01   1.5019332e-02
   7.8400000e+03   5.7229172e-01   4.9116688e-02
   7.8560000e+03   5.5240213e-01  -1.0312523e-02
   7.8720000e+03   5.2356213e-01  -2.7220319e-02
   7.8880000e+03   5.2137401e-01  -2.7425998e-02
   7.9040000e+03   5.1453231e-01  -4.6325749e-02
   7.9200000e+03   5.7236924e-01   8.0793124e-03
   7.9360000e+03   5.2224458e-01   3.5533302e-02
   7.9520000e+03   5.4913096e-01  -3.4177351e-03
   7.9680000e+03   5.5287332e-01  -7.0682162e-04
   7.9840000e+03   5.7437950e-01  -1.3395769e-02
   8.0000000e+03   5.6981558e-01  -1.0965204e-02
   8.0160000e+03   5.7352682e-01  -2.4083208e-02
   8.0320000e+03   5.5937248e-01  -3.7840892e-03
   8.0480000e+03   5.7022160e-01  -3.0824880e-02
   8.0640000e+03   5.4551601e-01   1.7555304e-03
   8.0800000e+03   5.5732179e-01  -1.6030732e-02
   8.0960000e+03   5.3337917e-01   1.4488775e-02
   8.1120000e+03   5.2484282e-01  -1.8813936e-02
   8.1280000e+03   5.5189450e-01  -2.7807772e-02
   8.1440000e+03   5.4300631e-01   2.7011939e-02
   8.1600000e+03   5.3652781e-01   1.2188104e-02
   8.1760000e+03   5.3898431e-01   9.1439135e-04
   8.1920000e+03   5.4007717e-01  -1.4032688e-02
   8.2080000e+03   5.2948369e-01  -4.7417981e-03
   8.2240000e+03   5.1987432e-01   1.4955777e-02
   8.2400000e+03   5.5676605e-01  -1.4641815e-02
   8.2560000e+03   5.5306398e-01   3.8435124e-02
   8.2720000e+03   5.3489384e-01   7.3612448e-03
   8.2880000e+03   5.4078931e-01   2.1140245e-02
   8.3040000e+03   5.6539990e-01   4.1885830e-02
   8.3200000e+03   5.5591976e-01   2.8136104e-02
   8.3360000e+03   5.8028398e-01  -7.6831805e-03
   8.3520000e+03   5.3840663e-01  -1.1375793e-02
   8.3680000e+03   5.3240098e-01  -3.9493586e-03
   8.3840000e+03   5.5863743e-01   1.3717253e-02
   8.4000000e+03   5.3872674e-01   2.0162125e-02
   8.4160000e+03   5.6043644e-01   1.1644433e-02
   8.4320000e+03   5.3819600e-01   1.5886438e-02
   8.4480000e+03   5.6152089e-01   1.9015273e-02
   8.4640000e+03   5.4812389e-01  -6.8439754e-03
   8.4800000e+03   5.4131696e-01   5.5219647e-02
   8.4960000e+03   5.0229904e-01   3.6689772e-03
   8.5120000e+03   5.3628736e-01  -1.4238482e-03
   8.5280000e+03   5.2574066e-01  -9.7511621e-03
   8.5440000e+03   5.2245174e-01   3.7024447e-02
   8.5600000e+03   5.4789080e-01   1.8990863e-02
   8.5760000e+03   5.3342065e-01   2.1465579e-02
   8.5920000e+03   5.5874555e-01  -8.3606691e-03
   8.6080000e+03   5.4128238e-01  -3.0443229e-02
   8.6240000e+03   5.5448410e-01  -5.3408197e-03
   8.6400000e+03   5.2908256e-01   1.9169808e-02
   8.6560000e+03   5.6398392e-01  -2.6594519e-02
   8.6720000e+03   5.8219543e-01  -1.6364580e-02
   8.6880000e+03   5.7004949e-01  -3.5804197e-02
   8.7040000e+03   5.3663649e-01   2.7255417e-03
   8.7200000e+03   5.4596193e-01  -3.7678690e-02
   8.7360000e+03   5.1730572e-01   1.5773662e-02
   8.7520000e+03   5.2256828e-01   1.1803664e-02
   8.7680000e+03   4.9947711e-01   3.9258959e-02
   8.7840000e+03   5.4115395e-01   4.0628225e-02
   8.8000000e+03   5.3371008e-01  -6.5578090e-03
   8.8160000e+03   5.5939786e-01  -1.6706341e-03
   8.8320000e+03   5.3572857e-01   1.3785078e-02
   8.8480000e+03   5.4869839e-01   2.6944792e-03
   8.8640000e+03   5.4696874e-01   3.4488634e-02
   8.8800000e+03   5.6615884e-01  -4.0926732e-03
   8.8960000e+03   5.5259446e-01   1.7970696e-02
   8.9120000e+03   5.0974246e-01  -2.8689845e-02
   8.9280000e+03   5.6512457e-01   2.1697963e-02
   8.9440000e+03   5.2315828e-01   1.2637722e-02
   8.9600000e+03   5.3452330e-01  -6.7038588e-03
   8.9760000e+03   5.4027978e-01  -5.8751641e-02
   8.9920000e+03   5.2542838e-01  -1.9300646e-03
   9.0080000e+03   5.3592703e-01  -2.7148850e-02
   9.0240000e+03   5.6812568e-01   2.3943555e-02
   9.0400000e+03   5.4539732e-01  -1.9923275e-02
   9.0560000e+03   5.4431062e-01  -1.7372504e-02
   9.0720000e+03   5.2226064e-01  -3.4513426e-02
   9.0880000e+03   5.2134886e-01  -1.5401735e-02
   9.1040000e+03   4.8974935e-01   6.6666074e-03
   9.1200000e+03   5.2962419e-01  -3.8630217e-03
   9.1360000e+03   5.1511461e-01  -1.1590859e-03
   9.1520000e+03   5.1426354e-01   4.4526048e-03
   9.1680000e+03   5.5897998e-01   1.8306938e-02
   9.1840000e+03   5.1737519e-01  -5.2890794e-02
   9.2000000e+03   5.3694647e-01   1.4393913e-02
   9.2160000e+03   5.2648563e-01   9.3308658e-03
   9.2320000e+03   5.3792995e-01  -2.5544204e-03
   9.2480000e+03   5.4904104e-01  -4.6703020e-03
   9.2640000e+03   5.1346477e-01  -5.5025091e-02
   9.2800000e+03   5.2405080e-01  -3.1208843e-02
   9.2960000e+03   5.4659625e-01  -3.3006599e-02
   9.3120000e+03   5.4029128e-01  -1.9042795e-02
   9.3280000e+03   5.1432830e-01   1.8718283e-02
   9.3440000e+03   5.2805080e-01   4.0654060e-02
   9.3600000e+03   5.4091410e-01  -2.5506121e-02
   9.3760000e+03   5.2641212e-01   4.1344008e-02
   9.3920000e+03   5.3413794e-01   1.2767817e-02
   9.4080000e+03   5.2148163e-01  -6.3645972e-03
   9.4240000e+03   5.4773872e-01   4.1931939e-03
   9.4400000e+03   5.3422198e-01  -3.5939238e-02
   9.4560000e+03   5.1303495e-01  -2.1267328e-03
   9.4720000e+03   5.2772306e-01   3.5225837e-03
   9.4880000e+03   5.4401067e-01   1.8220809e-02
   9.5040000e+03   5.5858481e-01   2.9487436e-02
   9.5200000e+03   5.6250226e-01  -1.9318820e-03
   9.5360000e+03   5.1227562e-01   1.8037409e-02
   9.5520000e+03   5.3179894e-01   3.6297632e-04
   9.5680000e+03   4.8627050e-01  -1.6924968e-03
   9.5840000e+03   5.2194194e-01  -3.1542230e-02
   9.6000000e+03   4.9751021e-01  -4.9048433e-03
   9.6160000e+03   5.0880082e-01  -8.4239062e-03
   9.6320000e+03   5.4447157e-01  -5.9072037e-04
   9.6480000e+03   5.0960937e-01  -2.2989904e-02
   9.6640000e+03   4.9235119e-01   9.4575989e-03
   9.6800000e+03   5.3114347e-01  -1.1193376e-02
   9.6960000e+03   5.1148335e-01   3.6306756e-02
   9.7120000e+03   5.3532937e-01   4.7821000e-02
   9.7280000e+03   5.1155057e-01   1.0274614e-02
   9.7440000e+03   4.9275302e-01  -1.4535063e-02
   9.7600000e+03   5.3841830e-01   4.8336873e-04
   9.7760000e+03   5.0933313e-01   1.1152129e-02
   9.7920000e+03   4.8095300e-01   8.9229731e-03
   9.8080000e+03   4.9423671e-01  -9.8491371e-03
   9.8240000e+03   5.1966290e-01  -1.1073230e-02
   9.8400000e+03   5.6114761e-01  -3.0360742e-02
   9.8560000e+03   4.7179728e-01  -1.6878032e-02
   9.8720000e+03   5.0999512e-01   1.6262075e-02
   9.8880000e+03   5.0925650e-01  -1.9984350e-02
   9.9040000e+03   5.2931300e-01   2.7243837e-02
   9.9200000e+03   5.1608550e-01   1.1020067e-02
   9.9360000e+03   5.1724489e-01  -4.5623066e-03
   9.9520000e+03   5.3104142e-01  -1.2487847e-02
   9.9680000e+03   5.5874418e-01  -6.3847275e-03
   9.9840000e+03   4.9795075e-01   5.7691787e-03
   1.0000000e+04   4.9870946e-01  -2.1672614e-02
   1.0016000e+04   5.1049594e-01  -5.2746382e-02
   1.0032000e+04   5.4142776e-01   1.1113631e-02
   1.0048000e+04   5.3961124e-01   4.4965130e-03
   1.0064000e+04   5.1396750e-01  -1.2179121e-02
   1.0080000e+04   5.1455687e-01  -2.1141689e-02
   1.0096000e+04   4.8902758e-01  -1.3511122e-03
   1.0112000e+04   5.3743115e-01  -1.6605565e-02
   1.0128000e+04   4.7322424e-01   2.3983388e-02
   1.0144000e+04   5.1701021e-01   1.5749551e-02
   1.0160000e+04   4.8018732e-01   8.8170849e-03
   1.0176000e+04   5.0258259e-01  -2.6240419e-02
   1.0192000e+04   5.3037608e-01  -1.0650839e-02
   1.0208000e+04   5.4392295e-01  -1.5190802e-02
   1.0224000e+04   5.4335034e-01   1.4116696e-02
   1.0240000e+04   4.8734330e-01   1.2178234e-02
   1.0256000e+04   5.1601828e-01   7.2038504e-03
   1.0272000e+04   5.2812412e-01  -2.6868270e-02
   1.0288000e+04   5.3907472e-01  -1.7583126e-02
   1.0304000e+04   5.4311300e-01   7.2080726e-03
   1.0320000e+04   5.0831258e-01  -2.9515790e-03
   1.0336000e+04   5.1319093e-01   7.1580993e-03
   1.0352000e+04   5.1000897e-01   5.6412705e-03
   1.0368000e+04   4.5648141e-01   8.0564220e-03
   1.0384000e+04   5.1631229e-01   1.5507725e-02
   1.0400000e+04   5.2976472e-01  -1.0111729e-02
   1.0416000e+04   5.2135262e-01   1.3851928e-04
   1.0432000e+04   4.9745925e-01  -1.9039709e-02
   1.0448000e+04   4.5865262e-01   1.3929892e-02
   1.0464000e+04   5.0893786e-01  -1.7984317e-02
   1.0480000e+04   4.6588885e-01  -6.7325688e-03
   1.0496000e+04   5.0076338e-01   1.2085632e-02
   1.0512000e+04   4.9783807e-01  -3.5248992e-03
   1.0528000e+04   4.8640521e-01   6.2660578e-04
   1.0544000e+04   5.2440954e-01  -1.3711974e-02
   1.0560000e+04   4.7197115e-01   1.4716075e-02
   1.0576000e+04   4.7178177e-01  -2.9297147e-02
   1.0592000e+04   4.9836370e-01  -1.4102859e-03
   1.0608000e+04   4.6353629e-01   1.2436401e-02
   1.0624000e+04   5.0360209e-01  -1.0112407e-02
   1.0640000e+04   4.8283522e-01  -1.7004113e-02
   1.0656000e+04   5.2656227e-01   2.1371489e-02
   1.0672000e+04   5.1512817e-01   1.4630724e-02
   1.0688000e+04   5.1410691e-01   2.7063929e-02
   1.0704000e+04   5.6727179e-01   1.1308409e-02
   1.0720000e+04   4.9396505e-01  -7.3702170e-03
   1.0736000e+04   5.0617021e-01   1.0837839e-03
   1.0752000e+04   5.0721343e-01   1.1925289e-03
   1.0768000e+04   4.7014465e-01   4.1015476e-02
   1.0784000e+04   5.1415552e-01   3.4294424e-03
   1.0800000e+04   5.1739881e-01  -4.1305322e-03
   1.0816000e+04   5.2943952e-01   1.3465139e-02
   1.0832000e+04   4.9541683e-01   1.1395225e-02
   1.0848000e+04   4.7315401e-01  -4.6643046e-02
   1.0864000e+04   5.2077233e-01   2.1643275e-02
   1.0880000e+04   5.5569288e-01   2.2011789e-02
   1.0896000e+04   5.1911909e-01  -7.3255617e-03
   1.0912000e+04   4.9727360e-01  -1.1222442e-02
   1.0928000e+04   5.1547342e-01  -1.1751851e-02
   1.0944000e+04   4.7974200e-01   5.5435017e-02
   1.0960000e+04   5.1170040e-01  -9.6237398e-03
   1.0976000e+04   4.9088414e-01  -2.5310497e-02
   1.0992000e+04   5.0200264e-01  -2.3497486e-02
   1.1008000e+04   4.9619351e-01  -4.1499830e-02
   1.1024000e+04   5.2577792e-01   4.4099669e-03
   1.1040000e+04   5.0582667e-01   9.8773628e-03
   1.1056000e+04   4.7905253e-01   1.1999824e-02
   1.1072000e+04   5.0620760e-01  -2.0652699e-02
   1.1088000e+04   4.8965162e-01  -3.2301047e-02
   1.1104000e+04   5.1477008e-01  -2.0033708e-03
   1.1120000e+04   4.9229745e-01   1.1770326e-03
   1.1136000e+04   4.9642250e-01   2.7237121e-02
   1.1152000e+04   5.0044155e-01   1.8633944e-02
   1.1168000e+04   4.4896654e-01   2.2152092e-02
   1.1184000e+04   5.1893549e-01   1.2287542e-02
   1.1200000e+04   4.6304782e-01   2.1474570e-02
   1.1216000e+04   4.6868672e-01   1.8180699e-02
   1.1232000e+04   4.7586349e-01   2.3510619e-02
   1.1248000e+04   5.0118202e-01  -5.9598088e-03
   1.1264000e+04   4.5720747e-01   6.2467499e-03
   1.1280000e+04   5.1854685e-01  -5.1887503e-04
   1.1296000e+04   4.9269733e-01  -3.2739946e-02
   1.1312000e+04   4.8219192e-01   3.5203355e-03
   1.1328000e+04   5.0744131e-01   5.8351693e-02
   1.1344000e+04   5.0282032e-01   3.0040644e-02
   1.1360000e+04   4.9431493e-01  -7.9531592e-03
   1.1376000e+04   4.9266504e-01  -1.2985679e-02
   1.1392000e+04   4.9794441e-01  -1.2168777e-02
   1.1408000e+04   4.9289410e-01   7.5957876e-03
   1.1424000e+04   4.9773144e-01  -7.3101185e-03
   1.1440000e+04   4.8271383e-01   6.4831375e-04
   1.1456000e+04   4.7237441e-01  -5.9121376e-03
   1.1472000e+04   5.1262142e-01   4.8576908e-02
   1.1488000e+04   4.9423149e-01   1.1319692e-02
   1.1504000e+04   4.9136516e-01  -2.3217123e-04
   1.1520000e+04   5.0270662e-01   1.3757847e-02
   1.1536000e+04   4.5739730e-01  -5.1980439e-03
   1.1552000e+04   5.1329286e-01  -5.0954052e-04
   1.1568000e+04   4.7340922e-01  -4.2633846e-02
   1.1584000e+04   4.5872787e-01   5.9069844e-02
   1.1600000e+04   4.8828400e-01   1.4910796e-02
   1.1616000e+04   4.8279203e-01  -3.7429923e-02
   1.1632000e+04   5.0528984e-01   1.5494039e-02
   1.1648000e+04   5.2634417e-01   8.7403804e-03
   1.1664000e+04   4.9613383e-01   3.4082913e-02
   1.1680000e+04   4.9693523e-01  -2.1400709e-02
   1.1696000e+04   5.0296789e-01  -2.1718934e-02
   1.1712000e+04   5.1536484e-01  -8.3919376e-03
   1.1728000e+04   4.5365540e-01  -3.0272312e-02
   1.1744000e+04   4.5905940e-01   3.9431564e-02
   1.1760000e+04   4.8314422e-01   4.5010504e-03
   1.1776000e+04   5.0296968e-01   2.3618915e-02
   1.1792000e+04   4.8061870e-01   1.3083386e-02
   1.1808000e+04   5.2681207e-01  -8.9058268e-03
   1.1824000e+04   4.9757635e-01   6.0989573e-03
   1.1840000e+04   5.2467136e-01   2.8159576e-02
   1.1856000e+04   5.2088249e-01   4.7572428e-03
   1.1872000e+04   4.7161394e-01  -3.8003261e-02
   1.1888000e+04   5.2581135e-01   1.1682065e-02
   1.1904000e+04   4.8549715e-01  -4.5199848e-02
   1.1920000e+04   4.7998717e-01   1.0468024e-02
   1.1936000e+04   4.7070318e-01  -1.3431524e-02
   1.1952000e+04   5.0059655e-01  -5.9334423e-03
   1.1968000e+04   4.9494977e-01  -1.0251834e-02
   1.1984000e+04   4.6299455e-01  -1.3281247e-02
   1.2000000e+04   4.6935286e-01   7.0120500e-02
   1.2016000e+04   4.5754124e-01   6.9204416e-03
   1.2032000e+04   4.4565732e-01   2.4621600e-02
   1.2048000e+04   4.8680697e-01  -1.1159514e-02
   1.2064000e+04   4.3516996e-01   3.7243305e-02
   1.2080000e+04   4.7224892e-01  -3.0547896e-03
   1.2096000e+04   4.9934373e-01   7.8488885e-03
   1.2112000e+04   5.0446309e-01   1.0807499e-02
   1.2128000e+04   4.7739915e-01   1.6024005e-02
   1.2144000e+04   4.7666281e-01  -1.1677969e-02
   1.2160000e+04   4.4729177e-01  -5.0879317e-05
   1.2176000e+04   5.0948067e-01   4.3041030e-02
   1.2192000e+04   4.8061647e-01   1.0852647e-02
   1.2208000e+04   4.4445033e-01   1.0382623e-02
   1.2224000e+04   5.1485736e-01   1.1158371e-02
   1.2240000e+04   4.9846953e-01   2.5832553e-02
   1.2256000e+04   5.1363220e-01   3.2852759e-02
