   0.0000000e+00   9.4388198e-01  -3.3624672e-02
   8.0000000e+00   9.7646769e-01   6.6023496e-03
   1.6000000e+01   9.3104258e-01   3.7832920e-02
   2.4000000e+01   9.7274845e-01   4.3943057e-02
   3.2000000e+01   9.5727700e-01   3.8039336e-02
   4.0000000e+01   1.0079631e+00   4.5366749e-02
   4.8000000e+01   9.9948960e-01  -6.8734140e-03
   5.6000000e+01   9.7043800e-01   2.3425441e-02
   6.4000000e+01   9.8904428e-01   1.5229082e-02
   7.2000000e+01   1.0332712e+00  -6.1004144e-02
   8.0000000e+01   1.0141777e+00  -2.0364147e-02
   8.8000000e+01   1.0095095e+00  -3.9440447e-02
   9.6000000e+01   9.8971384e-01  -5.7308575e-02
   1.0400000e+02   9.9323278e-01   8.7197737e-03
   1.1200000e+02   9.8448052e-01   2.6213536e-02
   1.2000000e+02   9.6329377e-01   3.9841244e-02
   1.2800000e+02   1.0063407e+00  -1.0201955e-03
   1.3600000e+02   9.8455450e-01   5.9067179e-02
   1.4400000e+02   9.8560994e-01  -1.7707113e-02
   1.5200000e+02   1.0199078e+00   7.3068827e-03
   1.6000000e+02   1.0681971e+00  -8.7997848e-03
   1.6800000e+02   1.0045819e+00   6.3259841e-02
   1.7600000e+02   9.8750083e-01  -5.5833931e-02
   1.8400000e+02   9.9315748e-01  -3.6471438e-02
   1.9200000e+02   1.0175304e+00   3.3519973e-02
   2.0000000e+02   1.0247623e+00  -7.2837708e-03
   2.0800000e+02   9.9392740e-01  -1.2385076e-02
   2.1600000e+02   9.9906192e-01  -4.6993856e-02
   2.2400000e+02   9.9337385e-01   1.1320404e-03
   2.3200000e+02   1.0206835e+00   1.1151378e-02
   2.4000000e+02   9.7505062e-01   4.9169727e-02
   2.4800000e+02   1.0138663e+00  -1.9961641e-02
   2.5600000e+02   1.0093205e+00   3.4123077e-02
   2.6400000e+02   9.4580118e-01   1.8268794e-02
   2.7200000e+02   9.4933156e-01   4.1576546e-03
   2.8000000e+02   9.4982117e-01  -2.5084448e-02
   2.8800000e+02   9.7744338e-01  -1.7669868e-02
   2.9600000e+02   9.3282287e-01   2.0519694e-03
   3.0400000e+02   9.4551884e-01  -5.8824778e-02
   3.1200000e+02   9.1810731e-01  -1.3931348e-02
   3.2000000e+02   9.3242124e-01  -2.6297254e-02
   3.2800000e+02   9.1428006e-01  -4.7254336e-02
   3.3600000e+02   9.4141901e-01   1.1726405e-02
   3.4400000e+02   9.5146798e-01   2.7409403e-02
   3.5200000e+02   9.7985062e-01  -3.4763754e-03
   3.6000000e+02   9.2391779e-01   2.2024509e-03
   3.6800000e+02   9.0255867e-01   1.9496977e-02
   3.7600000e+02   9.3744372e-01  -4.8883984e-02
   3.8400000e+02   8.9905717e-01   6.0079329e-02
   3.9200000e+02   9.0597011e-01  -6.6782409e-04
   4.0000000e+02   8.8460614e-01   2.6975428e-02
   4.0800000e+02   9.2385582e-01   3.0137760e-02
   4.1600000e+02   8.9351480e-01  -4.3294425e-02
   4.2400000e+02   9.4421035e-01  -3.1809704e-02
   4.3200000e+02   8.8517321e-01   1.1557968e-02
   4.4000000e+02   9.1955114e-01  -8.8775718e-02
   4.4800000e+02   8.7937414e-01   9.5676996e-02
   4.5600000e+02   8.9720237e-01   7.4826646e-02
   4.6400000e+02   8.5296070e-01   2.4360186e-02
   4.7200000e+02   8.4298764e-01  -5.4554393e-02
   4.8000000e+02   8.6572239e-01  -1.8244948e-02
   4.8800000e+02   8.5393034e-01   9.2330166e-03
   4.9600000e+02   8.2287730e-01  -2.0497641e-02
   5.0400000e+02   8.4504134e-01  -1.6767960e-02
   5.1200000e+02   7.9759888e-01   5.6412776e-02
   5.2000000e+02   8.7808455e-01   2.0110627e-02
   5.2800000e+02   7.8583920e-01  -2.2841688e-02
   5.3600000e+02   8.0668564e-01  -9.2673846e-03
   5.4400000e+02   8.2163161e-01  -2.3305357e-02
   5.5200000e+02   8.3083521e-01   5.9805652e-02
   5.6000000e+02   8.4722939e-01  -2.0895633e-02
   5.6800000e+02   9.0439912e-01   4.8094131e-02
   5.7600000e+02   8.5296468e-01  -2.8120421e-02
   5.8400000e+02   8.1079125e-01  -4.8656249e-02
   5.9200000e+02   7.7517490e-01   3.9811217e-03
   6.0000000e+02   7.6953740e-01   2.8888971e-03
   6.0800000e+02   7.3852032e-01   1.0910455e-02
   6.1600000e+02   7.8539327e-01  -3.9721550e-03
   6.2400000e+02   7.8548588e-01  -1.2761015e-02
   6.3200000e+02   7.9026128e-01  -6.3840061e-03
   6.4000000e+02   7.8765716e-01   5.0144092e-02
   6.4800000e+02   7.7370066e-01   1.8375248e-02
   6.5600000e+02   7.8228718e-01   1.1647800e-02
   6.6400000e+02   7.6460626e-01   3.7827720e-03
   6.7200000e+02   7.5289690e-01   1.7880650e-02
   6.8000000e+02   7.7922270e-01   6.9072577e-02
   6.8800000e+02   7.8709895e-01   6.4537849e-02
   6.9600000e+02   8.0919675e-01  -1.0145248e-01
   7.0400000e+02   7.2852909e-01  -2.7994983e-03
   7.1200000e+02   7.4513942e-01  -2.1109229e-03
   7.2000000e+02   7.8980486e-01  -4.0964382e-03
   7.2800000e+02   7.2706802e-01   1.6776620e-03
   7.3600000e+02   7.3689026e-01   9.6022638e-04
   7.4400000e+02   7.4378195e-01   1.5662033e-02
   7.5200000e+02   7.7418475e-01   6.0719945e-02
   7.6000000e+02   7.4130374e-01  -2.9103901e-02
   7.6800000e+02   7.9280591e-01   6.1906522e-03
   7.7600000e+02   7.7713329e-01  -6.1761626e-03
   7.8400000e+02   7.9107435e-01  -2.6884108e-03
   7.9200000e+02   7.9865633e-01   3.7393132e-02
   8.0000000e+02   8.0221845e-01   2.3722652e-03
   8.0800000e+02   7.3714734e-01  -2.2660899e-02
   8.1600000e+02   7.2924870e-01   6.3588890e-03
   8.2400000e+02   7.9221280e-01   6.9975812e-02
   8.3200000e+02   7.3444556e-01  -1.1817281e-02
   8.4000000e+02   7.7911042e-01  -3.2222374e-02
   8.4800000e+02   7.2534154e-01   2.5336037e-02
   8.5600000e+02   6.9158742e-01   2.0531209e-03
   8.6400000e+02   7.2908106e-01  -2.2312484e-02
   8.7200000e+02   7.2370913e-01  -7.9836054e-02
   8.8000000e+02   7.3655747e-01  -6.0874488e-02
   8.8800000e+02   7.1572554e-01   3.2434028e-02
   8.9600000e+02   7.6181392e-01   1.6517138e-03
   9.0400000e+02   7.4385827e-01   3.4247972e-03
   9.1200000e+02   7.5359237e-01   1.5563399e-02
   9.2000000e+02   7.2193704e-01   2.8973518e-02
   9.2800000e+02   7.3419817e-01  -3.1475018e-02
   9.3600000e+02   7.3119976e-01   4.6332830e-03
   9.4400000e+02   6.7477977e-01   1.2329537e-02
   9.5200000e+02   7.1817205e-01   3.8695550e-02
   9.6000000e+02   7.1957955e-01   1.5441135e-02
   9.6800000e+02   7.3415830e-01  -2.2647373e-02
   9.7600000e+02   7.1278810e-01  -1.1527272e-03
   9.8400000e+02   7.6305689e-01   2.0480583e-02
   9.9200000e+02   7.7437721e-01  -6.5144231e-02
   1.0000000e+03   7.4568439e-01   4.6535795e-02
   1.0080000e+03   7.0083382e-01  -1.7888210e-02
   1.0160000e+03   6.9864959e-01   4.3053655e-02
   1.0240000e+03   7.0595023e-01   1.7496063e-02
   1.0320000e+03   7.4033179e-01  -7.3395546e-02
   1.0400000e+03   7.1516151e-01  -2.3168987e-03
   1.0480000e+03   7.6474514e-01   1.0091977e-02
   1.0560000e+03   7.4044824e-01  -3.0341537e-02
   1.0640000e+03   7.1571689e-01   1.5528460e-02
   1.0720000e+03   7.5029381e-01  -1.0995855e-02
   1.0800000e+03   7.5885665e-01   6.9195527e-03
   1.0880000e+03   6.9585391e-01   2.6197268e-02
   1.0960000e+03   6.9713804e-01  -4.8160333e-02
   1.1040000e+03   7.2317144e-01  -4.0509417e-02
   1.1120000e+03   7.1146933e-01   2.9942004e-02
   1.1200000e+03   7.1744933e-01  -2.9208763e-02
   1.1280000e+03   7.5070225e-01   2.7997344e-02
   1.1360000e+03   7.2613494e-01   2.2887135e-02
   1.1440000e+03   6.9012296e-01  -1.8622623e-02
   1.1520000e+03   7.6694511e-01  -2.7323396e-02
   1.1600000e+03   6.8260232e-01   2.3945400e-02
   1.1680000e+03   6.7823811e-01  -3.1142227e-05
   1.1760000e+03   7.1216342e-01   1.3139312e-02
   1.1840000e+03   6.6604888e-01  -3.7134996e-02
   1.1920000e+03   7.2213261e-01  -1.0425634e-02
   1.2000000e+03   6.9491496e-01   5.5280027e-03
   1.2080000e+03   7.0834418e-01  -2.4670635e-02
   1.2160000e+03   7.1133840e-01  -2.8337245e-02
   1.2240000e+03   7.2347321e-01  -2.9052348e-03
   1.2320000e+03   6.6452760e-01   4.5333023e-02
   1.2400000e+03   7.0223248e-01   5.1136319e-02
   1.2480000e+03   6.6813950e-01   5.2627332e-03
   1.2560000e+03   6.3603457e-01  -2.5336394e-02
   1.2640000e+03   6.7815914e-01   5.3166514e-02
   1.2720000e+03   6.8299864e-01   5.8341219e-02
   1.2800000e+03   6.4144853e-01  -2.9344992e-02
   1.2880000e+03   6.4718883e-01   4.3150553e-02
   1.2960000e+03   6.7792574e-01  -1.7045151e-02
   1.3040000e+03   6.3989015e-01   7.7686848e-02
   1.3120000e+03   6.8238898e-01   2.5492496e-02
   1.3200000e+03   7.0507922e-01  -3.1260694e-02
   1.3280000e+03   7.0102556e-01  -5.2495548e-03
   1.3360000e+03   7.2039326e-01   4.5832489e-02
   1.3440000e+03   6.7274744e-01   2.7408259e-02
   1.3520000e+03   6.7268292e-01  -3.1453093e-02
   1.3600000e+03   6.6088370e-01   4.0011914e-02
   1.3680000e+03   7.7326128e-01  -1.3722380e-02
   1.3760000e+03   7.2232169e-01   4.1454486e-02
   1.3840000e+03   6.7588820e-01   8.8330578e-03
   1.3920000e+03   7.0003405e-01  -3.6080211e-02
   1.4000000e+03   7.0112901e-01  -3.5417085e-02
   1.4080000e+03   6.8916225e-01  -2.5192498e-03
   1.4160000e+03   6.7285016e-01   1.6247830e-02
   1.4240000e+03   6.9291035e-01   9.9246042e-02
   1.4320000e+03   6.8614080e-01   8.0604856e-02
   1.4400000e+03   6.8652682e-01   1.4517976e-03
   1.4480000e+03   6.9558123e-01  -1.9210768e-02
   1.4560000e+03   6.8598930e-01  -5.7366016e-02
   1.4640000e+03   7.3319255e-01   4.5242533e-02
   1.4720000e+03   6.4866971e-01  -4.3514884e-02
   1.4800000e+03   6.6400510e-01  -1.7808682e-02
   1.4880000e+03   7.3385207e-01   3.5415545e-02
   1.4960000e+03   6.9469600e-01   9.6380333e-03
   1.5040000e+03   6.7872708e-01   1.0207143e-03
   1.5120000e+03   7.2193424e-01   4.0052300e-02
   1.5200000e+03   6.5872257e-01   7.0038524e-02
   1.5280000e+03   6.4922585e-01  -3.3111385e-03
   1.5360000e+03   6.9877707e-01   2.3191985e-03
   1.5440000e+03   6.9259175e-01  -1.6456188e-02
   1.5520000e+03   6.8344829e-01   4.3705525e-03
   1.5600000e+03   7.1436390e-01  -1.6111217e-02
   1.5680000e+03   7.0158733e-01  -5.5805661e-02
   1.5760000e+03   6.5249686e-01  -6.4156650e-02
   1.5840000e+03   6.8580157e-01   2.9005598e-02
   1.5920000e+03   6.7405740e-01  -1.0822457e-02
   1.6000000e+03   7.0910696e-01   6.5006499e-02
   1.6080000e+03   6.6434057e-01   6.9753127e-02
   1.6160000e+03   6.7492443e-01  -1.6742783e-04
   1.6240000e+03   7.1639118e-01  -2.5343302e-02
   1.6320000e+03   6.2041917e-01   3.7570150e-02
   1.6400000e+03   6.9796935e-01   5.2080060e-02
   1.6480000e+03   6.6586108e-01  -1.9044964e-02
   1.6560000e+03   7.3262744e-01  -1.2485497e-02
   1.6640000e+03   7.4557032e-01  -2.8594581e-02
   1.6720000e+03   6.8337916e-01   6.1556418e-02
   1.6800000e+03   7.5584865e-01  -5.4573422e-02
   1.6880000e+03   6.3842802e-01   7.0115407e-02
   1.6960000e+03   6.9705127e-01   2.8455720e-02
   1.7040000e+03   6.8772713e-01  -1.5668130e-02
   1.7120000e+03   6.3629036e-01  -2.3683526e-02
   1.7200000e+03   6.8994101e-01   6.7848992e-03
   1.7280000e+03   7.0251074e-01  -4.4724815e-03
   1.7360000e+03   7.1231248e-01   2.6161165e-02
   1.7440000e+03   7.0731686e-01  -2.6257799e-02
   1.7520000e+03   7.4396651e-01  -9.4120900e-03
   1.7600000e+03   6.9150176e-01  -3.5313179e-02
   1.7680000e+03   6.6451005e-01  -9.7162138e-03
   1.7760000e+03   6.6684788e-01   4.2523687e-02
   1.7840000e+03   6.8274590e-01  -4.5777602e-02
   1.7920000e+03   7.1818624e-01   2.8730379e-02
   1.8000000e+03   6.9012760e-01   9.5368754e-03
   1.8080000e+03   7.2437744e-01   5.5656662e-03
   1.8160000e+03   6.7480657e-01  -1.8400280e-02
   1.8240000e+03   7.0509861e-01  -1.3940447e-02
   1.8320000e+03   7.3200098e-01  -2.3021554e-02
   1.8400000e+03   6.8713197e-01  -9.9125806e-04
   1.8480000e+03   7.0411349e-01  -7.2176162e-02
   1.8560000e+03   6.5853907e-01   2.7299084e-02
   1.8640000e+03   7.2991276e-01  -7.5092400e-02
   1.8720000e+03   7.0984113e-01   2.3965720e-02
   1.8800000e+03   7.5097808e-01   2.9176424e-03
   1.8880000e+03   6.8062464e-01   6.0629763e-02
   1.8960000e+03   6.3641632e-01   7.4233665e-03
   1.9040000e+03   7.0786616e-01   8.8852940e-04
   1.9120000e+03   7.1423218e-01   1.4848485e-02
   1.9200000e+03   6.9412381e-01  -2.8705791e-03
   1.9280000e+03   6.9421764e-01  -3.9869019e-02
   1.9360000e+03   6.7730757e-01   6.9999322e-02
   1.9440000e+03   7.2063322e-01   1.2318964e-02
   1.9520000e+03   6.6615225e-01  -9.3831113e-03
   1.9600000e+03   7.2243204e-01   1.0580663e-02
   1.9680000e+03   6.5561473e-01   3.4622957e-03
   1.9760000e+03   7.3182704e-01  -1.7847115e-02
   1.9840000e+03   7.0922780e-01  -4.7882743e-02
   1.9920000e+03   7.1844025e-01   8.2653689e-03
   2.0000000e+03   7.3031218e-01   3.9375830e-03
   2.0080000e+03   6.7278687e-01  -3.2012344e-02
   2.0160000e+03   7.2378375e-01   4.3744679e-02
   2.0240000e+03   6.9378273e-01   9.2255019e-03
   2.0320000e+03   6.8112804e-01  -1.2264799e-02
   2.0400000e+03   7.1612558e-01  -3.1154262e-02
   2.0480000e+03   7.0091032e-01  -2.5557145e-02
   2.0560000e+03   7.1200122e-01  -8.2113186e-03
   2.0640000e+03   6.9369904e-01  -1.2030935e-02
   2.0720000e+03   7.3175837e-01  -2.3399923e-03
   2.0800000e+03   6.3976845e-01  -2.3676631e-02
   2.0880000e+03   6.3234547e-01   1.9025176e-02
   2.0960000e+03   7.3662388e-01  -2.6365761e-03
   2.1040000e+03   6.5817034e-01   6.4923383e-03
   2.1120000e+03   6.5930200e-01   3.2645136e-02
   2.1200000e+03   6.7009890e-01   3.5065269e-02
   2.1280000e+03   7.0239123e-01   3.8033646e-02
   2.1360000e+03   6.1228298e-01   3.7054429e-02
   2.1440000e+03   7.1306236e-01   2.4318629e-02
   2.1520000e+03   7.2659759e-01  -1.1818671e-02
   2.1600000e+03   6.8145879e-01  -2.1903602e-02
   2.1680000e+03   6.7777626e-01   2.1364777e-02
   2.1760000e+03   6.9410723e-01   1.4926286e-02
   2.1840000e+03   6.8066205e-01   5.0030285e-02
   2.1920000e+03   6.4072842e-01  -5.1440293e-03
   2.2000000e+03   7.3382291e-01  -3.2115181e-02
   2.2080000e+03   7.0518676e-01   1.1083647e-02
   2.2160000e+03   6.8036186e-01   5.0856395e-02
   2.2240000e+03   7.1958169e-01  -2.8712008e-02
   2.2320000e+03   6.6857337e-01  -1.9584862e-02
   2.2400000e+03   6.7526956e-01   2.6432163e-02
   2.2480000e+03   6.6809558e-01  -1.2494185e-03
   2.2560000e+03   7.3578005e-01   1.6929664e-02
   2.2640000e+03   7.1179078e-01  -1.5383732e-03
   2.2720000e+03   6.5478481e-01  -1.0365188e-01
   2.2800000e+03   6.3072633e-01   6.8671096e-03
   2.2880000e+03   6.5280793e-01  -1.1765772e-02
   2.2960000e+03   6.7657723e-01  -3.0461037e-02
   2.3040000e+03   6.8466711e-01   2.0880951e-02
   2.3120000e+03   6.6996376e-01  -3.1052466e-02
   2.3200000e+03   6.8386976e-01  -2.1416982e-02
   2.3280000e+03   6.6731119e-01  -2.7444829e-02
   2.3360000e+03   6.7819401e-01   7.9325964e-03
   2.3440000e+03   6.1452341e-01   4.4188748e-02
   2.3520000e+03   7.0104784e-01   6.8691910e-04
   2.3600000e+03   7.1798506e-01   1.9835907e-02
   2.3680000e+03   7.0445310e-01   5.5345810e-02
   2.3760000e+03   6.8876068e-01  -6.4610736e-02
   2.3840000e+03   6.6879862e-01  -8.4330899e-03
   2.3920000e+03   7.3956401e-01   2.0747717e-03
   2.4000000e+03   6.9626574e-01   3.0918654e-02
   2.4080000e+03   6.3959594e-01  -1.9330129e-02
   2.4160000e+03   6.6390737e-01   6.1096392e-03
   2.4240000e+03   6.7691416e-01   4.3541165e-02
   2.4320000e+03   7.3391652e-01   2.0353451e-02
   2.4400000e+03   6.8414461e-01   2.2119316e-03
   2.4480000e+03   6.8078275e-01  -3.4146844e-02
   2.4560000e+03   6.7605510e-01  -3.2703254e-02
   2.4640000e+03   6.6652216e-01  -3.4226209e-02
   2.4720000e+03   6.1711594e-01   3.4187799e-02
   2.4800000e+03   6.6257960e-01  -8.9912933e-03
   2.4880000e+03   6.6735382e-01  -1.2057842e-02
   2.4960000e+03   6.8808903e-01  -5.5503508e-02
   2.5040000e+03   6.6382620e-01  -1.5677493e-02
   2.5120000e+03   7.1557804e-01  -2.8686505e-02
   2.5200000e+03   6.3342810e-01  -1.8849034e-02
   2.5280000e+03   6.5259487e-01   1.5783625e-02
   2.5360000e+03   7.5420125e-01   2.2421551e-02
   2.5440000e+03   6.4132520e-01   7.9836787e-03
   2.5520000e+03   6.6007898e-01   4.7248261e-02
   2.5600000e+03   6.1979507e-01   1.1096854e-02
   2.5680000e+03   6.9978870e-01   2.1320389e-02
   2.5760000e+03   6.8061987e-01  -3.1733879e-02
   2.5840000e+03   7.1464834e-01   3.6006645e-02
   2.5920000e+03   7.0323732e-01  -3.6075192e-02
   2.6000000e+03   7.6795118e-01   1.1417481e-02
   2.6080000e+03   7.1225689e-01  -2.8080270e-02
   2.6160000e+03   7.0219018e-01   4.5624193e-02
   2.6240000e+03   6.9929330e-01  -4.2659163e-02
   2.6320000e+03   7.0036280e-01   2.7374251e-02
   2.6400000e+03   6.3932935e-01   5.5658676e-03
   2.6480000e+03   6.8690552e-01  -1.9869111e-02
   2.6560000e+03   7.1006784e-01   2.5581675e-02
   2.6640000e+03   7.4277352e-01  -7.2710428e-03
   2.6720000e+03   6.5265799e-01   5.2143324e-02
   2.6800000e+03   6.8722616e-01  -1.0169306e-02
   2.6880000e+03   6.8350211e-01   4.7522141e-03
   2.6960000e+03   7.1156253e-01   3.7921604e-02
   2.7040000e+03   6.5077752e-01  -1.9045358e-02
   2.7120000e+03   6.9193636e-01   1.9145883e-02
   2.7200000e+03   6.2879484e-01  -3.6446177e-02
   2.7280000e+03   6.3922475e-01  -1.5411031e-03
   2.7360000e+03   7.5006345e-01   4.0706442e-02
   2.7440000e+03   6.7431064e-01  -2.1288961e-02
   2.7520000e+03   6.6873639e-01   2.7398906e-02
   2.7600000e+03   6.6703663e-01   1.3070826e-02
   2.7680000e+03   6.6455786e-01   6.4500227e-03
   2.7760000e+03   6.8812236e-01  -1.3150385e-03
   2.7840000e+03   6.9918811e-01   8.4698647e-03
   2.7920000e+03   6.6714119e-01   4.9118678e-03
   2.8000000e+03   6.5390589e-01  -5.7962213e-02
   2.8080000e+03   6.6539740e-01  -2.3381484e-02
   2.8160000e+03   7.0441181e-01  -2.7393313e-02
   2.8240000e+03   6.9432763e-01  -1.8573185e-02
   2.8320000e+03   6.6065564e-01   1.2364931e-02
   2.8400000e+03   7.0993266e-01  -3.8741745e-03
   2.8480000e+03   7.3313732e-01  -2.9993402e-03
   2.8560000e+03   6.5055413e-01  -5.0382524e-03
   2.8640000e+03   7.3157360e-01   1.2456517e-02
   2.8720000e+03   7.1016617e-01  -1.6563248e-03
   2.8800000e+03   7.0515831e-01   3.3723096e-02
   2.8880000e+03   7.1901988e-01  -1.4722388e-02
   2.8960000e+03   7.5385223e-01   3.2626040e-02
   2.9040000e+03   7.5198928e-01   2.9938436e-03
   2.9120000e+03   6.7389280e-01  -1.2981005e-02
   2.9200000e+03   6.6488897e-01  -3.3785652e-02
   2.9280000e+03   6.6149972e-01   1.9812016e-02
   2.9360000e+03   6.7415126e-01  -2.2992633e-02
   2.9440000e+03   7.3047417e-01   2.5660470e-02
   2.9520000e+03   6.7076756e-01   7.4957894e-03
   2.9600000e+03   6.4703129e-01   1.2416522e-03
   2.9680000e+03   7.0065143e-01   1.0936378e-02
   2.9760000e+03   7.0702049e-01   3.3002368e-02
   2.9840000e+03   7.3099059e-01  -1.2942688e-02
   2.9920000e+03   6.6178730e-01   7.3220212e-02
   3.0000000e+03   7.2455131e-01   2.4017033e-03
   3.0080000e+03   7.0033001e-01   4.6474392e-02
   3.0160000e+03   6.6844228e-01   1.8057817e-02
   3.0240000e+03   6.8159173e-01  -1.8270490e-02
   3.0320000e+03   7.3906036e-01   2.7801141e-02
   3.0400000e+03   7.2526611e-01   2.6962306e-02
   3.0480000e+03   7.3612421e-01  -3.5957195e-02
   3.0560000e+03   6.7509655e-01  -1.6368413e-02
   3.0640000e+03   7.0828869e-01  -8.6545958e-03
   3.0720000e+03   7.3315090e-01   2.3751221e-02
   3.0800000e+03   6.7019003e-01   3.3406132e-02
   3.0880000e+03   6.8607157e-01  -3.8628149e-02
   3.0960000e+03   7.2974776e-01  -1.3198999e-03
   3.1040000e+03   7.1579536e-01   7.6995257e-03
   3.1120000e+03   6.1936713e-01  -1.1156086e-02
   3.1200000e+03   7.0920293e-01  -6.1101583e-03
   3.1280000e+03   6.7258880e-01   1.9903270e-02
   3.1360000e+03   6.3724002e-01  -4.5871860e-02
   3.1440000e+03   7.0500760e-01  -2.1911159e-03
   3.1520000e+03   7.0094595e-01  -1.8348874e-02
   3.1600000e+03   7.2302831e-01  -1.5925501e-02
   3.1680000e+03   7.2489063e-01  -5.0865002e-02
   3.1760000e+03   6.9166731e-01   6.9976297e-02
   3.1840000e+03   6.4528667e-01   4.9337554e-02
   3.1920000e+03   6.9488385e-01   1.3130145e-02
   3.2000000e+03   6.9794244e-01   3.1548762e-02
   3.2080000e+03   6.9378503e-01   2.1282338e-02
   3.2160000e+03   6.9225901e-01  -1.9476820e-02
   3.2240000e+03   6.8310862e-01  -2.6962471e-03
   3.2320000e+03   7.2564636e-01  -3.7884377e-02
   3.2400000e+03   6.8253621e-01  -8.8277231e-03
   3.2480000e+03   6.7797213e-01   2.1652251e-02
   3.2560000e+03   6.8388833e-01  -6.0022303e-02
   3.2640000e+03   6.8334783e-01   1.9978485e-03
   3.2720000e+03   6.6452443e-01  -3.3769933e-03
   3.2800000e+03   6.5502514e-01  -8.0866752e-03
   3.2880000e+03   6.8659762e-01   1.4620675e-02
   3.2960000e+03   6.6273219e-01   2.8807808e-02
   3.3040000e+03   6.6669558e-01   3.9768926e-02
   3.3120000e+03   6.8581562e-01  -4.5493899e-02
   3.3200000e+03   7.1632404e-01  -5.1268289e-02
   3.3280000e+03   7.4702101e-01  -4.5345461e-02
   3.3360000e+03   7.2397215e-01   1.1291142e-02
   3.3440000e+03   7.3756914e-01   6.6634300e-04
   3.3520000e+03   6.9434963e-01  -3.8013367e-02
   3.3600000e+03   6.6819604e-01   3.4325869e-03
   3.3680000e+03   6.7122468e-01  -1.7163672e-02
   3.3760000e+03   6.8841539e-01  -4.6710846e-02
   3.3840000e+03   6.9699220e-01  -6.3580872e-02
   3.3920000e+03   6.6785763e-01   2.6274779e-02
   3.4000000e+03   6.8025855e-01  -8.2034417e-05
   3.4080000e+03   6.8916894e-01  -5.5815226e-02
   3.4160000e+03   7.0789611e-01  -4.9989090e-02
   3.4240000e+03   6.8262972e-01  -1.1326390e-02
   3.4320000e+03   7.1848542e-01  -7.7401137e-03
   3.4400000e+03   6.8773822e-01   2.3676918e-02
   3.4480000e+03   6.7816359e-01   4.2531935e-02
   3.4560000e+03   6.8898027e-01  -4.3751331e-04
   3.4640000e+03   6.5441480e-01   1.2436693e-02
   3.4720000e+03   6.4382571e-01   4.3318634e-02
   3.4800000e+03   7.1305743e-01  -1.5215328e-02
   3.4880000e+03   6.9660858e-01  -8.8250189e-03
   3.4960000e+03   6.6411828e-01   2.8773739e-03
   3.5040000e+03   6.8544115e-01   4.8617255e-02
   3.5120000e+03   6.5496770e-01   3.6923517e-02
   3.5200000e+03   6.7445958e-01   6.9234768e-02
   3.5280000e+03   6.5348256e-01  -2.4424839e-02
   3.5360000e+03   6.6313581e-01   4.3658825e-03
   3.5440000e+03   6.6732815e-01  -4.2622995e-02
   3.5520000e+03   6.9363610e-01  -7.1592647e-03
   3.5600000e+03   6.7334050e-01   5.5777487e-03
   3.5680000e+03   6.3420787e-01  -9.5445405e-03
   3.5760000e+03   6.9329783e-01   3.2117230e-02
   3.5840000e+03   6.2595713e-01  -5.1142688e-02
   3.5920000e+03   6.9197383e-01  -1.3431906e-03
   3.6000000e+03   7.0124313e-01   7.4150559e-03
   3.6080000e+03   6.9865807e-01   3.3213490e-02
   3.6160000e+03   6.7462079e-01   5.1329715e-03
   3.6240000e+03   6.9487371e-01  -3.0112018e-02
   3.6320000e+03   6.7851514e-01  -2.6376065e-02
   3.6400000e+03   7.1551800e-01   1.1093139e-03
   3.6480000e+03   6.6862317e-01  -3.9483009e-03
   3.6560000e+03   6.8848969e-01  -3.6939435e-02
   3.6640000e+03   7.1072569e-01   3.1631206e-02
   3.6720000e+03   6.2173140e-01   5.0624346e-02
   3.6800000e+03   6.7944143e-01   6.2056215e-03
   3.6880000e+03   7.0649866e-01   2.8540554e-02
   3.6960000e+03   6.2967814e-01   4.4506068e-02
   3.7040000e+03   7.5421545e-01  -3.1348099e-02
   3.7120000e+03   6.6049609e-01  -2.1841890e-02
   3.7200000e+03   6.8609134e-01   1.4515815e-02
   3.7280000e+03   6.3569297e-01  -1.2535975e-02
   3.7360000e+03   7.3996103e-01  -2.7170048e-02
   3.7440000e+03   6.7317629e-01  -9.3914195e-03
   3.7520000e+03   6.7003521e-01   1.7288997e-02
   3.7600000e+03   6.7933771e-01  -2.7105880e-02
   3.7680000e+03   7.0764313e-01   6.5005664e-03
   3.7760000e+03   6.9164637e-01   1.5426436e-02
   3.7840000e+03   7.2659274e-01  -4.9612231e-02
   3.7920000e+03   6.6122253e-01   2.1661201e-02
   3.8000000e+03   7.0670829e-01  -1.6364134e-02
   3.8080000e+03   7.0305481e-01  -9.1404986e-02
   3.8160000e+03   6.5073039e-01   4.2093423e-02
   3.8240000e+03   6.9908736e-01   5.2360068e-03
   3.8320000e+03   7.1357343e-01   3.6382397e-02
   3.8400000e+03   7.2458018e-01  -1.0103894e-02
   3.8480000e+03   6.8824441e-01  -8.1846087e-03
   3.8560000e+03   5.8614141e-01   2.9508845e-02
   3.8640000e+03   7.1289166e-01   1.0516212e-02
   3.8720000e+03   6.7153453e-01  -6.1720617e-02
   3.8800000e+03   7.2257158e-01  -5.6730659e-02
   3.8880000e+03   7.0866518e-01  -7.9727131e-02
   3.8960000e+03   7.0133372e-01  -2.4294759e-04
   3.9040000e+03   6.5644046e-01  -2.8812285e-03
   3.9120000e+03   6.9229808e-01  -5.5130841e-03
   3.9200000e+03   6.6173179e-01  -2.2298886e-03
   3.9280000e+03   6.8208181e-01  -2.1641810e-02
   3.9360000e+03   6.9041224e-01  -2.8084913e-02
   3.9440000e+03   7.2104620e-01  -2.5689058e-02
   3.9520000e+03   7.0436851e-01   8.7645382e-03
   3.9600000e+03   6.1560966e-01  -1.9879215e-02
   3.9680000e+03   6.7816408e-01   3.3088741e-02
   3.9760000e+03   7.2564499e-01   3.8713372e-02
   3.9840000e+03   6.5898372e-01  -1.1235175e-02
   3.9920000e+03   6.4115626e-01   1.8936574e-02
   4.0000000e+03   6.3721532e-01   2.3228374e-03
   4.0080000e+03   6.8269442e-01   2.0592911e-02
   4.0160000e+03   6.6403702e-01  -2.7167557e-02
   4.0240000e+03   6.7170386e-01  -1.0647809e-02
   4.0320000e+03   6.1537794e-01   8.0127706e-03
   4.0400000e+03   7.0354304e-01   2.5139203e-02
   4.0480000e+03   5.9666958e-01  -6.4515179e-03
   4.0560000e+03   6.6614831e-01   3.2364361e-02
   4.0640000e+03   7.1878844e-01   2.3036418e-02
   4.0720000e+03   6.7127925e-01   2.1022558e-02
   4.0800000e+03   6.6563914e-01  -1.0996184e-02
   4.0880000e+03   6.8927563e-01  -7.3984028e-02
   4.0960000e+03   6.6688825e-01   2.1457884e-02
   4.1040000e+03   6.6352678e-01   5.0805291e-03
   4.1120000e+03   6.8706813e-01   2.1229036e-02
   4.1200000e+03   6.6878336e-01  -2.1052240e-02
   4.1280000e+03   6.8209251e-01  -3.9601381e-02
   4.1360000e+03   6.5717453e-01   1.2593887e-02
   4.1440000e+03   7.0704403e-01   4.3192321e-02
   4.1520000e+03   6.9699858e-01   5.4301558e-02
   4.1600000e+03   6.6931263e-01  -1.3367394e-02
   4.1680000e+03   6.7739356e-01  -5.1295169e-02
   4.1760000e+03   6.8094355e-01  -1.2017630e-02
   4.1840000e+03   6.6899689e-01  -5.3716281e-03
   4.1920000e+03   6.9960100e-01   2.4748966e-02
   4.2000000e+03   7.4597874e-01   2.6998494e-02
   4.2080000e+03   6.7323008e-01  -9.0616687e-03
   4.2160000e+03   7.1430205e-01   4.9669423e-03
   4.2240000e+03   7.0028469e-01  -1.9135355e-02
   4.2320000e+03   6.6578637e-01  -5.0900563e-02
   4.2400000e+03   6.5468299e-01  -5.2933372e-02
   4.2480000e+03   6.4068859e-01   1.5119779e-02
   4.2560000e+03   6.7327349e-01   3.0214763e-02
   4.2640000e+03   6.6987441e-01  -3.0603358e-02
   4.2720000e+03   5.8805591e-01  -2.3928237e-02
   4.2800000e+03   6.2765838e-01  -4.1610736e-02
   4.2880000e+03   6.5857425e-01   5.9696629e-02
   4.2960000e+03   6.5168068e-01  -7.3573675e-03
   4.3040000e+03   6.5803970e-01   1.1608931e-02
   4.3120000e+03   6.5294864e-01  -2.7201371e-02
   4.3200000e+03   7.0569598e-01   5.4551782e-03
   4.3280000e+03   6.4378526e-01   2.2316957e-02
   4.3360000e+03   6.6246767e-01   4.2069355e-02
   4.3440000e+03   6.4704987e-01  -7.4565021e-02
   4.3520000e+03   6.3358818e-01  -6.8600964e-04
   4.3600000e+03   6.4469247e-01   3.4283056e-02
   4.3680000e+03   6.7264407e-01  -1.2811750e-02
   4.3760000e+03   7.1180384e-01   1.2332864e-02
   4.3840000e+03   6.6212505e-01  -2.1797244e-02
   4.3920000e+03   7.0608745e-01  -4.3904699e-02
   4.4000000e+03   6.5492787e-01   3.6138548e-02
   4.4080000e+03   6.5178438e-01  -4.2878293e-02
   4.4160000e+03   7.1449523e-01  -5.4497180e-02
   4.4240000e+03   6.7670991e-01   4.2237159e-02
   4.4320000e+03   6.7382112e-01   2.6083849e-02
   4.4400000e+03   6.9207937e-01   3.8856620e-03
   4.4480000e+03   6.7605714e-01  -2.1077729e-02
   4.4560000e+03   6.5654118e-01  -3.7192177e-02
   4.4640000e+03   6.9733532e-01  -2.6922523e-02
   4.4720000e+03   6.9077924e-01  -6.4433516e-03
   4.4800000e+03   6.6092333e-01  -7.0242533e-02
   4.4880000e+03   6.5344540e-01   3.6458232e-02
   4.4960000e+03   6.7800653e-01  -7.4203767e-03
   4.5040000e+03   6.7670346e-01   4.9391858e-03
   4.5120000e+03   6.6404613e-01   4.7584875e-03
   4.5200000e+03   6.9470673e-01   3.2661054e-02
   4.5280000e+03   7.4864051e-01  -2.6403908e-02
   4.5360000e+03   6.5823799e-01   7.0290813e-03
   4.5440000e+03   6.0905386e-01  -6.0933327e-02
   4.5520000e+03   7.2901570e-01   5.1309990e-03
   4.5600000e+03   6.7571169e-01  -9.2329442e-03
   4.5680000e+03   6.6661592e-01  -5.8773703e-03
   4.5760000e+03   7.0697466e-01  -2.2498328e-02
   4.5840000e+03   6.0789008e-01   1.8696071e-02
   4.5920000e+03   6.8862505e-01   7.0982460e-02
   4.6000000e+03   7.3487833e-01   7.7101958e-04
   4.6080000e+03   6.9293740e-01   3.8948607e-02
   4.6160000e+03   6.4487247e-01  -2.0672710e-02
   4.6240000e+03   6.9282996e-01  -1.3919668e-02
   4.6320000e+03   6.9376407e-01   9.5318592e-03
   4.6400000e+03   6.7875977e-01   1.5623277e-02
   4.6480000e+03   6.7678305e-01  -3.9463557e-02
   4.6560000e+03   6.3384492e-01   6.1551926e-02
   4.6640000e+03   6.9290030e-01  -5.0487106e-02
   4.6720000e+03   6.7865978e-01  -9.5292526e-03
   4.6800000e+03   7.1542165e-01  -4.7326686e-02
   4.6880000e+03   7.1210536e-01  -5.3727849e-03
   4.6960000e+03   6.1461162e-01  -1.5202875e-02
   4.7040000e+03   6.2495310e-01  -9.7103471e-03
   4.7120000e+03   6.4887724e-01   1.3526038e-02
   4.7200000e+03   6.5268720e-01   4.0925326e-02
   4.7280000e+03   6.3643700e-01  -2.8479238e-02
   4.7360000e+03   6.5794773e-01  -2.9837193e-03
   4.7440000e+03   6.3623305e-01  -1.8110967e-02
   4.7520000e+03   5.6954427e-01  -3.4519721e-02
   4.7600000e+03   6.9686869e-01  -4.7968251e-02
   4.7680000e+03   6.7981805e-01  -2.3196026e-03
   4.7760000e+03   6.6392283e-01   3.2919025e-02
   4.7840000e+03   6.7020436e-01  -2.0595990e-02
   4.7920000e+03   6.6441173e-01  -2.4930308e-02
   4.8000000e+03   6.4264881e-01   7.4151640e-02
   4.8080000e+03   6.8224383e-01   4.8633318e-02
   4.8160000e+03   7.0256880e-01   1.3005436e-02
   4.8240000e+03   7.1086129e-01  -2.2478496e-02
   4.8320000e+03   6.2736759e-01  -2.8774412e-03
   4.8400000e+03   6.3823901e-01  -3.7160945e-02
   4.8480000e+03   6.6938853e-01   2.7497954e-03
   4.8560000e+03   6.8746158e-01   6.5919590e-02
   4.8640000e+03   7.0923549e-01   7.0311210e-03
   4.8720000e+03   5.9590758e-01   7.3551757e-04
   4.8800000e+03   6.1998099e-01   5.4305001e-03
   4.8880000e+03   6.3236051e-01   5.9001643e-02
   4.8960000e+03   6.7521765e-01   3.2797102e-02
   4.9040000e+03   6.7059563e-01  -1.9979594e-02
   4.9120000e+03   6.6940952e-01   2.9031664e-02
   4.9200000e+03   5.8425738e-01   2.3400982e-02
   4.9280000e+03   6.5088802e-01   2.2761598e-02
   4.9360000e+03   6.8752894e-01  -1.1571363e-02
   4.9440000e+03   6.3751430e-01   1.1068895e-02
   4.9520000e+03   6.3838611e-01   2.3179936e-02
   4.9600000e+03   6.6240563e-01  -2.1307307e-02
   4.9680000e+03   7.0987971e-01  -1.5256511e-02
   4.9760000e+03   6.9626130e-01  -2.8961894e-02
   4.9840000e+03   6.6846444e-01   1.0429413e-02
   4.9920000e+03   6.6160469e-01  -1.1473431e-02
   5.0000000e+03   6.9125742e-01   1.3619979e-02
   5.0080000e+03   6.4047198e-01  -1.4598735e-02
   5.0160000e+03   6.3234383e-01  -7.3391869e-03
   5.0240000e+03   6.5677245e-01   8.1222659e-02
   5.0320000e+03   6.2310694e-01  -1.5611928e-02
   5.0400000e+03   6.3785669e-01  -1.6231254e-02
   5.0480000e+03   6.5359903e-01   3.5672226e-02
   5.0560000e+03   6.7971973e-01   2.8087861e-03
   5.0640000e+03   6.7105584e-01  -4.8223975e-02
   5.0720000e+03   6.2763028e-01   2.2777882e-02
   5.0800000e+03   6.5029807e-01   4.2619775e-02
   5.0880000e+03   6.9203712e-01  -3.1491006e-02
   5.0960000e+03   6.9211358e-01   3.9075486e-02
   5.1040000e+03   6.7169116e-01   5.5183978e-02
   5.1120000e+03   6.3604703e-01  -8.1945319e-03
   5.1200000e+03   7.0834237e-01  -3.0162567e-02
   5.1280000e+03   6.3170904e-01  -6.0245804e-02
   5.1360000e+03   6.2231580e-01  -1.5867849e-02
   5.1440000e+03   6.7690107e-01  -4.7814007e-02
   5.1520000e+03   6.2826052e-01   8.2978587e-02
   5.1600000e+03   6.8997930e-01   1.3306413e-02
   5.1680000e+03   6.6788880e-01   4.3742105e-02
   5.1760000e+03   6.4830755e-01   5.5591667e-02
   5.1840000e+03   6.3995651e-01   7.1120596e-03
   5.1920000e+03   6.6509089e-01  -2.7312746e-02
   5.2000000e+03   6.2404051e-01   1.5437969e-02
   5.2080000e+03   7.1596781e-01   3.2224485e-04
   5.2160000e+03   7.3269942e-01  -5.9776614e-02
   5.2240000e+03   6.4465382e-01  -2.4526251e-02
   5.2320000e+03   6.3915606e-01   1.2172749e-02
   5.2400000e+03   6.4409034e-01  -2.6891666e-02
   5.2480000e+03   7.4247471e-01  -2.5647748e-02
   5.2560000e+03   6.2407065e-01  -5.6514730e-02
   5.2640000e+03   6.4439757e-01  -4.2851080e-03
   5.2720000e+03   6.2854176e-01   7.5663411e-03
   5.2800000e+03   6.5275120e-01  -4.4788485e-02
   5.2880000e+03   7.0631520e-01  -3.3197871e-02
   5.2960000e+03   6.6015851e-01  -1.2958869e-02
   5.3040000e+03   6.2579130e-01  -1.2288055e-02
   5.3120000e+03   6.5014042e-01   5.2894460e-02
   5.3200000e+03   7.2269088e-01  -3.5164286e-02
   5.3280000e+03   6.6733647e-01  -2.7684929e-02
   5.3360000e+03   6.3542801e-01  -3.5107641e-02
   5.3440000e+03   6.6368770e-01  -2.1755708e-02
   5.3520000e+03   6.6301075e-01   6.4627756e-03
   5.3600000e+03   7.0459323e-01   5.6429213e-03
   5.3680000e+03   6.5544275e-01   2.7999812e-02
   5.3760000e+03   6.7755837e-01   6.5722706e-02
   5.3840000e+03   6.2259409e-01   4.0701142e-02
   5.3920000e+03   5.8972534e-01  -4.3784350e-03
   5.4000000e+03   6.6713625e-01  -2.1936235e-03
   5.4080000e+03   6.7927820e-01   6.0857744e-02
   5.4160000e+03   6.5720279e-01  -2.5896308e-02
   5.4240000e+03   6.6320228e-01   4.1592779e-02
   5.4320000e+03   6.4324378e-01   3.2146288e-02
   5.4400000e+03   6.0271988e-01  -2.6868737e-02
   5.4480000e+03   6.6575450e-01  -3.7506021e-02
   5.4560000e+03   6.3580444e-01   4.5128764e-02
   5.4640000e+03   6.5667038e-01  -1.3422365e-02
   5.4720000e+03   6.5458532e-01  -6.6994223e-02
   5.4800000e+03   6.0134614e-01  -2.6333075e-02
   5.4880000e+03   6.7224526e-01  -5.2548125e-02
   5.4960000e+03   6.3300613e-01  -6.5709823e-03
   5.5040000e+03   6.7308963e-01  -3.6872076e-02
   5.5120000e+03   6.3897438e-01   4.9599754e-02
   5.5200000e+03   6.0380302e-01   1.4062865e-02
   5.5280000e+03   6.6614974e-01   1.4152855e-02
   5.5360000e+03   6.9036178e-01   9.9794850e-03
   5.5440000e+03   6.8913747e-01  -3.7712652e-02
   5.5520000e+03   6.8164785e-01  -3.6803198e-02
   5.5600000e+03   6.6512185e-01  -2.3646657e-02
   5.5680000e+03   6.1592896e-01  -2.5893723e-02
   5.5760000e+03   6.5669961e-01  -4.6713349e-02
   5.5840000e+03   6.4149528e-01  -1.2718340e-02
   5.5920000e+03   6.1399653e-01   3.6257992e-02
   5.6000000e+03   6.0099020e-01  -5.4019515e-03
   5.6080000e+03   6.5127076e-01   2.6650724e-02
   5.6160000e+03   6.6478747e-01  -3.7970609e-03
   5.6240000e+03   6.2345863e-01  -1.6571369e-02
   5.6320000e+03   6.9022953e-01   2.3146532e-02
   5.6400000e+03   6.6273704e-01  -4.7529213e-03
   5.6480000e+03   6.9503148e-01   1.2976325e-02
   5.6560000e+03   6.0883207e-01   2.5287809e-02
   5.6640000e+03   6.2453950e-01  -5.7702091e-03
   5.6720000e+03   6.6396182e-01   1.5142495e-02
   5.6800000e+03   6.2451962e-01  -2.9885994e-02
   5.6880000e+03   6.1689390e-01  -5.3750972e-02
   5.6960000e+03   6.5980817e-01  -2.0507229e-02
   5.7040000e+03   6.9382060e-01  -2.0883248e-02
   5.7120000e+03   6.9403702e-01  -1.8051285e-02
   5.7200000e+03   7.1510433e-01   7.6133990e-03
   5.7280000e+03   6.2088749e-01   2.2610363e-02
   5.7360000e+03   6.4740390e-01  -1.1153655e-02
   5.7440000e+03   5.8624309e-01  -1.3583148e-02
   5.7520000e+03   6.7699228e-01  -3.6559632e-02
   5.7600000e+03   6.8582325e-01  -5.0048981e-02
   5.7680000e+03   6.4552763e-01   6.2080689e-03
   5.7760000e+03   6.8838370e-01   5.2035849e-04
   5.7840000e+03   6.4042501e-01  -8.0592722e-03
   5.7920000e+03   6.5774385e-01  -8.5545438e-04
   5.8000000e+03   6.2876692e-01   5.5250176e-02
   5.8080000e+03   6.0192395e-01   3.7155339e-02
   5.8160000e+03   7.3399652e-01  -3.0795899e-03
   5.8240000e+03   6.8160180e-01   7.1516182e-03
   5.8320000e+03   6.7537431e-01   1.5912958e-02
   5.8400000e+03   6.5356446e-01  -3.3079981e-02
   5.8480000e+03   6.4308148e-01  -2.0608699e-02
   5.8560000e+03   6.2595229e-01  -2.4117204e-02
   5.8640000e+03   6.5546603e-01  -2.9398152e-02
   5.8720000e+03   6.7429486e-01  -8.1591575e-02
   5.8800000e+03   6.7387022e-01   5.3370646e-02
   5.8880000e+03   6.8401979e-01   5.5018316e-02
   5.8960000e+03   6.1936197e-01  -7.9665191e-03
   5.9040000e+03   6.2006844e-01  -6.6067281e-02
   5.9120000e+03   6.5412224e-01   4.3290748e-02
   5.9200000e+03   6.5499777e-01   5.4211900e-02
   5.9280000e+03   6.6397533e-01   2.0063751e-02
   5.9360000e+03   5.9245787e-01  -1.2563836e-02
   5.9440000e+03   6.4322625e-01  -1.2892884e-02
   5.9520000e+03   6.1330870e-01   4.0278389e-02
   5.9600000e+03   7.1668941e-01  -3.7552634e-03
   5.9680000e+03   6.4905323e-01  -5.0979780e-03
   5.9760000e+03   5.9884021e-01   3.3851566e-02
   5.9840000e+03   6.1875638e-01   3.8273682e-02
   5.9920000e+03   6.3229839e-01   4.1755377e-03
   6.0000000e+03   6.4649419e-01  -5.4514545e-02
   6.0080000e+03   6.4048421e-01  -1.2185377e-02
   6.0160000e+03   5.7974753e-01  -2.4674198e-02
   6.0240000e+03   6.6497147e-01   4.5376132e-02
   6.0320000e+03   6.2359247e-01   6.0777810e-02
   6.0400000e+03   6.7000805e-01   1.7323724e-03
   6.0480000e+03   6.4979837e-01   2.3332354e-02
   6.0560000e+03   6.2503011e-01  -2.2594888e-02
   6.0640000e+03   6.2480516e-01   3.1271192e-02
   6.0720000e+03   6.0580548e-01  -2.5136924e-02
   6.0800000e+03   6.5877961e-01   4.7994405e-02
   6.0880000e+03   6.3472850e-01   1.9376376e-02
   6.0960000e+03   5.2579926e-01   3.0548339e-02
   6.1040000e+03   6.3997383e-01   5.8681027e-02
   6.1120000e+03   6.8214156e-01   8.4383030e-03
   6.1200000e+03   6.1705630e-01  -1.6183591e-02
   6.1280000e+03   6.2237063e-01   3.4218927e-02
   6.1360000e+03   6.4119317e-01  -1.7583756e-02
   6.1440000e+03   6.5375742e-01   3.2301401e-02
   6.1520000e+03   7.1426372e-01   6.7678449e-02
   6.1600000e+03   6.1159730e-01  -2.8721556e-02
   6.1680000e+03   6.2502558e-01   1.5706467e-02
   6.1760000e+03   5.8460780e-01   6.6867052e-02
   6.1840000e+03   6.1206516e-01   1.7855185e-02
   6.1920000e+03   6.6983836e-01   1.8630259e-02
   6.2000000e+03   6.1842272e-01  -4.2851951e-02
   6.2080000e+03   6.2007101e-01  -3.5953366e-02
   6.2160000e+03   6.2477282e-01   2.4059045e-03
   6.2240000e+03   6.5572713e-01   1.3585225e-02
   6.2320000e+03   6.8312544e-01  -9.2001617e-02
   6.2400000e+03   6.1048183e-01  -1.4276670e-02
   6.2480000e+03   5.8835398e-01   3.7317717e-02
   6.2560000e+03   6.3789696e-01   2.5234651e-02
   6.2640000e+03   6.1761874e-01   3.1399525e-02
   6.2720000e+03   6.6300006e-01  -1.8665459e-02
   6.2800000e+03   6.3258438e-01  -5.4911521e-02
   6.2880000e+03   6.2379689e-01  -5.2256220e-03
   6.2960000e+03   6.0629703e-01   5.9544420e-02
   6.3040000e+03   6.1467961e-01   4.2474565e-02
   6.3120000e+03   6.1620503e-01   1.0519471e-03
   6.3200000e+03   6.0448711e-01   2.5844827e-02
   6.3280000e+03   6.2451786e-01   5.0135471e-02
   6.3360000e+03   6.5419928e-01  -6.1569381e-03
   6.3440000e+03   6.6795038e-01  -4.5068753e-02
   6.3520000e+03   6.5035167e-01   7.3808345e-03
   6.3600000e+03   6.9396299e-01  -3.8095149e-02
   6.3680000e+03   6.0104316e-01   3.8366224e-03
   6.3760000e+03   6.0962573e-01   1.4632258e-02
   6.3840000e+03   7.0605071e-01   4.4412524e-03
   6.3920000e+03   6.8583991e-01  -2.7395732e-02
   6.4000000e+03   6.7466587e-01   4.2422220e-03
   6.4080000e+03   6.1477860e-01   2.7181049e-03
   6.4160000e+03   6.3362302e-01   2.3297183e-02
   6.4240000e+03   6.2645976e-01  -5.5341802e-02
   6.4320000e+03   6.1385958e-01  -4.2091606e-02
   6.4400000e+03   6.6497457e-01   1.2581199e-02
   6.4480000e+03   6.9374746e-01   4.5167949e-02
   6.4560000e+03   6.4387723e-01  -1.9072864e-02
   6.4640000e+03   6.4250618e-01  -8.6087073e-03
   6.4720000e+03   6.5704777e-01  -4.0332563e-02
   6.4800000e+03   6.6542952e-01  -3.9112005e-02
   6.4880000e+03   6.8871898e-01   1.6891287e-02
   6.4960000e+03   6.2155795e-01  -9.3257883e-03
   6.5040000e+03   6.2628719e-01   5.6680754e-02
   6.5120000e+03   6.1857049e-01  -2.2001634e-02
   6.5200000e+03   5.8899364e-01   9.1736491e-03
   6.5280000e+03   6.7688630e-01  -3.3960072e-02
   6.5360000e+03   6.5691562e-01   3.7914921e-02
   6.5440000e+03   6.9953368e-01  -2.8679843e-02
   6.5520000e+03   6.1887474e-01   1.8626194e-02
   6.5600000e+03   6.2155591e-01  -1.0415279e-02
   6.5680000e+03   6.6003758e-01  -2.5112662e-02
   6.5760000e+03   6.0199248e-01   1.8170477e-03
   6.5840000e+03   6.3034312e-01  -4.3920146e-03
   6.5920000e+03   6.2487336e-01   5.9835409e-03
   6.6000000e+03   6.2148735e-01  -1.1313979e-03
   6.6080000e+03   5.7299866e-01  -8.4261275e-03
   6.6160000e+03   6.5851793e-01  -1.0296351e-03
   6.6240000e+03   7.0085032e-01  -2.4231934e-02
   6.6320000e+03   6.4633797e-01   2.4191147e-02
   6.6400000e+03   5.9069565e-01   4.8075045e-02
   6.6480000e+03   6.1012155e-01   2.9378929e-02
   6.6560000e+03   6.3914381e-01   2.5873110e-02
   6.6640000e+03   6.5007807e-01  -8.2531899e-03
   6.6720000e+03   6.0284006e-01   5.0597414e-02
   6.6800000e+03   6.7118005e-01  -3.0500383e-03
   6.6880000e+03   6.4971548e-01   4.5179121e-02
   6.6960000e+03   6.8861455e-01  -2.1285188e-02
   6.7040000e+03   6.3494518e-01  -2.4800441e-02
   6.7120000e+03   6.3678378e-01   1.8269436e-02
   6.7200000e+03   5.6049883e-01   1.8986044e-02
   6.7280000e+03   6.6758391e-01   3.3969874e-02
   6.7360000e+03   5.8270078e-01  -2.1955831e-02
   6.7440000e+03   6.5806463e-01   1.4856405e-02
   6.7520000e+03   6.8766839e-01  -2.1966358e-02
   6.7600000e+03   6.4339314e-01   1.7730554e-02
   6.7680000e+03   6.4374575e-01   3.1339876e-02
   6.7760000e+03   7.0537577e-01  -2.6158518e-02
   6.7840000e+03   6.0605894e-01   5.8850379e-03
   6.7920000e+03   6.6694963e-01  -3.1353408e-03
   6.8000000e+03   6.2623402e-01  -2.9021065e-02
   6.8080000e+03   6.5369055e-01  -1.6225823e-02
   6.8160000e+03   6.2423999e-01  -1.5779373e-03
   6.8240000e+03   6.3406664e-01   3.2149423e-02
   6.8320000e+03   6.3807075e-01  -2.5711665e-02
   6.8400000e+03   6.7425954e-01   2.1982420e-03
   6.8480000e+03   6.3203898e-01  -2.4670478e-02
   6.8560000e+03   6.1391311e-01   1.6167454e-02
   6.8640000e+03   6.0208839e-01   1.0703591e-02
   6.8720000e+03   6.0001672e-01  -2.3102704e-03
   6.8800000e+03   6.7572623e-01   1.2888633e-02
   6.8880000e+03   6.4353661e-01   1.3577624e-02
   6.8960000e+03   6.4642478e-01  -1.5651969e-02
   6.9040000e+03   6.3573755e-01  -6.5888087e-03
   6.9120000e+03   6.5877272e-01   3.5176390e-02
   6.9200000e+03   6.3918473e-01  -5.2216935e-02
   6.9280000e+03   6.5088116e-01   3.8899853e-02
   6.9360000e+03   6.2757054e-01  -3.4629889e-02
   6.9440000e+03   6.3870054e-01  -1.9604903e-02
   6.9520000e+03   6.1206950e-01   3.0109317e-02
   6.9600000e+03   5.5662032e-01  -2.2249638e-02
   6.9680000e+03   5.7029024e-01  -5.2936570e-02
   6.9760000e+03   6.8796059e-01   2.4772615e-02
   6.9840000e+03   6.2572599e-01  -4.6799631e-03
   6.9920000e+03   7.2599245e-01   1.3575542e-02
   7.0000000e+03   6.2454450e-01   3.2511921e-02
   7.0080000e+03   6.1568367e-01   5.9050950e-03
   7.0160000e+03   6.3601853e-01  -3.9507921e-02
   7.0240000e+03   6.1084309e-01  -5.0429544e-02
   7.0320000e+03   6.4097835e-01  -1.5122747e-02
   7.0400000e+03   6.2302027e-01  -1.1181119e-02
   7.0480000e+03   6.3774932e-01   3.8141340e-02
   7.0560000e+03   5.5445472e-01   6.4541136e-02
   7.0640000e+03   6.4019154e-01  -1.0873286e-02
   7.0720000e+03   6.7431962e-01  -4.1553133e-02
   7.0800000e+03   5.8006503e-01  -1.4832622e-02
   7.0880000e+03   7.0212458e-01  -2.1612936e-02
   7.0960000e+03   6.3635841e-01  -2.3862414e-02
   7.1040000e+03   6.3099174e-01   3.4800971e-02
   7.1120000e+03   6.3556927e-01  -1.8656947e-02
   7.1200000e+03   6.0068697e-01  -2.6123780e-02
   7.1280000e+03   6.1091989e-01  -4.7800796e-02
   7.1360000e+03   6.3530891e-01  -1.1723511e-02
   7.1440000e+03   6.8015441e-01  -8.6273907e-03
   7.1520000e+03   6.3058141e-01  -8.6991404e-03
   7.1600000e+03   6.9864442e-01   1.2356594e-02
   7.1680000e+03   6.4777540e-01   3.0833058e-02
   7.1760000e+03   6.3897636e-01  -2.7539875e-02
   7.1840000e+03   6.8715405e-01  -7.5704079e-02
   7.1920000e+03   6.6788866e-01   3.7313647e-02
   7.2000000e+03   5.8221669e-01   4.0394846e-02
   7.2080000e+03   6.4251712e-01  -3.9051130e-02
   7.2160000e+03   6.3100862e-01   1.8172926e-02
   7.2240000e+03   6.7457577e-01   8.8033838e-03
   7.2320000e+03   6.1360611e-01  -5.0582733e-03
   7.2400000e+03   5.9052932e-01   6.2729239e-02
   7.2480000e+03   5.7840015e-01  -3.5139128e-02
   7.2560000e+03   6.1157307e-01  -1.7012805e-02
   7.2640000e+03   6.8095556e-01  -1.5603179e-02
   7.2720000e+03   5.9325730e-01   6.8124077e-02
   7.2800000e+03   5.7841980e-01  -4.9242584e-02
   7.2880000e+03   6.1001228e-01  -4.6343589e-02
   7.2960000e+03   5.7247887e-01  -1.5201287e-02
   7.3040000e+03   6.6099835e-01  -1.0971501e-02
   7.3120000e+03   6.1466021e-01   1.7139035e-02
   7.3200000e+03   6.5663215e-01  -3.1352699e-02
   7.3280000e+03   6.2000352e-01  -4.4356757e-02
   7.3360000e+03   6.1742833e-01   1.9809028e-02
   7.3440000e+03   6.5614724e-01  -4.1469288e-02
   7.3520000e+03   6.2225648e-01  -2.4587945e-02
   7.3600000e+03   6.1646224e-01  -3.4691342e-02
   7.3680000e+03   5.6981960e-01  -2.8862502e-02
   7.3760000e+03   6.6950664e-01  -2.5541752e-02
   7.3840000e+03   6.2389313e-01   3.3989500e-02
   7.3920000e+03   6.4084940e-01   4.0499565e-02
   7.4000000e+03   6.4040217e-01   2.5456871e-03
   7.4080000e+03   6.2527186e-01   1.0714475e-02
   7.4160000e+03   6.5318497e-01  -5.7979192e-02
   7.4240000e+03   6.0942207e-01  -2.7662018e-02
   7.4320000e+03   6.2808646e-01  -1.0162403e-02
   7.4400000e+03   6.3321672e-01   8.3464165e-03
   7.4480000e+03   6.1062997e-01  -5.2022771e-02
   7.4560000e+03   6.5250413e-01  -8.1117831e-02
   7.4640000e+03   6.4746967e-01   7.1175726e-02
   7.4720000e+03   6.1088324e-01   1.5084701e-02
   7.4800000e+03   6.8853149e-01  -9.1224896e-03
   7.4880000e+03   6.2657626e-01   2.2336812e-02
   7.4960000e+03   6.6084769e-01  -4.5912353e-02
   7.5040000e+03   6.7061595e-01  -1.4989378e-02
   7.5120000e+03   6.2031341e-01  -2.9809610e-03
   7.5200000e+03   6.1649571e-01  -3.5829336e-02
   7.5280000e+03   6.1662977e-01  -9.0209508e-03
   7.5360000e+03   6.3303306e-01   5.2723509e-02
   7.5440000e+03   5.6662042e-01   1.0809491e-02
   7.5520000e+03   5.6925086e-01   1.9214329e-02
   7.5600000e+03   6.6715372e-01  -1.4634944e-02
   7.5680000e+03   6.1245858e-01  -6.5377153e-03
   7.5760000e+03   6.5093556e-01  -2.3660204e-02
   7.5840000e+03   6.3427115e-01  -4.4670751e-02
   7.5920000e+03   5.8464833e-01  -1.7470398e-02
   7.6000000e+03   6.7154933e-01   1.0585574e-02
   7.6080000e+03   5.7894769e-01   3.0131673e-02
   7.6160000e+03   5.8915355e-01   3.6221231e-02
   7.6240000e+03   5.7075040e-01  -2.5831074e-02
   7.6320000e+03   6.4096639e-01   2.0436997e-02
   7.6400000e+03   6.3657340e-01  -3.4440073e-02
   7.6480000e+03   6.5640935e-01  -7.3460290e-03
   7.6560000e+03   6.6430798e-01   9.2775588e-03
   7.6640000e+03   6.1427680e-01   2.3864555e-02
   7.6720000e+03   6.0126089e-01   1.7260180e-03
   7.6800000e+03   5.8689721e-01  -7.7476327e-02
   7.6880000e+03   6.2706082e-01  -2.4819982e-02
   7.6960000e+03   6.7890657e-01   3.0584646e-02
   7.7040000e+03   6.2921121e-01  -2.7447849e-02
   7.7120000e+03   7.0673489e-01   3.2475672e-02
   7.7200000e+03   6.6702418e-01   2.9193668e-02
   7.7280000e+03   6.2964092e-01   2.3878812e-02
   7.7360000e+03   6.3641357e-01   1.6106362e-02
   7.7440000e+03   6.3850953e-01  -3.5065553e-02
   7.7520000e+03   6.0733700e-01  -1.5611621e-03
   7.7600000e+03   5.8681953e-01   1.1342292e-02
   7.7680000e+03   6.2741004e-01   1.7663414e-02
   7.7760000e+03   6.3232150e-01  -6.6374635e-02
   7.7840000e+03   6.6175229e-01   5.3397259e-02
   7.7920000e+03   6.2102327e-01  -9.2963456e-03
   7.8000000e+03   6.8263688e-01   1.6053536e-02
   7.8080000e+03   6.1952070e-01   4.6101296e-02
   7.8160000e+03   6.2312001e-01   6.6457381e-02
   7.8240000e+03   6.0807303e-01  -3.2035249e-02
   7.8320000e+03   6.2962923e-01   3.7628610e-02
   7.8400000e+03   6.4621541e-01   1.9263775e-02
   7.8480000e+03   6.4779326e-01   1.2534443e-02
   7.8560000e+03   6.1392290e-01   3.3678284e-02
   7.8640000e+03   5.9007597e-01  -1.9965930e-02
   7.8720000e+03   6.4480237e-01  -2.9931938e-02
   7.8800000e+03   6.2583073e-01   1.3280573e-03
   7.8880000e+03   6.6194089e-01  -2.3221572e-02
   7.8960000e+03   6.7367036e-01  -1.7997718e-02
   7.9040000e+03   6.0186442e-01   2.5958316e-02
   7.9120000e+03   6.0310052e-01   1.7806798e-02
   7.9200000e+03   6.9359207e-01  -3.4718340e-02
   7.9280000e+03   6.3800497e-01  -2.1928486e-02
   7.9360000e+03   6.1547147e-01  -5.1555561e-02
   7.9440000e+03   5.9654587e-01  -1.4360234e-02
   7.9520000e+03   6.4165824e-01   1.3654259e-02
   7.9600000e+03   5.8642342e-01  -1.0866862e-02
   7.9680000e+03   6.2409770e-01  -8.6255805e-03
   7.9760000e+03   6.1517910e-01   1.0670186e-02
   7.9840000e+03   6.4491145e-01  -8.9794418e-03
   7.9920000e+03   5.9615516e-01   5.0808997e-02
   8.0000000e+03   6.2963033e-01  -1.0038321e-02
   8.0080000e+03   6.8045246e-01  -5.9656866e-02
   8.0160000e+03   6.6395215e-01  -1.2872186e-02
   8.0240000e+03   6.4187369e-01   7.0987812e-03
   8.0320000e+03   6.4825760e-01  -1.0898555e-02
   8.0400000e+03   5.4647841e-01  -2.0395527e-02
   8.0480000e+03   5.8818248e-01  -1.8290769e-02
   8.0560000e+03   6.7647873e-01  -6.5644458e-03
   8.0640000e+03   6.1118034e-01  -4.0708400e-02
   8.0720000e+03   5.5886684e-01  -2.3234663e-02
   8.0800000e+03   5.8600071e-01  -1.9405473e-02
   8.0880000e+03   6.0926488e-01   1.8613579e-02
   8.0960000e+03   6.6582692e-01   3.7489480e-03
   8.1040000e+03   6.6402224e-01  -4.5105237e-02
   8.1120000e+03   6.4188233e-01   2.6449586e-03
   8.1200000e+03   6.0914947e-01  -5.9692138e-02
   8.1280000e+03   5.8875428e-01  -3.6193029e-02
   8.1360000e+03   6.0818734e-01  -3.8836745e-02
   8.1440000e+03   6.0410766e-01   5.0061756e-02
   8.1520000e+03   5.6718014e-01  -3.3253159e-02
   8.1600000e+03   5.3965675e-01  -3.8854071e-02
   8.1680000e+03   6.5092635e-01  -2.2527064e-03
   8.1760000e+03   6.2565303e-01  -5.5537222e-02
   8.1840000e+03   6.3203423e-01   2.3705045e-02
   8.1920000e+03   6.8576322e-01   2.1361228e-03
   8.2000000e+03   5.3844631e-01   6.9694095e-02
   8.2080000e+03   5.8319164e-01  -3.5529690e-02
   8.2160000e+03   5.7298813e-01   2.6429570e-02
   8.2240000e+03   5.8380645e-01   2.7892392e-03
   8.2320000e+03   6.2955553e-01  -2.8346970e-02
   8.2400000e+03   6.3923752e-01  -3.4227293e-02
