   0.0000000e+00   8.2364775e-01  -3.9024739e-02
   8.0000000e+00   8.7653673e-01   6.0283363e-02
   1.6000000e+01   1.0516125e+00   2.4553285e-02
   2.4000000e+01   9.3535830e-01  -1.0270565e-01
   3.2000000e+01   9.6796102e-01   1.6897996e-02
   4.0000000e+01   9.7038599e-01  -6.7270260e-02
   4.8000000e+01   9.8121926e-01  -5.7867204e-03
   5.6000000e+01   9.7503620e-01   1.5340915e-01
   6.4000000e+01   9.1208276e-01  -4.8120837e-02
   7.2000000e+01   9.3208756e-01  -3.0110791e-02
   8.0000000e+01   1.0574982e+00   9.6420982e-02
   8.8000000e+01   1.0554238e+00   6.1525678e-02
   9.6000000e+01   1.0039243e+00   9.5141932e-02
   1.0400000e+02   9.7997761e-01   9.6259805e-02
   1.1200000e+02   1.0808906e+00  -5.7052639e-02
   1.2000000e+02   9.6427569e-01   3.9043416e-02
   1.2800000e+02   9.5273747e-01  -2.6046692e-02
   1.3600000e+02   9.9811849e-01   3.8120858e-02
   1.4400000e+02   9.4227407e-01  -5.4594189e-02
   1.5200000e+02   9.9342797e-01   8.3377906e-02
   1.6000000e+02   1.0992199e+00   3.8077025e-02
   1.6800000e+02   9.4228425e-01   5.1263549e-02
   1.7600000e+02   1.0229819e+00  -8.1162808e-03
   1.8400000e+02   8.8817354e-01   2.3932625e-03
   1.9200000e+02   9.8456564e-01   1.8942057e-02
   2.0000000e+02   9.6012414e-01  -3.7549293e-02
   2.0800000e+02   9.3564571e-01   5.7134731e-02
   2.1600000e+02   9.9713604e-01   4.0777108e-03
   2.2400000e+02   8.5629655e-01  -7.9792858e-02
   2.3200000e+02   8.8200814e-01   5.6987314e-03
   2.4000000e+02   8.5215654e-01  -3.5776688e-02
   2.4800000e+02   9.0699989e-01   8.7084571e-02
   2.5600000e+02   8.6523615e-01   5.7089828e-02
   2.6400000e+02   8.9150613e-01  -2.0332849e-02
   2.7200000e+02   9.7057621e-01   1.7599772e-03
   2.8000000e+02   8.1953666e-01   5.7648101e-02
   2.8800000e+02   8.8594950e-01  -3.4328433e-02
   2.9600000e+02   8.3424353e-01   6.0688913e-02
   3.0400000e+02   8.2081182e-01   8.1794333e-02
   3.1200000e+02   9.6006986e-01   7.2250434e-02
   3.2000000e+02   8.1803033e-01   1.0997001e-01
   3.2800000e+02   7.3151115e-01   6.5299498e-02
   3.3600000e+02   8.5425709e-01  -7.9533246e-02
   3.4400000e+02   7.5065990e-01   1.0089963e-02
   3.5200000e+02   8.2356569e-01   4.5333228e-02
   3.6000000e+02   7.7945935e-01   2.0909905e-02
   3.6800000e+02   8.4683353e-01  -3.9354813e-02
   3.7600000e+02   7.5519308e-01   1.8110302e-02
   3.8400000e+02   7.9598337e-01   9.7847059e-03
   3.9200000e+02   8.3729246e-01  -7.9598495e-02
   4.0000000e+02   6.4321183e-01   7.4360056e-02
   4.0800000e+02   8.1946504e-01  -1.9723054e-02
   4.1600000e+02   9.0637041e-01   1.4889402e-02
   4.2400000e+02   9.5511223e-01  -5.3429672e-02
   4.3200000e+02   8.9222467e-01   5.1632323e-03
   4.4000000e+02   7.5485787e-01  -3.4745515e-02
   4.4800000e+02   7.4141549e-01   1.4510880e-03
   4.5600000e+02   7.3813113e-01  -7.9761631e-02
   4.6400000e+02   8.1329779e-01   4.5359121e-02
   4.7200000e+02   8.4119707e-01  -3.7192531e-02
   4.8000000e+02   7.4740873e-01  -4.6130530e-02
   4.8800000e+02   6.8791634e-01   7.8975844e-02
   4.9600000e+02   8.5925097e-01  -1.1898146e-01
   5.0400000e+02   7.8518078e-01   1.8336951e-02
   5.1200000e+02   7.7782102e-01  -4.7060368e-02
   5.2000000e+02   7.1777898e-01   3.1169508e-02
   5.2800000e+02   8.2577887e-01  -3.8861460e-02
   5.3600000e+02   7.7222191e-01   1.2567940e-01
   5.4400000e+02   8.1463109e-01   3.9335506e-02
   5.5200000e+02   7.9787224e-01  -9.1690998e-03
   5.6000000e+02   6.5291903e-01  -8.6526365e-02
   5.6800000e+02   6.6620325e-01   2.0036342e-02
   5.7600000e+02   7.4040292e-01   9.2191268e-02
   5.8400000e+02   8.0191384e-01  -1.8521151e-02
   5.9200000e+02   6.7449887e-01   4.4478889e-02
   6.0000000e+02   7.6005290e-01   7.9462175e-02
   6.0800000e+02   8.9432357e-01   6.8152796e-02
   6.1600000e+02   6.7127594e-01  -1.1082530e-02
   6.2400000e+02   7.2275234e-01   2.1277003e-02
   6.3200000e+02   7.3221537e-01   1.9242074e-01
   6.4000000e+02   7.3019719e-01   1.0418060e-02
   6.4800000e+02   6.6163005e-01   4.3092482e-03
   6.5600000e+02   6.3907828e-01  -3.4787858e-02
   6.6400000e+02   7.4106339e-01  -3.8372165e-02
   6.7200000e+02   6.1942572e-01  -6.1597253e-02
   6.8000000e+02   8.1313082e-01  -1.3480652e-03
   6.8800000e+02   7.8202485e-01  -2.1812559e-02
   6.9600000e+02   6.9596323e-01   2.7842456e-02
   7.0400000e+02   6.7556224e-01   9.6806037e-03
   7.1200000e+02   7.7303200e-01  -5.4233815e-02
   7.2000000e+02   7.3604011e-01  -4.9960804e-03
   7.2800000e+02   7.4539853e-01  -2.0464896e-02
   7.3600000e+02   7.2036976e-01  -1.1240417e-01
   7.4400000e+02   6.9681717e-01  -7.1785015e-02
   7.5200000e+02   5.6545842e-01  -1.6469956e-02
   7.6000000e+02   7.3148422e-01   6.4945986e-02
   7.6800000e+02   7.0704982e-01   6.0006491e-02
   7.7600000e+02   8.3465392e-01   3.7018762e-02
   7.8400000e+02   6.3101676e-01  -1.0468564e-03
   7.9200000e+02   7.0594164e-01  -2.6092108e-02
   8.0000000e+02   7.0413528e-01  -2.4650414e-02
   8.0800000e+02   6.8771179e-01   4.7899406e-02
   8.1600000e+02   7.4228584e-01   9.8599624e-02
   8.2400000e+02   6.8711230e-01  -6.8736758e-02
   8.3200000e+02   6.9908328e-01  -1.7413594e-02
   8.4000000e+02   7.7266250e-01   2.3303934e-02
   8.4800000e+02   7.8818485e-01  -1.0262158e-01
   8.5600000e+02   7.0522268e-01   1.1604680e-01
   8.6400000e+02   7.6545762e-01   1.8108697e-02
   8.7200000e+02   6.9260619e-01  -1.0725609e-02
   8.8000000e+02   6.4102114e-01   9.5084625e-02
   8.8800000e+02   6.9159755e-01  -2.6983524e-02
   8.9600000e+02   7.3503686e-01   3.9186277e-02
   9.0400000e+02   6.0815129e-01  -3.3502341e-03
   9.1200000e+02   7.2745416e-01  -1.3941078e-02
   9.2000000e+02   7.5482849e-01   4.2585649e-02
   9.2800000e+02   7.2961299e-01   6.1599071e-02
   9.3600000e+02   7.0869202e-01   4.3832078e-02
   9.4400000e+02   6.9055895e-01  -2.4194680e-02
   9.5200000e+02   6.6865213e-01  -5.4022597e-02
   9.6000000e+02   7.5734255e-01   6.3750256e-03
   9.6800000e+02   7.3918027e-01  -1.8714330e-01
   9.7600000e+02   5.9715216e-01  -5.2813539e-02
   9.8400000e+02   7.5631512e-01   2.0711250e-02
   9.9200000e+02   7.1692898e-01  -8.8733365e-02
   1.0000000e+03   7.5453165e-01  -1.4601289e-01
   1.0080000e+03   7.2241737e-01  -4.1053006e-02
   1.0160000e+03   7.1785885e-01   5.3825435e-02
   1.0240000e+03   7.3094761e-01  -1.0756508e-01
   1.0320000e+03   6.5050353e-01   6.2300247e-02
   1.0400000e+03   7.1362395e-01   3.1773597e-02
   1.0480000e+03   7.7952982e-01   3.4663350e-02
   1.0560000e+03   6.4327015e-01   8.6479268e-04
   1.0640000e+03   7.4500139e-01   3.8820012e-02
   1.0720000e+03   7.6344742e-01   6.2916923e-02
   1.0800000e+03   7.0574267e-01   4.0315779e-02
   1.0880000e+03   7.0448008e-01  -8.9724952e-02
   1.0960000e+03   6.4429287e-01   3.6370721e-02
   1.1040000e+03   6.6696615e-01  -4.6226699e-02
   1.1120000e+03   7.8289169e-01   3.6840289e-02
   1.1200000e+03   6.4808497e-01  -6.6823928e-02
   1.1280000e+03   6.6261674e-01   8.5053571e-02
   1.1360000e+03   7.4324865e-01  -1.2836545e-02
   1.1440000e+03   6.0892858e-01   3.9883746e-02
   1.1520000e+03   7.5251292e-01   7.6964237e-02
   1.1600000e+03   7.3005790e-01   1.5823525e-02
   1.1680000e+03   7.2693821e-01   7.7803677e-02
   1.1760000e+03   6.2665040e-01  -6.7500809e-02
   1.1840000e+03   7.1723991e-01  -1.1112917e-01
   1.1920000e+03   6.8621852e-01  -5.7783517e-02
   1.2000000e+03   5.9704155e-01   4.1027655e-02
   1.2080000e+03   6.4111665e-01  -3.8245703e-02
   1.2160000e+03   7.1200111e-01   4.3420997e-02
   1.2240000e+03   6.2587791e-01  -4.1436779e-02
   1.2320000e+03   5.9492306e-01   7.5176947e-02
   1.2400000e+03   6.3364869e-01   3.0203981e-02
   1.2480000e+03   6.7467854e-01   1.7501895e-02
   1.2560000e+03   6.8449529e-01   2.2425782e-02
   1.2640000e+03   6.2095890e-01   1.2904507e-01
   1.2720000e+03   6.8751201e-01   3.7890323e-03
   1.2800000e+03   6.9899919e-01  -3.1763065e-02
   1.2880000e+03   8.0410484e-01   4.1474007e-03
   1.2960000e+03   6.1761830e-01   3.3636589e-02
   1.3040000e+03   5.9640896e-01  -5.1172736e-02
   1.3120000e+03   6.7341939e-01   2.3521001e-03
   1.3200000e+03   5.8273137e-01  -6.5386497e-03
   1.3280000e+03   7.4988296e-01   1.0927349e-01
   1.3360000e+03   7.0910115e-01   2.8639938e-02
   1.3440000e+03   6.2199140e-01   9.0224419e-02
   1.3520000e+03   6.3242679e-01  -7.3469921e-02
   1.3600000e+03   7.5641689e-01  -1.8360948e-02
   1.3680000e+03   7.3795233e-01  -1.7505837e-02
   1.3760000e+03   7.3514404e-01   4.7623738e-02
   1.3840000e+03   7.6159430e-01   4.6563280e-02
   1.3920000e+03   6.1124246e-01   6.7413174e-02
   1.4000000e+03   7.6272009e-01  -1.9060019e-02
   1.4080000e+03   7.7925633e-01  -1.4314629e-02
   1.4160000e+03   5.9135010e-01   3.1943263e-02
   1.4240000e+03   6.2982453e-01   4.3511907e-02
   1.4320000e+03   5.9664796e-01  -4.6214319e-02
   1.4400000e+03   7.8602579e-01  -7.2477897e-02
   1.4480000e+03   7.1135475e-01  -3.6335407e-02
   1.4560000e+03   6.5949497e-01  -6.4540618e-02
   1.4640000e+03   6.4037386e-01   2.4919717e-02
   1.4720000e+03   7.0142376e-01   2.0074136e-02
   1.4800000e+03   6.5301704e-01  -3.4212674e-02
   1.4880000e+03   7.2339573e-01   2.4070654e-02
   1.4960000e+03   6.5248635e-01   8.8533769e-03
   1.5040000e+03   6.1282199e-01  -5.5650139e-02
   1.5120000e+03   6.6680737e-01  -9.0271637e-03
   1.5200000e+03   7.5728546e-01   6.5925624e-02
   1.5280000e+03   5.7149651e-01  -2.8669704e-02
   1.5360000e+03   5.7772962e-01  -7.2053822e-02
   1.5440000e+03   6.5469354e-01  -8.3263899e-02
   1.5520000e+03   6.0544558e-01  -1.0429022e-01
   1.5600000e+03   6.5056859e-01   1.8993337e-02
   1.5680000e+03   6.6984279e-01   3.1050074e-02
   1.5760000e+03   7.2117667e-01  -8.3929301e-02
   1.5840000e+03   6.8427755e-01   1.3065476e-01
   1.5920000e+03   5.9780983e-01   3.2892667e-03
   1.6000000e+03   6.0803490e-01  -1.3425317e-02
   1.6080000e+03   6.3373679e-01  -1.1660773e-01
   1.6160000e+03   7.7378492e-01  -4.4267467e-02
   1.6240000e+03   6.1719281e-01  -1.7184896e-01
   1.6320000e+03   7.4859717e-01  -2.5171969e-02
   1.6400000e+03   6.2394690e-01  -4.5227724e-02
   1.6480000e+03   7.0462403e-01  -1.1562870e-02
   1.6560000e+03   7.3244255e-01   3.0648371e-02
   1.6640000e+03   6.3288900e-01  -9.6827712e-02
   1.6720000e+03   6.9153141e-01   6.0968812e-02
   1.6800000e+03   6.2714446e-01   7.9653195e-03
   1.6880000e+03   6.4724096e-01  -5.1752559e-02
   1.6960000e+03   7.2582902e-01  -1.3494853e-02
   1.7040000e+03   6.6437361e-01  -2.3665350e-02
   1.7120000e+03   6.0260360e-01  -1.6660400e-02
   1.7200000e+03   7.5296139e-01   3.9435772e-02
   1.7280000e+03   6.4867614e-01  -7.1753476e-02
   1.7360000e+03   6.7529082e-01   6.4375875e-02
   1.7440000e+03   7.3158018e-01  -1.0808936e-01
   1.7520000e+03   6.1873620e-01   2.4713304e-02
   1.7600000e+03   6.4697951e-01   1.0655222e-02
   1.7680000e+03   6.1923549e-01  -5.5972510e-05
   1.7760000e+03   6.0480803e-01   8.8819818e-02
   1.7840000e+03   5.7600913e-01  -1.2441994e-01
   1.7920000e+03   7.0071817e-01   7.1395156e-02
   1.8000000e+03   5.3869116e-01  -5.3740331e-02
   1.8080000e+03   6.2616026e-01   3.8725051e-02
   1.8160000e+03   6.5102913e-01   1.1604925e-01
   1.8240000e+03   7.0544479e-01  -5.6546051e-03
   1.8320000e+03   5.8384711e-01   7.3655740e-02
   1.8400000e+03   6.9901164e-01   3.3815883e-02
   1.8480000e+03   6.8936438e-01  -2.6751929e-02
   1.8560000e+03   7.3013087e-01   7.2220843e-03
   1.8640000e+03   6.7920531e-01   2.1129441e-02
   1.8720000e+03   6.0531927e-01   2.6181858e-02
   1.8800000e+03   7.7439730e-01   1.5498856e-02
   1.8880000e+03   6.3919129e-01   4.2980648e-02
   1.8960000e+03   5.6192522e-01  -1.3599086e-02
   1.9040000e+03   5.9590881e-01   5.2144655e-02
   1.9120000e+03   6.0837097e-01  -4.7178580e-02
   1.9200000e+03   6.0086217e-01   6.4372749e-02
   1.9280000e+03   6.4551571e-01  -9.0979866e-02
   1.9360000e+03   6.2720812e-01   7.2893079e-02
   1.9440000e+03   6.8857749e-01  -1.9918032e-02
   1.9520000e+03   6.5837500e-01  -2.4044608e-02
   1.9600000e+03   6.2785752e-01  -6.9918389e-02
   1.9680000e+03   5.9990766e-01   2.8821204e-02
   1.9760000e+03   6.8641286e-01  -9.8439037e-02
   1.9840000e+03   6.3178351e-01  -2.4000222e-02
   1.9920000e+03   5.5335568e-01  -2.7824308e-03
   2.0000000e+03   6.3446657e-01   1.4324983e-01
   2.0080000e+03   6.6343430e-01  -3.4453653e-02
   2.0160000e+03   6.4444195e-01   2.6842044e-02
   2.0240000e+03   7.3959985e-01  -1.4674940e-01
   2.0320000e+03   6.3229123e-01  -1.3818112e-01
   2.0400000e+03   7.1466164e-01  -2.6407619e-02
   2.0480000e+03   6.5708952e-01   1.1542558e-01
   2.0560000e+03   6.0528440e-01  -5.9305697e-02
   2.0640000e+03   6.6599384e-01  -8.5795863e-02
   2.0720000e+03   6.5497529e-01   1.1790732e-02
   2.0800000e+03   5.5267915e-01   4.9646930e-02
   2.0880000e+03   6.5471791e-01   1.5763012e-02
   2.0960000e+03   6.5238020e-01   4.8223793e-02
   2.1040000e+03   6.1486875e-01  -9.5234656e-02
   2.1120000e+03   5.7208427e-01   2.2663270e-02
   2.1200000e+03   6.1984907e-01   1.0901589e-01
   2.1280000e+03   6.1403091e-01  -8.2199481e-03
   2.1360000e+03   7.0789845e-01  -3.7394888e-02
   2.1440000e+03   5.5492876e-01   6.6393464e-02
   2.1520000e+03   6.5747939e-01  -1.8828813e-03
   2.1600000e+03   6.3176675e-01   6.1634702e-02
   2.1680000e+03   6.9462017e-01   5.2401638e-02
   2.1760000e+03   6.5457314e-01  -1.4956125e-02
   2.1840000e+03   5.8339920e-01   4.1060511e-02
   2.1920000e+03   7.4678714e-01  -9.5441936e-02
   2.2000000e+03   6.5437048e-01  -1.0786499e-01
   2.2080000e+03   5.6795918e-01   4.4483560e-02
   2.2160000e+03   6.7719545e-01  -3.0583709e-02
   2.2240000e+03   6.5802236e-01  -1.3314456e-02
   2.2320000e+03   5.4096283e-01   2.4831460e-03
   2.2400000e+03   6.4393376e-01  -3.1779096e-02
   2.2480000e+03   7.0415345e-01   4.7660859e-02
   2.2560000e+03   6.5650521e-01   2.0346752e-02
   2.2640000e+03   5.4137890e-01  -4.5416643e-02
   2.2720000e+03   6.8463488e-01  -3.8583754e-02
   2.2800000e+03   5.2249512e-01   9.1805167e-03
   2.2880000e+03   5.2759326e-01  -6.8145433e-02
   2.2960000e+03   6.7862251e-01  -4.3381802e-02
   2.3040000e+03   5.8090721e-01  -1.7801135e-02
   2.3120000e+03   6.1353084e-01   7.7642312e-02
   2.3200000e+03   5.8974150e-01   5.8413335e-02
   2.3280000e+03   6.5548664e-01   5.9674324e-02
   2.3360000e+03   5.3806143e-01  -5.3739860e-02
   2.3440000e+03   6.1967985e-01   6.5434020e-02
   2.3520000e+03   5.6805156e-01  -6.7647287e-02
   2.3600000e+03   6.6143854e-01   6.2570324e-02
   2.3680000e+03   7.0338281e-01  -4.0242558e-02
   2.3760000e+03   7.5107135e-01   7.1219086e-02
   2.3840000e+03   6.3461378e-01   6.9562642e-02
   2.3920000e+03   5.4460713e-01   6.9735720e-02
   2.4000000e+03   5.0070174e-01   1.0394969e-01
   2.4080000e+03   5.3502817e-01   3.1165863e-03
   2.4160000e+03   6.2257803e-01  -1.6842030e-01
   2.4240000e+03   7.3557144e-01  -1.2105700e-01
   2.4320000e+03   7.3498774e-01  -2.5175799e-02
   2.4400000e+03   5.5753920e-01   1.8675148e-03
   2.4480000e+03   6.3008281e-01   6.9607404e-02
   2.4560000e+03   7.0583655e-01   4.5457894e-02
   2.4640000e+03   6.3696843e-01  -6.6447662e-02
   2.4720000e+03   8.0867775e-01  -2.7577759e-02
   2.4800000e+03   6.5233205e-01  -6.3778710e-02
   2.4880000e+03   6.1559022e-01   9.2068118e-03
   2.4960000e+03   5.8951511e-01   2.6010484e-02
   2.5040000e+03   5.2701026e-01  -1.8246213e-02
   2.5120000e+03   7.6346801e-01  -4.9321817e-02
   2.5200000e+03   6.3073241e-01  -4.3550165e-02
   2.5280000e+03   6.5993497e-01   4.3906793e-02
   2.5360000e+03   4.9026461e-01   2.8036876e-02
   2.5440000e+03   5.4924791e-01   1.4222226e-02
   2.5520000e+03   6.4156505e-01   4.6785962e-02
   2.5600000e+03   6.3903446e-01  -1.3766607e-02
   2.5680000e+03   6.4959084e-01  -5.5685062e-02
   2.5760000e+03   6.7124134e-01  -3.6220193e-02
   2.5840000e+03   6.1725770e-01  -2.5485609e-02
   2.5920000e+03   6.0705810e-01  -6.5574883e-03
   2.6000000e+03   6.6202016e-01   4.1067890e-02
   2.6080000e+03   6.9969510e-01   2.0890162e-02
   2.6160000e+03   6.4678589e-01   1.0658018e-01
   2.6240000e+03   6.0967609e-01   1.4790061e-02
   2.6320000e+03   6.9817405e-01  -4.4951203e-02
   2.6400000e+03   6.1703468e-01  -2.7199303e-02
   2.6480000e+03   5.3253549e-01  -2.4173617e-04
   2.6560000e+03   5.6131943e-01   1.8983895e-02
   2.6640000e+03   5.6597329e-01   1.7366791e-01
   2.6720000e+03   7.2015003e-01   4.6475597e-02
   2.6800000e+03   7.0383644e-01   1.2760061e-01
   2.6880000e+03   5.5099840e-01  -3.2303929e-02
   2.6960000e+03   5.7593754e-01  -7.3027980e-02
   2.7040000e+03   6.9127827e-01   2.4961844e-02
   2.7120000e+03   6.1559843e-01  -1.1162432e-01
   2.7200000e+03   5.3500452e-01  -2.0398249e-02
   2.7280000e+03   6.7844851e-01   1.0833222e-02
   2.7360000e+03   5.9133817e-01  -9.8469470e-02
   2.7440000e+03   7.4083694e-01   1.8462904e-02
   2.7520000e+03   5.9754994e-01  -5.1769588e-02
   2.7600000e+03   5.6793797e-01  -1.0476276e-01
   2.7680000e+03   5.2569906e-01   9.8303088e-02
   2.7760000e+03   5.6885943e-01   8.9705228e-02
   2.7840000e+03   6.5666464e-01   2.9875116e-02
   2.7920000e+03   5.3010261e-01  -7.7772970e-02
   2.8000000e+03   6.4289931e-01   2.5476075e-02
   2.8080000e+03   6.6198184e-01   4.0248036e-02
   2.8160000e+03   6.0009437e-01   4.0973656e-02
   2.8240000e+03   6.1431741e-01  -1.3253191e-01
   2.8320000e+03   5.8236859e-01   3.8385257e-02
   2.8400000e+03   6.3586301e-01  -2.6979500e-02
   2.8480000e+03   5.6409735e-01   4.7278697e-02
   2.8560000e+03   5.6899978e-01  -2.8206449e-02
   2.8640000e+03   5.2618374e-01  -1.1890515e-01
   2.8720000e+03   4.7247002e-01   3.2997190e-02
   2.8800000e+03   4.9991687e-01   3.0892848e-02
   2.8880000e+03   5.7198761e-01  -3.8878461e-02
   2.8960000e+03   5.7742105e-01  -5.1704058e-02
   2.9040000e+03   5.6754845e-01   1.5891124e-01
   2.9120000e+03   6.5872851e-01  -6.4181463e-02
   2.9200000e+03   6.6722637e-01   4.3340372e-03
   2.9280000e+03   6.0564800e-01  -1.1719454e-01
   2.9360000e+03   5.9589216e-01  -4.1234192e-02
   2.9440000e+03   5.3774699e-01   2.0574119e-03
   2.9520000e+03   5.6292903e-01  -3.0485652e-02
   2.9600000e+03   5.9580256e-01   2.1837813e-02
   2.9680000e+03   6.5823829e-01   3.1680332e-02
   2.9760000e+03   5.5466219e-01  -5.4658321e-02
   2.9840000e+03   6.0863544e-01   3.4780584e-02
   2.9920000e+03   5.8560859e-01   1.2709718e-02
   3.0000000e+03   6.0415397e-01  -4.0535729e-02
   3.0080000e+03   5.4030072e-01   3.6199982e-02
   3.0160000e+03   5.6154157e-01   9.0905504e-02
   3.0240000e+03   5.9872525e-01   6.8559610e-03
   3.0320000e+03   5.7027076e-01   1.0168116e-01
   3.0400000e+03   6.3117115e-01   1.5365323e-01
   3.0480000e+03   6.4476044e-01   6.7814584e-02
   3.0560000e+03   5.2272845e-01  -4.8381836e-02
   3.0640000e+03   5.6497532e-01   7.8419453e-03
   3.0720000e+03   5.8888346e-01  -2.4834843e-02
   3.0800000e+03   5.8059882e-01   1.1137057e-01
   3.0880000e+03   4.3440213e-01   3.6618165e-02
   3.0960000e+03   6.2424863e-01  -9.4985516e-02
   3.1040000e+03   5.0202456e-01  -1.3716167e-02
   3.1120000e+03   5.1999029e-01  -8.3560903e-03
   3.1200000e+03   6.5291648e-01   4.4404745e-03
   3.1280000e+03   5.0046903e-01  -9.9181590e-02
   3.1360000e+03   6.2463054e-01  -2.4301349e-02
   3.1440000e+03   6.2744039e-01  -1.0242791e-02
   3.1520000e+03   5.7481990e-01   1.1225992e-01
   3.1600000e+03   5.6941631e-01   4.5473097e-02
   3.1680000e+03   5.7673140e-01   2.7836404e-02
   3.1760000e+03   6.2359055e-01   1.0239329e-01
   3.1840000e+03   6.0968817e-01   1.0534206e-01
   3.1920000e+03   4.6087610e-01  -4.0171779e-02
   3.2000000e+03   5.2940424e-01   4.9406800e-02
   3.2080000e+03   5.7601338e-01   8.3734735e-02
   3.2160000e+03   5.7626521e-01  -1.3934512e-01
   3.2240000e+03   4.8354931e-01   7.5697641e-02
   3.2320000e+03   6.5093100e-01  -1.1898127e-01
   3.2400000e+03   5.4473243e-01  -9.2822948e-02
   3.2480000e+03   6.0417587e-01  -6.8900190e-02
   3.2560000e+03   5.7039082e-01  -6.5963074e-02
   3.2640000e+03   4.7651438e-01   1.1342834e-01
   3.2720000e+03   7.1676258e-01  -4.9534951e-02
   3.2800000e+03   5.1404292e-01  -3.2472004e-02
   3.2880000e+03   6.0863852e-01  -6.0372012e-02
   3.2960000e+03   5.6786274e-01  -5.6736700e-02
   3.3040000e+03   6.5524327e-01   5.0457857e-02
   3.3120000e+03   5.1542194e-01   4.6728791e-02
   3.3200000e+03   5.8002434e-01   3.4241825e-02
   3.3280000e+03   5.5112559e-01  -1.7564552e-02
   3.3360000e+03   5.8397019e-01   1.3345366e-01
   3.3440000e+03   6.3188006e-01   2.2776798e-02
   3.3520000e+03   5.6243202e-01  -4.5117855e-02
   3.3600000e+03   6.3010083e-01   3.0068266e-02
   3.3680000e+03   5.7339102e-01   9.1427005e-02
   3.3760000e+03   5.8761578e-01   8.4571535e-03
   3.3840000e+03   6.5234815e-01  -2.2687676e-02
   3.3920000e+03   5.8304961e-01  -1.0771334e-02
   3.4000000e+03   5.6113572e-01   2.2831429e-02
   3.4080000e+03   6.1517965e-01  -2.7472329e-04
   3.4160000e+03   6.8355128e-01  -1.2469224e-01
   3.4240000e+03   5.2308343e-01   2.6613812e-02
   3.4320000e+03   4.4597556e-01   4.0284264e-02
   3.4400000e+03   6.8449469e-01  -1.5027814e-02
   3.4480000e+03   6.3050216e-01   1.5545033e-02
   3.4560000e+03   5.2369090e-01   7.8163268e-03
   3.4640000e+03   6.1649992e-01  -3.9627197e-02
   3.4720000e+03   4.6191507e-01   9.7734320e-02
   3.4800000e+03   6.4826314e-01   2.9230472e-02
   3.4880000e+03   5.6733222e-01  -1.7786875e-01
   3.4960000e+03   5.3557546e-01   3.5589664e-02
   3.5040000e+03   6.4880049e-01  -5.7995726e-04
   3.5120000e+03   5.8914231e-01  -2.4093133e-02
   3.5200000e+03   4.9515800e-01  -3.8725233e-02
   3.5280000e+03   6.5281413e-01  -2.0697813e-02
   3.5360000e+03   5.6235385e-01  -5.8582151e-02
   3.5440000e+03   5.7644003e-01   2.2436837e-02
   3.5520000e+03   5.5563925e-01   2.1299744e-02
   3.5600000e+03   5.3451565e-01   3.1501564e-02
   3.5680000e+03   6.2322805e-01  -6.9563762e-02
   3.5760000e+03   5.7829244e-01  -4.5529751e-04
   3.5840000e+03   6.0073886e-01   3.5204010e-02
   3.5920000e+03   5.9137187e-01   5.8185849e-02
   3.6000000e+03   6.3675552e-01   3.7230593e-03
   3.6080000e+03   6.9027797e-01   1.0927041e-01
   3.6160000e+03   6.0073427e-01  -5.5266247e-02
   3.6240000e+03   5.5785376e-01   6.4788070e-02
   3.6320000e+03   6.6207578e-01   7.2378689e-02
   3.6400000e+03   6.0827141e-01   1.1347823e-02
   3.6480000e+03   5.2531974e-01   6.0506296e-02
   3.6560000e+03   4.7671015e-01   1.8456620e-02
   3.6640000e+03   4.8997653e-01  -2.7080614e-02
   3.6720000e+03   5.2994765e-01   3.0227118e-02
   3.6800000e+03   5.8195931e-01   1.5701908e-02
   3.6880000e+03   5.0945864e-01  -5.8618192e-03
   3.6960000e+03   6.1321702e-01  -1.0517335e-01
   3.7040000e+03   5.8417149e-01  -7.4143530e-02
   3.7120000e+03   5.8234577e-01   3.8024565e-03
   3.7200000e+03   6.3382621e-01  -2.9152502e-02
   3.7280000e+03   5.3135539e-01  -3.2376921e-02
   3.7360000e+03   6.5084541e-01  -3.0155110e-02
   3.7440000e+03   5.4784732e-01  -1.5917868e-01
   3.7520000e+03   6.1893916e-01   2.3888444e-02
   3.7600000e+03   4.9979275e-01   5.1175533e-02
   3.7680000e+03   5.1132838e-01  -1.0912539e-01
   3.7760000e+03   5.3773524e-01  -1.6931868e-02
   3.7840000e+03   5.4761879e-01  -5.2230364e-02
   3.7920000e+03   5.4815114e-01   3.0184290e-02
   3.8000000e+03   4.6584231e-01  -2.5597283e-02
   3.8080000e+03   5.9143978e-01  -3.7631694e-03
   3.8160000e+03   5.4061355e-01   3.9586796e-02
   3.8240000e+03   5.1150321e-01  -8.1271989e-02
   3.8320000e+03   5.1729364e-01  -1.2291203e-01
   3.8400000e+03   5.0288579e-01  -2.2862595e-02
   3.8480000e+03   6.2949793e-01  -1.2916513e-01
   3.8560000e+03   4.6594849e-01   1.3298888e-02
   3.8640000e+03   5.4572170e-01  -4.5687759e-02
   3.8720000e+03   5.7663698e-01  -1.2719688e-01
   3.8800000e+03   5.3017459e-01  -2.8212505e-02
   3.8880000e+03   4.3814400e-01   5.3641808e-02
   3.8960000e+03   5.6621184e-01  -6.6699330e-02
   3.9040000e+03   5.6688492e-01  -5.2746325e-02
   3.9120000e+03   5.5446773e-01   1.2286836e-01
   3.9200000e+03   5.9097775e-01  -6.3019746e-04
   3.9280000e+03   5.2909484e-01  -1.5807866e-02
   3.9360000e+03   6.0801258e-01   4.2999667e-02
   3.9440000e+03   5.1286550e-01   5.7538059e-02
   3.9520000e+03   5.6849039e-01  -3.6593826e-02
   3.9600000e+03   5.2106743e-01  -5.0559669e-03
   3.9680000e+03   5.2943971e-01   4.8485551e-02
   3.9760000e+03   5.8820745e-01   8.8024638e-03
   3.9840000e+03   5.7453345e-01   3.0897178e-02
   3.9920000e+03   5.4693050e-01   8.0683076e-02
   4.0000000e+03   5.8267216e-01   9.5307590e-03
   4.0080000e+03   6.5949480e-01  -1.2286904e-02
   4.0160000e+03   4.3232993e-01  -1.3358775e-02
   4.0240000e+03   6.6208967e-01  -4.1467485e-02
   4.0320000e+03   5.4522061e-01  -9.0121123e-03
   4.0400000e+03   5.0800039e-01   3.9354256e-02
   4.0480000e+03   6.0083753e-01   1.2956007e-02
   4.0560000e+03   5.4040199e-01  -1.4259387e-02
   4.0640000e+03   4.9801712e-01   9.1899336e-02
   4.0720000e+03   5.2944138e-01   3.0764091e-02
   4.0800000e+03   4.7480810e-01   6.0805435e-02
   4.0880000e+03   5.0048930e-01   4.7172990e-02
   4.0960000e+03   6.0478639e-01  -6.4997184e-03
   4.1040000e+03   6.0554231e-01   4.8270647e-02
   4.1120000e+03   5.7515913e-01   4.5139571e-02
   4.1200000e+03   6.1824038e-01   8.3345740e-02
   4.1280000e+03   5.1323251e-01   1.3772876e-02
   4.1360000e+03   5.6608985e-01  -9.6313912e-03
   4.1440000e+03   6.0078731e-01   5.7529058e-02
   4.1520000e+03   5.0937254e-01  -5.7485636e-02
   4.1600000e+03   5.2237805e-01   1.3471755e-01
   4.1680000e+03   5.7496817e-01  -3.6902855e-02
   4.1760000e+03   6.2235523e-01   1.1407381e-01
   4.1840000e+03   6.2179336e-01   1.6402134e-02
   4.1920000e+03   4.9883940e-01   1.2585849e-01
   4.2000000e+03   6.3528221e-01   6.8393825e-02
   4.2080000e+03   6.3155667e-01  -7.3214028e-02
   4.2160000e+03   3.7267786e-01  -7.0951814e-03
   4.2240000e+03   5.9880068e-01   8.6899677e-02
   4.2320000e+03   5.5907446e-01  -1.7520201e-02
   4.2400000e+03   5.9128137e-01  -1.1671285e-02
   4.2480000e+03   5.2711345e-01  -9.7162130e-03
   4.2560000e+03   6.0657418e-01  -5.3494521e-02
   4.2640000e+03   4.8254091e-01  -1.8029043e-02
   4.2720000e+03   5.0071782e-01   1.7852584e-02
   4.2800000e+03   5.5201800e-01  -3.9128040e-02
   4.2880000e+03   5.2632667e-01  -2.5475659e-02
   4.2960000e+03   5.6089160e-01  -5.2139610e-02
   4.3040000e+03   5.9338561e-01   5.8714053e-02
   4.3120000e+03   6.2350966e-01  -6.9751967e-02
   4.3200000e+03   5.9989983e-01   3.3950249e-02
   4.3280000e+03   5.3844620e-01  -4.3316329e-02
   4.3360000e+03   6.7799289e-01   1.9041542e-02
   4.3440000e+03   5.1953219e-01   1.1142947e-02
   4.3520000e+03   5.4873679e-01   6.1986914e-02
   4.3600000e+03   5.7627177e-01   1.1278007e-01
   4.3680000e+03   5.1387997e-01  -8.9764919e-02
   4.3760000e+03   5.3157572e-01  -3.2570617e-03
   4.3840000e+03   4.9423813e-01  -1.0002133e-01
   4.3920000e+03   5.5365478e-01  -4.4902485e-02
   4.4000000e+03   5.5607805e-01  -3.2410699e-02
   4.4080000e+03   3.7306555e-01   1.5140181e-02
   4.4160000e+03   5.5428535e-01   6.6218346e-02
   4.4240000e+03   5.4620600e-01   7.5957170e-02
   4.4320000e+03   5.9525208e-01  -6.3542823e-02
   4.4400000e+03   5.3175753e-01   2.7271663e-02
   4.4480000e+03   6.0010037e-01  -3.1027770e-02
   4.4560000e+03   6.4787672e-01   4.6279876e-02
   4.4640000e+03   5.2711619e-01  -1.0434174e-02
   4.4720000e+03   6.1624743e-01  -5.4317389e-02
   4.4800000e+03   5.4344669e-01  -1.3679076e-02
   4.4880000e+03   4.7457132e-01   3.0843658e-02
   4.4960000e+03   5.0731630e-01   2.8085931e-02
   4.5040000e+03   4.3912039e-01  -3.5789622e-02
   4.5120000e+03   5.7015608e-01   1.6370558e-02
   4.5200000e+03   6.2239872e-01   2.8448294e-02
   4.5280000e+03   4.7983502e-01   6.2160341e-02
   4.5360000e+03   5.3325762e-01  -6.5718617e-02
   4.5440000e+03   5.1141067e-01  -7.3116442e-02
   4.5520000e+03   5.9666710e-01   5.3835745e-02
   4.5600000e+03   6.8315680e-01   1.3246198e-01
   4.5680000e+03   5.1014701e-01  -1.2552559e-01
   4.5760000e+03   5.8153249e-01   7.9058172e-02
   4.5840000e+03   5.6728656e-01   5.0086730e-02
   4.5920000e+03   5.5383570e-01  -3.1836238e-02
   4.6000000e+03   6.7714283e-01   1.0670590e-01
   4.6080000e+03   5.8087566e-01   2.9520872e-02
   4.6160000e+03   4.8912961e-01   2.0994089e-02
   4.6240000e+03   5.2679675e-01  -9.3049256e-02
   4.6320000e+03   5.5027948e-01  -2.2354784e-02
   4.6400000e+03   5.9669982e-01   3.0377937e-03
   4.6480000e+03   5.9261781e-01  -5.5576335e-02
   4.6560000e+03   5.8571186e-01  -2.1724907e-03
   4.6640000e+03   5.1186058e-01  -4.9205892e-02
   4.6720000e+03   4.5955255e-01   1.6175719e-01
   4.6800000e+03   5.8221798e-01  -4.2583195e-02
   4.6880000e+03   4.3675847e-01   2.2138478e-03
   4.6960000e+03   5.9274878e-01  -6.3152460e-02
   4.7040000e+03   4.2305804e-01   4.6092324e-02
   4.7120000e+03   5.3835492e-01  -4.8143603e-02
   4.7200000e+03   6.1115930e-01   4.5894041e-02
   4.7280000e+03   6.0075498e-01  -4.7302368e-02
   4.7360000e+03   5.5011878e-01  -2.4759326e-02
   4.7440000e+03   5.8168424e-01   5.6186256e-02
   4.7520000e+03   5.5867281e-01  -2.8786846e-02
   4.7600000e+03   4.8313867e-01  -8.6154381e-02
   4.7680000e+03   5.4273985e-01  -1.0265774e-01
   4.7760000e+03   5.9271770e-01  -1.6646387e-02
   4.7840000e+03   5.8435592e-01  -2.9833993e-02
   4.7920000e+03   5.9799058e-01  -9.6840989e-03
   4.8000000e+03   5.8331305e-01   3.4599150e-02
   4.8080000e+03   4.5238273e-01   8.8119080e-02
   4.8160000e+03   6.4836022e-01  -4.4239471e-02
   4.8240000e+03   6.2954056e-01   4.9666564e-02
   4.8320000e+03   5.2336792e-01   6.8988098e-02
   4.8400000e+03   4.6142488e-01  -1.7022711e-02
   4.8480000e+03   5.4885862e-01   1.1420516e-01
   4.8560000e+03   6.3167729e-01   9.0689987e-02
   4.8640000e+03   4.9348241e-01  -1.3022408e-01
   4.8720000e+03   5.2657491e-01   3.3574063e-02
   4.8800000e+03   4.9010392e-01   7.4157646e-02
   4.8880000e+03   4.4148642e-01  -1.3591089e-02
   4.8960000e+03   5.1745775e-01   8.9326967e-02
   4.9040000e+03   5.2432304e-01  -1.2461140e-02
   4.9120000e+03   6.3684331e-01   1.0109253e-01
   4.9200000e+03   5.0082983e-01   2.4674954e-02
   4.9280000e+03   5.8248432e-01  -1.1644586e-01
   4.9360000e+03   3.8272352e-01   3.0544021e-02
   4.9440000e+03   4.6716711e-01  -4.5840638e-02
   4.9520000e+03   5.1704852e-01   3.3822088e-02
   4.9600000e+03   5.4348815e-01  -1.7550323e-03
   4.9680000e+03   4.9334620e-01   3.0428767e-02
   4.9760000e+03   5.6728622e-01  -9.2129853e-03
   4.9840000e+03   3.8134497e-01  -5.2190164e-02
   4.9920000e+03   4.9867234e-01  -9.8231661e-02
   5.0000000e+03   6.0427553e-01  -5.5949844e-02
   5.0080000e+03   6.2728910e-01  -2.3945639e-02
   5.0160000e+03   5.6432004e-01   9.7383618e-02
   5.0240000e+03   5.7195020e-01   6.2713159e-02
   5.0320000e+03   4.3270533e-01  -3.8385120e-02
   5.0400000e+03   4.9055837e-01   2.6499597e-02
   5.0480000e+03   4.4800788e-01   1.9146307e-02
   5.0560000e+03   4.3086828e-01  -3.9322524e-02
   5.0640000e+03   5.5147560e-01  -3.0596502e-02
   5.0720000e+03   5.0337772e-01  -3.2059668e-02
   5.0800000e+03   5.2053818e-01   5.4273603e-02
   5.0880000e+03   6.3596734e-01  -8.2539714e-02
   5.0960000e+03   4.7144177e-01   7.7544633e-02
   5.1040000e+03   5.5072037e-01   1.9783867e-02
   5.1120000e+03   4.5350130e-01  -1.0540613e-01
   5.1200000e+03   5.5172502e-01   4.5207015e-02
   5.1280000e+03   5.4698451e-01  -8.8094445e-02
   5.1360000e+03   5.2798714e-01   3.8819515e-02
   5.1440000e+03   6.0461684e-01   4.0538047e-02
   5.1520000e+03   5.0547227e-01  -3.2100445e-02
   5.1600000e+03   5.8369316e-01  -7.0911117e-02
   5.1680000e+03   4.6418384e-01  -1.2099510e-01
   5.1760000e+03   6.1122195e-01  -7.7006266e-02
   5.1840000e+03   4.4089075e-01   2.9572541e-02
   5.1920000e+03   5.9676214e-01   1.8484310e-02
   5.2000000e+03   5.5746339e-01   2.4267118e-03
   5.2080000e+03   4.6841751e-01  -4.0458468e-02
   5.2160000e+03   5.2768853e-01   4.3016960e-02
   5.2240000e+03   5.2876790e-01  -3.1882122e-02
   5.2320000e+03   4.7189100e-01   3.0699189e-02
   5.2400000e+03   5.2716521e-01  -2.2578383e-02
   5.2480000e+03   5.3027099e-01  -1.4905882e-01
   5.2560000e+03   5.6286201e-01   5.5703432e-02
   5.2640000e+03   5.4811985e-01  -1.2004416e-01
   5.2720000e+03   4.7887303e-01   1.2417717e-01
   5.2800000e+03   5.5936678e-01  -1.6163652e-03
   5.2880000e+03   5.2055119e-01  -2.8055645e-02
   5.2960000e+03   4.8605824e-01  -1.2431575e-03
   5.3040000e+03   5.5816243e-01   1.6391779e-01
   5.3120000e+03   4.9332381e-01  -8.2200446e-02
   5.3200000e+03   5.4315481e-01  -1.5825977e-02
   5.3280000e+03   6.0453542e-01  -5.5080293e-02
   5.3360000e+03   5.2795847e-01   6.5958621e-02
   5.3440000e+03   5.7895961e-01   3.0127403e-02
   5.3520000e+03   5.1294264e-01   5.6866666e-02
   5.3600000e+03   5.3506527e-01   3.8437479e-02
   5.3680000e+03   5.0931287e-01  -1.4013292e-02
   5.3760000e+03   5.0290381e-01   5.7618151e-02
   5.3840000e+03   4.5362570e-01  -6.6010420e-02
   5.3920000e+03   6.5226135e-01  -1.1889164e-02
   5.4000000e+03   5.0658261e-01  -1.3125031e-03
   5.4080000e+03   6.2950367e-01  -1.0962318e-02
   5.4160000e+03   4.8296661e-01   5.2414863e-02
   5.4240000e+03   4.1147579e-01  -3.0897762e-02
   5.4320000e+03   4.5385406e-01  -9.3422895e-02
   5.4400000e+03   4.5902731e-01   1.1368761e-01
   5.4480000e+03   5.5741672e-01  -1.2575895e-01
   5.4560000e+03   6.4139731e-01   1.1754700e-01
   5.4640000e+03   5.2798334e-01  -9.4653592e-02
   5.4720000e+03   3.8098354e-01  -5.1108669e-02
   5.4800000e+03   5.9689675e-01  -3.0570459e-02
   5.4880000e+03   5.4356219e-01   3.6530133e-02
   5.4960000e+03   5.7192577e-01  -3.0687810e-02
   5.5040000e+03   6.0135205e-01   8.2960855e-02
   5.5120000e+03   5.7534257e-01   7.2322106e-02
   5.5200000e+03   5.9390180e-01  -5.3893233e-02
   5.5280000e+03   5.6244334e-01  -4.9418098e-02
   5.5360000e+03   5.3012818e-01   1.0157376e-01
   5.5440000e+03   5.0862140e-01   6.2343794e-02
   5.5520000e+03   4.9753455e-01   5.6543513e-02
   5.5600000e+03   4.7474342e-01   2.3444000e-03
   5.5680000e+03   5.0902166e-01   1.0437542e-01
   5.5760000e+03   5.3900404e-01   3.7993924e-02
   5.5840000e+03   5.3708972e-01  -6.7753784e-02
   5.5920000e+03   4.8129451e-01  -2.3571029e-02
   5.6000000e+03   5.8520124e-01   2.5761227e-02
   5.6080000e+03   4.7151709e-01  -1.2037021e-01
   5.6160000e+03   6.1446207e-01  -4.6284288e-02
   5.6240000e+03   4.7210784e-01   7.6504947e-02
   5.6320000e+03   5.1277322e-01  -2.7305857e-02
   5.6400000e+03   5.2254217e-01  -2.1696996e-03
   5.6480000e+03   4.6184334e-01   5.7446035e-02
   5.6560000e+03   5.5274173e-01  -5.0630388e-02
   5.6640000e+03   4.6792338e-01   4.3269574e-02
   5.6720000e+03   5.4775950e-01  -4.3944617e-03
   5.6800000e+03   5.0234930e-01   3.0985116e-02
   5.6880000e+03   5.0008069e-01  -7.8754621e-02
   5.6960000e+03   5.9672330e-01  -4.1260354e-02
   5.7040000e+03   4.8840188e-01  -3.9985566e-02
   5.7120000e+03   5.2427143e-01  -7.0767689e-02
   5.7200000e+03   6.1099297e-01  -4.0396900e-02
   5.7280000e+03   4.8411038e-01   4.1887808e-02
   5.7360000e+03   4.9990905e-01   9.4188633e-03
   5.7440000e+03   5.2109626e-01  -1.0117390e-02
   5.7520000e+03   4.8371964e-01   6.6420592e-02
   5.7600000e+03   5.1023657e-01  -3.0306148e-02
   5.7680000e+03   5.4050440e-01  -2.7220225e-02
   5.7760000e+03   5.4878578e-01  -6.7538188e-02
   5.7840000e+03   5.7652642e-01  -5.1219908e-02
   5.7920000e+03   6.1612867e-01  -8.2432734e-02
   5.8000000e+03   5.4050772e-01   2.5624074e-03
   5.8080000e+03   5.5306059e-01  -3.1752915e-02
   5.8160000e+03   5.9367065e-01  -5.0024294e-02
   5.8240000e+03   3.6702713e-01   5.3383539e-02
   5.8320000e+03   5.7119637e-01   3.4974615e-02
   5.8400000e+03   4.9475089e-01   1.0639223e-01
   5.8480000e+03   5.6120945e-01   1.0351321e-02
   5.8560000e+03   4.8765459e-01  -5.0923372e-02
   5.8640000e+03   4.6915903e-01   4.8390178e-02
   5.8720000e+03   3.8628517e-01   1.0540173e-02
   5.8800000e+03   5.1501121e-01  -1.5702680e-01
   5.8880000e+03   5.2237503e-01   6.4668463e-03
   5.8960000e+03   5.3263519e-01   5.3707009e-02
   5.9040000e+03   4.3611870e-01  -7.8672286e-02
   5.9120000e+03   6.0100460e-01  -1.7422350e-02
   5.9200000e+03   4.3943213e-01  -6.1676434e-02
   5.9280000e+03   3.3660939e-01   5.1930603e-02
   5.9360000e+03   4.7420120e-01   2.0941124e-02
   5.9440000e+03   4.7495830e-01   1.5728747e-02
   5.9520000e+03   5.5332314e-01  -1.4655301e-02
   5.9600000e+03   5.4261528e-01  -7.0916180e-02
   5.9680000e+03   5.3340967e-01  -2.1110428e-03
   5.9760000e+03   5.4589915e-01  -2.9974750e-02
   5.9840000e+03   3.8922917e-01   4.9326482e-04
   5.9920000e+03   5.0594263e-01   1.7951182e-02
   6.0000000e+03   4.9205016e-01   1.8858385e-02
   6.0080000e+03   4.2043716e-01   1.8565809e-03
   6.0160000e+03   5.2928638e-01  -1.3035523e-03
   6.0240000e+03   6.0275493e-01  -8.1576921e-02
   6.0320000e+03   6.2843655e-01  -5.7886412e-02
   6.0400000e+03   5.9243694e-01   3.8569041e-02
   6.0480000e+03   4.8604381e-01  -9.8025290e-02
   6.0560000e+03   5.0704583e-01   3.8725679e-02
   6.0640000e+03   5.1285612e-01  -4.7262152e-02
   6.0720000e+03   5.9634395e-01   1.3084538e-02
   6.0800000e+03   5.0971236e-01  -6.4041715e-02
   6.0880000e+03   5.5870117e-01   9.0681851e-02
   6.0960000e+03   6.5158781e-01   7.1852852e-02
   6.1040000e+03   5.3026110e-01  -8.2167879e-02
   6.1120000e+03   4.6394245e-01   3.0353669e-02
   6.1200000e+03   5.0348050e-01   9.8979248e-02
   6.1280000e+03   4.6346090e-01   7.4893781e-03
   6.1360000e+03   5.6105270e-01   2.3983140e-03
   6.1440000e+03   5.6934643e-01   8.1464772e-02
   6.1520000e+03   5.9935406e-01  -1.0998816e-01
   6.1600000e+03   5.5918554e-01  -1.6085304e-02
   6.1680000e+03   5.0452068e-01  -5.5427460e-02
   6.1760000e+03   5.5201859e-01  -9.9420477e-03
   6.1840000e+03   4.9999615e-01   7.6129535e-02
   6.1920000e+03   4.8431269e-01  -4.6389793e-02
   6.2000000e+03   5.4022813e-01   4.0396091e-02
   6.2080000e+03   6.4087756e-01   7.6081763e-02
   6.2160000e+03   4.8439410e-01   7.0011222e-02
   6.2240000e+03   3.4998691e-01   1.1331368e-01
   6.2320000e+03   6.8049432e-01  -9.5402606e-02
   6.2400000e+03   5.8503718e-01  -7.5104694e-02
   6.2480000e+03   6.0104400e-01  -1.0225789e-01
   6.2560000e+03   5.0844927e-01  -6.5271897e-02
   6.2640000e+03   4.3874907e-01  -7.0343060e-02
   6.2720000e+03   5.1576707e-01   6.3673779e-02
   6.2800000e+03   3.7416663e-01  -5.8328366e-02
   6.2880000e+03   5.8408325e-01   3.5011961e-02
   6.2960000e+03   5.8191260e-01   2.5521179e-02
   6.3040000e+03   4.6763205e-01  -1.5771564e-02
   6.3120000e+03   5.8795448e-01   3.0267501e-02
   6.3200000e+03   4.1000766e-01  -3.5962462e-02
   6.3280000e+03   5.1819707e-01   1.7393671e-02
   6.3360000e+03   4.5357962e-01   2.7287076e-02
   6.3440000e+03   5.7557696e-01  -6.0384975e-03
   6.3520000e+03   5.5966153e-01  -1.9832651e-02
   6.3600000e+03   5.3751424e-01   4.9087137e-02
   6.3680000e+03   5.0179720e-01  -2.2545848e-02
   6.3760000e+03   4.4452722e-01  -9.9129677e-03
   6.3840000e+03   4.2955304e-01   1.3653820e-04
   6.3920000e+03   4.6041341e-01   7.0502224e-02
   6.4000000e+03   5.1501105e-01   5.8830451e-02
   6.4080000e+03   3.7942400e-01   3.8939823e-02
   6.4160000e+03   5.5864283e-01   4.4538006e-02
   6.4240000e+03   5.7043113e-01  -8.1380732e-02
   6.4320000e+03   4.7988758e-01   9.9521446e-02
   6.4400000e+03   5.4062871e-01   1.5167583e-02
   6.4480000e+03   4.4873370e-01  -4.4025062e-02
   6.4560000e+03   5.8339338e-01   4.1748892e-02
   6.4640000e+03   4.7909081e-01  -2.7100306e-02
   6.4720000e+03   4.0309732e-01   8.3826134e-03
   6.4800000e+03   3.8532095e-01  -1.8711883e-02
   6.4880000e+03   4.9455390e-01  -7.8382583e-02
   6.4960000e+03   5.0992437e-01  -1.0616987e-01
   6.5040000e+03   6.2369901e-01  -1.6487381e-01
   6.5120000e+03   5.6636266e-01   8.9783145e-03
   6.5200000e+03   4.8860603e-01   6.6785754e-04
   6.5280000e+03   5.2845084e-01   8.6027091e-03
   6.5360000e+03   6.3445054e-01  -6.4790408e-02
   6.5440000e+03   5.0929025e-01   2.5504497e-02
   6.5520000e+03   4.9346201e-01   5.2648318e-02
   6.5600000e+03   4.4035785e-01   3.8821551e-02
   6.5680000e+03   4.9478277e-01   1.1504281e-01
   6.5760000e+03   5.3459357e-01  -3.8261764e-02
   6.5840000e+03   4.0311144e-01   1.0040443e-01
   6.5920000e+03   4.6488410e-01   2.2206849e-02
   6.6000000e+03   5.0050565e-01   3.5496385e-02
   6.6080000e+03   5.1120796e-01   3.6298092e-03
   6.6160000e+03   5.1259805e-01  -3.7780817e-02
   6.6240000e+03   4.4289851e-01  -1.5567308e-02
   6.6320000e+03   5.8526941e-01   7.9650318e-02
   6.6400000e+03   4.7356003e-01  -9.0719802e-02
   6.6480000e+03   4.6114545e-01   1.5378889e-01
   6.6560000e+03   4.5515119e-01   2.1851216e-02
   6.6640000e+03   4.9743704e-01   1.6791685e-02
   6.6720000e+03   5.0537819e-01  -2.3371861e-03
   6.6800000e+03   4.6195713e-01   4.4203127e-02
   6.6880000e+03   5.4855720e-01  -6.3619460e-03
   6.6960000e+03   5.4941114e-01   3.9789670e-02
   6.7040000e+03   4.3071240e-01   4.3575916e-03
   6.7120000e+03   5.2997352e-01   3.0549811e-03
   6.7200000e+03   5.4531026e-01  -3.1938050e-02
   6.7280000e+03   3.7008163e-01  -2.1917072e-02
   6.7360000e+03   5.7461246e-01   4.5735646e-02
   6.7440000e+03   5.9622121e-01  -8.5251284e-02
   6.7520000e+03   5.4866982e-01  -8.1560873e-04
   6.7600000e+03   5.4609753e-01   4.0462715e-02
   6.7680000e+03   4.4554230e-01   1.1116815e-01
   6.7760000e+03   5.0505357e-01   3.7759380e-02
   6.7840000e+03   3.6763907e-01   1.8142706e-02
   6.7920000e+03   5.6636274e-01  -7.4891274e-02
   6.8000000e+03   5.3340911e-01  -2.3858746e-03
   6.8080000e+03   4.9340709e-01  -6.1654613e-02
   6.8160000e+03   4.8741620e-01  -5.0095246e-02
   6.8240000e+03   5.0158341e-01   2.1419501e-03
   6.8320000e+03   4.3602452e-01  -5.5465626e-02
   6.8400000e+03   5.9031860e-01   5.8026798e-02
   6.8480000e+03   5.5378603e-01   5.2645309e-02
   6.8560000e+03   5.2322593e-01   2.1705949e-02
   6.8640000e+03   4.0899433e-01   2.0706388e-03
   6.8720000e+03   4.6308280e-01  -1.5896264e-01
   6.8800000e+03   5.0441797e-01   1.8377546e-02
   6.8880000e+03   5.8313454e-01  -6.9532352e-02
   6.8960000e+03   2.9599272e-01  -1.8618779e-02
   6.9040000e+03   3.9224221e-01   1.8354900e-04
   6.9120000e+03   4.8189524e-01  -8.7515075e-02
   6.9200000e+03   5.0225334e-01   1.6973268e-02
   6.9280000e+03   4.6675926e-01  -2.9692994e-02
   6.9360000e+03   5.1427490e-01  -1.2823342e-01
   6.9440000e+03   5.3787350e-01   6.9959182e-02
   6.9520000e+03   5.5746544e-01  -5.7984282e-02
   6.9600000e+03   5.4197854e-01  -6.8853222e-03
   6.9680000e+03   6.2223395e-01  -6.6178632e-02
   6.9760000e+03   4.8571130e-01   6.7513290e-02
   6.9840000e+03   3.9578199e-01  -6.0261302e-02
   6.9920000e+03   4.6217042e-01  -4.4106452e-02
   7.0000000e+03   4.6515553e-01   5.8502876e-02
   7.0080000e+03   4.1553095e-01   1.5163355e-03
   7.0160000e+03   2.9711089e-01  -4.2904948e-02
   7.0240000e+03   5.5027346e-01   9.2901265e-02
   7.0320000e+03   4.8061117e-01   2.9547374e-02
   7.0400000e+03   6.1327740e-01  -9.1701334e-02
   7.0480000e+03   4.1468460e-01  -3.9224471e-02
   7.0560000e+03   4.7431401e-01   7.7672110e-02
   7.0640000e+03   4.9859503e-01  -6.4228593e-02
   7.0720000e+03   4.8445017e-01   3.7459290e-02
   7.0800000e+03   4.0891334e-01  -2.3615622e-02
   7.0880000e+03   5.9734558e-01   8.1293036e-02
   7.0960000e+03   6.0098297e-01   8.0139999e-02
   7.1040000e+03   5.7849095e-01  -1.2138539e-01
   7.1120000e+03   5.3929672e-01   1.1130461e-01
   7.1200000e+03   5.2142749e-01   1.7763463e-01
   7.1280000e+03   4.3674737e-01   8.1803737e-02
   7.1360000e+03   5.0328915e-01   1.2587377e-01
   7.1440000e+03   4.7051977e-01   6.9570754e-03
   7.1520000e+03   4.6115001e-01  -8.9964595e-04
   7.1600000e+03   6.4625585e-01  -5.8575401e-02
   7.1680000e+03   3.5310380e-01  -1.6250458e-02
   7.1760000e+03   4.8643292e-01   1.8774580e-02
   7.1840000e+03   5.1126183e-01  -7.5512486e-02
   7.1920000e+03   4.6673242e-01   7.9373918e-02
   7.2000000e+03   4.3060422e-01   5.7498062e-02
   7.2080000e+03   4.7916738e-01   3.9199175e-02
   7.2160000e+03   3.8816706e-01   4.0997790e-02
   7.2240000e+03   4.7094293e-01   4.4426130e-02
   7.2320000e+03   4.3366164e-01   6.4320362e-03
   7.2400000e+03   5.0638581e-01   6.3491800e-02
   7.2480000e+03   5.1833210e-01  -1.9230897e-02
   7.2560000e+03   5.0365595e-01   3.4464362e-02
   7.2640000e+03   5.7831402e-01   5.8556985e-03
   7.2720000e+03   4.4625384e-01  -8.5626811e-03
   7.2800000e+03   5.3414614e-01   1.7998646e-02
   7.2880000e+03   4.3364880e-01   1.5195108e-01
   7.2960000e+03   4.5562249e-01   7.2627895e-02
   7.3040000e+03   4.9233639e-01   1.0010274e-02
   7.3120000e+03   5.7311533e-01   1.3034536e-01
   7.3200000e+03   4.5874966e-01   1.0743635e-01
   7.3280000e+03   5.5053679e-01   6.0489803e-02
   7.3360000e+03   4.7589531e-01   2.0009064e-02
   7.3440000e+03   4.5709875e-01   5.4764954e-02
   7.3520000e+03   5.1231883e-01  -4.6483241e-02
   7.3600000e+03   5.2075918e-01  -6.1808663e-02
   7.3680000e+03   5.9898762e-01  -1.3368010e-02
   7.3760000e+03   5.2670479e-01   7.0171164e-02
   7.3840000e+03   4.6062735e-01  -4.6972360e-02
   7.3920000e+03   5.9109119e-01  -1.1748590e-01
   7.4000000e+03   5.7611906e-01  -9.9118672e-03
   7.4080000e+03   5.1761926e-01  -1.6253710e-02
   7.4160000e+03   5.4072357e-01   1.3959195e-01
   7.4240000e+03   4.8634968e-01   6.5465638e-02
   7.4320000e+03   4.2879420e-01   1.4007600e-02
   7.4400000e+03   4.1911068e-01   1.6116445e-02
   7.4480000e+03   5.0617517e-01  -6.0169078e-02
   7.4560000e+03   4.7206531e-01  -1.3233670e-01
   7.4640000e+03   3.5080525e-01  -2.6403695e-02
   7.4720000e+03   4.7835938e-01  -4.5820463e-03
   7.4800000e+03   3.4008774e-01   3.5749299e-02
   7.4880000e+03   4.3512070e-01   1.3298534e-01
   7.4960000e+03   4.5196437e-01  -5.7317131e-04
   7.5040000e+03   4.9848002e-01   2.2088136e-02
   7.5120000e+03   4.7628903e-01  -2.9836688e-02
   7.5200000e+03   5.5652148e-01   2.1934745e-02
   7.5280000e+03   3.8672830e-01   2.4458943e-02
   7.5360000e+03   4.2483671e-01  -1.3344851e-02
   7.5440000e+03   4.7133015e-01  -3.2591924e-02
   7.5520000e+03   3.9609862e-01   3.6786445e-02
   7.5600000e+03   5.0361255e-01  -4.3977866e-02
   7.5680000e+03   4.3400788e-01   2.9353367e-02
   7.5760000e+03   4.6910258e-01  -6.5294722e-02
   7.5840000e+03   4.0351928e-01   3.1697692e-02
   7.5920000e+03   4.5938262e-01  -3.6593349e-02
   7.6000000e+03   5.8693226e-01   4.8789980e-02
   7.6080000e+03   4.4592641e-01   2.6444125e-02
   7.6160000e+03   4.1236314e-01   1.9387004e-02
   7.6240000e+03   5.0747561e-01   5.5410570e-02
   7.6320000e+03   4.6515416e-01   2.9459016e-02
   7.6400000e+03   4.4923464e-01  -6.2180097e-04
   7.6480000e+03   4.4690507e-01   5.2745817e-02
   7.6560000e+03   4.7174147e-01  -5.1823808e-02
   7.6640000e+03   5.3712469e-01   4.5083021e-03
   7.6720000e+03   4.7114160e-01   1.3533050e-01
   7.6800000e+03   4.1964439e-01   9.6525925e-03
   7.6880000e+03   5.7204676e-01   1.0193079e-01
   7.6960000e+03   5.2685043e-01  -5.9506618e-02
   7.7040000e+03   4.8637371e-01  -3.8040881e-02
   7.7120000e+03   5.8095759e-01   7.5030902e-03
   7.7200000e+03   6.3815965e-01  -6.6331579e-02
   7.7280000e+03   3.6977738e-01  -2.7712804e-02
   7.7360000e+03   4.4837666e-01   6.7718051e-02
   7.7440000e+03   4.8705347e-01  -2.8334019e-02
   7.7520000e+03   4.6227493e-01  -1.3338465e-02
   7.7600000e+03   5.0605671e-01  -7.6648785e-02
   7.7680000e+03   4.7110684e-01   4.3599794e-02
   7.7760000e+03   4.1251391e-01   1.3172353e-02
   7.7840000e+03   4.4777894e-01  -1.6529914e-02
   7.7920000e+03   4.4409638e-01  -3.9354556e-02
   7.8000000e+03   5.1199255e-01  -6.1938463e-02
   7.8080000e+03   4.7013743e-01   1.5160282e-02
   7.8160000e+03   4.5013562e-01   1.3995557e-01
   7.8240000e+03   6.0024439e-01  -2.6976081e-02
   7.8320000e+03   5.7618673e-01   9.1355792e-02
   7.8400000e+03   4.0432291e-01   4.6267904e-03
   7.8480000e+03   4.8435058e-01   1.7212776e-02
   7.8560000e+03   5.7787744e-01  -5.0973568e-02
   7.8640000e+03   5.3671427e-01   1.6998502e-02
   7.8720000e+03   4.6567205e-01  -2.1629592e-02
   7.8800000e+03   4.5151920e-01  -6.8522697e-02
   7.8880000e+03   5.0180153e-01   3.9174791e-02
   7.8960000e+03   4.9686788e-01   5.2158057e-04
   7.9040000e+03   4.8773497e-01  -2.4622709e-03
   7.9120000e+03   4.6229132e-01   5.1374718e-02
   7.9200000e+03   4.3010576e-01  -8.2775779e-02
   7.9280000e+03   4.8157349e-01  -1.0431762e-01
   7.9360000e+03   5.2313834e-01   2.0574718e-02
   7.9440000e+03   5.3326412e-01   1.2933481e-01
   7.9520000e+03   4.2323973e-01   2.4860127e-02
   7.9600000e+03   5.2508223e-01  -9.9730254e-02
   7.9680000e+03   4.9924078e-01   1.0826984e-01
   7.9760000e+03   4.6539610e-01  -3.8655482e-02
   7.9840000e+03   5.3401545e-01   4.6208211e-02
   7.9920000e+03   4.4669597e-01   3.0701252e-02
   8.0000000e+03   3.8468131e-01  -1.3711362e-04
   8.0080000e+03   5.2345350e-01   2.0580003e-02
   8.0160000e+03   4.9436249e-01   3.8140496e-03
   8.0240000e+03   5.0981539e-01  -1.4247595e-01
   8.0320000e+03   6.0089536e-01   5.3934590e-02
   8.0400000e+03   5.2258592e-01  -8.5770397e-03
   8.0480000e+03   4.7795718e-01   5.9303116e-02
   8.0560000e+03   6.1856169e-01  -4.8259299e-03
   8.0640000e+03   4.3181706e-01   7.1582349e-03
   8.0720000e+03   4.8245113e-01  -4.3414461e-02
   8.0800000e+03   3.7969177e-01   2.9317675e-02
   8.0880000e+03   5.1502231e-01   2.1679977e-02
   8.0960000e+03   4.4981991e-01  -1.6069273e-02
   8.1040000e+03   3.7412965e-01   3.7634431e-02
   8.1120000e+03   5.0498438e-01   2.2256194e-02
   8.1200000e+03   4.8464932e-01   2.2740510e-02
   8.1280000e+03   4.8985182e-01   7.1095375e-02
   8.1360000e+03   4.1895898e-01  -9.4177852e-02
   8.1440000e+03   4.1227101e-01  -1.0914934e-02
   8.1520000e+03   4.7174124e-01   1.2301672e-02
   8.1600000e+03   6.0238668e-01   1.2566028e-01
   8.1680000e+03   3.6567269e-01  -3.1276480e-02
   8.1760000e+03   4.7797897e-01  -3.2144155e-02
   8.1840000e+03   4.1146270e-01   8.7740106e-02
   8.1920000e+03   4.4662449e-01  -8.5517173e-02
   8.2000000e+03   4.8562667e-01  -7.7382989e-02
   8.2080000e+03   3.1687576e-01  -3.5015672e-02
   8.2160000e+03   4.5165015e-01  -1.3875784e-03
   8.2240000e+03   5.1408539e-01  -7.4415470e-02
   8.2320000e+03   6.0305049e-01  -8.0999862e-02
   8.2400000e+03   4.6028769e-01  -5.0904380e-02
   8.2480000e+03   4.7732303e-01  -1.7459994e-02
   8.2560000e+03   5.4429695e-01   6.4342724e-02
   8.2640000e+03   4.8010117e-01  -8.4172304e-02
   8.2720000e+03   4.7803660e-01  -7.0242536e-03
   8.2800000e+03   4.6703789e-01  -1.0247783e-01
   8.2880000e+03   4.3774088e-01  -2.7845860e-02
   8.2960000e+03   5.5057803e-01   3.6954760e-02
