   0.0000000e+00   8.9165290e-01  -2.2810545e-02
   1.6000000e+01   8.4767905e-01  -1.6146310e-02
   3.2000000e+01   8.2716582e-01  -2.3499411e-02
   4.8000000e+01   9.2428939e-01   6.2941165e-03
   6.4000000e+01   8.7451655e-01  -4.2325642e-03
   8.0000000e+01   9.4293123e-01   1.9591791e-02
   9.6000000e+01   9.5684893e-01  -7.8400114e-03
   1.1200000e+02   9.5143907e-01   2.2796235e-02
   1.2800000e+02   9.0001165e-01  -2.0240269e-02
   1.4400000e+02   9.3822909e-01   2.8331844e-02
   1.6000000e+02   9.8276405e-01   1.1509808e-02
   1.7600000e+02   1.0080835e+00   2.9724080e-02
   1.9200000e+02   1.0034853e+00  -1.7274499e-02
   2.0800000e+02   9.5857305e-01   4.3126090e-02
   2.2400000e+02   9.8779807e-01   7.4797241e-02
   2.4000000e+02   1.0029713e+00  -6.7039794e-03
   2.5600000e+02   9.6064903e-01  -6.4063046e-02
   2.7200000e+02   9.6991033e-01  -2.0467789e-02
   2.8800000e+02   9.7181132e-01  -4.0128541e-02
   3.0400000e+02   1.0068139e+00  -1.2707391e-02
   3.2000000e+02   9.7946903e-01   2.2029308e-02
   3.3600000e+02   9.3525848e-01  -1.5709876e-02
   3.5200000e+02   1.0094331e+00   2.9808461e-02
   3.6800000e+02   9.7702650e-01   1.8896606e-02
   3.8400000e+02   9.2204879e-01  -1.2197536e-02
   4.0000000e+02   9.2585983e-01  -1.4210744e-02
   4.1600000e+02   9.4160568e-01  -7.2952607e-02
   4.3200000e+02   9.2762860e-01   6.5908839e-02
   4.4800000e+02   9.1290959e-01   2.6861460e-02
   4.6400000e+02   9.5116594e-01  -1.8423448e-02
   4.8000000e+02   8.9475231e-01   4.0152375e-03
   4.9600000e+02   9.4353130e-01  -1.8066463e-02
   5.1200000e+02   9.2657928e-01   8.7234997e-03
   5.2800000e+02   9.2584860e-01   2.7306553e-04
   5.4400000e+02   8.6849239e-01   1.4350783e-02
   5.6000000e+02   8.5085515e-01  -4.2704556e-02
   5.7600000e+02   8.4769254e-01   2.2437296e-02
   5.9200000e+02   8.8735349e-01  -7.4837006e-03
   6.0800000e+02   8.5787366e-01   1.7561837e-02
   6.2400000e+02   8.8932073e-01   1.9026187e-02
   6.4000000e+02   8.6486716e-01   4.1679843e-02
   6.5600000e+02   8.7507434e-01   3.3864814e-02
   6.7200000e+02   8.0790716e-01  -5.4806057e-02
   6.8800000e+02   8.4544519e-01   5.0494322e-03
   7.0400000e+02   8.4160142e-01  -5.2992687e-02
   7.2000000e+02   8.0502674e-01  -4.6771243e-02
   7.3600000e+02   7.9193893e-01   2.1134044e-02
   7.5200000e+02   8.1861431e-01  -3.3411316e-02
   7.6800000e+02   7.9613837e-01   1.8188917e-02
   7.8400000e+02   8.4767158e-01  -3.5587162e-02
   8.0000000e+02   7.5300505e-01   2.8825398e-02
   8.1600000e+02   8.3890669e-01  -2.3927086e-03
   8.3200000e+02   8.0795502e-01   6.8200252e-02
   8.4800000e+02   8.0348567e-01  -9.5587256e-02
   8.6400000e+02   8.1165051e-01  -1.0513824e-02
   8.8000000e+02   7.9260473e-01   2.5759879e-02
   8.9600000e+02   8.0442317e-01  -1.7920921e-02
   9.1200000e+02   7.8543831e-01   2.4000210e-02
   9.2800000e+02   7.9226778e-01   5.9577704e-02
   9.4400000e+02   7.3408741e-01  -1.0237973e-04
   9.6000000e+02   7.2423624e-01   2.3817413e-02
   9.7600000e+02   8.4596822e-01  -4.5082363e-02
   9.9200000e+02   8.7072640e-01  -5.7148432e-03
   1.0080000e+03   8.2327072e-01   9.5208275e-03
   1.0240000e+03   7.5908163e-01  -5.4712313e-02
   1.0400000e+03   7.4620321e-01   6.5380292e-02
   1.0560000e+03   7.8648944e-01  -3.1627177e-02
   1.0720000e+03   8.0446284e-01  -4.6025652e-02
   1.0880000e+03   7.9984376e-01   9.5467590e-02
   1.1040000e+03   7.5717158e-01   1.3018303e-02
   1.1200000e+03   7.6609920e-01   2.2688959e-02
   1.1360000e+03   7.5915440e-01  -2.1470647e-02
   1.1520000e+03   8.2798977e-01  -3.8507409e-03
   1.1680000e+03   7.9669766e-01  -7.8526151e-03
   1.1840000e+03   7.7851192e-01   2.8483842e-02
   1.2000000e+03   8.3039824e-01  -2.6160535e-02
   1.2160000e+03   8.3185551e-01   7.4710263e-03
   1.2320000e+03   8.0588932e-01  -4.2513066e-02
   1.2480000e+03   7.9970250e-01  -2.4334799e-02
   1.2640000e+03   7.4266336e-01  -4.9408397e-02
   1.2800000e+03   7.5933848e-01  -4.8580855e-03
   1.2960000e+03   7.0825558e-01  -7.5149004e-02
   1.3120000e+03   6.9701665e-01  -1.2778698e-03
   1.3280000e+03   8.2121332e-01   3.7874935e-02
   1.3440000e+03   7.6351370e-01   1.1798287e-02
   1.3600000e+03   8.1731207e-01   1.6571300e-02
   1.3760000e+03   7.2415323e-01  -1.3876214e-03
   1.3920000e+03   7.2544593e-01   9.7295513e-02
   1.4080000e+03   6.9732203e-01   4.7415696e-03
   1.4240000e+03   7.5130119e-01  -1.9146801e-02
   1.4400000e+03   7.5395203e-01   3.6203459e-02
   1.4560000e+03   7.7687430e-01   7.5156836e-02
   1.4720000e+03   6.8932639e-01   3.5575844e-02
   1.4880000e+03   7.1602848e-01  -6.0736447e-02
   1.5040000e+03   8.3913478e-01  -6.1800491e-03
   1.5200000e+03   6.8526270e-01  -6.0085252e-02
   1.5360000e+03   6.8768914e-01   3.5907013e-03
   1.5520000e+03   7.2564708e-01  -4.6016907e-02
   1.5680000e+03   7.8766502e-01  -1.6720140e-02
   1.5840000e+03   7.5840429e-01   2.5852435e-02
   1.6000000e+03   7.3766574e-01   9.6522262e-03
   1.6160000e+03   7.8934904e-01  -3.7847202e-02
   1.6320000e+03   7.1721325e-01  -2.4518701e-02
   1.6480000e+03   7.0449773e-01   3.0851151e-02
   1.6640000e+03   7.0972358e-01  -3.7446406e-02
   1.6800000e+03   6.6025501e-01   1.0696268e-02
   1.6960000e+03   6.8786607e-01   3.4955909e-02
   1.7120000e+03   7.5644567e-01  -4.0886256e-02
   1.7280000e+03   7.5900665e-01  -2.8536540e-02
   1.7440000e+03   7.1154940e-01   7.6351115e-02
   1.7600000e+03   7.3294419e-01   6.9835013e-02
   1.7760000e+03   7.9718381e-01  -2.6292911e-02
   1.7920000e+03   7.4815553e-01  -1.6583814e-03
   1.8080000e+03   7.0554421e-01   3.0130537e-02
   1.8240000e+03   6.7036771e-01   4.1541222e-03
   1.8400000e+03   7.4044950e-01   4.8678061e-02
   1.8560000e+03   7.2937456e-01   1.1125717e-02
   1.8720000e+03   6.9291722e-01   1.4777685e-02
   1.8880000e+03   7.0592759e-01   5.0867984e-02
   1.9040000e+03   7.1277485e-01   2.1750615e-02
   1.9200000e+03   7.1514758e-01   1.3109018e-02
   1.9360000e+03   7.1882566e-01   1.3978433e-02
   1.9520000e+03   7.2997736e-01   4.2004786e-02
   1.9680000e+03   7.4719547e-01  -2.3811858e-02
   1.9840000e+03   7.2217729e-01  -4.6606650e-02
   2.0000000e+03   6.8307904e-01   3.1531975e-02
   2.0160000e+03   6.9316226e-01  -3.6233652e-03
   2.0320000e+03   6.8917142e-01  -7.1731522e-02
   2.0480000e+03   7.0548972e-01   5.5935534e-02
   2.0640000e+03   6.1727744e-01   4.7443079e-02
   2.0800000e+03   6.8061558e-01  -6.3070330e-02
   2.0960000e+03   7.3039895e-01   1.8215745e-02
   2.1120000e+03   7.2008740e-01   3.6548385e-02
   2.1280000e+03   6.5567538e-01   6.3615977e-02
   2.1440000e+03   7.0197957e-01  -5.6727764e-02
   2.1600000e+03   6.9646093e-01   5.4321250e-03
   2.1760000e+03   7.2748997e-01   3.2583513e-02
   2.1920000e+03   7.4221517e-01  -2.4570385e-02
   2.2080000e+03   6.4995082e-01   2.6495077e-02
   2.2240000e+03   6.8723011e-01   1.1199863e-02
   2.2400000e+03   6.8856813e-01   2.0621927e-02
   2.2560000e+03   7.2366287e-01  -8.8575565e-03
   2.2720000e+03   6.6190265e-01  -7.6790827e-02
   2.2880000e+03   7.2619214e-01   6.1683851e-02
   2.3040000e+03   7.2472094e-01  -1.1617500e-02
   2.3200000e+03   7.2176813e-01   8.5275952e-03
   2.3360000e+03   7.3753521e-01   4.7453635e-03
   2.3520000e+03   6.7753818e-01   4.9677062e-03
   2.3680000e+03   6.8141014e-01   4.0276218e-03
   2.3840000e+03   6.8687502e-01  -7.3817110e-03
   2.4000000e+03   7.0978258e-01   4.9610009e-02
   2.4160000e+03   6.6518826e-01  -5.0914952e-02
   2.4320000e+03   7.4336287e-01   1.6562708e-02
   2.4480000e+03   6.5020605e-01  -1.9446252e-02
   2.4640000e+03   6.9330618e-01  -9.2434580e-03
   2.4800000e+03   6.9405033e-01   5.6272712e-03
   2.4960000e+03   7.6353405e-01  -4.5535420e-02
   2.5120000e+03   7.0253998e-01   9.2169839e-04
   2.5280000e+03   6.5406327e-01  -3.7095487e-03
   2.5440000e+03   7.1038549e-01  -1.6958953e-02
   2.5600000e+03   7.3124633e-01  -6.7093858e-03
   2.5760000e+03   6.7718643e-01  -1.4467811e-02
   2.5920000e+03   7.5132281e-01  -2.2741743e-02
   2.6080000e+03   7.2329869e-01   2.3479026e-02
   2.6240000e+03   6.8258626e-01  -2.9423257e-02
   2.6400000e+03   6.6006983e-01  -3.2824156e-02
   2.6560000e+03   6.8420220e-01  -3.5337113e-02
   2.6720000e+03   6.9760750e-01  -4.6200439e-03
   2.6880000e+03   6.9979015e-01   1.3721410e-02
   2.7040000e+03   6.9476419e-01   7.8071934e-02
   2.7200000e+03   7.1796171e-01   4.2182130e-02
   2.7360000e+03   7.3581441e-01  -8.8732951e-03
   2.7520000e+03   6.9425240e-01   8.8295868e-03
   2.7680000e+03   7.0412646e-01   3.9874516e-04
   2.7840000e+03   6.7781557e-01   6.4383351e-03
   2.8000000e+03   7.1367973e-01  -5.8843509e-03
   2.8160000e+03   6.6422178e-01   7.6435903e-02
   2.8320000e+03   6.6260787e-01   7.3969844e-02
   2.8480000e+03   6.9052409e-01  -1.7869549e-02
   2.8640000e+03   6.8529466e-01  -1.9655164e-03
   2.8800000e+03   6.4908130e-01   6.8901682e-04
   2.8960000e+03   6.8872252e-01  -4.8581543e-02
   2.9120000e+03   7.1252849e-01   3.9751354e-02
   2.9280000e+03   6.2915856e-01   5.9765573e-02
   2.9440000e+03   6.7861464e-01   4.1435251e-02
   2.9600000e+03   6.7227823e-01   1.0481933e-02
   2.9760000e+03   6.3574841e-01  -3.3465650e-03
   2.9920000e+03   7.3713064e-01  -4.0701098e-02
   3.0080000e+03   6.9315919e-01   3.4692198e-02
   3.0240000e+03   6.1963156e-01   2.4180425e-02
   3.0400000e+03   7.2360656e-01  -1.5617001e-02
   3.0560000e+03   6.9784055e-01   4.5185011e-03
   3.0720000e+03   7.0050225e-01  -9.8399511e-03
   3.0880000e+03   6.9905476e-01   1.0503842e-02
   3.1040000e+03   6.4268802e-01   1.8196179e-02
   3.1200000e+03   6.5864094e-01   7.8402377e-03
   3.1360000e+03   7.2285460e-01   2.3201616e-02
   3.1520000e+03   6.7217019e-01  -1.3826812e-02
   3.1680000e+03   6.0791541e-01   4.1571969e-02
   3.1840000e+03   7.1299675e-01   4.3537862e-03
   3.2000000e+03   6.6380039e-01   2.9728510e-02
   3.2160000e+03   7.3756849e-01   2.4790395e-02
   3.2320000e+03   6.6264682e-01  -4.3351537e-04
   3.2480000e+03   6.8206269e-01  -2.2887463e-02
   3.2640000e+03   6.8208530e-01   3.2770066e-02
   3.2800000e+03   6.6377810e-01   4.3163483e-02
   3.2960000e+03   6.6722751e-01  -3.5340687e-02
   3.3120000e+03   7.1204178e-01  -1.3926867e-02
   3.3280000e+03   6.8969311e-01  -4.5887460e-02
   3.3440000e+03   6.7640366e-01  -1.1484071e-02
   3.3600000e+03   6.5340208e-01   6.8413157e-03
   3.3760000e+03   7.0217725e-01   2.4342719e-02
   3.3920000e+03   7.6230509e-01   1.3125619e-02
   3.4080000e+03   6.9412222e-01   2.7917996e-03
   3.4240000e+03   6.8097743e-01  -1.2630183e-02
   3.4400000e+03   6.3310267e-01   4.1186760e-03
   3.4560000e+03   6.6951224e-01  -1.0511747e-02
   3.4720000e+03   6.6269541e-01  -3.0367270e-02
   3.4880000e+03   6.5751262e-01  -4.9555325e-02
   3.5040000e+03   6.5011844e-01   9.3942303e-03
   3.5200000e+03   6.8915143e-01   2.4826684e-02
   3.5360000e+03   7.0131101e-01  -3.1859232e-02
   3.5520000e+03   6.7312212e-01   4.9925469e-03
   3.5680000e+03   6.5898442e-01   2.0432660e-02
   3.5840000e+03   6.0561456e-01   3.7665345e-02
   3.6000000e+03   6.7419368e-01  -6.4993742e-02
   3.6160000e+03   6.4187165e-01   2.4130228e-02
   3.6320000e+03   6.4010368e-01   3.0547820e-03
   3.6480000e+03   6.3052394e-01  -2.4780954e-02
   3.6640000e+03   6.5801622e-01   4.2851788e-02
   3.6800000e+03   6.4064200e-01  -1.4546655e-02
   3.6960000e+03   6.4686833e-01  -1.1274839e-02
   3.7120000e+03   6.7867237e-01   1.4188859e-02
   3.7280000e+03   6.5251625e-01  -6.1499776e-02
   3.7440000e+03   6.7907656e-01  -2.2300151e-02
   3.7600000e+03   6.5984671e-01   7.7760722e-03
   3.7760000e+03   6.8950248e-01   3.7393760e-02
   3.7920000e+03   6.4848640e-01  -2.6081627e-02
   3.8080000e+03   6.4141619e-01  -5.3357378e-02
   3.8240000e+03   6.7988883e-01   8.6206514e-03
   3.8400000e+03   6.6444765e-01  -2.3086213e-02
   3.8560000e+03   6.1765678e-01   1.8424624e-02
   3.8720000e+03   6.5953406e-01   5.2317159e-02
   3.8880000e+03   6.6855332e-01  -3.3729491e-02
   3.9040000e+03   6.4446295e-01  -1.7202167e-03
   3.9200000e+03   6.6632342e-01   1.9362626e-02
   3.9360000e+03   7.0170464e-01  -5.3169393e-02
   3.9520000e+03   6.4783685e-01   1.2272601e-03
   3.9680000e+03   6.9551816e-01   5.0765394e-02
   3.9840000e+03   6.7027599e-01  -3.4465092e-02
   4.0000000e+03   6.0397614e-01   3.9180306e-02
   4.0160000e+03   6.5026059e-01  -3.8790839e-02
   4.0320000e+03   7.0040703e-01   8.8859713e-04
   4.0480000e+03   6.3583205e-01   3.1387673e-03
   4.0640000e+03   6.6258004e-01  -3.4536315e-02
   4.0800000e+03   6.2865023e-01  -4.9502400e-02
   4.0960000e+03   6.3135176e-01  -4.8275339e-02
   4.1120000e+03   6.1200924e-01   1.8461524e-02
   4.1280000e+03   6.9925287e-01  -5.3240003e-02
   4.1440000e+03   6.8070885e-01   1.3323510e-02
   4.1600000e+03   5.9419700e-01  -1.3833650e-02
   4.1760000e+03   6.6401378e-01   2.0925049e-02
   4.1920000e+03   6.8630828e-01  -1.6827543e-02
   4.2080000e+03   6.7225561e-01   4.0571911e-02
   4.2240000e+03   5.7976580e-01   1.6101706e-02
   4.2400000e+03   6.7327198e-01  -6.6359266e-02
   4.2560000e+03   6.7594634e-01   2.0040657e-03
   4.2720000e+03   5.9919610e-01  -8.8865198e-03
   4.2880000e+03   6.3460003e-01   5.5945661e-02
   4.3040000e+03   6.1051412e-01   1.4643913e-02
   4.3200000e+03   6.3728219e-01  -2.9608882e-02
   4.3360000e+03   6.1709151e-01   4.4496366e-02
   4.3520000e+03   6.3183670e-01  -6.5809959e-03
   4.3680000e+03   6.3277690e-01  -2.9054281e-02
   4.3840000e+03   6.0730852e-01   1.6455162e-02
   4.4000000e+03   6.6363516e-01  -1.4217646e-03
   4.4160000e+03   5.9785130e-01  -5.1094316e-02
   4.4320000e+03   7.0713201e-01  -2.0411912e-02
   4.4480000e+03   6.6264844e-01   1.6884166e-02
   4.4640000e+03   6.0940721e-01   3.7432387e-02
   4.4800000e+03   6.5375721e-01  -6.6910368e-03
   4.4960000e+03   6.5722981e-01   2.4410027e-02
   4.5120000e+03   7.0213715e-01  -5.9460607e-02
   4.5280000e+03   6.3555873e-01   1.3650302e-02
   4.5440000e+03   6.0546218e-01   3.7941118e-02
   4.5600000e+03   6.4456259e-01   3.0918944e-02
   4.5760000e+03   5.4830965e-01   2.1450346e-02
   4.5920000e+03   6.3599655e-01  -5.9370466e-02
   4.6080000e+03   7.2921186e-01  -9.3071693e-03
   4.6240000e+03   6.9509663e-01  -1.4610831e-02
   4.6400000e+03   5.9306295e-01   5.1390698e-02
   4.6560000e+03   5.9506289e-01  -4.1895040e-02
   4.6720000e+03   5.6013351e-01   4.4171100e-02
   4.6880000e+03   6.6322365e-01  -3.7478950e-02
   4.7040000e+03   6.4466150e-01   1.7034495e-03
   4.7200000e+03   6.1674105e-01  -3.2737176e-02
   4.7360000e+03   6.8372237e-01  -8.3715423e-03
   4.7520000e+03   6.4492088e-01   6.3904550e-02
   4.7680000e+03   6.7482700e-01  -7.4263682e-02
   4.7840000e+03   6.3479072e-01  -6.2402314e-02
   4.8000000e+03   6.1960475e-01  -6.5188589e-04
   4.8160000e+03   6.4532738e-01   3.5837553e-02
   4.8320000e+03   6.0571019e-01  -3.1005378e-02
   4.8480000e+03   6.1131217e-01  -1.6795124e-02
   4.8640000e+03   6.3525895e-01   7.4482858e-03
   4.8800000e+03   5.9806787e-01   3.3515650e-03
   4.8960000e+03   7.2224255e-01  -3.6277792e-02
   4.9120000e+03   6.0721962e-01   3.6556575e-02
   4.9280000e+03   6.0250832e-01   2.0224525e-02
   4.9440000e+03   5.7602942e-01  -4.5140298e-02
   4.9600000e+03   6.7662422e-01  -1.6822748e-02
   4.9760000e+03   6.0162397e-01  -6.5665062e-02
   4.9920000e+03   6.2983122e-01  -4.4572644e-03
   5.0080000e+03   6.4717409e-01   9.2630007e-03
   5.0240000e+03   6.2557036e-01   1.8763683e-02
   5.0400000e+03   6.4279978e-01   1.8887970e-02
   5.0560000e+03   6.2315406e-01  -4.4398149e-03
   5.0720000e+03   6.7159234e-01  -3.1453686e-02
   5.0880000e+03   6.7624014e-01  -4.5515813e-02
   5.1040000e+03   6.4800763e-01  -2.2362066e-02
   5.1200000e+03   6.0835070e-01   4.9058513e-02
   5.1360000e+03   6.4227669e-01   1.1733188e-02
   5.1520000e+03   6.5180899e-01   6.9627941e-05
   5.1680000e+03   6.5012067e-01   1.1668281e-02
   5.1840000e+03   6.3214388e-01   5.4943567e-03
   5.2000000e+03   5.7872167e-01   8.3011670e-04
   5.2160000e+03   7.0534856e-01  -2.8201070e-02
   5.2320000e+03   6.4171155e-01   5.5740584e-03
   5.2480000e+03   5.7348731e-01  -3.4439531e-02
   5.2640000e+03   6.3901490e-01   2.9234293e-02
   5.2800000e+03   5.9522772e-01  -3.2512645e-02
   5.2960000e+03   6.3326228e-01  -5.5267678e-03
   5.3120000e+03   5.9888019e-01   6.0532392e-02
   5.3280000e+03   6.0714545e-01   8.6313448e-03
   5.3440000e+03   6.7588418e-01   2.6055466e-02
   5.3600000e+03   6.0875355e-01   2.2023478e-02
   5.3760000e+03   6.5555729e-01  -2.2350456e-02
   5.3920000e+03   6.8591792e-01   2.5862549e-03
   5.4080000e+03   6.2348368e-01   5.6150792e-02
   5.4240000e+03   6.3259208e-01  -5.5734843e-02
   5.4400000e+03   6.3371860e-01   2.9444632e-02
   5.4560000e+03   6.5230124e-01   1.9134219e-02
   5.4720000e+03   6.4769445e-01   1.5898896e-02
   5.4880000e+03   6.1442079e-01   3.3227366e-03
   5.5040000e+03   6.2724282e-01   2.5367124e-02
   5.5200000e+03   6.7336474e-01   2.1732069e-02
   5.5360000e+03   5.8658133e-01   6.4600629e-03
   5.5520000e+03   6.6782277e-01   7.9262256e-03
   5.5680000e+03   6.7624927e-01   3.7505562e-03
   5.5840000e+03   6.3649357e-01  -1.9116683e-02
   5.6000000e+03   6.6466235e-01   3.5699968e-02
   5.6160000e+03   6.4798257e-01  -2.4630256e-03
   5.6320000e+03   6.5085219e-01  -3.7465826e-02
   5.6480000e+03   6.3372249e-01   2.0872295e-02
   5.6640000e+03   6.0611478e-01   4.2358778e-02
   5.6800000e+03   6.1676738e-01   2.1360506e-03
   5.6960000e+03   5.7840413e-01  -8.1272307e-03
   5.7120000e+03   6.5641937e-01  -5.7793891e-03
   5.7280000e+03   6.0296935e-01  -3.0718840e-02
   5.7440000e+03   6.1582278e-01  -6.2795484e-02
   5.7600000e+03   6.2229755e-01   2.8882607e-02
   5.7760000e+03   6.6355157e-01  -5.0859261e-03
   5.7920000e+03   6.3983023e-01  -1.2475240e-02
   5.8080000e+03   6.3700413e-01   1.4661775e-02
   5.8240000e+03   6.3423213e-01   8.9707284e-03
   5.8400000e+03   6.4376235e-01  -2.1919321e-02
   5.8560000e+03   5.7199969e-01  -1.3540603e-02
   5.8720000e+03   6.4140624e-01  -7.0965132e-02
   5.8880000e+03   6.2142484e-01   3.6365650e-02
   5.9040000e+03   5.9759267e-01   2.9311040e-02
   5.9200000e+03   6.1629406e-01   3.8337153e-02
   5.9360000e+03   6.4416433e-01  -4.2779758e-02
   5.9520000e+03   6.8180206e-01   1.0320659e-02
   5.9680000e+03   6.0774338e-01  -5.5951695e-02
   5.9840000e+03   6.0205060e-01  -8.1313634e-04
   6.0000000e+03   5.9062182e-01  -2.4740101e-02
   6.0160000e+03   5.9619023e-01   5.1772987e-02
   6.0320000e+03   6.2952528e-01  -7.3325675e-03
   6.0480000e+03   6.0815627e-01  -5.7615383e-02
   6.0640000e+03   6.1893032e-01  -8.1995433e-02
   6.0800000e+03   6.8870946e-01   5.7301992e-02
   6.0960000e+03   6.6953208e-01  -9.8593491e-03
   6.1120000e+03   6.1895187e-01   2.2810896e-02
   6.1280000e+03   6.1705927e-01   2.4277505e-02
   6.1440000e+03   6.1747171e-01  -2.0417795e-02
   6.1600000e+03   6.1769624e-01   3.0196504e-02
   6.1760000e+03   6.7732366e-01   1.2413713e-03
   6.1920000e+03   5.5755282e-01   1.7117074e-02
   6.2080000e+03   6.0615837e-01  -4.6614474e-02
   6.2240000e+03   6.6295336e-01   1.2871209e-02
   6.2400000e+03   5.8740498e-01   9.7727855e-03
   6.2560000e+03   5.8623450e-01  -2.2325268e-03
   6.2720000e+03   6.1582484e-01  -3.3001254e-02
   6.2880000e+03   5.7749220e-01   2.7254477e-02
   6.3040000e+03   6.7005462e-01  -1.8724471e-02
   6.3200000e+03   6.9523546e-01  -5.5421708e-02
   6.3360000e+03   6.1802573e-01   1.7355993e-02
   6.3520000e+03   5.7841836e-01   5.1750637e-02
   6.3680000e+03   6.3668148e-01   1.3667590e-02
   6.3840000e+03   6.1910085e-01  -1.5246384e-02
   6.4000000e+03   6.4523012e-01  -3.9364806e-02
   6.4160000e+03   6.1066417e-01  -3.6966691e-02
   6.4320000e+03   5.5729415e-01   3.0747871e-03
   6.4480000e+03   6.4126674e-01   4.3082461e-02
   6.4640000e+03   6.2732748e-01   3.2651320e-02
   6.4800000e+03   5.7079360e-01   4.4033873e-02
   6.4960000e+03   6.0767837e-01  -4.8877285e-02
   6.5120000e+03   5.9350375e-01   7.9348740e-03
   6.5280000e+03   5.7764656e-01   1.5491749e-02
   6.5440000e+03   5.9826598e-01   2.4153720e-02
   6.5600000e+03   6.4407296e-01   8.2515769e-03
   6.5760000e+03   5.9076077e-01   1.0758539e-02
   6.5920000e+03   6.0521574e-01   5.7565040e-03
   6.6080000e+03   5.8402491e-01   6.2324253e-03
   6.6240000e+03   5.8012118e-01   3.3098437e-02
   6.6400000e+03   5.7159681e-01   7.0384630e-04
   6.6560000e+03   6.3125267e-01   6.6103246e-03
   6.6720000e+03   6.3446613e-01  -3.1565531e-02
   6.6880000e+03   6.6519003e-01   7.2531283e-03
   6.7040000e+03   6.0918870e-01  -3.0930366e-02
   6.7200000e+03   5.4562837e-01   5.5358408e-02
   6.7360000e+03   6.1729989e-01  -3.5523938e-02
   6.7520000e+03   6.2218522e-01   7.0990227e-03
   6.7680000e+03   6.0549897e-01   3.6311440e-02
   6.7840000e+03   6.0535045e-01  -4.7086699e-02
   6.8000000e+03   6.8743636e-01  -3.2661199e-02
   6.8160000e+03   6.2304350e-01  -1.7750516e-02
   6.8320000e+03   6.5503906e-01  -3.1221388e-02
   6.8480000e+03   5.4995469e-01  -3.7079059e-02
   6.8640000e+03   5.8096774e-01  -7.0732656e-03
   6.8800000e+03   6.4178905e-01  -1.0929675e-02
   6.8960000e+03   6.1470770e-01   6.8205979e-02
   6.9120000e+03   5.7003030e-01  -5.5604831e-03
   6.9280000e+03   6.7045291e-01   1.5681337e-02
   6.9440000e+03   6.1307558e-01  -2.0945738e-02
   6.9600000e+03   6.0017600e-01  -3.1200870e-02
   6.9760000e+03   6.3344176e-01  -9.5174146e-03
   6.9920000e+03   6.2416838e-01  -2.8725084e-02
   7.0080000e+03   5.5885422e-01  -3.5135846e-02
   7.0240000e+03   6.6708219e-01  -3.9704385e-02
   7.0400000e+03   5.6674558e-01   8.0558801e-03
   7.0560000e+03   6.4969920e-01  -3.5521700e-02
   7.0720000e+03   5.8570610e-01  -6.9827572e-02
   7.0880000e+03   6.2389547e-01   4.2534457e-02
   7.1040000e+03   5.6505812e-01   8.1295251e-03
   7.1200000e+03   6.1691586e-01  -1.0577687e-02
   7.1360000e+03   6.3519347e-01  -5.8605178e-02
   7.1520000e+03   6.4026218e-01  -8.8026028e-04
   7.1680000e+03   5.9282246e-01  -7.6371134e-02
   7.1840000e+03   5.8001817e-01  -3.8163292e-03
   7.2000000e+03   5.9574432e-01  -1.7432485e-03
   7.2160000e+03   5.6784503e-01  -3.6431594e-02
   7.2320000e+03   5.7874683e-01   6.5017138e-02
   7.2480000e+03   5.9164818e-01   3.7093359e-02
   7.2640000e+03   6.3313800e-01  -4.1522630e-03
   7.2800000e+03   5.8200719e-01  -2.4437638e-02
   7.2960000e+03   6.4198756e-01   1.1765711e-03
   7.3120000e+03   6.0419947e-01  -2.6088455e-02
   7.3280000e+03   6.6307435e-01  -6.6166951e-02
   7.3440000e+03   5.8768814e-01   6.1275785e-02
   7.3600000e+03   5.7018504e-01  -1.8356662e-02
   7.3760000e+03   6.1568129e-01   3.3496867e-02
   7.3920000e+03   6.6472343e-01   1.0484497e-02
   7.4080000e+03   6.6764560e-01  -5.3791237e-03
   7.4240000e+03   6.1402027e-01  -4.2205652e-02
   7.4400000e+03   6.2182579e-01   4.1246043e-02
   7.4560000e+03   6.1139484e-01  -3.7761487e-02
   7.4720000e+03   6.5394289e-01   2.1555548e-02
   7.4880000e+03   6.5346449e-01  -1.4899820e-02
   7.5040000e+03   6.1840759e-01   4.6063087e-03
   7.5200000e+03   6.4190663e-01   3.1264179e-02
   7.5360000e+03   6.0287777e-01   7.6901011e-02
   7.5520000e+03   6.4658399e-01  -1.5982424e-02
   7.5680000e+03   6.2493621e-01  -2.1677974e-02
   7.5840000e+03   5.7736059e-01   1.4441839e-02
   7.6000000e+03   6.5162763e-01  -6.8362816e-02
   7.6160000e+03   6.4478687e-01   3.7193900e-02
   7.6320000e+03   6.5481639e-01  -3.5208784e-02
   7.6480000e+03   6.6485356e-01   3.4634210e-02
   7.6640000e+03   6.3156810e-01  -2.4286137e-02
   7.6800000e+03   6.0556191e-01  -1.1335678e-02
   7.6960000e+03   6.3750843e-01   1.1565206e-02
   7.7120000e+03   5.6565799e-01  -6.3715439e-04
   7.7280000e+03   6.2706623e-01  -1.1821608e-02
   7.7440000e+03   6.3618477e-01  -4.4822890e-02
   7.7600000e+03   6.0895656e-01  -4.6236949e-02
   7.7760000e+03   6.0945044e-01  -7.3000232e-03
   7.7920000e+03   5.6715166e-01  -1.7156467e-04
   7.8080000e+03   6.2312654e-01  -6.9776118e-02
   7.8240000e+03   6.4746069e-01   3.6298581e-02
   7.8400000e+03   5.7269271e-01   1.5955703e-02
   7.8560000e+03   5.9632210e-01  -3.1101857e-02
   7.8720000e+03   5.6418603e-01  -7.1483798e-02
   7.8880000e+03   5.9756962e-01  -1.0504320e-02
   7.9040000e+03   6.1168239e-01  -3.1601001e-02
   7.9200000e+03   5.4920704e-01   6.4804070e-03
   7.9360000e+03   5.7737254e-01   4.3061228e-02
   7.9520000e+03   5.9714620e-01   5.5669497e-03
   7.9680000e+03   6.5176532e-01  -2.3357762e-02
   7.9840000e+03   5.7292324e-01  -3.7595713e-02
   8.0000000e+03   5.8028773e-01  -5.8818836e-02
   8.0160000e+03   6.3087351e-01  -1.2734937e-02
   8.0320000e+03   6.3168049e-01  -6.7543876e-03
   8.0480000e+03   6.8827563e-01  -4.8893222e-03
   8.0640000e+03   6.5728694e-01  -3.4822149e-03
   8.0800000e+03   6.7728015e-01   5.1691438e-03
   8.0960000e+03   6.4072265e-01   7.1844875e-03
   8.1120000e+03   6.7346879e-01   9.4366335e-03
   8.1280000e+03   6.3555157e-01  -3.4443820e-02
   8.1440000e+03   6.4067191e-01  -5.0102062e-02
   8.1600000e+03   6.4954429e-01  -3.9992798e-02
   8.1760000e+03   5.9279444e-01  -2.4549382e-02
   8.1920000e+03   5.9126435e-01  -1.0432419e-02
   8.2080000e+03   6.0201770e-01   2.8177943e-03
   8.2240000e+03   6.4419628e-01   8.1559478e-02
   8.2400000e+03   5.5957072e-01   1.0534981e-02
   8.2560000e+03   5.3369226e-01  -2.9627262e-02
   8.2720000e+03   6.2614639e-01  -3.9365385e-02
   8.2880000e+03   6.2647002e-01  -5.8200728e-02
   8.3040000e+03   5.9989272e-01   5.0056692e-02
   8.3200000e+03   6.3438933e-01  -6.8265188e-02
   8.3360000e+03   6.1744503e-01   9.7843118e-03
   8.3520000e+03   6.3637198e-01   1.6006962e-02
   8.3680000e+03   6.1338596e-01   3.6380908e-02
   8.3840000e+03   6.1950787e-01  -1.6582838e-02
   8.4000000e+03   6.2900316e-01  -4.9667362e-02
   8.4160000e+03   5.5802273e-01  -5.6638053e-02
   8.4320000e+03   5.5250408e-01   5.2985523e-03
   8.4480000e+03   6.5597384e-01  -2.0398302e-02
   8.4640000e+03   5.6503927e-01  -3.5073744e-02
   8.4800000e+03   5.6547267e-01  -2.4815785e-02
   8.4960000e+03   6.0641390e-01   3.9850675e-02
   8.5120000e+03   6.4988074e-01  -1.3629991e-02
   8.5280000e+03   6.1755288e-01   4.1005118e-02
   8.5440000e+03   6.5973574e-01   3.8183384e-03
   8.5600000e+03   6.8628130e-01   2.5826539e-02
   8.5760000e+03   6.4790400e-01  -3.6367053e-02
   8.5920000e+03   6.3594111e-01   1.1927136e-03
   8.6080000e+03   5.9712002e-01   6.0479626e-03
   8.6240000e+03   6.6637097e-01   2.9741262e-02
   8.6400000e+03   5.6655454e-01   2.9602978e-02
   8.6560000e+03   5.0059912e-01   1.0111897e-02
   8.6720000e+03   6.3403823e-01  -7.6076935e-03
   8.6880000e+03   6.2344762e-01  -2.4725762e-02
   8.7040000e+03   6.6205440e-01  -5.9477054e-04
   8.7200000e+03   6.4756299e-01  -3.9380484e-02
   8.7360000e+03   6.5731335e-01  -4.8166272e-02
   8.7520000e+03   6.1535547e-01   5.1995329e-02
   8.7680000e+03   6.4178880e-01  -3.0229321e-03
   8.7840000e+03   5.7012528e-01  -3.2247772e-03
   8.8000000e+03   5.6247847e-01   5.5494047e-02
   8.8160000e+03   6.5059643e-01   4.1922926e-02
   8.8320000e+03   5.7041020e-01   3.4478009e-02
   8.8480000e+03   5.8448001e-01  -4.1576939e-02
   8.8640000e+03   6.2400943e-01   9.5671549e-03
   8.8800000e+03   5.8333209e-01   1.8390098e-03
   8.8960000e+03   5.7783516e-01   8.7488271e-03
   8.9120000e+03   5.6412504e-01  -2.4580355e-02
   8.9280000e+03   5.7489560e-01  -3.5723164e-02
   8.9440000e+03   6.0990976e-01  -1.1806108e-02
   8.9600000e+03   5.9623178e-01  -1.5435839e-02
   8.9760000e+03   5.4279461e-01  -2.4132791e-02
   8.9920000e+03   6.0122213e-01   1.5966577e-02
   9.0080000e+03   5.9854338e-01  -8.8689980e-04
   9.0240000e+03   6.4625272e-01   9.2512970e-03
   9.0400000e+03   6.0162650e-01  -4.9006679e-02
   9.0560000e+03   5.8484549e-01  -5.0289218e-02
   9.0720000e+03   5.6736355e-01  -5.8643603e-02
   9.0880000e+03   6.0174781e-01   3.1258079e-03
   9.1040000e+03   5.7567755e-01  -5.3748224e-02
   9.1200000e+03   6.1124167e-01   3.0007748e-02
   9.1360000e+03   5.8471514e-01   6.5703012e-02
   9.1520000e+03   5.2612939e-01   4.1081915e-02
   9.1680000e+03   5.3662662e-01   2.4932083e-02
   9.1840000e+03   5.8333786e-01   2.0316424e-02
   9.2000000e+03   5.8881208e-01  -3.0280660e-02
   9.2160000e+03   5.6392942e-01   3.4490519e-02
   9.2320000e+03   5.7929823e-01   1.4664020e-03
   9.2480000e+03   6.3441586e-01   2.0322570e-03
   9.2640000e+03   5.9318160e-01  -2.7909690e-02
   9.2800000e+03   6.1737834e-01  -1.6846976e-02
   9.2960000e+03   5.7662977e-01   3.0249745e-02
   9.3120000e+03   6.4906049e-01   2.3489700e-02
   9.3280000e+03   6.1377149e-01  -1.8205398e-02
   9.3440000e+03   6.1685534e-01  -1.3550965e-02
   9.3600000e+03   5.5178969e-01  -2.2194750e-02
   9.3760000e+03   6.4545240e-01  -4.4709447e-02
   9.3920000e+03   6.3430558e-01   3.5125333e-02
   9.4080000e+03   6.2014025e-01   1.2591960e-02
   9.4240000e+03   5.4065079e-01   1.6559396e-02
   9.4400000e+03   6.6496207e-01   3.1997621e-03
   9.4560000e+03   5.6249273e-01  -6.7643068e-02
   9.4720000e+03   5.9511239e-01  -2.1095290e-02
   9.4880000e+03   5.6495577e-01   2.6442290e-03
   9.5040000e+03   5.7887758e-01  -3.4387914e-02
   9.5200000e+03   5.7856899e-01   4.8568459e-02
   9.5360000e+03   5.6553488e-01  -2.7402936e-02
   9.5520000e+03   5.7804326e-01   1.0443096e-02
   9.5680000e+03   6.3130273e-01   3.9971736e-02
   9.5840000e+03   5.5977164e-01   2.0063917e-02
   9.6000000e+03   5.8254258e-01  -1.7602232e-02
   9.6160000e+03   5.1911169e-01   1.0547396e-02
   9.6320000e+03   5.5601013e-01   9.8274115e-02
   9.6480000e+03   5.7125975e-01  -7.8840130e-02
   9.6640000e+03   6.4689807e-01   9.4764812e-03
   9.6800000e+03   5.1980798e-01  -1.4751331e-02
   9.6960000e+03   5.5858722e-01  -1.1107474e-03
   9.7120000e+03   5.4077577e-01   4.9651485e-03
   9.7280000e+03   5.8420409e-01  -1.5875901e-02
   9.7440000e+03   6.3501972e-01   2.4396477e-03
   9.7600000e+03   5.8613801e-01   1.5146631e-02
   9.7760000e+03   5.4223078e-01  -4.4887706e-02
   9.7920000e+03   6.4148018e-01  -3.8758588e-02
   9.8080000e+03   6.0245624e-01  -1.9166943e-02
   9.8240000e+03   5.7579371e-01   6.6679088e-04
   9.8400000e+03   5.5732137e-01  -3.7576807e-02
   9.8560000e+03   5.9568950e-01   3.9807738e-02
   9.8720000e+03   5.8796073e-01  -5.8056801e-02
   9.8880000e+03   5.7923577e-01   3.6476390e-03
   9.9040000e+03   5.3508217e-01  -5.9692498e-02
   9.9200000e+03   6.0351526e-01   4.4319087e-02
   9.9360000e+03   5.9641835e-01   4.9321166e-02
   9.9520000e+03   6.0092614e-01   5.3155330e-02
   9.9680000e+03   5.4640517e-01  -3.9050434e-02
   9.9840000e+03   5.7745873e-01  -1.7815843e-02
   1.0000000e+04   5.9920706e-01  -1.6574500e-02
   1.0016000e+04   5.5639640e-01  -4.0006764e-02
   1.0032000e+04   5.5635188e-01  -2.7899297e-02
   1.0048000e+04   5.8490818e-01  -9.6371111e-03
   1.0064000e+04   6.1359954e-01  -1.4040733e-02
   1.0080000e+04   6.1378675e-01   4.4360240e-02
   1.0096000e+04   6.1678950e-01   4.2772319e-02
   1.0112000e+04   5.3196984e-01   1.8848305e-03
   1.0128000e+04   6.2306163e-01  -8.4590861e-03
   1.0144000e+04   6.4733739e-01  -2.6370595e-03
   1.0160000e+04   5.7730242e-01  -8.2590178e-03
   1.0176000e+04   5.8538863e-01  -1.9956971e-02
   1.0192000e+04   5.3660437e-01  -5.9428262e-02
   1.0208000e+04   5.4511251e-01   4.5308362e-02
   1.0224000e+04   5.6523189e-01   3.7803798e-02
   1.0240000e+04   5.9001028e-01  -4.4860390e-02
   1.0256000e+04   6.0036275e-01   3.0986177e-02
   1.0272000e+04   5.8020592e-01  -1.8418824e-02
   1.0288000e+04   5.9243997e-01  -2.7912180e-02
   1.0304000e+04   5.8734015e-01   1.0003290e-03
   1.0320000e+04   5.2797420e-01  -1.3525343e-02
   1.0336000e+04   6.1188724e-01   2.4138629e-02
   1.0352000e+04   5.7656067e-01   2.9633860e-02
   1.0368000e+04   5.3556552e-01  -4.8384837e-03
   1.0384000e+04   5.6616158e-01   6.1028360e-03
   1.0400000e+04   5.8928232e-01  -8.9152354e-03
   1.0416000e+04   6.2850312e-01  -4.0133309e-02
   1.0432000e+04   5.5115310e-01   1.9028559e-02
   1.0448000e+04   5.5770478e-01   2.5434164e-03
   1.0464000e+04   6.0777541e-01   1.8855177e-03
   1.0480000e+04   5.3060032e-01   5.0860299e-02
   1.0496000e+04   5.8708716e-01  -1.6559475e-02
   1.0512000e+04   5.4658914e-01  -1.7634324e-02
   1.0528000e+04   6.1084610e-01   4.5741294e-02
   1.0544000e+04   6.3646537e-01   1.9400871e-02
   1.0560000e+04   6.2355889e-01   1.0020028e-02
   1.0576000e+04   5.8189048e-01   4.8136462e-02
   1.0592000e+04   5.6877820e-01   4.2553709e-03
   1.0608000e+04   6.2583529e-01  -2.5260593e-02
   1.0624000e+04   5.6943637e-01   1.0934231e-02
   1.0640000e+04   5.3384870e-01   4.5729836e-02
   1.0656000e+04   6.0850191e-01   1.3179189e-02
   1.0672000e+04   5.6292689e-01   1.4230800e-02
   1.0688000e+04   5.8638226e-01   2.0182971e-02
   1.0704000e+04   6.3368074e-01  -1.4124471e-02
   1.0720000e+04   5.8878779e-01   1.5806288e-02
   1.0736000e+04   5.2487831e-01   3.6175810e-03
   1.0752000e+04   5.6278641e-01   2.3153927e-02
   1.0768000e+04   5.3742007e-01   5.0633658e-03
   1.0784000e+04   5.9918436e-01   8.0755314e-03
   1.0800000e+04   6.2430748e-01  -2.3113495e-02
   1.0816000e+04   6.2198141e-01   8.2185504e-03
   1.0832000e+04   5.7804923e-01   3.8502966e-02
   1.0848000e+04   5.2629611e-01   7.4803805e-03
   1.0864000e+04   6.1175366e-01  -4.6357365e-02
   1.0880000e+04   6.4585977e-01   1.0036689e-02
   1.0896000e+04   5.5517167e-01  -1.9075821e-02
   1.0912000e+04   6.1434524e-01  -6.8278518e-04
   1.0928000e+04   6.5056560e-01  -2.6489175e-02
   1.0944000e+04   6.4894601e-01   7.9122749e-03
   1.0960000e+04   5.2911426e-01  -2.9934640e-02
   1.0976000e+04   5.7037353e-01   3.2243886e-02
   1.0992000e+04   5.5704197e-01   1.2742149e-02
   1.1008000e+04   6.5346682e-01   3.3136635e-02
   1.1024000e+04   6.1512222e-01   2.3964329e-02
   1.1040000e+04   5.6180111e-01   3.9386856e-02
   1.1056000e+04   5.3170002e-01   1.4046555e-02
   1.1072000e+04   5.7017129e-01  -6.4112930e-02
   1.1088000e+04   5.3226842e-01   4.3505845e-03
   1.1104000e+04   5.1634004e-01  -5.8992602e-02
   1.1120000e+04   5.4753735e-01  -3.6672153e-02
   1.1136000e+04   5.6503407e-01  -2.0794444e-02
   1.1152000e+04   5.0783269e-01   8.6433699e-03
   1.1168000e+04   5.6114219e-01   1.6778693e-02
   1.1184000e+04   5.7247929e-01   7.9896368e-02
   1.1200000e+04   5.8934354e-01   7.8582986e-02
   1.1216000e+04   5.8353696e-01  -1.6004787e-02
   1.1232000e+04   6.2921531e-01  -1.6552052e-02
   1.1248000e+04   5.6670498e-01  -4.4786148e-02
   1.1264000e+04   6.1579945e-01  -7.2384009e-03
   1.1280000e+04   5.4784757e-01   2.3277867e-02
   1.1296000e+04   5.6855028e-01  -7.9214490e-03
   1.1312000e+04   5.9546432e-01   2.5630248e-02
   1.1328000e+04   5.4582125e-01  -3.7329203e-02
   1.1344000e+04   6.5490718e-01   4.4946499e-02
   1.1360000e+04   5.6392834e-01  -1.7466476e-02
   1.1376000e+04   6.0890466e-01  -4.3331216e-02
   1.1392000e+04   5.5816858e-01  -3.9310777e-02
   1.1408000e+04   6.3294487e-01   1.7104191e-02
   1.1424000e+04   5.9717393e-01  -1.4145966e-02
   1.1440000e+04   5.9836768e-01  -6.6289569e-04
   1.1456000e+04   5.4809774e-01   2.9906061e-02
   1.1472000e+04   6.1779989e-01   2.8948534e-02
   1.1488000e+04   6.1205780e-01  -5.9120987e-03
   1.1504000e+04   4.7568093e-01   3.3455005e-02
   1.1520000e+04   5.6796573e-01   2.8880428e-02
   1.1536000e+04   5.8336536e-01  -1.4982113e-02
   1.1552000e+04   5.8758749e-01   1.8851580e-02
   1.1568000e+04   5.2584834e-01  -6.6391172e-02
   1.1584000e+04   5.7706310e-01   6.1252957e-03
   1.1600000e+04   5.5510616e-01  -3.8553784e-02
   1.1616000e+04   5.4150722e-01  -4.4648796e-02
   1.1632000e+04   5.8228996e-01   5.2946237e-04
   1.1648000e+04   5.5137249e-01   4.0321372e-02
   1.1664000e+04   5.5332990e-01   4.1510917e-02
   1.1680000e+04   6.1712062e-01   1.6176649e-02
   1.1696000e+04   5.7918577e-01  -5.6118688e-03
   1.1712000e+04   5.7886572e-01   5.7025692e-02
   1.1728000e+04   5.4267337e-01   7.0458798e-03
   1.1744000e+04   5.6855441e-01   2.9239362e-02
   1.1760000e+04   5.9312747e-01   2.6544910e-02
   1.1776000e+04   5.4717767e-01   3.1064358e-02
   1.1792000e+04   5.9907883e-01  -2.1788157e-03
   1.1808000e+04   5.2262127e-01  -1.7785548e-02
   1.1824000e+04   5.5229157e-01  -2.3129340e-02
   1.1840000e+04   6.2860563e-01  -4.0464099e-03
   1.1856000e+04   5.3543354e-01   4.4836312e-03
   1.1872000e+04   5.4579747e-01  -2.1214267e-02
   1.1888000e+04   5.4227441e-01  -2.7003925e-03
   1.1904000e+04   5.6196679e-01  -3.7936362e-02
   1.1920000e+04   5.4441118e-01   1.6602592e-02
   1.1936000e+04   5.7634666e-01   3.4459633e-02
   1.1952000e+04   5.0923047e-01   3.5383990e-02
   1.1968000e+04   5.5256246e-01  -3.8834547e-02
   1.1984000e+04   5.5025021e-01  -2.7263148e-03
   1.2000000e+04   6.4795332e-01   1.6134893e-02
   1.2016000e+04   5.1842336e-01   5.8305364e-02
   1.2032000e+04   5.7090488e-01  -7.4791390e-03
   1.2048000e+04   5.1507863e-01  -2.2489000e-02
   1.2064000e+04   5.4250446e-01   4.6090796e-03
   1.2080000e+04   5.1286099e-01  -3.5469937e-02
   1.2096000e+04   6.0353810e-01  -1.7527787e-02
   1.2112000e+04   6.5359259e-01  -3.6579871e-02
   1.2128000e+04   5.5606505e-01   3.8421874e-02
   1.2144000e+04   5.9506762e-01   3.1810338e-02
   1.2160000e+04   5.9460333e-01   2.6204854e-02
   1.2176000e+04   5.8251955e-01   9.1010013e-02
   1.2192000e+04   5.3070980e-01  -3.4138713e-02
   1.2208000e+04   5.5391707e-01  -7.0247202e-02
   1.2224000e+04   5.4531473e-01  -9.6738095e-03
   1.2240000e+04   6.0810184e-01   4.4824899e-02
   1.2256000e+04   5.7303344e-01   1.8318936e-02
