   0.0000000e+00   9.8801896e-01  -2.9523119e-02
   8.0000000e+00   1.0532680e+00  -7.1916473e-02
   1.6000000e+01   9.4707835e-01   2.9944122e-02
   2.4000000e+01   9.5235785e-01  -5.4661748e-03
   3.2000000e+01   1.0336335e+00  -6.3596178e-02
   4.0000000e+01   9.8489536e-01  -1.3474858e-01
   4.8000000e+01   9.9186969e-01  -2.0234601e-02
   5.6000000e+01   9.1380309e-01  -1.4575030e-01
   6.4000000e+01   8.8030214e-01   1.7432790e-03
   7.2000000e+01   9.8091159e-01  -1.1779761e-01
   8.0000000e+01   1.0659151e+00  -2.4268248e-02
   8.8000000e+01   9.6518080e-01   6.7414904e-02
   9.6000000e+01   1.1007671e+00   1.2383963e-03
   1.0400000e+02   1.0461452e+00   7.5232121e-02
   1.1200000e+02   1.0830776e+00  -9.4471718e-02
   1.2000000e+02   9.4213998e-01  -3.7521888e-02
   1.2800000e+02   9.6296460e-01   9.2589239e-02
   1.3600000e+02   9.8539337e-01  -1.3374954e-01
   1.4400000e+02   9.1603805e-01  -1.8050392e-02
   1.5200000e+02   9.2052466e-01   9.3894759e-02
   1.6000000e+02   9.3511281e-01  -7.1294645e-02
   1.6800000e+02   9.2902106e-01  -1.0418881e-01
   1.7600000e+02   1.0599660e+00   1.3341936e-03
   1.8400000e+02   7.1971582e-01  -1.0926418e-01
   1.9200000e+02   1.1094699e+00  -1.0887841e-01
   2.0000000e+02   8.2044711e-01  -1.0426577e-01
   2.0800000e+02   8.0298604e-01  -1.5720587e-01
   2.1600000e+02   1.0235005e+00  -9.9384776e-02
   2.2400000e+02   9.4719115e-01   4.0646467e-02
   2.3200000e+02   8.6857554e-01  -1.0417137e-01
   2.4000000e+02   9.4027558e-01  -6.2969230e-02
   2.4800000e+02   8.4199442e-01   1.4512035e-01
   2.5600000e+02   8.6718977e-01   2.1447911e-02
   2.6400000e+02   9.2328585e-01   6.0337854e-02
   2.7200000e+02   9.0999591e-01  -6.4500836e-02
   2.8000000e+02   8.0976004e-01   8.1168420e-02
   2.8800000e+02   8.9314412e-01   3.3425294e-02
   2.9600000e+02   8.3984565e-01  -4.7067967e-03
   3.0400000e+02   8.8167342e-01   1.1266041e-01
   3.1200000e+02   7.4003025e-01   5.1399663e-03
   3.2000000e+02   7.1775772e-01   1.8253870e-02
   3.2800000e+02   7.1881045e-01   7.6757126e-04
   3.3600000e+02   9.1487972e-01   5.5338311e-02
   3.4400000e+02   8.8886037e-01  -6.3826694e-02
   3.5200000e+02   9.9066829e-01   4.5189670e-02
   3.6000000e+02   8.1609844e-01   1.1445505e-01
   3.6800000e+02   8.9422643e-01   1.0996148e-01
   3.7600000e+02   1.0014206e+00  -2.6777486e-02
   3.8400000e+02   7.3348164e-01  -4.0802165e-02
   3.9200000e+02   8.1559496e-01  -2.2435230e-02
   4.0000000e+02   8.2483238e-01   2.0432542e-01
   4.0800000e+02   8.4481461e-01  -1.9810303e-02
   4.1600000e+02   7.5841194e-01  -7.3513694e-02
   4.2400000e+02   7.8712202e-01  -4.2972844e-02
   4.3200000e+02   8.9323673e-01  -2.8662051e-02
   4.4000000e+02   6.8179903e-01  -1.4144906e-01
   4.4800000e+02   7.5788481e-01  -1.1969076e-01
   4.5600000e+02   9.1043351e-01   1.1545641e-01
   4.6400000e+02   7.1004688e-01  -7.8193360e-03
   4.7200000e+02   7.9869290e-01  -2.4498003e-03
   4.8000000e+02   5.8558300e-01  -8.9408152e-02
   4.8800000e+02   7.1043685e-01  -7.6728237e-02
   4.9600000e+02   7.5379088e-01  -3.5422429e-02
   5.0400000e+02   8.3968262e-01   2.6538568e-02
   5.1200000e+02   6.9993964e-01  -1.2086111e-01
   5.2000000e+02   7.8388005e-01   1.5178578e-01
   5.2800000e+02   7.4451903e-01   7.8286392e-03
   5.3600000e+02   7.5842440e-01   2.3587705e-02
   5.4400000e+02   6.6098283e-01   5.3977750e-02
   5.5200000e+02   6.8836135e-01   2.6565678e-02
   5.6000000e+02   6.8081857e-01  -9.3412120e-02
   5.6800000e+02   6.8501851e-01  -3.8952635e-03
   5.7600000e+02   7.3045706e-01   4.3448328e-02
   5.8400000e+02   6.2120756e-01  -2.0463605e-02
   5.9200000e+02   7.1176120e-01   6.6118841e-02
   6.0000000e+02   6.6641406e-01  -3.4550823e-02
   6.0800000e+02   8.1361526e-01   1.3147846e-02
   6.1600000e+02   8.9317645e-01   1.0028709e-01
   6.2400000e+02   8.4815767e-01  -7.6832001e-02
   6.3200000e+02   7.1610447e-01  -1.0612898e-01
   6.4000000e+02   6.4111784e-01  -1.2263420e-01
   6.4800000e+02   7.5250067e-01  -9.2525922e-02
   6.5600000e+02   7.2295630e-01   7.0447342e-03
   6.6400000e+02   6.4264244e-01  -7.1159700e-02
   6.7200000e+02   8.1856272e-01  -2.6304180e-02
   6.8000000e+02   5.7600534e-01  -2.2786026e-02
   6.8800000e+02   5.7412165e-01  -5.0349692e-02
   6.9600000e+02   6.7309214e-01   4.2724493e-03
   7.0400000e+02   6.8030381e-01   5.9007436e-02
   7.1200000e+02   6.4283081e-01  -9.1470855e-02
   7.2000000e+02   7.2493630e-01   2.7494423e-02
   7.2800000e+02   7.2315327e-01   1.4942667e-01
   7.3600000e+02   7.4260067e-01   8.0271594e-02
   7.4400000e+02   5.6254881e-01  -8.8873668e-02
   7.5200000e+02   6.1125091e-01  -2.1973581e-01
   7.6000000e+02   7.8866072e-01   6.3600713e-02
   7.6800000e+02   6.6595003e-01  -1.3456094e-01
   7.7600000e+02   5.0333833e-01   2.0104376e-02
   7.8400000e+02   6.5360066e-01   1.1183804e-01
   7.9200000e+02   6.7872631e-01  -4.4116076e-02
   8.0000000e+02   5.9401475e-01  -2.6948632e-02
   8.0800000e+02   7.9859817e-01  -1.0180381e-01
   8.1600000e+02   6.0938554e-01  -1.9590579e-01
   8.2400000e+02   5.5762463e-01   1.5309619e-02
   8.3200000e+02   6.8820586e-01  -3.6940255e-03
   8.4000000e+02   5.8300069e-01   8.9071059e-02
   8.4800000e+02   5.8486031e-01   6.0875825e-02
   8.5600000e+02   5.4766039e-01  -1.3852847e-01
   8.6400000e+02   6.3210622e-01   4.0741622e-02
   8.7200000e+02   8.5185675e-01  -1.9275142e-01
   8.8000000e+02   7.7504703e-01  -3.7748547e-02
   8.8800000e+02   5.8514004e-01  -4.7985091e-02
   8.9600000e+02   5.4627456e-01   1.5170939e-01
   9.0400000e+02   5.7909381e-01   2.4997746e-02
   9.1200000e+02   4.9809969e-01   7.5623722e-03
   9.2000000e+02   5.4227214e-01  -1.2387453e-01
   9.2800000e+02   6.9813401e-01   4.2991312e-02
   9.3600000e+02   5.2396859e-01   1.7258229e-01
   9.4400000e+02   6.0518967e-01  -3.0768677e-02
   9.5200000e+02   5.7582961e-01  -5.3741852e-02
   9.6000000e+02   6.4921050e-01   1.1024379e-01
   9.6800000e+02   5.8462370e-01   6.1713003e-02
   9.7600000e+02   6.7995786e-01  -8.5442285e-02
   9.8400000e+02   7.4344910e-01   9.7717624e-02
   9.9200000e+02   5.5949154e-01   6.2008028e-02
   1.0000000e+03   5.7613584e-01   7.8051749e-02
   1.0080000e+03   6.7042443e-01  -7.4790291e-02
   1.0160000e+03   5.4682351e-01   5.0478930e-02
   1.0240000e+03   5.1794333e-01  -7.9925769e-02
   1.0320000e+03   6.3845099e-01   1.4430082e-01
   1.0400000e+03   6.6280971e-01   2.2368243e-03
   1.0480000e+03   6.8442015e-01   1.7952651e-01
   1.0560000e+03   4.8336339e-01   3.9359951e-02
   1.0640000e+03   5.2217104e-01   8.5864284e-02
   1.0720000e+03   5.8709985e-01  -6.4837275e-02
   1.0800000e+03   6.3571747e-01  -2.0036109e-01
   1.0880000e+03   7.1152637e-01  -5.3742891e-02
   1.0960000e+03   4.7668169e-01  -6.8409784e-02
   1.1040000e+03   6.2280412e-01  -1.2256460e-01
   1.1120000e+03   6.7380642e-01   4.4552102e-03
   1.1200000e+03   3.6806005e-01   1.7112161e-01
   1.1280000e+03   6.5805979e-01   5.7839409e-02
   1.1360000e+03   6.5147814e-01  -5.1944818e-03
   1.1440000e+03   6.2624644e-01   1.1977710e-01
   1.1520000e+03   5.2928035e-01   4.2332363e-02
   1.1600000e+03   7.0798334e-01   1.1660086e-01
   1.1680000e+03   7.3046969e-01   1.5048874e-01
   1.1760000e+03   6.6600232e-01   1.1151393e-01
   1.1840000e+03   7.2883845e-01   1.9862997e-01
   1.1920000e+03   5.4845008e-01   4.6083030e-03
   1.2000000e+03   6.3691920e-01  -9.1464895e-02
   1.2080000e+03   5.2120595e-01  -1.4096569e-02
   1.2160000e+03   5.8485826e-01   7.6972274e-02
   1.2240000e+03   5.5521747e-01   1.5977795e-01
   1.2320000e+03   6.1013434e-01  -1.6403884e-02
   1.2400000e+03   6.1092466e-01   7.2865241e-02
   1.2480000e+03   7.2903385e-01  -2.3605580e-01
   1.2560000e+03   6.1704950e-01   7.4715766e-02
   1.2640000e+03   5.7193051e-01   1.9423951e-01
   1.2720000e+03   7.0824774e-01  -9.2937075e-03
   1.2800000e+03   5.2168348e-01  -1.2778828e-01
   1.2880000e+03   5.1567432e-01  -5.5915818e-02
   1.2960000e+03   5.9368891e-01  -1.3773174e-02
   1.3040000e+03   6.0905707e-01   1.3382119e-01
   1.3120000e+03   4.8749829e-01   1.8648952e-01
   1.3200000e+03   6.5234709e-01   1.3658108e-01
   1.3280000e+03   5.6854200e-01  -5.8797628e-02
   1.3360000e+03   6.1663921e-01   1.6453372e-01
   1.3440000e+03   5.6247345e-01  -7.8724835e-02
   1.3520000e+03   5.0668470e-01  -1.9671357e-01
   1.3600000e+03   5.2336371e-01  -6.3409404e-02
   1.3680000e+03   5.3864169e-01   1.1349196e-01
   1.3760000e+03   6.9705123e-01   7.7663272e-02
   1.3840000e+03   5.4272866e-01  -1.5455290e-02
   1.3920000e+03   5.5718700e-01   2.5590670e-03
   1.4000000e+03   6.2894492e-01  -7.9462814e-02
   1.4080000e+03   3.2467105e-01  -1.6184514e-01
   1.4160000e+03   4.0094297e-01  -2.3698003e-02
   1.4240000e+03   5.1805398e-01   2.2215373e-01
   1.4320000e+03   5.4444347e-01   7.7089072e-03
   1.4400000e+03   7.3222038e-01  -1.5433629e-01
   1.4480000e+03   4.5028338e-01  -3.3503887e-02
   1.4560000e+03   6.3655941e-01   4.4431437e-02
   1.4640000e+03   5.6700282e-01  -1.9059534e-01
   1.4720000e+03   5.4972344e-01  -4.4583956e-03
   1.4800000e+03   4.4183062e-01   6.0907965e-02
   1.4880000e+03   6.1376880e-01   1.2893146e-02
   1.4960000e+03   6.9329323e-01   3.1786378e-02
   1.5040000e+03   6.1678928e-01  -1.5951050e-01
   1.5120000e+03   5.2838944e-01   6.9706508e-02
   1.5200000e+03   7.5676247e-01   9.0100016e-02
   1.5280000e+03   6.0839737e-01  -3.2315025e-02
   1.5360000e+03   5.7251767e-01   4.4204865e-03
   1.5440000e+03   5.7838457e-01  -1.2195106e-01
   1.5520000e+03   6.3138725e-01  -5.0948847e-02
   1.5600000e+03   5.7794342e-01   9.7769418e-02
   1.5680000e+03   7.2352085e-01   2.2934810e-02
   1.5760000e+03   5.7983158e-01  -1.6976972e-02
   1.5840000e+03   5.3179613e-01  -1.7617541e-01
   1.5920000e+03   6.3867805e-01   9.8591165e-02
   1.6000000e+03   5.8881000e-01  -8.5166451e-02
   1.6080000e+03   6.1008796e-01  -4.8366416e-02
   1.6160000e+03   5.8213577e-01  -3.7891654e-02
   1.6240000e+03   6.6186957e-01  -2.1270533e-02
   1.6320000e+03   5.9016718e-01   2.6538490e-02
   1.6400000e+03   7.9626443e-01  -3.0455387e-02
   1.6480000e+03   5.5117315e-01  -1.5900824e-01
   1.6560000e+03   6.3618334e-01   1.5513950e-02
   1.6640000e+03   6.0322777e-01  -3.4417113e-02
   1.6720000e+03   6.3691237e-01  -5.4918544e-02
   1.6800000e+03   6.9394209e-01  -8.0627564e-03
   1.6880000e+03   6.3395716e-01   1.6413176e-01
   1.6960000e+03   7.2983683e-01   5.7684765e-02
   1.7040000e+03   6.1558881e-01   1.3548117e-01
   1.7120000e+03   5.3040875e-01  -2.1622617e-02
   1.7200000e+03   5.9558807e-01  -7.9259866e-02
   1.7280000e+03   6.3019068e-01  -4.2499074e-02
   1.7360000e+03   5.5464271e-01   3.1576889e-02
   1.7440000e+03   6.0221181e-01   1.5304964e-02
   1.7520000e+03   5.8358494e-01  -4.6983588e-02
   1.7600000e+03   4.0482859e-01   1.4937815e-01
   1.7680000e+03   5.1563320e-01   1.1676955e-01
   1.7760000e+03   5.3826170e-01  -1.6966445e-02
   1.7840000e+03   7.1792781e-01   2.9276237e-02
   1.7920000e+03   5.9071078e-01  -1.4473141e-01
   1.8000000e+03   4.3898442e-01  -1.3420905e-01
   1.8080000e+03   7.0580562e-01   8.3573575e-02
   1.8160000e+03   5.1886300e-01  -1.7490425e-02
   1.8240000e+03   5.8029203e-01   1.5454739e-01
   1.8320000e+03   4.9612222e-01  -1.5396698e-01
   1.8400000e+03   5.9417558e-01  -1.5470947e-01
   1.8480000e+03   5.7557534e-01   2.6732691e-02
   1.8560000e+03   6.4923501e-01   4.6058861e-02
   1.8640000e+03   5.4865066e-01  -3.2049514e-02
   1.8720000e+03   6.3788383e-01  -2.5229440e-02
   1.8800000e+03   5.8924080e-01  -3.2468768e-02
   1.8880000e+03   3.9807681e-01  -3.6041726e-02
   1.8960000e+03   6.3037556e-01   1.8543781e-01
   1.9040000e+03   5.5221194e-01   6.6401485e-02
   1.9120000e+03   6.1464244e-01  -3.7245690e-02
   1.9200000e+03   4.4136213e-01   4.9767409e-02
   1.9280000e+03   5.3864092e-01  -1.2947893e-01
   1.9360000e+03   4.5328851e-01  -3.1701685e-02
   1.9440000e+03   5.0295662e-01   1.0814279e-01
   1.9520000e+03   6.2618650e-01  -1.5330379e-02
   1.9600000e+03   6.3250138e-01   6.2400643e-02
   1.9680000e+03   6.1999441e-01   3.5153377e-02
   1.9760000e+03   4.5996464e-01  -1.3268157e-01
   1.9840000e+03   5.5871633e-01  -6.4757282e-02
   1.9920000e+03   4.3904323e-01   6.6454728e-02
   2.0000000e+03   6.2338116e-01  -1.4793339e-02
   2.0080000e+03   6.0485797e-01  -6.5291186e-02
   2.0160000e+03   6.2670904e-01  -6.5804350e-03
   2.0240000e+03   3.6176060e-01  -8.4666813e-03
   2.0320000e+03   4.7721217e-01   1.2661703e-01
   2.0400000e+03   6.0981016e-01  -1.1591750e-01
   2.0480000e+03   5.0148911e-01   3.5684999e-02
   2.0560000e+03   5.3992444e-01   6.7576270e-03
   2.0640000e+03   6.1769049e-01   8.7190736e-03
   2.0720000e+03   5.0981863e-01   3.7509234e-02
   2.0800000e+03   5.8452990e-01  -2.6734082e-04
   2.0880000e+03   6.5828665e-01   1.9213901e-02
   2.0960000e+03   6.1548752e-01   7.5431262e-02
   2.1040000e+03   5.2535132e-01   1.8922544e-02
   2.1120000e+03   5.4458964e-01   4.1216614e-02
   2.1200000e+03   3.7358263e-01   8.1966266e-02
   2.1280000e+03   5.3727258e-01   1.4993610e-02
   2.1360000e+03   5.2157100e-01  -1.8658412e-03
   2.1440000e+03   5.9979696e-01  -1.4474475e-01
   2.1520000e+03   4.6934089e-01  -4.8470796e-02
   2.1600000e+03   5.3176020e-01   9.4796998e-02
   2.1680000e+03   5.6718643e-01   2.3022214e-02
   2.1760000e+03   5.6823104e-01   1.5519302e-01
   2.1840000e+03   6.2837735e-01  -1.5850803e-01
   2.1920000e+03   6.9754987e-01   9.3080305e-02
   2.2000000e+03   6.7438272e-01   1.5368546e-01
   2.2080000e+03   4.5704198e-01  -1.2495716e-01
   2.2160000e+03   6.5661062e-01  -7.7656031e-02
   2.2240000e+03   5.5956336e-01   5.4596371e-02
   2.2320000e+03   6.9454187e-01  -6.3596689e-02
   2.2400000e+03   5.8341358e-01   1.8277389e-01
   2.2480000e+03   5.9474820e-01   1.6624332e-03
   2.2560000e+03   6.0261063e-01  -5.8429732e-02
   2.2640000e+03   6.0383019e-01  -1.4318372e-01
   2.2720000e+03   6.4133124e-01   1.7719022e-02
   2.2800000e+03   5.4935863e-01   1.3628453e-01
   2.2880000e+03   4.8606081e-01  -1.1631386e-01
   2.2960000e+03   6.1216252e-01  -4.6548370e-02
   2.3040000e+03   6.0276368e-01  -1.4486163e-01
   2.3120000e+03   6.1341328e-01   7.5464081e-02
   2.3200000e+03   5.6663223e-01   1.8608224e-01
   2.3280000e+03   5.5160557e-01  -1.3807138e-01
   2.3360000e+03   7.1881824e-01  -5.8019743e-02
   2.3440000e+03   5.6761547e-01  -6.7028547e-03
   2.3520000e+03   4.9904046e-01  -1.3705506e-01
   2.3600000e+03   3.8024404e-01   3.1204044e-02
   2.3680000e+03   5.1872725e-01   4.8411295e-02
   2.3760000e+03   6.0838278e-01  -8.0201546e-02
   2.3840000e+03   3.8819200e-01   1.1275501e-01
   2.3920000e+03   5.4028134e-01  -3.3176894e-02
   2.4000000e+03   7.2345371e-01  -1.3875929e-01
   2.4080000e+03   7.1591680e-01   1.2353263e-01
   2.4160000e+03   4.1468834e-01   8.3823709e-02
   2.4240000e+03   4.7768293e-01   2.0223153e-02
   2.4320000e+03   4.7612776e-01   2.0797522e-01
   2.4400000e+03   4.5716207e-01   7.8003137e-02
   2.4480000e+03   6.0463410e-01   4.0371517e-02
   2.4560000e+03   4.5457916e-01  -1.7817687e-01
   2.4640000e+03   5.5307344e-01   2.4909690e-02
   2.4720000e+03   6.1309325e-01   5.4919120e-02
   2.4800000e+03   5.7590489e-01   3.0996809e-02
   2.4880000e+03   6.4579174e-01  -2.9910917e-02
   2.4960000e+03   6.4882595e-01  -3.8955718e-02
   2.5040000e+03   5.3179892e-01  -4.7089520e-02
   2.5120000e+03   5.1902432e-01   2.5104912e-02
   2.5200000e+03   6.0512942e-01   6.2804519e-02
   2.5280000e+03   5.9268157e-01   3.3345500e-02
   2.5360000e+03   7.2485417e-01   6.2213438e-02
   2.5440000e+03   4.1167221e-01  -1.6736594e-01
   2.5520000e+03   5.2857606e-01  -8.0693020e-02
   2.5600000e+03   5.1741207e-01  -3.5420364e-02
   2.5680000e+03   5.8218030e-01  -4.3028341e-02
   2.5760000e+03   6.2201804e-01  -9.4854662e-03
   2.5840000e+03   5.9928862e-01  -1.1170829e-01
   2.5920000e+03   5.8594015e-01  -1.0292529e-01
   2.6000000e+03   6.3419579e-01  -8.9558665e-02
   2.6080000e+03   5.2655129e-01   5.6679390e-02
   2.6160000e+03   7.4566159e-01  -1.5968563e-01
   2.6240000e+03   4.6753578e-01  -5.7325416e-03
   2.6320000e+03   5.5183556e-01   7.5158579e-02
   2.6400000e+03   6.8049891e-01  -1.7054495e-01
   2.6480000e+03   4.7859889e-01  -1.4068532e-01
   2.6560000e+03   6.2044831e-01   5.4238851e-03
   2.6640000e+03   6.6554731e-01  -1.0326400e-01
   2.6720000e+03   6.2120379e-01  -8.8743495e-03
   2.6800000e+03   6.6216789e-01   1.2463738e-01
   2.6880000e+03   5.1705399e-01   6.1303767e-02
   2.6960000e+03   5.0347581e-01   1.1488472e-01
   2.7040000e+03   5.3465035e-01  -5.8190513e-03
   2.7120000e+03   8.0968060e-01   4.4869140e-02
   2.7200000e+03   6.7565799e-01   8.4964391e-03
   2.7280000e+03   6.7746989e-01  -1.3427179e-01
   2.7360000e+03   7.0509912e-01  -1.9672793e-02
   2.7440000e+03   5.0664312e-01   1.8846440e-01
   2.7520000e+03   6.2125944e-01  -3.9122287e-02
   2.7600000e+03   6.5542452e-01   3.4109888e-03
   2.7680000e+03   4.9934418e-01  -9.5316458e-02
   2.7760000e+03   6.4399954e-01   1.6043557e-01
   2.7840000e+03   4.5827420e-01   1.6412499e-01
   2.7920000e+03   5.3041062e-01  -8.5814455e-02
   2.8000000e+03   5.8788200e-01   7.0071238e-02
   2.8080000e+03   5.6424127e-01  -8.4224633e-03
   2.8160000e+03   5.1917210e-01  -1.5541797e-03
   2.8240000e+03   5.7693327e-01  -1.5355625e-02
   2.8320000e+03   6.4674143e-01   1.7741325e-02
   2.8400000e+03   5.5647810e-01  -9.0018043e-02
   2.8480000e+03   4.1541959e-01  -9.4310612e-02
   2.8560000e+03   5.0447169e-01   7.4756516e-02
   2.8640000e+03   7.2734120e-01  -2.1303711e-01
   2.8720000e+03   5.5890167e-01   7.6592145e-02
   2.8800000e+03   6.6192995e-01  -5.8467813e-02
   2.8880000e+03   4.8468582e-01  -1.3149034e-01
   2.8960000e+03   4.4349389e-01  -3.5058974e-02
   2.9040000e+03   5.5743589e-01   5.1492428e-02
   2.9120000e+03   5.6263223e-01  -1.0328616e-01
   2.9200000e+03   6.7180385e-01  -2.6364248e-02
   2.9280000e+03   4.2704880e-01  -5.0330961e-02
   2.9360000e+03   5.6353093e-01  -9.6873423e-02
   2.9440000e+03   6.2249080e-01  -8.3363058e-03
   2.9520000e+03   4.5863454e-01  -6.6069722e-02
   2.9600000e+03   5.4654725e-01  -9.8023017e-02
   2.9680000e+03   6.6989748e-01   6.4217667e-02
   2.9760000e+03   5.5774450e-01  -3.7272788e-02
   2.9840000e+03   5.5670086e-01  -3.9204047e-02
   2.9920000e+03   6.3995427e-01   3.0600767e-02
   3.0000000e+03   6.7322175e-01  -8.7286418e-02
   3.0080000e+03   5.8861966e-01   8.1523933e-02
   3.0160000e+03   5.6930115e-01  -1.6197918e-04
   3.0240000e+03   6.1002226e-01   1.1108565e-01
   3.0320000e+03   5.7715604e-01   6.0964808e-03
   3.0400000e+03   6.3991451e-01   5.9358313e-02
   3.0480000e+03   5.1077730e-01  -7.9060503e-02
   3.0560000e+03   5.3545502e-01   7.2243220e-02
   3.0640000e+03   5.1582629e-01   1.5872686e-02
   3.0720000e+03   5.6032433e-01   1.4388187e-02
   3.0800000e+03   4.2703532e-01  -6.5581068e-02
   3.0880000e+03   5.1082034e-01   3.5827142e-02
   3.0960000e+03   4.2321709e-01  -3.8094604e-02
   3.1040000e+03   6.0815920e-01   1.3703849e-01
   3.1120000e+03   5.6568986e-01  -8.6817256e-02
   3.1200000e+03   5.4762608e-01   6.3401564e-02
   3.1280000e+03   6.4886762e-01  -9.8874389e-02
   3.1360000e+03   5.2124202e-01   6.8925463e-02
   3.1440000e+03   5.1211882e-01  -4.0046996e-02
   3.1520000e+03   4.7745078e-01  -7.2247823e-03
   3.1600000e+03   5.3326732e-01   1.2514566e-01
   3.1680000e+03   6.1823546e-01   2.8750512e-02
   3.1760000e+03   4.9268741e-01   2.0631202e-02
   3.1840000e+03   8.0448096e-01   2.9437986e-02
   3.1920000e+03   5.1834069e-01  -1.4641084e-01
   3.2000000e+03   4.9758440e-01  -4.9836128e-02
   3.2080000e+03   5.1532459e-01  -2.6834805e-02
   3.2160000e+03   6.1244641e-01  -1.7158468e-01
   3.2240000e+03   6.3503519e-01  -1.0035011e-01
   3.2320000e+03   4.5630176e-01   2.3227951e-02
   3.2400000e+03   5.6194923e-01   1.2679390e-01
   3.2480000e+03   6.1684333e-01  -1.5396997e-02
   3.2560000e+03   4.7959564e-01  -1.4666008e-01
   3.2640000e+03   5.5084376e-01  -5.1472708e-02
   3.2720000e+03   5.0525744e-01  -1.3065224e-01
   3.2800000e+03   3.8920195e-01  -1.5699081e-01
   3.2880000e+03   5.8809751e-01  -6.1448846e-02
   3.2960000e+03   5.7639176e-01   7.4690401e-02
   3.3040000e+03   5.1773476e-01   3.1049351e-02
   3.3120000e+03   4.8626416e-01  -4.6668120e-02
   3.3200000e+03   8.5071905e-01   4.8704217e-02
   3.3280000e+03   5.1735457e-01  -4.7453409e-02
   3.3360000e+03   5.1656149e-01  -1.3127099e-01
   3.3440000e+03   5.9459643e-01   4.8367451e-02
   3.3520000e+03   6.6079432e-01   9.7976249e-02
   3.3600000e+03   5.7405288e-01  -5.4459144e-02
   3.3680000e+03   6.2421512e-01  -2.1003904e-01
   3.3760000e+03   6.2398294e-01   8.9189142e-03
   3.3840000e+03   6.2186410e-01   1.1180883e-01
   3.3920000e+03   5.4817803e-01   7.1093917e-02
   3.4000000e+03   5.6087494e-01   2.3166885e-02
   3.4080000e+03   6.5304285e-01  -3.3667169e-02
   3.4160000e+03   4.9219569e-01  -1.3713295e-01
   3.4240000e+03   5.9469697e-01  -9.0171771e-02
   3.4320000e+03   5.6648201e-01  -4.3717822e-02
   3.4400000e+03   7.1712828e-01   1.0481561e-01
   3.4480000e+03   5.0350080e-01  -8.7256834e-03
   3.4560000e+03   5.7271829e-01  -2.8744897e-03
   3.4640000e+03   6.8598835e-01  -6.9342869e-02
   3.4720000e+03   5.4124917e-01   1.3626004e-01
   3.4800000e+03   5.8352691e-01  -5.2689057e-02
   3.4880000e+03   4.3470170e-01  -5.4564930e-02
   3.4960000e+03   6.8050297e-01  -7.0212377e-02
   3.5040000e+03   4.5613250e-01  -1.4515224e-01
   3.5120000e+03   5.2362664e-01  -4.9954031e-02
   3.5200000e+03   4.2081248e-01   2.8391837e-02
   3.5280000e+03   5.8223136e-01  -4.9789949e-02
   3.5360000e+03   4.9694930e-01   1.3605151e-02
   3.5440000e+03   3.4371199e-01  -4.5239520e-02
   3.5520000e+03   6.3626087e-01  -2.0533524e-01
   3.5600000e+03   5.6324876e-01  -5.2151867e-02
   3.5680000e+03   3.5258681e-01  -6.6971889e-03
   3.5760000e+03   6.9016722e-01  -1.0193198e-01
   3.5840000e+03   8.0415485e-01   1.2712532e-01
   3.5920000e+03   5.7591779e-01   5.2887716e-02
   3.6000000e+03   4.4151112e-01  -1.2170198e-02
   3.6080000e+03   6.9232239e-01  -1.6858153e-01
   3.6160000e+03   6.1798055e-01   3.8392845e-02
   3.6240000e+03   6.7432426e-01   7.0230676e-02
   3.6320000e+03   6.0081724e-01   6.5438356e-02
   3.6400000e+03   4.9489517e-01  -1.4277771e-01
   3.6480000e+03   4.2836044e-01   5.4457051e-03
   3.6560000e+03   5.4648585e-01  -3.7085808e-02
   3.6640000e+03   4.9011666e-01   1.2153016e-02
   3.6720000e+03   5.5101914e-01   6.3931089e-03
   3.6800000e+03   6.6754818e-01  -2.6033031e-02
   3.6880000e+03   6.2860237e-01  -2.6462149e-02
   3.6960000e+03   6.1313014e-01   3.1444529e-02
   3.7040000e+03   5.5963635e-01  -2.8485925e-02
   3.7120000e+03   4.0287726e-01   1.1965729e-01
   3.7200000e+03   3.7898678e-01  -4.3084734e-02
   3.7280000e+03   3.8586097e-01   3.4609089e-02
   3.7360000e+03   4.4559587e-01  -6.7463083e-02
   3.7440000e+03   5.1589243e-01  -4.7875707e-02
   3.7520000e+03   4.5717099e-01  -7.7417869e-02
   3.7600000e+03   4.5557083e-01   2.3313454e-01
   3.7680000e+03   6.0472693e-01   1.2250121e-01
   3.7760000e+03   5.4772411e-01  -6.6108553e-02
   3.7840000e+03   6.8281257e-01   1.7933110e-02
   3.7920000e+03   5.8836089e-01   1.8559674e-01
   3.8000000e+03   6.2276344e-01  -1.7598304e-01
   3.8080000e+03   5.9157694e-01   1.9354950e-01
   3.8160000e+03   5.2438720e-01   7.3834433e-03
   3.8240000e+03   6.0494121e-01   7.5391386e-02
   3.8320000e+03   4.1410676e-01   8.1328455e-02
   3.8400000e+03   5.6282591e-01   1.4996076e-01
   3.8480000e+03   5.9705332e-01  -1.7036008e-02
   3.8560000e+03   5.1391986e-01  -2.6257803e-02
   3.8640000e+03   5.9951321e-01   5.6483326e-02
   3.8720000e+03   4.9196144e-01   2.8912747e-02
   3.8800000e+03   6.6268253e-01   4.9147824e-02
   3.8880000e+03   5.3556470e-01  -1.9729716e-02
   3.8960000e+03   5.2990833e-01   1.3746954e-02
   3.9040000e+03   4.2666244e-01  -1.8181186e-02
   3.9120000e+03   6.1104861e-01  -1.9189921e-02
   3.9200000e+03   4.1207689e-01  -1.2043673e-01
   3.9280000e+03   5.7543067e-01  -9.4717182e-02
   3.9360000e+03   4.2853450e-01  -1.0985092e-01
   3.9440000e+03   4.5986880e-01   6.2885499e-02
   3.9520000e+03   5.5635151e-01  -2.3265959e-01
   3.9600000e+03   6.7692927e-01  -2.0196182e-02
   3.9680000e+03   6.1072355e-01   3.1625376e-02
   3.9760000e+03   5.2666416e-01  -5.4053436e-02
   3.9840000e+03   6.3640359e-01  -3.0976422e-02
   3.9920000e+03   4.3297000e-01   6.1025763e-02
   4.0000000e+03   4.5639038e-01  -1.6842235e-02
   4.0080000e+03   4.6157149e-01   1.6835080e-01
   4.0160000e+03   5.1688714e-01   6.2093498e-02
   4.0240000e+03   3.7661174e-01   5.1243362e-02
   4.0320000e+03   6.1519668e-01   8.4984644e-02
   4.0400000e+03   5.3035869e-01  -4.5000167e-02
   4.0480000e+03   5.3775062e-01  -1.3236473e-01
   4.0560000e+03   4.0692564e-01  -2.7568206e-01
   4.0640000e+03   6.1254252e-01  -7.2141011e-02
   4.0720000e+03   5.3011418e-01   2.7979922e-02
   4.0800000e+03   5.9584335e-01  -2.6221828e-02
   4.0880000e+03   6.0897017e-01  -3.1772828e-03
   4.0960000e+03   5.8240306e-01   5.2157057e-02
   4.1040000e+03   4.0967059e-01  -1.3091053e-01
   4.1120000e+03   5.6841600e-01  -1.9218520e-02
   4.1200000e+03   4.2290241e-01   7.8765349e-02
   4.1280000e+03   6.3223032e-01   7.7255014e-02
   4.1360000e+03   5.5552193e-01   1.2432375e-01
   4.1440000e+03   5.2915848e-01  -2.0681087e-02
   4.1520000e+03   4.5844166e-01  -5.3047128e-02
   4.1600000e+03   4.6900398e-01   8.7483252e-02
   4.1680000e+03   4.9969438e-01   1.6022530e-02
   4.1760000e+03   3.9243299e-01   4.8181075e-02
   4.1840000e+03   5.5682658e-01   3.8066102e-03
   4.1920000e+03   6.5311011e-01  -1.1123551e-01
   4.2000000e+03   5.2831972e-01   5.1267253e-02
   4.2080000e+03   4.3367264e-01  -1.4768294e-01
   4.2160000e+03   6.6507581e-01   1.6742592e-01
   4.2240000e+03   4.1614351e-01   9.0160775e-02
   4.2320000e+03   5.0714554e-01  -1.1310021e-01
   4.2400000e+03   4.2721695e-01  -9.8551402e-02
   4.2480000e+03   5.8952249e-01  -3.7192125e-02
   4.2560000e+03   4.6299927e-01   9.6165688e-02
   4.2640000e+03   5.7067353e-01  -3.1969813e-02
   4.2720000e+03   5.4689837e-01   1.1539769e-01
   4.2800000e+03   4.8494969e-01  -7.1213956e-02
   4.2880000e+03   4.9720325e-01  -1.0484531e-01
   4.2960000e+03   5.7093372e-01   1.3664412e-02
   4.3040000e+03   3.3197331e-01   1.5967456e-01
   4.3120000e+03   5.1106542e-01   1.5909839e-01
   4.3200000e+03   4.9907970e-01  -7.9605570e-02
   4.3280000e+03   4.8013750e-01  -1.2048790e-01
   4.3360000e+03   4.3364044e-01   8.8182146e-02
   4.3440000e+03   5.1472043e-01   5.5895926e-02
   4.3520000e+03   5.9026435e-01  -1.7481467e-01
   4.3600000e+03   4.4388671e-01  -3.4683358e-02
   4.3680000e+03   5.6742610e-01   3.2233950e-02
   4.3760000e+03   4.5182685e-01   1.4273463e-01
   4.3840000e+03   4.7449315e-01   5.0136580e-03
   4.3920000e+03   5.3593696e-01   8.1539580e-02
   4.4000000e+03   5.3130398e-01   1.0709518e-01
   4.4080000e+03   5.9537988e-01   5.0261302e-02
   4.4160000e+03   5.7488332e-01  -1.3098666e-01
   4.4240000e+03   5.7325742e-01   7.6222767e-02
   4.4320000e+03   5.7912861e-01   8.8051971e-02
   4.4400000e+03   5.4725791e-01   6.4516742e-02
   4.4480000e+03   5.8170236e-01  -1.4606340e-02
   4.4560000e+03   5.5011653e-01   4.8332786e-02
   4.4640000e+03   5.7884296e-01  -4.4615614e-02
   4.4720000e+03   4.2781829e-01   4.2425006e-02
   4.4800000e+03   5.0575609e-01  -6.3346467e-02
   4.4880000e+03   4.8693134e-01  -7.6916269e-02
   4.4960000e+03   6.0908517e-01  -4.3418933e-04
   4.5040000e+03   5.1653391e-01   6.0844056e-02
   4.5120000e+03   4.7672529e-01   1.6156913e-01
   4.5200000e+03   4.5608981e-01  -7.1980840e-02
   4.5280000e+03   5.1689541e-01   1.3669175e-01
   4.5360000e+03   5.1395875e-01  -8.6252079e-03
   4.5440000e+03   6.4010608e-01   6.0943563e-02
   4.5520000e+03   5.8681659e-01  -1.0404283e-01
   4.5600000e+03   3.8431972e-01   4.2784441e-03
   4.5680000e+03   4.7317822e-01  -1.0733239e-01
   4.5760000e+03   5.0188135e-01  -1.0553592e-01
   4.5840000e+03   4.6474727e-01  -5.3225622e-03
   4.5920000e+03   5.0900696e-01   8.3430305e-02
   4.6000000e+03   5.0872393e-01   7.6325678e-02
   4.6080000e+03   6.1729680e-01  -4.4110061e-02
   4.6160000e+03   6.2765478e-01  -8.4517176e-03
   4.6240000e+03   6.2479210e-01  -5.9741915e-02
   4.6320000e+03   3.7033343e-01   1.3851785e-01
   4.6400000e+03   5.2237172e-01   1.0595446e-01
   4.6480000e+03   4.9281713e-01   2.7876056e-02
   4.6560000e+03   4.9126621e-01  -8.3642456e-02
   4.6640000e+03   6.6168699e-01   3.3504574e-02
   4.6720000e+03   4.6709937e-01  -4.5219333e-02
   4.6800000e+03   5.4620873e-01   1.8752112e-01
   4.6880000e+03   5.1926962e-01  -6.9086662e-03
   4.6960000e+03   4.5155555e-01   5.0725789e-02
   4.7040000e+03   4.8935075e-01  -1.7356844e-02
   4.7120000e+03   5.9649142e-01  -6.2861238e-02
   4.7200000e+03   4.3785430e-01   3.1689624e-02
   4.7280000e+03   5.2274217e-01  -1.5469334e-01
   4.7360000e+03   5.4165255e-01  -4.7738230e-02
   4.7440000e+03   5.9816447e-01   3.8004551e-02
   4.7520000e+03   6.0628362e-01   7.6785160e-02
   4.7600000e+03   4.8435532e-01  -8.6495147e-02
   4.7680000e+03   4.6565806e-01  -1.4534518e-02
   4.7760000e+03   4.8028057e-01  -1.0971783e-01
   4.7840000e+03   5.3865522e-01  -3.8430672e-02
   4.7920000e+03   4.5207108e-01   2.3033880e-02
   4.8000000e+03   4.8876971e-01   3.8385266e-02
   4.8080000e+03   5.8162367e-01  -1.2147070e-02
   4.8160000e+03   3.5074896e-01  -3.3643558e-02
   4.8240000e+03   4.7266884e-01  -6.7893233e-02
   4.8320000e+03   4.6292003e-01  -3.2715229e-02
   4.8400000e+03   4.9426577e-01   1.0654299e-01
   4.8480000e+03   6.2023705e-01  -6.3532099e-02
   4.8560000e+03   5.1560540e-01   8.6009629e-02
   4.8640000e+03   4.6696591e-01  -3.7908743e-02
   4.8720000e+03   5.1387617e-01   1.3011831e-01
   4.8800000e+03   5.8942421e-01  -7.6141730e-02
   4.8880000e+03   6.1510100e-01   4.6354617e-02
   4.8960000e+03   5.7683369e-01  -5.3378310e-02
   4.9040000e+03   4.7349348e-01   7.5573166e-03
   4.9120000e+03   4.9627847e-01   5.0215455e-02
   4.9200000e+03   5.9296628e-01   6.1477700e-03
   4.9280000e+03   5.7199518e-01  -6.5957380e-02
   4.9360000e+03   5.4367915e-01  -1.2954919e-01
   4.9440000e+03   4.9226506e-01  -2.2201556e-01
   4.9520000e+03   5.3602918e-01   8.5820088e-02
   4.9600000e+03   4.3861075e-01  -4.1936283e-02
   4.9680000e+03   5.4826858e-01   1.1051673e-01
   4.9760000e+03   4.6333380e-01   2.4365140e-02
   4.9840000e+03   4.3162531e-01   1.1146947e-01
   4.9920000e+03   5.2602613e-01  -3.1380218e-02
   5.0000000e+03   4.1746651e-01  -5.0486025e-02
   5.0080000e+03   5.4931330e-01  -1.4389918e-01
   5.0160000e+03   4.5246435e-01  -4.7225279e-02
   5.0240000e+03   5.4358756e-01  -5.6212575e-02
   5.0320000e+03   3.7818909e-01   3.8574377e-02
   5.0400000e+03   6.3182857e-01   1.1408450e-01
   5.0480000e+03   6.2166619e-01  -5.9526383e-02
   5.0560000e+03   4.3996925e-01   1.2928421e-01
   5.0640000e+03   4.2513013e-01   1.1890245e-02
   5.0720000e+03   4.9868964e-01  -2.8999670e-02
   5.0800000e+03   5.9863835e-01   1.1585289e-01
   5.0880000e+03   4.3420517e-01   1.8250415e-01
   5.0960000e+03   5.7610544e-01  -1.1561594e-02
   5.1040000e+03   5.5378716e-01   6.3000050e-02
   5.1120000e+03   3.1902218e-01  -5.3960352e-02
   5.1200000e+03   4.8688580e-01   1.4148898e-01
   5.1280000e+03   6.7023890e-01   9.4798563e-02
   5.1360000e+03   3.5021545e-01   1.6196423e-02
   5.1440000e+03   4.8347898e-01  -1.2908871e-01
   5.1520000e+03   4.2745885e-01   2.4410604e-02
   5.1600000e+03   5.5632025e-01   7.9951633e-02
   5.1680000e+03   5.3790066e-01  -5.2970212e-02
   5.1760000e+03   5.4421950e-01   8.2870935e-02
   5.1840000e+03   6.2144520e-01  -4.1448202e-02
   5.1920000e+03   6.6648351e-01   4.9374472e-02
   5.2000000e+03   5.0095081e-01   2.0365601e-02
   5.2080000e+03   5.3729317e-01  -1.6762631e-02
   5.2160000e+03   4.7788088e-01  -1.7786572e-01
   5.2240000e+03   4.2865346e-01  -1.8701452e-02
   5.2320000e+03   3.7317602e-01  -1.7824507e-02
   5.2400000e+03   5.4364079e-01   2.8075292e-02
   5.2480000e+03   5.0849819e-01  -6.5802699e-02
   5.2560000e+03   5.4640034e-01   1.2176181e-02
   5.2640000e+03   5.2530165e-01  -6.8832668e-02
   5.2720000e+03   5.1792747e-01   8.5893551e-02
   5.2800000e+03   6.0873779e-01  -5.0367254e-02
   5.2880000e+03   4.7991304e-01   2.7218412e-02
   5.2960000e+03   5.4315983e-01   5.3948062e-02
   5.3040000e+03   3.8772693e-01   2.3131402e-01
   5.3120000e+03   6.1114615e-01   1.1361640e-02
   5.3200000e+03   3.5265913e-01  -6.9182430e-03
   5.3280000e+03   5.1983181e-01  -1.0162406e-01
   5.3360000e+03   4.2541599e-01  -6.3234594e-02
   5.3440000e+03   5.6702479e-01   1.6645451e-02
   5.3520000e+03   5.1459051e-01   3.7802907e-02
   5.3600000e+03   4.5315029e-01  -4.9017950e-02
   5.3680000e+03   5.6643872e-01   1.6974965e-02
   5.3760000e+03   4.4920901e-01  -1.0898607e-01
   5.3840000e+03   4.4460216e-01  -4.7593499e-02
   5.3920000e+03   3.7313302e-01   3.2807621e-02
   5.4000000e+03   6.2170146e-01   7.2224726e-02
   5.4080000e+03   5.4823635e-01   1.0388513e-01
   5.4160000e+03   4.4967872e-01  -9.0504919e-03
   5.4240000e+03   5.5028198e-01  -2.4098026e-02
   5.4320000e+03   5.5777999e-01   1.0971933e-01
   5.4400000e+03   5.1036150e-01   2.2274647e-02
   5.4480000e+03   5.3844075e-01  -4.2162628e-02
   5.4560000e+03   5.7148977e-01   1.4750009e-01
   5.4640000e+03   4.9228070e-01   1.2003070e-01
   5.4720000e+03   5.3702174e-01  -5.7406837e-02
   5.4800000e+03   4.7194801e-01  -3.4955183e-02
   5.4880000e+03   5.7891547e-01  -1.4053325e-02
   5.4960000e+03   5.1658655e-01   1.9945740e-02
   5.5040000e+03   3.0434707e-01  -1.0146015e-01
   5.5120000e+03   5.1729006e-01  -9.1112053e-02
   5.5200000e+03   4.1291265e-01   9.8092611e-02
   5.5280000e+03   5.7905170e-01   5.2673766e-02
   5.5360000e+03   4.7517318e-01  -4.1541249e-02
   5.5440000e+03   5.7470767e-01  -6.4056956e-02
   5.5520000e+03   5.3944355e-01   2.9589340e-02
   5.5600000e+03   4.6004413e-01   6.4265881e-03
   5.5680000e+03   3.7933849e-01  -6.9535673e-02
   5.5760000e+03   6.0838412e-01   9.2412303e-02
   5.5840000e+03   6.1720775e-01  -3.3427719e-02
   5.5920000e+03   3.9016460e-01  -7.6500815e-02
   5.6000000e+03   4.9782941e-01  -1.8139347e-02
   5.6080000e+03   3.9292958e-01   3.5095858e-02
   5.6160000e+03   5.0484250e-01   2.6394624e-02
   5.6240000e+03   5.4956182e-01   1.0182599e-02
   5.6320000e+03   3.1924051e-01   1.0214925e-01
   5.6400000e+03   4.4670403e-01  -4.1691935e-02
   5.6480000e+03   5.6428367e-01  -7.0028365e-02
   5.6560000e+03   4.7463202e-01  -2.2439549e-01
   5.6640000e+03   2.7974385e-01  -1.1378036e-01
   5.6720000e+03   4.4344629e-01   1.6594350e-01
   5.6800000e+03   5.6284880e-01  -2.4358314e-02
   5.6880000e+03   3.9978570e-01  -1.1270181e-01
   5.6960000e+03   4.1738373e-01  -6.3291718e-02
   5.7040000e+03   5.1020732e-01  -1.0421148e-01
   5.7120000e+03   5.6996442e-01   6.5541284e-02
   5.7200000e+03   5.2935653e-01  -2.3731188e-02
   5.7280000e+03   5.3835091e-01   3.2595854e-02
   5.7360000e+03   6.0758781e-01  -1.2394669e-02
   5.7440000e+03   4.1808537e-01  -8.5160601e-02
   5.7520000e+03   5.0237790e-01  -3.9449214e-02
   5.7600000e+03   4.4775399e-01  -3.6943649e-02
   5.7680000e+03   5.2607375e-01   1.8816338e-01
   5.7760000e+03   4.2395572e-01  -8.0351666e-02
   5.7840000e+03   5.8230185e-01  -1.3843865e-02
   5.7920000e+03   5.2974886e-01  -7.5300232e-02
   5.8000000e+03   5.3960679e-01  -4.0610729e-02
   5.8080000e+03   5.1218729e-01  -3.4856676e-02
   5.8160000e+03   5.6125496e-01  -7.2054908e-02
   5.8240000e+03   3.7584947e-01  -1.7693439e-01
   5.8320000e+03   3.8070818e-01   1.2233917e-01
   5.8400000e+03   4.9720845e-01   7.5601868e-03
   5.8480000e+03   5.4984937e-01  -8.0321869e-02
   5.8560000e+03   5.8311347e-01  -4.6847599e-02
   5.8640000e+03   5.8772196e-01  -2.1297762e-02
   5.8720000e+03   5.6372407e-01  -9.2121311e-02
   5.8800000e+03   4.7144249e-01   1.5356552e-01
   5.8880000e+03   6.4157883e-01  -1.6117114e-01
   5.8960000e+03   6.0870201e-01  -8.3026608e-02
   5.9040000e+03   5.0931359e-01  -9.9016215e-02
   5.9120000e+03   6.1810713e-01  -2.8075255e-02
   5.9200000e+03   5.1383097e-01  -3.4474867e-02
   5.9280000e+03   4.1133230e-01  -8.0190630e-02
   5.9360000e+03   4.0592374e-01   2.6396475e-02
   5.9440000e+03   5.4339424e-01  -6.3208598e-02
   5.9520000e+03   3.7461550e-01  -9.8255743e-02
   5.9600000e+03   4.3228882e-01  -3.4646318e-03
   5.9680000e+03   7.3050051e-01  -2.7040029e-02
   5.9760000e+03   6.0858702e-01   5.5863322e-02
   5.9840000e+03   4.3976509e-01   4.5897467e-02
   5.9920000e+03   7.2461411e-01  -2.0650180e-02
   6.0000000e+03   5.4271683e-01   6.0483929e-02
   6.0080000e+03   3.5226848e-01  -1.5914271e-02
   6.0160000e+03   4.7265826e-01   7.2663933e-03
   6.0240000e+03   5.5536960e-01   2.6322432e-02
   6.0320000e+03   5.7159170e-01   2.5839010e-02
   6.0400000e+03   3.9071897e-01  -1.3105313e-01
   6.0480000e+03   5.1114417e-01   6.4595744e-02
   6.0560000e+03   6.5563177e-01   4.8841389e-02
   6.0640000e+03   3.6200315e-01   1.0688085e-01
   6.0720000e+03   6.9191369e-01   1.5387833e-02
   6.0800000e+03   5.1332988e-01   1.1641672e-01
   6.0880000e+03   3.8973588e-01   3.3191441e-02
   6.0960000e+03   4.0365092e-01  -1.2447841e-01
   6.1040000e+03   3.9890956e-01  -1.3811586e-01
   6.1120000e+03   5.5486936e-01  -1.4778812e-02
   6.1200000e+03   4.1027389e-01  -1.2063989e-02
   6.1280000e+03   4.9128627e-01  -1.0993505e-02
   6.1360000e+03   2.4037557e-01   2.5232084e-02
   6.1440000e+03   3.7085642e-01  -2.8105694e-02
   6.1520000e+03   5.4915431e-01  -1.1822525e-01
   6.1600000e+03   6.0011288e-01   5.6178446e-03
   6.1680000e+03   5.2464863e-01   7.4654527e-02
   6.1760000e+03   5.3529205e-01  -5.4126731e-02
   6.1840000e+03   4.4407235e-01  -1.3805575e-01
   6.1920000e+03   4.1334828e-01   4.5980566e-02
   6.2000000e+03   4.9254820e-01   8.3598056e-02
   6.2080000e+03   4.2899418e-01   2.9593109e-02
   6.2160000e+03   4.5553743e-01  -2.4672549e-02
   6.2240000e+03   4.5801534e-01   1.0720315e-02
   6.2320000e+03   5.0479402e-01  -1.1577152e-01
   6.2400000e+03   4.8085794e-01   1.2625544e-01
   6.2480000e+03   6.3522006e-01   5.4089239e-02
   6.2560000e+03   5.0348527e-01  -2.0156812e-01
   6.2640000e+03   5.4518559e-01   1.7777573e-01
   6.2720000e+03   4.2517762e-01   3.4248899e-02
   6.2800000e+03   6.5072664e-01   3.7827905e-03
   6.2880000e+03   6.4043228e-01   3.8923305e-02
   6.2960000e+03   4.0520531e-01   1.3534164e-01
   6.3040000e+03   4.4019096e-01   8.1460486e-03
   6.3120000e+03   4.0373229e-01  -4.6790037e-02
   6.3200000e+03   4.8133438e-01   5.7601344e-02
   6.3280000e+03   2.8713250e-01   1.9086803e-01
   6.3360000e+03   4.4138255e-01  -5.7982623e-02
   6.3440000e+03   5.4710036e-01   9.1892192e-02
   6.3520000e+03   5.9214628e-01  -6.4254031e-02
   6.3600000e+03   4.4368154e-01   1.1865071e-01
   6.3680000e+03   5.6813441e-01   4.9175477e-02
   6.3760000e+03   5.5546032e-01   6.3720861e-02
   6.3840000e+03   5.0593729e-01   2.5400789e-02
   6.3920000e+03   5.3522105e-01   3.1801708e-02
   6.4000000e+03   4.9217079e-01  -1.1590641e-02
