   0.0000000e+00   9.5826600e-01   1.3392280e-02
   8.0000000e+00   9.4315469e-01   2.7517111e-02
   1.6000000e+01   9.5181823e-01   3.4217426e-03
   2.4000000e+01   9.6465754e-01  -3.6743093e-03
   3.2000000e+01   9.8230680e-01   1.3848836e-02
   4.0000000e+01   9.7329868e-01   2.0935473e-02
   4.8000000e+01   9.8663919e-01   3.4573778e-03
   5.6000000e+01   9.8390542e-01   3.1479149e-03
   6.4000000e+01   1.0029244e+00   6.1311380e-03
   7.2000000e+01   9.7857218e-01   9.7612428e-03
   8.0000000e+01   1.0053680e+00  -5.7280183e-03
   8.8000000e+01   9.9750287e-01   4.8605985e-03
   9.6000000e+01   9.9263433e-01   6.0797303e-03
   1.0400000e+02   1.0082759e+00  -1.2190982e-02
   1.1200000e+02   9.9983777e-01  -1.2631436e-02
   1.2000000e+02   9.8513408e-01   1.9066926e-02
   1.2800000e+02   9.7378651e-01  -2.5672858e-02
   1.3600000e+02   9.9595115e-01   1.2466150e-03
   1.4400000e+02   9.9879143e-01   9.9734433e-03
   1.5200000e+02   9.8066544e-01   8.9795859e-03
   1.6000000e+02   9.8076577e-01   7.0138051e-03
   1.6800000e+02   9.8307843e-01   1.4919707e-02
   1.7600000e+02   9.8039675e-01   4.3404101e-03
   1.8400000e+02   9.7058820e-01   1.2783985e-02
   1.9200000e+02   9.8203191e-01   1.0842723e-02
   2.0000000e+02   9.7311151e-01   7.4459595e-03
   2.0800000e+02   9.5552772e-01   2.1745720e-02
   2.1600000e+02   9.7378905e-01  -2.1893266e-02
   2.2400000e+02   9.8689545e-01  -2.3270063e-03
   2.3200000e+02   9.5443551e-01  -2.4914983e-03
   2.4000000e+02   9.4409159e-01   1.8380487e-02
   2.4800000e+02   9.4106271e-01  -1.1525730e-02
   2.5600000e+02   9.3144771e-01  -6.6814124e-03
   2.6400000e+02   9.3919791e-01   7.6709406e-03
   2.7200000e+02   9.1394682e-01   2.0376397e-02
   2.8000000e+02   9.2332196e-01  -3.6717985e-03
   2.8800000e+02   9.2959010e-01  -2.1703212e-03
   2.9600000e+02   9.3085135e-01   6.1059569e-03
   3.0400000e+02   9.3417896e-01  -5.8327430e-03
   3.1200000e+02   9.2020372e-01   1.6632739e-02
   3.2000000e+02   9.0735320e-01  -1.2085215e-02
   3.2800000e+02   8.7326451e-01   8.9253179e-03
   3.3600000e+02   8.9097823e-01   8.4873200e-03
   3.4400000e+02   8.7828831e-01   1.1431846e-02
   3.5200000e+02   8.8734800e-01   2.1946697e-02
   3.6000000e+02   8.7384361e-01   5.1844281e-03
   3.6800000e+02   8.8333518e-01   5.3045092e-03
   3.7600000e+02   8.5289413e-01   1.8086285e-03
   3.8400000e+02   8.6514429e-01  -1.3383026e-02
   3.9200000e+02   8.7217145e-01  -6.9881271e-03
   4.0000000e+02   8.4395824e-01   1.7733914e-03
   4.0800000e+02   8.4338719e-01  -1.2403354e-02
   4.1600000e+02   8.3791394e-01   3.3340480e-03
   4.2400000e+02   8.3214530e-01  -2.2632526e-02
   4.3200000e+02   8.2745438e-01   1.0798801e-02
   4.4000000e+02   8.1365011e-01   3.6618886e-03
   4.4800000e+02   8.3591261e-01   9.4782888e-03
   4.5600000e+02   8.0814482e-01   8.7014535e-03
   4.6400000e+02   8.1933037e-01  -6.9593196e-04
   4.7200000e+02   8.1615285e-01   6.6519448e-03
   4.8000000e+02   8.0658616e-01   9.5186364e-03
   4.8800000e+02   8.0426707e-01  -3.4359474e-03
   4.9600000e+02   8.0388230e-01   9.8406008e-03
   5.0400000e+02   7.8911762e-01  -2.9760478e-03
   5.1200000e+02   7.7753122e-01  -3.7861413e-03
   5.2000000e+02   7.7882209e-01  -7.1563889e-04
   5.2800000e+02   7.7154874e-01  -2.5045762e-03
   5.3600000e+02   7.7809160e-01  -2.2195192e-03
   5.4400000e+02   7.5058279e-01  -4.3075699e-03
   5.5200000e+02   7.5001402e-01  -9.7232502e-03
   5.6000000e+02   7.4979737e-01   1.3772851e-02
   5.6800000e+02   7.3397370e-01   2.9245504e-03
   5.7600000e+02   7.2801905e-01  -9.2571143e-03
   5.8400000e+02   7.4598898e-01   8.7991680e-03
   5.9200000e+02   7.3366460e-01   7.7721378e-03
   6.0000000e+02   7.3126173e-01  -1.7180133e-02
   6.0800000e+02   7.3078486e-01  -1.5393177e-02
   6.1600000e+02   7.0566832e-01  -2.5435823e-03
   6.2400000e+02   7.2083253e-01  -4.3647690e-03
   6.3200000e+02   6.9560962e-01   8.6299496e-03
   6.4000000e+02   7.3455046e-01  -1.9393269e-03
   6.4800000e+02   7.0381769e-01   2.2635810e-02
   6.5600000e+02   7.1340876e-01  -3.8520522e-03
   6.6400000e+02   6.6537436e-01   9.6261490e-03
   6.7200000e+02   6.8668814e-01   1.0643430e-02
   6.8000000e+02   6.5689027e-01  -5.0295396e-03
   6.8800000e+02   6.8714994e-01   1.4550202e-02
   6.9600000e+02   6.6833281e-01  -9.1151781e-04
   7.0400000e+02   6.8386109e-01  -2.8447329e-03
   7.1200000e+02   6.8482230e-01   1.9465421e-02
   7.2000000e+02   6.8324791e-01  -1.2328384e-02
   7.2800000e+02   6.8706125e-01   4.3126549e-03
   7.3600000e+02   6.6724479e-01   4.4040345e-03
   7.4400000e+02   6.5835110e-01   6.0266809e-03
   7.5200000e+02   6.6120131e-01  -1.6031370e-03
   7.6000000e+02   6.4561434e-01  -1.1903040e-02
   7.6800000e+02   6.6222007e-01  -6.1196785e-03
   7.7600000e+02   6.6039467e-01   1.4998524e-02
   7.8400000e+02   6.3795502e-01  -2.5011675e-03
   7.9200000e+02   6.3253561e-01  -1.4987549e-02
   8.0000000e+02   6.4890267e-01   4.7141221e-03
   8.0800000e+02   6.2793683e-01   1.6952543e-02
   8.1600000e+02   6.3543943e-01  -1.0144085e-03
   8.2400000e+02   6.4267698e-01  -6.4435028e-03
   8.3200000e+02   6.2935241e-01   2.5887219e-02
   8.4000000e+02   6.1171901e-01   1.5343076e-02
   8.4800000e+02   6.0977786e-01   1.4012803e-02
   8.5600000e+02   6.1657770e-01  -1.5239561e-02
   8.6400000e+02   6.2584635e-01  -3.7485795e-04
   8.7200000e+02   6.1339616e-01  -2.0395850e-02
   8.8000000e+02   6.0872813e-01  -2.5289371e-02
   8.8800000e+02   6.1337295e-01   2.8804127e-03
   8.9600000e+02   6.0444876e-01   7.2002235e-03
   9.0400000e+02   6.0230739e-01  -1.0248501e-02
   9.1200000e+02   6.0066547e-01  -5.2707036e-03
   9.2000000e+02   5.9712794e-01  -3.8382733e-03
   9.2800000e+02   5.9146275e-01   1.7110497e-02
   9.3600000e+02   6.0095701e-01   1.1275694e-02
   9.4400000e+02   5.8357363e-01  -4.2433543e-03
   9.5200000e+02   5.8760538e-01  -2.1130967e-02
   9.6000000e+02   6.0392537e-01   6.5016577e-03
   9.6800000e+02   5.9351251e-01  -2.6580315e-03
   9.7600000e+02   5.8830419e-01   3.2794736e-03
   9.8400000e+02   5.8759451e-01  -5.6320737e-03
   9.9200000e+02   5.7298959e-01   6.2257577e-03
   1.0000000e+03   5.7867710e-01  -2.0231961e-02
   1.0080000e+03   5.5914996e-01   2.8503845e-02
   1.0160000e+03   5.5553262e-01  -1.3639616e-02
   1.0240000e+03   5.8689467e-01  -8.9121250e-03
   1.0320000e+03   5.8970816e-01  -2.3004198e-02
   1.0400000e+03   5.6667157e-01   6.3886614e-03
   1.0480000e+03   5.7782224e-01   2.5310380e-03
   1.0560000e+03   5.6293333e-01  -1.5985401e-03
   1.0640000e+03   5.7257212e-01  -2.9877297e-02
   1.0720000e+03   5.7032175e-01  -1.6874095e-02
   1.0800000e+03   5.6801319e-01   5.8936255e-03
   1.0880000e+03   5.7979318e-01   1.2275293e-02
   1.0960000e+03   5.5360122e-01   2.1893104e-03
   1.1040000e+03   5.7098475e-01   1.0261643e-02
   1.1120000e+03   5.6106713e-01  -6.4205446e-03
   1.1200000e+03   5.5718831e-01  -2.5422103e-02
   1.1280000e+03   5.6894395e-01   5.8381410e-03
   1.1360000e+03   5.4322038e-01   1.9604178e-03
   1.1440000e+03   5.7551868e-01   1.1941130e-03
   1.1520000e+03   5.7176783e-01  -1.5105644e-02
   1.1600000e+03   5.5907026e-01   1.2564937e-02
   1.1680000e+03   5.4346207e-01   2.9299998e-03
   1.1760000e+03   5.6814464e-01   1.3322532e-02
   1.1840000e+03   5.7060965e-01  -3.7723438e-04
   1.1920000e+03   5.5959225e-01  -6.8756016e-03
   1.2000000e+03   5.6870512e-01  -1.0071048e-02
   1.2080000e+03   5.6406898e-01  -6.4858159e-03
   1.2160000e+03   5.7541961e-01   9.2464167e-03
   1.2240000e+03   5.5201433e-01  -4.5707734e-03
   1.2320000e+03   5.3933392e-01   5.3949315e-04
   1.2400000e+03   5.7569335e-01  -8.0609087e-03
   1.2480000e+03   5.3185727e-01  -8.6834373e-05
   1.2560000e+03   5.5824929e-01  -4.5372932e-03
   1.2640000e+03   5.6310178e-01  -3.7757582e-03
   1.2720000e+03   5.5700428e-01   3.7289250e-03
   1.2800000e+03   5.4355421e-01   4.3129777e-03
   1.2880000e+03   5.4896120e-01   1.4962770e-02
   1.2960000e+03   5.5747333e-01   9.9492630e-03
   1.3040000e+03   5.5726771e-01   2.3764028e-02
   1.3120000e+03   5.4430202e-01  -3.1687387e-04
   1.3200000e+03   5.6452911e-01   2.0009695e-02
   1.3280000e+03   5.3528001e-01   3.0884805e-03
   1.3360000e+03   5.6034853e-01   8.1015970e-03
   1.3440000e+03   5.4733928e-01  -4.8266907e-03
   1.3520000e+03   5.4887215e-01  -3.3217089e-02
   1.3600000e+03   5.4607450e-01   1.6607350e-04
   1.3680000e+03   5.5747270e-01  -7.5153270e-03
   1.3760000e+03   5.3178589e-01   7.2772922e-03
   1.3840000e+03   5.2756046e-01  -4.6102478e-03
   1.3920000e+03   5.5063646e-01  -1.7046186e-02
   1.4000000e+03   5.5878664e-01  -1.7258523e-03
   1.4080000e+03   5.5132378e-01   6.4956687e-03
   1.4160000e+03   5.5065250e-01  -3.0156124e-02
   1.4240000e+03   5.5076386e-01  -3.3428857e-03
   1.4320000e+03   5.6058777e-01   8.7807375e-03
   1.4400000e+03   5.6666249e-01   2.6165827e-04
   1.4480000e+03   5.6150950e-01  -7.2451410e-03
   1.4560000e+03   5.5058994e-01  -1.5996231e-02
   1.4640000e+03   5.5534096e-01   8.7110152e-03
   1.4720000e+03   5.2524253e-01  -2.4584891e-02
   1.4800000e+03   5.3310025e-01  -1.2764732e-03
   1.4880000e+03   5.5977240e-01   9.6490622e-03
   1.4960000e+03   5.4167633e-01   5.7530097e-03
   1.5040000e+03   5.5414595e-01  -8.5242720e-03
   1.5120000e+03   5.3307490e-01  -2.5622733e-03
   1.5200000e+03   5.4071030e-01  -9.9493119e-03
   1.5280000e+03   5.4235207e-01   6.5743322e-03
   1.5360000e+03   5.3837537e-01   5.2316015e-03
   1.5440000e+03   5.5682299e-01  -2.2898428e-02
   1.5520000e+03   5.4359496e-01  -6.1483564e-03
   1.5600000e+03   5.5180793e-01   4.3884139e-04
   1.5680000e+03   5.3232294e-01   8.8178130e-04
   1.5760000e+03   5.6989369e-01   1.1347583e-02
   1.5840000e+03   5.5855488e-01  -1.6583889e-03
   1.5920000e+03   5.7069498e-01  -6.8847784e-03
   1.6000000e+03   5.6021480e-01   9.3598649e-03
   1.6080000e+03   5.4737227e-01   1.9800252e-02
   1.6160000e+03   5.7031127e-01  -1.8177484e-03
   1.6240000e+03   5.5025744e-01   6.3947375e-03
   1.6320000e+03   5.5616294e-01  -1.0868595e-02
   1.6400000e+03   5.4682988e-01  -5.3914119e-03
   1.6480000e+03   5.4617883e-01  -7.8335734e-03
   1.6560000e+03   5.4040211e-01   9.2340123e-04
   1.6640000e+03   5.5606123e-01  -1.7724041e-03
   1.6720000e+03   5.6001805e-01  -5.2078313e-03
   1.6800000e+03   5.3817069e-01  -9.1021815e-03
   1.6880000e+03   5.3826408e-01   6.5816774e-03
   1.6960000e+03   5.4236151e-01  -1.0324051e-02
   1.7040000e+03   5.5968308e-01   7.9163348e-03
   1.7120000e+03   5.5240919e-01   1.1432009e-02
   1.7200000e+03   5.6349128e-01  -3.8210507e-03
   1.7280000e+03   5.5267494e-01  -2.9014976e-03
   1.7360000e+03   5.4347854e-01  -2.7726028e-03
   1.7440000e+03   5.5223203e-01   1.5252705e-02
   1.7520000e+03   5.3997569e-01  -8.6002286e-03
   1.7600000e+03   5.5934015e-01   3.0608311e-03
   1.7680000e+03   5.5840797e-01  -1.4123193e-02
   1.7760000e+03   5.4840368e-01   1.2299688e-03
   1.7840000e+03   5.6030908e-01   1.0643109e-02
   1.7920000e+03   5.6787466e-01  -8.8213615e-03
   1.8000000e+03   5.6122469e-01  -1.0423229e-02
   1.8080000e+03   5.6460856e-01  -3.5686412e-03
   1.8160000e+03   5.6182265e-01   2.2215877e-02
   1.8240000e+03   5.5853820e-01   1.7911098e-02
   1.8320000e+03   5.7905799e-01  -2.4624722e-02
   1.8400000e+03   5.4329819e-01  -2.6083410e-03
   1.8480000e+03   5.4026141e-01   4.5094246e-03
   1.8560000e+03   5.5975533e-01  -1.1423217e-04
   1.8640000e+03   5.3868497e-01   2.2938721e-03
   1.8720000e+03   5.6379909e-01   2.8601408e-02
   1.8800000e+03   5.5368562e-01  -4.5732704e-03
   1.8880000e+03   5.5973426e-01   8.8499667e-04
   1.8960000e+03   5.5828560e-01   5.8058240e-03
   1.9040000e+03   5.7024702e-01   3.4116625e-03
   1.9120000e+03   5.6304130e-01   1.1115487e-02
   1.9200000e+03   5.4709186e-01  -4.7048301e-03
   1.9280000e+03   5.5903133e-01  -1.1228387e-03
   1.9360000e+03   5.5788882e-01   1.9317087e-02
   1.9440000e+03   5.6562529e-01  -5.5884037e-03
   1.9520000e+03   5.5732589e-01  -1.1768541e-02
   1.9600000e+03   5.5104250e-01   7.9876240e-03
   1.9680000e+03   5.4645581e-01   1.0650123e-03
   1.9760000e+03   5.5337782e-01  -1.6941572e-02
   1.9840000e+03   5.5395833e-01   9.6082368e-03
   1.9920000e+03   5.5494079e-01  -8.9596663e-03
   2.0000000e+03   5.7713370e-01  -9.3945698e-04
   2.0080000e+03   5.5516548e-01   2.3411919e-02
   2.0160000e+03   5.5259557e-01  -7.8332114e-03
   2.0240000e+03   5.8377329e-01  -1.2561569e-02
   2.0320000e+03   5.6998349e-01   3.7985701e-03
   2.0400000e+03   5.4985987e-01   1.0854277e-02
   2.0480000e+03   5.7571412e-01  -1.8946306e-02
   2.0560000e+03   5.6090106e-01  -3.1324476e-03
   2.0640000e+03   5.4611939e-01   1.3550840e-02
   2.0720000e+03   5.5897464e-01   2.5743761e-03
   2.0800000e+03   5.5478994e-01   1.1826782e-02
   2.0880000e+03   5.5478800e-01   1.0637206e-02
   2.0960000e+03   5.4612608e-01   1.2099402e-02
   2.1040000e+03   5.7181786e-01   1.8591183e-02
   2.1120000e+03   5.6621078e-01   1.2811321e-02
   2.1200000e+03   5.6116995e-01  -3.5031789e-03
   2.1280000e+03   5.7133133e-01  -1.3029771e-03
   2.1360000e+03   5.5455375e-01  -1.5758589e-02
   2.1440000e+03   5.4891003e-01   4.1211969e-03
   2.1520000e+03   5.5444442e-01   8.2507861e-03
   2.1600000e+03   5.6443685e-01  -2.3498570e-03
   2.1680000e+03   5.6119200e-01   7.5292182e-03
   2.1760000e+03   5.5694418e-01   1.3483696e-05
   2.1840000e+03   5.7669707e-01   2.8165861e-03
   2.1920000e+03   5.7723345e-01  -1.5439825e-02
   2.2000000e+03   5.5846005e-01   1.9155473e-03
   2.2080000e+03   5.5763252e-01  -8.2902588e-03
   2.2160000e+03   5.7160112e-01   1.6486696e-02
   2.2240000e+03   5.6123409e-01   2.4485601e-02
   2.2320000e+03   5.7468897e-01  -1.7895409e-03
   2.2400000e+03   5.5778895e-01  -2.1856638e-02
   2.2480000e+03   5.6357322e-01  -1.0108514e-02
   2.2560000e+03   5.8375938e-01   1.8593573e-02
   2.2640000e+03   5.8436529e-01   1.6511851e-02
   2.2720000e+03   5.5418734e-01   1.4635062e-02
   2.2800000e+03   5.8439155e-01  -1.9736752e-02
   2.2880000e+03   5.5604501e-01   4.8924395e-03
   2.2960000e+03   5.3871487e-01  -1.1594580e-02
   2.3040000e+03   5.6773330e-01   7.5861261e-03
   2.3120000e+03   5.7400702e-01   5.3584771e-03
   2.3200000e+03   5.6446447e-01   1.2667000e-02
   2.3280000e+03   5.7666152e-01  -1.0481658e-02
   2.3360000e+03   5.6939650e-01  -1.8380878e-03
   2.3440000e+03   5.7209933e-01   8.0916242e-03
   2.3520000e+03   5.7664722e-01  -2.0738623e-02
   2.3600000e+03   5.5922608e-01   2.0825978e-03
   2.3680000e+03   5.8721763e-01  -1.3385772e-02
   2.3760000e+03   5.6137105e-01  -3.4552261e-03
   2.3840000e+03   5.5146988e-01  -8.3584619e-03
   2.3920000e+03   5.6865606e-01  -1.7527890e-02
   2.4000000e+03   5.5518220e-01   2.0246726e-02
   2.4080000e+03   5.6211568e-01  -3.4837691e-03
   2.4160000e+03   5.6867421e-01  -1.0126533e-02
   2.4240000e+03   5.9011916e-01  -5.1927144e-03
   2.4320000e+03   5.7154258e-01  -3.7542437e-03
   2.4400000e+03   5.7688600e-01  -1.1290023e-02
   2.4480000e+03   5.5902839e-01  -8.0131871e-03
   2.4560000e+03   5.7164168e-01  -2.9953234e-03
   2.4640000e+03   5.5339777e-01   1.0638539e-02
   2.4720000e+03   5.3504443e-01  -2.0973222e-04
   2.4800000e+03   5.7772257e-01   1.7915336e-03
   2.4880000e+03   5.5907503e-01  -9.5887650e-03
   2.4960000e+03   5.8622993e-01  -8.6126782e-03
   2.5040000e+03   5.7478758e-01   1.8937478e-02
   2.5120000e+03   5.6433547e-01   7.2280901e-03
   2.5200000e+03   5.6333463e-01  -4.2050951e-03
   2.5280000e+03   5.4715014e-01   2.0378558e-02
   2.5360000e+03   5.7127268e-01  -6.8469633e-03
   2.5440000e+03   5.5197542e-01   9.9865641e-03
   2.5520000e+03   5.7121397e-01  -1.5368872e-02
   2.5600000e+03   5.5059422e-01  -1.6635912e-02
   2.5680000e+03   5.5024750e-01  -2.0614385e-02
   2.5760000e+03   5.4837768e-01  -5.0462610e-03
   2.5840000e+03   5.3455921e-01  -3.1447393e-03
   2.5920000e+03   5.6659870e-01   8.6277220e-03
   2.6000000e+03   5.5697546e-01   5.3487616e-03
   2.6080000e+03   5.6265357e-01   1.9949005e-02
   2.6160000e+03   5.6589152e-01   2.5449598e-02
   2.6240000e+03   5.6265867e-01  -7.1116503e-03
   2.6320000e+03   5.6772635e-01  -1.0194981e-02
   2.6400000e+03   5.5433532e-01  -2.3477254e-02
   2.6480000e+03   5.1977121e-01  -1.0420960e-02
   2.6560000e+03   5.6829242e-01   1.6906334e-02
   2.6640000e+03   5.4222240e-01   1.6540769e-03
   2.6720000e+03   5.6171777e-01   9.2076509e-04
   2.6800000e+03   5.4159436e-01   1.3066704e-02
   2.6880000e+03   5.5764979e-01   1.5461293e-02
   2.6960000e+03   5.6403821e-01  -1.2609791e-02
   2.7040000e+03   5.4420499e-01   7.9328821e-03
   2.7120000e+03   5.3364480e-01  -8.3955955e-03
   2.7200000e+03   5.4375675e-01   1.2084672e-02
   2.7280000e+03   5.4380714e-01   1.9607784e-02
   2.7360000e+03   5.5947735e-01   8.1670465e-03
   2.7440000e+03   5.3974085e-01   5.0058444e-03
   2.7520000e+03   5.5259199e-01  -8.7306333e-03
   2.7600000e+03   5.5237320e-01  -1.1149851e-02
   2.7680000e+03   5.7232387e-01  -1.3317535e-03
   2.7760000e+03   5.6486242e-01   2.1329381e-02
   2.7840000e+03   5.4550513e-01  -3.1879317e-03
   2.7920000e+03   5.6739385e-01  -3.5579805e-03
   2.8000000e+03   5.6386015e-01   4.7324654e-03
   2.8080000e+03   5.4022880e-01  -8.6808425e-04
   2.8160000e+03   5.5531167e-01  -2.3209619e-02
   2.8240000e+03   5.7268476e-01   8.6266669e-03
   2.8320000e+03   5.6048969e-01   4.7185672e-03
   2.8400000e+03   5.4462599e-01   5.9049624e-03
   2.8480000e+03   5.5120724e-01   1.6603734e-02
   2.8560000e+03   5.4981765e-01  -1.2401771e-02
   2.8640000e+03   5.4440850e-01   8.5423720e-03
   2.8720000e+03   5.5224949e-01  -1.8938945e-02
   2.8800000e+03   5.5291864e-01  -3.1891463e-03
   2.8880000e+03   5.5523858e-01  -6.4822675e-03
   2.8960000e+03   5.4024039e-01   1.6131592e-02
   2.9040000e+03   5.2143517e-01   3.9014282e-03
   2.9120000e+03   5.6026377e-01  -4.1842758e-03
   2.9200000e+03   5.4307611e-01  -1.8705404e-02
   2.9280000e+03   5.4176555e-01   2.0914603e-03
   2.9360000e+03   5.5629039e-01   9.8847606e-03
   2.9440000e+03   5.5726930e-01   1.1771763e-02
   2.9520000e+03   5.4151377e-01   9.8711393e-03
   2.9600000e+03   5.6376003e-01   1.3963004e-02
   2.9680000e+03   5.6214196e-01   1.3511641e-02
   2.9760000e+03   5.3662925e-01  -2.0814935e-02
   2.9840000e+03   5.4449539e-01   4.3130693e-03
   2.9920000e+03   5.4504155e-01  -4.2396719e-03
   3.0000000e+03   5.4310092e-01   5.5132450e-03
   3.0080000e+03   5.6383285e-01  -7.0681390e-03
   3.0160000e+03   5.4516020e-01  -7.3467948e-03
   3.0240000e+03   5.5321401e-01  -4.9020870e-03
   3.0320000e+03   5.4525440e-01   6.8190658e-03
   3.0400000e+03   5.3324561e-01   5.0076448e-03
   3.0480000e+03   5.4233212e-01   1.4211120e-03
   3.0560000e+03   5.6252559e-01  -1.2205151e-02
   3.0640000e+03   5.4255675e-01   2.0030732e-03
   3.0720000e+03   5.5298599e-01  -8.6416474e-03
   3.0800000e+03   5.4403318e-01  -4.6640636e-04
   3.0880000e+03   5.1683708e-01   1.4306688e-03
   3.0960000e+03   5.2382662e-01  -8.9988691e-03
   3.1040000e+03   5.4449900e-01  -3.1968798e-03
   3.1120000e+03   5.3605733e-01  -1.5501589e-02
   3.1200000e+03   5.4287872e-01  -1.6747069e-02
   3.1280000e+03   5.4996492e-01   9.3402981e-03
   3.1360000e+03   5.2165222e-01  -1.6696944e-02
   3.1440000e+03   5.3273526e-01  -1.9637549e-02
   3.1520000e+03   5.2039508e-01   2.8122642e-03
   3.1600000e+03   5.5240289e-01  -1.6768431e-02
   3.1680000e+03   5.5577163e-01  -1.6824485e-04
   3.1760000e+03   5.5433760e-01   4.8251783e-03
   3.1840000e+03   5.2944506e-01  -1.7317302e-02
   3.1920000e+03   5.4194546e-01  -5.0392811e-03
   3.2000000e+03   5.2380820e-01   6.5305062e-03
   3.2080000e+03   5.2947206e-01   4.0504432e-02
   3.2160000e+03   5.4991043e-01  -1.3537321e-02
   3.2240000e+03   5.2640030e-01  -2.4523073e-02
   3.2320000e+03   5.5724924e-01  -2.9911555e-03
   3.2400000e+03   5.4757442e-01   1.1038994e-02
   3.2480000e+03   5.4641130e-01   9.1808526e-03
   3.2560000e+03   5.3173918e-01  -8.0436332e-03
   3.2640000e+03   5.2494974e-01  -4.2053299e-03
   3.2720000e+03   5.4692147e-01  -3.2029520e-03
   3.2800000e+03   5.5559056e-01  -1.4647814e-03
   3.2880000e+03   5.2165826e-01  -1.6134174e-02
   3.2960000e+03   5.4324665e-01   8.3696504e-03
   3.3040000e+03   5.3130349e-01   1.1408303e-02
   3.3120000e+03   5.3094674e-01  -1.0422384e-02
   3.3200000e+03   5.3589175e-01   1.8066806e-02
   3.3280000e+03   5.1417577e-01   2.6089484e-02
   3.3360000e+03   5.3474497e-01   1.9230906e-02
   3.3440000e+03   5.2756043e-01   1.5870696e-02
   3.3520000e+03   5.4334496e-01  -3.2138631e-03
   3.3600000e+03   5.3367234e-01  -1.4049549e-02
   3.3680000e+03   5.4486171e-01  -1.0570352e-02
   3.3760000e+03   5.2074309e-01   4.6196767e-03
   3.3840000e+03   5.4574773e-01  -9.2345928e-03
   3.3920000e+03   5.3825875e-01   2.1616938e-02
   3.4000000e+03   5.2830117e-01   4.8814321e-03
   3.4080000e+03   5.0050757e-01  -1.0025600e-02
   3.4160000e+03   5.3391690e-01   4.9437948e-03
   3.4240000e+03   5.3408484e-01  -1.5967322e-02
   3.4320000e+03   5.1961855e-01   9.9979826e-03
   3.4400000e+03   5.2127199e-01   6.7930057e-03
   3.4480000e+03   5.2553797e-01   4.8547856e-03
   3.4560000e+03   5.3166920e-01   1.0266388e-02
   3.4640000e+03   5.3525034e-01   1.7289756e-03
   3.4720000e+03   5.1808596e-01   1.8264906e-02
   3.4800000e+03   5.3343442e-01   3.6238573e-04
   3.4880000e+03   5.2819533e-01  -1.1241342e-02
   3.4960000e+03   5.3148187e-01   7.9362870e-03
   3.5040000e+03   5.2893409e-01   3.4959517e-03
   3.5120000e+03   5.2673243e-01   2.0186656e-02
   3.5200000e+03   5.2812612e-01   1.4388576e-02
   3.5280000e+03   5.1264636e-01   4.3431880e-03
   3.5360000e+03   5.4110553e-01  -1.7434978e-03
   3.5440000e+03   5.2947184e-01  -7.0011339e-03
   3.5520000e+03   5.1850994e-01   3.9045944e-03
   3.5600000e+03   5.5531181e-01   5.1513147e-03
   3.5680000e+03   5.3171430e-01   1.6808892e-02
   3.5760000e+03   5.2906731e-01  -1.4799530e-02
   3.5840000e+03   5.4227799e-01  -2.8602875e-02
   3.5920000e+03   5.1464302e-01  -1.2901211e-02
   3.6000000e+03   5.3141784e-01  -4.8955312e-04
   3.6080000e+03   5.1768672e-01  -1.2395177e-02
   3.6160000e+03   5.1751518e-01  -3.1518437e-02
   3.6240000e+03   5.1860225e-01  -4.0507748e-03
   3.6320000e+03   5.1859051e-01  -2.3576772e-02
   3.6400000e+03   5.2797080e-01  -1.7549158e-02
   3.6480000e+03   5.1645766e-01  -1.3859362e-02
   3.6560000e+03   5.1568522e-01   2.1038820e-03
   3.6640000e+03   5.3326355e-01   7.6663901e-03
   3.6720000e+03   5.5320276e-01  -1.3601784e-02
   3.6800000e+03   4.8415356e-01  -9.9343672e-03
   3.6880000e+03   5.1966992e-01   3.8082980e-03
   3.6960000e+03   5.1478573e-01   1.1781129e-02
   3.7040000e+03   5.1719414e-01  -6.7279364e-03
   3.7120000e+03   5.4093334e-01   2.4314800e-03
   3.7200000e+03   5.2488461e-01   3.5015168e-03
   3.7280000e+03   5.4725107e-01  -1.0788869e-02
   3.7360000e+03   5.2184544e-01   8.5230479e-03
   3.7440000e+03   5.1906327e-01  -1.0559488e-02
   3.7520000e+03   5.1375827e-01  -3.0160922e-04
   3.7600000e+03   5.2344089e-01  -7.4272669e-03
   3.7680000e+03   5.2500113e-01  -2.5881825e-03
   3.7760000e+03   5.3039482e-01  -2.9691234e-03
   3.7840000e+03   5.2667861e-01   4.2982506e-03
   3.7920000e+03   5.1167836e-01  -1.1587357e-02
   3.8000000e+03   5.2259709e-01   2.9139780e-02
   3.8080000e+03   5.0069459e-01   6.4622439e-03
   3.8160000e+03   5.4701461e-01   1.3749571e-02
   3.8240000e+03   5.3529670e-01   8.1717923e-03
   3.8320000e+03   5.0984987e-01   9.1596522e-03
   3.8400000e+03   5.3067573e-01   2.5868986e-02
   3.8480000e+03   5.2102726e-01  -2.1852315e-03
   3.8560000e+03   5.3556198e-01  -3.8175079e-03
   3.8640000e+03   5.2022545e-01  -3.4131963e-03
   3.8720000e+03   5.2843275e-01   5.7531451e-03
   3.8800000e+03   5.3004669e-01  -2.4983478e-02
   3.8880000e+03   5.1435268e-01   6.7400429e-04
   3.8960000e+03   5.2199968e-01   1.5684592e-02
   3.9040000e+03   5.0442810e-01  -1.5549977e-02
   3.9120000e+03   5.1518617e-01  -8.0973996e-03
   3.9200000e+03   5.1678136e-01   6.9994784e-03
   3.9280000e+03   5.3588525e-01  -6.1856078e-03
   3.9360000e+03   5.1599982e-01  -2.2283882e-03
   3.9440000e+03   5.1187923e-01  -1.6363992e-02
   3.9520000e+03   4.9762552e-01  -3.3162191e-03
   3.9600000e+03   5.1347387e-01  -1.0669642e-02
   3.9680000e+03   5.2473898e-01  -3.7266648e-03
   3.9760000e+03   5.2696140e-01  -1.8026674e-02
   3.9840000e+03   5.0690546e-01  -9.5316435e-03
   3.9920000e+03   5.1831113e-01  -1.1917420e-02
   4.0000000e+03   4.9958504e-01   7.2491780e-03
   4.0080000e+03   5.3053323e-01  -1.1404997e-02
   4.0160000e+03   5.2490618e-01   2.1073013e-02
   4.0240000e+03   5.0922060e-01   2.2573168e-02
   4.0320000e+03   5.1402043e-01   2.5766937e-02
   4.0400000e+03   5.1638359e-01   1.7715869e-04
   4.0480000e+03   5.1666080e-01   5.6319719e-03
   4.0560000e+03   5.1025671e-01   1.2368179e-02
   4.0640000e+03   4.9270517e-01   1.2352611e-02
   4.0720000e+03   4.9484713e-01  -9.3663058e-03
   4.0800000e+03   5.3073030e-01   1.0149986e-02
   4.0880000e+03   5.2432688e-01  -2.2525735e-04
   4.0960000e+03   5.1825154e-01  -1.1010094e-02
   4.1040000e+03   5.0375408e-01   1.2784178e-02
   4.1120000e+03   5.1210548e-01  -7.1244377e-03
   4.1200000e+03   5.2170571e-01  -2.4272905e-03
   4.1280000e+03   4.9531574e-01   4.5315190e-03
   4.1360000e+03   5.1242670e-01  -2.5462003e-03
   4.1440000e+03   5.1792292e-01  -1.2328589e-02
   4.1520000e+03   5.1958259e-01   1.8234947e-02
   4.1600000e+03   5.1305373e-01   8.7822628e-03
   4.1680000e+03   5.2944736e-01   9.4896935e-03
   4.1760000e+03   5.1341700e-01   7.9521595e-03
   4.1840000e+03   5.1655252e-01  -1.0759540e-02
   4.1920000e+03   5.2858968e-01  -7.3370034e-03
   4.2000000e+03   5.2156704e-01  -2.5719924e-03
   4.2080000e+03   4.9770241e-01   1.2602927e-02
   4.2160000e+03   5.0067969e-01   7.0694524e-03
   4.2240000e+03   5.1699337e-01  -1.0074980e-02
   4.2320000e+03   5.1308467e-01  -1.4910277e-02
   4.2400000e+03   5.1193455e-01  -4.9643327e-03
   4.2480000e+03   5.2602299e-01  -3.6798014e-03
   4.2560000e+03   5.1201332e-01  -2.2287008e-03
   4.2640000e+03   4.9406767e-01  -2.9880897e-03
   4.2720000e+03   5.2583527e-01  -1.3691843e-02
   4.2800000e+03   5.3922112e-01   2.6800561e-03
   4.2880000e+03   5.3161221e-01  -9.2622406e-03
   4.2960000e+03   5.1354907e-01  -3.0413714e-03
   4.3040000e+03   5.1470254e-01   1.8729387e-03
   4.3120000e+03   4.9691735e-01  -2.3497486e-02
   4.3200000e+03   5.2398913e-01   3.2806333e-03
   4.3280000e+03   5.2512341e-01   1.3584839e-02
   4.3360000e+03   5.2101958e-01   2.1973115e-03
   4.3440000e+03   5.0021518e-01   4.6194971e-04
   4.3520000e+03   5.0349269e-01  -1.0225972e-02
   4.3600000e+03   5.0946489e-01   9.8792342e-03
   4.3680000e+03   5.1370173e-01   9.2705918e-03
   4.3760000e+03   5.3226099e-01  -1.5609303e-02
   4.3840000e+03   5.1823840e-01  -2.5878217e-04
   4.3920000e+03   5.0373654e-01   4.1761350e-03
   4.4000000e+03   5.0936621e-01  -2.1149556e-02
   4.4080000e+03   5.0626087e-01   1.2442168e-02
   4.4160000e+03   5.1282247e-01   1.5920868e-03
   4.4240000e+03   5.0561883e-01  -1.6321608e-02
   4.4320000e+03   4.9864998e-01   2.6497096e-02
   4.4400000e+03   4.9925328e-01   8.7344915e-03
   4.4480000e+03   4.9206236e-01  -2.5758112e-02
   4.4560000e+03   4.9547115e-01   3.1517078e-03
   4.4640000e+03   5.0941041e-01  -1.2284021e-02
   4.4720000e+03   5.0566243e-01   1.1149608e-02
   4.4800000e+03   4.9174236e-01   9.3720400e-03
   4.4880000e+03   5.2490491e-01  -5.7900002e-04
   4.4960000e+03   5.2943991e-01  -1.5837062e-02
   4.5040000e+03   5.2090631e-01  -1.7787108e-02
   4.5120000e+03   5.1609495e-01   3.8885468e-03
   4.5200000e+03   5.1748887e-01  -5.8615182e-03
   4.5280000e+03   5.1533154e-01  -7.9320325e-04
   4.5360000e+03   5.2091751e-01   3.1206444e-02
   4.5440000e+03   5.0666404e-01  -6.7784673e-03
   4.5520000e+03   5.3338296e-01  -1.2989055e-02
   4.5600000e+03   5.1221422e-01   9.7583138e-03
   4.5680000e+03   5.0496184e-01  -2.0146042e-02
   4.5760000e+03   5.0586428e-01  -1.9497308e-02
   4.5840000e+03   5.1254411e-01   8.2248273e-03
   4.5920000e+03   5.0905003e-01   1.9304453e-02
   4.6000000e+03   4.9276153e-01   1.6068575e-02
   4.6080000e+03   5.2123027e-01   4.6024343e-03
   4.6160000e+03   5.0774491e-01   2.1374422e-02
   4.6240000e+03   5.2085955e-01  -5.6906579e-03
   4.6320000e+03   5.1085354e-01  -2.4394071e-03
   4.6400000e+03   5.2280406e-01   2.5894061e-03
   4.6480000e+03   5.0254044e-01   2.1321329e-03
   4.6560000e+03   5.0939010e-01   8.7334263e-03
   4.6640000e+03   5.0006796e-01   1.6794803e-03
   4.6720000e+03   5.0552526e-01  -1.4389407e-02
   4.6800000e+03   5.0533530e-01   6.5474295e-04
   4.6880000e+03   5.1129868e-01   2.8135838e-02
   4.6960000e+03   5.1037178e-01   8.0581978e-03
   4.7040000e+03   4.8974032e-01   2.3199367e-02
   4.7120000e+03   5.0607671e-01   2.9663532e-03
   4.7200000e+03   5.0210968e-01  -3.2509670e-03
   4.7280000e+03   5.0796583e-01  -8.6259381e-03
   4.7360000e+03   4.8437800e-01   1.1469286e-02
   4.7440000e+03   4.9185716e-01   3.8899679e-03
   4.7520000e+03   5.0973086e-01  -1.9257061e-02
   4.7600000e+03   4.9604637e-01   7.5042442e-03
   4.7680000e+03   5.0016802e-01   8.1513203e-03
   4.7760000e+03   5.2868608e-01   2.8507327e-03
   4.7840000e+03   5.2905944e-01   9.4849773e-03
   4.7920000e+03   4.7821491e-01   9.4337167e-03
   4.8000000e+03   4.8343341e-01   1.0979763e-02
   4.8080000e+03   4.8563399e-01   4.9789108e-03
   4.8160000e+03   4.9474879e-01  -1.9015852e-02
   4.8240000e+03   5.0459568e-01   1.0870382e-03
   4.8320000e+03   4.9994665e-01   1.0468869e-03
   4.8400000e+03   5.0668222e-01  -9.7670153e-03
   4.8480000e+03   5.0772674e-01  -2.4978524e-03
   4.8560000e+03   5.1929170e-01   4.1511827e-03
   4.8640000e+03   4.8874562e-01   3.0106134e-02
   4.8720000e+03   5.0646843e-01   7.0238821e-03
   4.8800000e+03   4.8025579e-01  -2.3356204e-03
   4.8880000e+03   4.8845819e-01   1.0564466e-02
   4.8960000e+03   5.1123085e-01   3.7983378e-03
   4.9040000e+03   5.0437274e-01   6.8499470e-03
   4.9120000e+03   4.9872410e-01  -2.8569193e-04
   4.9200000e+03   5.0530283e-01  -5.3665455e-03
   4.9280000e+03   5.0181245e-01   7.8259575e-03
   4.9360000e+03   4.9538846e-01  -8.7804376e-03
   4.9440000e+03   4.8206701e-01  -1.3480397e-02
   4.9520000e+03   4.9870799e-01  -1.4835480e-02
   4.9600000e+03   4.9685868e-01   1.1377722e-02
   4.9680000e+03   4.7758437e-01   1.6665683e-02
   4.9760000e+03   4.9292926e-01  -5.0238066e-03
   4.9840000e+03   5.1146303e-01   2.4424884e-02
   4.9920000e+03   5.0813718e-01  -8.0679954e-03
   5.0000000e+03   4.8801546e-01   7.2627344e-03
   5.0080000e+03   5.0045251e-01   2.2126699e-02
   5.0160000e+03   5.2583211e-01   1.0814342e-04
   5.0240000e+03   4.7635650e-01   2.6529933e-02
   5.0320000e+03   5.1389864e-01   1.4522683e-02
   5.0400000e+03   5.0977901e-01   1.4559938e-02
   5.0480000e+03   5.0034475e-01  -1.1694536e-02
   5.0560000e+03   5.0841257e-01  -4.7125271e-04
   5.0640000e+03   4.9787924e-01   8.5773863e-03
   5.0720000e+03   4.8353756e-01   3.1384837e-02
   5.0800000e+03   5.2186372e-01   8.1647572e-03
   5.0880000e+03   5.1300032e-01   4.9598596e-03
   5.0960000e+03   5.0094629e-01   1.0375963e-02
   5.1040000e+03   4.8735035e-01   1.0927805e-02
   5.1120000e+03   4.9708590e-01  -2.1634218e-03
   5.1200000e+03   4.8997659e-01  -4.8597966e-04
   5.1280000e+03   5.0071538e-01   5.7415157e-03
   5.1360000e+03   4.9698173e-01   4.1233991e-03
   5.1440000e+03   4.8315813e-01  -7.1966038e-04
   5.1520000e+03   5.2633801e-01  -5.3561093e-03
   5.1600000e+03   4.9796670e-01  -7.7101248e-03
   5.1680000e+03   5.0647712e-01   5.8987306e-04
   5.1760000e+03   4.8086467e-01  -3.1395749e-02
   5.1840000e+03   4.9024272e-01  -1.1309070e-02
   5.1920000e+03   4.9512654e-01  -2.0452797e-03
   5.2000000e+03   4.9497688e-01   4.5503379e-05
   5.2080000e+03   4.9710003e-01  -1.7246331e-02
   5.2160000e+03   4.9598984e-01   3.8613080e-03
   5.2240000e+03   4.9892499e-01   3.6386511e-03
   5.2320000e+03   4.8879259e-01   1.6248343e-02
   5.2400000e+03   4.9540826e-01   2.9266486e-03
   5.2480000e+03   4.9503892e-01   3.2425883e-02
   5.2560000e+03   4.9930335e-01  -8.5120616e-03
   5.2640000e+03   5.1236862e-01   4.7058077e-03
   5.2720000e+03   4.9455462e-01   2.5397199e-03
   5.2800000e+03   5.0760766e-01  -5.2559580e-03
   5.2880000e+03   4.9060006e-01   1.7592041e-02
   5.2960000e+03   4.9510364e-01  -7.3227290e-04
   5.3040000e+03   5.0224376e-01   1.2647627e-04
   5.3120000e+03   4.8712544e-01   1.8346416e-02
   5.3200000e+03   5.0455272e-01  -5.0766060e-03
   5.3280000e+03   4.7910661e-01   2.1362672e-02
   5.3360000e+03   4.9944762e-01   2.0860695e-03
   5.3440000e+03   5.0685088e-01   2.3759759e-02
   5.3520000e+03   5.1021486e-01  -1.8526428e-02
   5.3600000e+03   4.9404832e-01   2.4447981e-02
   5.3680000e+03   5.0641458e-01  -4.4108383e-04
   5.3760000e+03   4.9126480e-01   5.2889996e-03
   5.3840000e+03   4.8961435e-01  -6.9086214e-03
   5.3920000e+03   5.1242726e-01  -8.2281487e-04
   5.4000000e+03   4.9917937e-01  -2.6545898e-03
   5.4080000e+03   5.0145972e-01   5.9224647e-04
   5.4160000e+03   5.0774293e-01  -1.5618757e-02
   5.4240000e+03   5.0470703e-01   1.0268358e-02
   5.4320000e+03   4.9689016e-01   2.3183996e-03
   5.4400000e+03   5.0876995e-01   7.8465962e-03
   5.4480000e+03   4.6950128e-01   5.3646214e-03
   5.4560000e+03   5.0151562e-01  -4.1913283e-03
   5.4640000e+03   4.9761630e-01   1.8822176e-02
   5.4720000e+03   4.9242898e-01  -2.1367854e-02
   5.4800000e+03   4.8530835e-01  -2.0309883e-02
   5.4880000e+03   4.9715587e-01  -3.4766751e-03
   5.4960000e+03   4.9642459e-01   1.3604068e-02
   5.5040000e+03   4.9452360e-01   1.5601831e-02
   5.5120000e+03   4.9404489e-01   5.5596875e-03
   5.5200000e+03   4.6933204e-01   2.4298498e-02
   5.5280000e+03   5.1019363e-01   1.1694185e-02
   5.5360000e+03   4.8436241e-01  -3.3668270e-03
   5.5440000e+03   4.9037632e-01   3.0351243e-03
   5.5520000e+03   5.0178823e-01  -5.0537938e-03
   5.5600000e+03   4.8500012e-01   1.4235386e-02
   5.5680000e+03   4.7210485e-01   2.9208847e-03
   5.5760000e+03   5.0981770e-01   5.6435282e-03
   5.5840000e+03   4.8874966e-01   1.6047288e-02
   5.5920000e+03   5.0280427e-01  -7.5383204e-03
   5.6000000e+03   5.1879258e-01  -6.6307129e-03
   5.6080000e+03   4.7503469e-01   1.7707309e-02
   5.6160000e+03   4.6753867e-01   8.7534495e-03
   5.6240000e+03   5.0738198e-01   1.0760680e-02
   5.6320000e+03   4.8779354e-01  -2.4971240e-02
   5.6400000e+03   4.7524641e-01  -3.6960353e-03
   5.6480000e+03   4.7062949e-01   5.1870189e-03
   5.6560000e+03   4.8494382e-01   6.1332693e-03
   5.6640000e+03   4.7940175e-01  -3.6945200e-03
   5.6720000e+03   4.6983357e-01   6.5453795e-03
   5.6800000e+03   5.0509425e-01  -1.1972408e-02
   5.6880000e+03   4.8198349e-01   2.4067811e-02
   5.6960000e+03   4.8689458e-01   2.2663740e-02
   5.7040000e+03   4.8549200e-01  -8.1250437e-03
   5.7120000e+03   4.6895512e-01  -1.0651873e-02
   5.7200000e+03   4.7774459e-01   6.2007420e-03
   5.7280000e+03   4.8290486e-01  -4.8614212e-03
   5.7360000e+03   4.8045219e-01   7.2852864e-05
   5.7440000e+03   5.0716679e-01   1.5190038e-03
   5.7520000e+03   4.9522298e-01   8.4427558e-03
   5.7600000e+03   4.8315002e-01   6.9375667e-03
   5.7680000e+03   4.9272591e-01   2.6538323e-03
   5.7760000e+03   4.8461526e-01  -6.2682730e-03
   5.7840000e+03   4.9428795e-01  -1.0168573e-03
   5.7920000e+03   4.9348462e-01  -2.0568698e-02
   5.8000000e+03   4.8969228e-01  -4.0457688e-03
   5.8080000e+03   4.9495881e-01  -2.2218441e-02
   5.8160000e+03   4.9537181e-01   1.4455919e-02
   5.8240000e+03   4.8536172e-01  -8.8470081e-03
   5.8320000e+03   4.8652515e-01   1.6208220e-02
   5.8400000e+03   4.8248138e-01  -1.4832520e-02
   5.8480000e+03   4.9764247e-01   1.5700617e-02
   5.8560000e+03   4.7325847e-01  -1.0894488e-03
   5.8640000e+03   4.6889020e-01  -1.1631519e-02
   5.8720000e+03   4.4846779e-01   5.6274798e-03
   5.8800000e+03   4.8574637e-01   4.9338266e-03
   5.8880000e+03   5.0015400e-01  -6.9056741e-04
   5.8960000e+03   4.7895283e-01  -7.5294830e-03
   5.9040000e+03   4.8516695e-01   3.7961376e-03
   5.9120000e+03   4.7889819e-01   2.2521100e-02
   5.9200000e+03   4.5674969e-01  -2.1380398e-02
   5.9280000e+03   4.8956691e-01   2.4695225e-03
   5.9360000e+03   4.7865577e-01  -1.7160853e-02
   5.9440000e+03   5.0140317e-01   1.5749592e-02
   5.9520000e+03   4.9438001e-01  -3.3928812e-03
   5.9600000e+03   4.8849787e-01   5.6977376e-03
   5.9680000e+03   4.9626495e-01   2.0108788e-02
   5.9760000e+03   4.9618813e-01   9.6061649e-03
   5.9840000e+03   4.7303224e-01  -1.5168745e-02
   5.9920000e+03   4.7380179e-01  -6.6993364e-03
   6.0000000e+03   4.9522509e-01   3.6699033e-03
   6.0080000e+03   4.7453079e-01  -6.6196295e-03
   6.0160000e+03   4.8186048e-01  -3.0237615e-02
   6.0240000e+03   4.7594142e-01  -1.3919606e-02
   6.0320000e+03   4.7338852e-01   2.7900164e-03
   6.0400000e+03   4.8639483e-01   1.0216347e-02
   6.0480000e+03   4.9023573e-01   1.4988079e-02
   6.0560000e+03   4.7180855e-01  -1.1164432e-02
   6.0640000e+03   4.8489690e-01  -2.8820680e-03
   6.0720000e+03   4.8345166e-01   1.6058187e-02
   6.0800000e+03   4.9795491e-01  -7.7542066e-03
   6.0880000e+03   4.8911130e-01   4.9782443e-04
   6.0960000e+03   4.7644547e-01   6.4881507e-03
   6.1040000e+03   4.8406004e-01  -3.9785418e-03
   6.1120000e+03   4.7642051e-01   2.5343820e-03
   6.1200000e+03   4.8128078e-01   5.3198333e-03
   6.1280000e+03   4.9245204e-01   1.0954928e-02
   6.1360000e+03   4.9235115e-01   2.1990198e-02
   6.1440000e+03   4.7776270e-01  -9.2508084e-03
   6.1520000e+03   4.8068408e-01  -6.9533729e-03
   6.1600000e+03   4.8026181e-01   1.7074231e-02
   6.1680000e+03   4.6267778e-01   1.0449939e-02
   6.1760000e+03   4.6367341e-01   9.8928704e-03
   6.1840000e+03   4.5230643e-01  -9.5049934e-03
   6.1920000e+03   4.9491582e-01   7.7554462e-03
   6.2000000e+03   4.7487367e-01   1.2053887e-02
   6.2080000e+03   4.9929158e-01   5.7581277e-04
   6.2160000e+03   4.8648908e-01   1.1072244e-02
   6.2240000e+03   4.7931127e-01  -4.3255244e-03
   6.2320000e+03   4.6853722e-01  -4.6149281e-04
   6.2400000e+03   4.5803486e-01  -3.7557912e-03
   6.2480000e+03   4.8730104e-01   1.2582747e-03
   6.2560000e+03   4.6746186e-01   1.0188844e-02
   6.2640000e+03   4.9303541e-01  -1.4360673e-02
   6.2720000e+03   4.6693489e-01  -1.8581463e-02
   6.2800000e+03   4.8264392e-01  -2.1373389e-02
   6.2880000e+03   4.7294880e-01  -1.1008034e-02
   6.2960000e+03   4.7150056e-01  -8.6345939e-03
   6.3040000e+03   4.9321323e-01  -2.7171138e-03
   6.3120000e+03   4.8458653e-01   7.8208688e-05
   6.3200000e+03   4.9072826e-01  -6.0237163e-03
   6.3280000e+03   4.6997307e-01  -3.1876155e-03
   6.3360000e+03   4.6550133e-01  -1.0432699e-02
   6.3440000e+03   4.7337268e-01   2.4086704e-05
   6.3520000e+03   4.5979184e-01   7.1149935e-03
   6.3600000e+03   4.5674875e-01  -1.3117175e-02
   6.3680000e+03   4.9327135e-01   4.6025901e-03
   6.3760000e+03   4.6678747e-01   5.2694945e-03
   6.3840000e+03   4.7432240e-01  -7.7708068e-03
   6.3920000e+03   4.8163982e-01  -1.7868039e-02
   6.4000000e+03   4.6307054e-01   2.8321182e-02
   6.4080000e+03   4.6580876e-01   1.1339474e-02
   6.4160000e+03   4.8435360e-01   8.0734259e-03
   6.4240000e+03   4.7345008e-01   1.1201466e-03
   6.4320000e+03   4.6446990e-01  -4.7405813e-05
   6.4400000e+03   4.8058128e-01   1.2389640e-03
   6.4480000e+03   4.5693559e-01   1.7284616e-03
   6.4560000e+03   4.6219111e-01   5.6305050e-03
   6.4640000e+03   4.6144033e-01   2.5511972e-03
   6.4720000e+03   4.5489561e-01   9.9273959e-03
   6.4800000e+03   4.6854582e-01  -4.2452027e-03
   6.4880000e+03   4.8178908e-01   6.2256179e-03
   6.4960000e+03   4.9269082e-01  -1.3811287e-03
   6.5040000e+03   4.7172190e-01  -2.1104601e-02
   6.5120000e+03   4.6679568e-01  -6.9222684e-04
   6.5200000e+03   4.7657132e-01   6.5545220e-03
   6.5280000e+03   4.8327861e-01   7.0626965e-03
   6.5360000e+03   4.7897555e-01  -6.7210029e-03
   6.5440000e+03   4.6264194e-01   4.3960768e-03
   6.5520000e+03   4.7757807e-01  -4.6844309e-03
   6.5600000e+03   4.6927554e-01  -1.7813085e-03
   6.5680000e+03   4.6237716e-01   2.8683128e-03
   6.5760000e+03   4.5877190e-01   4.8519194e-03
   6.5840000e+03   4.7785828e-01  -5.0212036e-03
   6.5920000e+03   4.8753188e-01   8.1645523e-03
   6.6000000e+03   4.8449913e-01  -2.6038540e-03
   6.6080000e+03   4.6842557e-01  -6.5798372e-03
   6.6160000e+03   4.5322875e-01  -1.4042771e-03
   6.6240000e+03   4.6232979e-01  -2.1621677e-04
   6.6320000e+03   4.7596013e-01   1.4207344e-02
   6.6400000e+03   4.7205720e-01  -1.0765824e-02
   6.6480000e+03   4.7424523e-01  -1.3860715e-02
   6.6560000e+03   4.5318725e-01  -5.8544689e-03
   6.6640000e+03   4.8425140e-01  -1.6436063e-02
   6.6720000e+03   4.6731280e-01  -1.3195102e-02
   6.6800000e+03   4.6644893e-01  -6.5304115e-03
   6.6880000e+03   4.5795195e-01   6.4422545e-03
   6.6960000e+03   4.6923166e-01   1.2475512e-03
   6.7040000e+03   4.8173789e-01   1.0725587e-03
   6.7120000e+03   4.7942259e-01   4.1777653e-03
   6.7200000e+03   4.7457311e-01   1.4125197e-02
   6.7280000e+03   4.7536232e-01  -1.0648962e-02
   6.7360000e+03   4.6392947e-01  -9.4291493e-03
   6.7440000e+03   4.6757098e-01   8.9269589e-03
   6.7520000e+03   4.7203420e-01  -1.8321906e-03
   6.7600000e+03   4.7205662e-01   8.8168250e-03
   6.7680000e+03   4.5341489e-01   3.8111958e-03
   6.7760000e+03   4.5080934e-01   9.8250314e-03
   6.7840000e+03   4.8325179e-01   2.0577854e-02
   6.7920000e+03   4.8244725e-01   5.2034471e-03
   6.8000000e+03   4.6132063e-01  -1.5115067e-02
   6.8080000e+03   4.7806684e-01   1.0351205e-02
   6.8160000e+03   4.5635331e-01  -1.6275960e-02
   6.8240000e+03   4.8250672e-01  -1.3471930e-02
   6.8320000e+03   4.6601605e-01  -7.0773440e-04
   6.8400000e+03   4.6589720e-01   1.0839482e-02
   6.8480000e+03   4.6890624e-01  -2.8630920e-04
   6.8560000e+03   4.6044299e-01   5.3675522e-03
   6.8640000e+03   4.4936584e-01  -3.1793757e-03
   6.8720000e+03   4.6630691e-01  -1.3119633e-02
   6.8800000e+03   4.6712023e-01  -4.5617977e-03
   6.8880000e+03   4.5673758e-01   5.0122605e-03
   6.8960000e+03   4.8147509e-01  -1.1209499e-02
   6.9040000e+03   4.5198661e-01   1.8591836e-02
   6.9120000e+03   4.8456220e-01   1.3140494e-02
   6.9200000e+03   4.6543132e-01  -1.4686677e-02
   6.9280000e+03   4.6767450e-01   1.4504465e-02
   6.9360000e+03   4.6424363e-01  -1.8900286e-02
   6.9440000e+03   4.7492252e-01   2.5740662e-03
   6.9520000e+03   4.5861814e-01   6.8249949e-03
   6.9600000e+03   4.7373342e-01   6.7670374e-03
   6.9680000e+03   4.6673617e-01   2.2053544e-02
   6.9760000e+03   4.5491705e-01  -1.0067258e-02
   6.9840000e+03   4.7784218e-01  -5.7344074e-03
   6.9920000e+03   4.7207823e-01   6.2784102e-03
   7.0000000e+03   4.4180409e-01  -2.4320077e-02
   7.0080000e+03   4.7251419e-01   1.1218178e-02
   7.0160000e+03   4.6521762e-01   1.2477981e-02
   7.0240000e+03   4.6154257e-01   1.7870918e-02
   7.0320000e+03   4.6801029e-01   2.4208328e-02
   7.0400000e+03   4.8223786e-01   9.1416794e-04
   7.0480000e+03   4.6020430e-01   9.7123758e-03
   7.0560000e+03   4.5295500e-01  -3.1364980e-03
   7.0640000e+03   4.3805943e-01  -2.0534425e-03
   7.0720000e+03   4.7015955e-01  -8.6500592e-03
   7.0800000e+03   4.4778734e-01   1.0511976e-02
   7.0880000e+03   4.5363159e-01  -1.6447908e-02
   7.0960000e+03   4.9189656e-01   5.2767542e-03
   7.1040000e+03   4.4568623e-01  -7.7584040e-03
   7.1120000e+03   4.6180669e-01  -7.4497143e-03
   7.1200000e+03   4.7316987e-01  -2.7369655e-03
   7.1280000e+03   4.7268910e-01   1.9938599e-02
   7.1360000e+03   4.8713545e-01  -1.2526739e-02
   7.1440000e+03   4.7396856e-01   6.3430762e-03
   7.1520000e+03   4.6326477e-01   8.8564926e-03
   7.1600000e+03   4.5520586e-01   1.6850288e-02
   7.1680000e+03   4.7086326e-01  -1.5658581e-03
   7.1760000e+03   4.4935727e-01  -4.9132951e-03
   7.1840000e+03   4.5929115e-01   8.2989296e-03
   7.1920000e+03   4.5999364e-01   5.9069813e-03
   7.2000000e+03   4.6098782e-01  -7.2967874e-03
   7.2080000e+03   4.5102355e-01   1.4654412e-02
   7.2160000e+03   4.6364075e-01  -2.1331947e-03
   7.2240000e+03   4.5725027e-01  -4.5946540e-03
   7.2320000e+03   4.6901531e-01  -1.3589813e-02
   7.2400000e+03   4.6913395e-01   7.8545500e-04
   7.2480000e+03   4.6672978e-01  -3.2388255e-03
   7.2560000e+03   4.6411828e-01  -3.7999733e-03
   7.2640000e+03   4.4247776e-01   2.4548307e-03
   7.2720000e+03   4.3922202e-01   1.0690398e-02
   7.2800000e+03   4.5355731e-01   1.1716891e-02
   7.2880000e+03   4.4940747e-01   1.2984341e-02
   7.2960000e+03   4.6612526e-01   1.4082352e-03
   7.3040000e+03   4.7325845e-01  -3.4918062e-04
   7.3120000e+03   4.3928959e-01   1.0278537e-02
   7.3200000e+03   4.2796043e-01   1.7958556e-03
   7.3280000e+03   4.5236854e-01   1.0769914e-02
   7.3360000e+03   4.7404682e-01  -2.3351232e-03
   7.3440000e+03   4.5711441e-01   3.9674125e-03
   7.3520000e+03   4.5597335e-01   1.0649535e-03
   7.3600000e+03   4.6415632e-01  -1.1808450e-02
   7.3680000e+03   4.7175845e-01  -8.9983881e-03
   7.3760000e+03   4.6955781e-01  -6.7648881e-03
   7.3840000e+03   4.6024468e-01   7.4797679e-03
   7.3920000e+03   4.6983204e-01  -3.7139108e-03
   7.4000000e+03   4.5862514e-01  -1.1461654e-02
   7.4080000e+03   4.4928923e-01   5.3448125e-03
   7.4160000e+03   4.5203619e-01  -1.0143378e-02
   7.4240000e+03   4.7191777e-01  -4.1708450e-03
   7.4320000e+03   4.5348919e-01   6.9143866e-03
   7.4400000e+03   4.5279546e-01   5.1312609e-03
   7.4480000e+03   4.5372631e-01   7.7991154e-03
   7.4560000e+03   4.3709821e-01   7.6908416e-03
   7.4640000e+03   4.6293291e-01   9.6246390e-03
   7.4720000e+03   4.5528555e-01   1.0992951e-02
   7.4800000e+03   4.5332861e-01   5.3373233e-03
   7.4880000e+03   4.7067009e-01   4.5662731e-03
   7.4960000e+03   4.7283658e-01   9.1037826e-03
   7.5040000e+03   4.6267778e-01  -9.0315964e-03
   7.5120000e+03   4.7446303e-01   1.5507196e-03
   7.5200000e+03   4.6764826e-01   3.0544393e-02
   7.5280000e+03   4.7302529e-01  -1.2803264e-02
   7.5360000e+03   4.6345511e-01   1.0081199e-02
   7.5440000e+03   4.3226706e-01  -4.1971957e-03
   7.5520000e+03   4.4377165e-01  -6.1927593e-03
   7.5600000e+03   4.7241573e-01   8.5988993e-03
   7.5680000e+03   4.3447583e-01  -5.5154064e-03
   7.5760000e+03   4.4599689e-01   5.3924393e-03
   7.5840000e+03   4.5102243e-01  -1.3900806e-03
   7.5920000e+03   4.6229174e-01  -1.7511980e-02
   7.6000000e+03   4.6821845e-01  -1.0082400e-02
   7.6080000e+03   4.5288653e-01   7.1292759e-03
   7.6160000e+03   4.4096176e-01  -5.6149339e-03
   7.6240000e+03   4.5332700e-01  -2.1769555e-03
   7.6320000e+03   4.5808597e-01  -1.6994777e-02
   7.6400000e+03   4.5962156e-01   4.2973460e-03
   7.6480000e+03   4.6975697e-01   6.3822176e-03
   7.6560000e+03   4.7611395e-01  -1.6624316e-02
   7.6640000e+03   4.5779497e-01   2.0869102e-02
   7.6720000e+03   4.4959354e-01  -1.0165084e-02
   7.6800000e+03   4.5687151e-01   8.1939933e-04
   7.6880000e+03   4.3635554e-01  -1.7016179e-02
   7.6960000e+03   4.5919204e-01   2.5790484e-02
   7.7040000e+03   4.4150423e-01  -1.6391742e-02
   7.7120000e+03   4.5261377e-01   7.9767264e-03
   7.7200000e+03   4.5431696e-01  -2.1012146e-02
   7.7280000e+03   4.6095503e-01   1.5707498e-04
   7.7360000e+03   4.5768933e-01  -2.6624295e-03
   7.7440000e+03   4.3732665e-01   1.0543943e-05
   7.7520000e+03   4.7483882e-01  -5.2605912e-03
   7.7600000e+03   4.4308896e-01  -3.4870609e-03
   7.7680000e+03   4.5236219e-01  -3.2466029e-03
   7.7760000e+03   4.5809803e-01   2.4879685e-02
   7.7840000e+03   4.6861432e-01   1.0231511e-02
   7.7920000e+03   4.4550841e-01   9.4911136e-03
   7.8000000e+03   4.3363600e-01  -1.7462108e-02
   7.8080000e+03   4.6525631e-01  -1.0412497e-02
   7.8160000e+03   4.4474530e-01   7.7464978e-04
   7.8240000e+03   4.4790627e-01  -7.8971971e-03
   7.8320000e+03   4.6657989e-01   3.5289347e-03
   7.8400000e+03   4.5452826e-01  -5.3429212e-03
   7.8480000e+03   4.5194950e-01  -3.6294715e-03
   7.8560000e+03   4.7617160e-01   2.4600971e-03
   7.8640000e+03   4.3941995e-01  -1.0794946e-02
   7.8720000e+03   4.6559996e-01   1.7724199e-03
   7.8800000e+03   4.6040954e-01   1.0180951e-02
   7.8880000e+03   4.4251929e-01  -7.8298240e-03
   7.8960000e+03   4.4403227e-01  -6.4933249e-03
   7.9040000e+03   4.5107175e-01  -2.2912177e-03
   7.9120000e+03   4.4079818e-01  -3.4750767e-03
   7.9200000e+03   4.5642195e-01   1.3942369e-03
   7.9280000e+03   4.6311949e-01  -5.0249560e-03
   7.9360000e+03   4.3075454e-01   1.0207749e-02
   7.9440000e+03   4.6330763e-01  -1.3084406e-02
   7.9520000e+03   4.5106000e-01  -9.1896746e-03
   7.9600000e+03   4.5977212e-01   5.1508371e-03
   7.9680000e+03   4.6059860e-01   7.9779269e-03
   7.9760000e+03   4.5395010e-01  -9.4985975e-03
   7.9840000e+03   4.5147186e-01   1.6892333e-02
   7.9920000e+03   4.4566967e-01  -1.5457382e-02
   8.0000000e+03   4.4880242e-01   3.3617215e-03
   8.0080000e+03   4.4227127e-01   3.1104846e-03
   8.0160000e+03   4.7091860e-01  -4.1562999e-03
   8.0240000e+03   4.4829597e-01   1.2237712e-02
   8.0320000e+03   4.5072320e-01   1.3396464e-02
   8.0400000e+03   4.2813735e-01  -1.1172294e-02
   8.0480000e+03   4.4341628e-01  -7.3395357e-03
   8.0560000e+03   4.2229364e-01  -4.1710431e-03
   8.0640000e+03   4.5642186e-01   1.3335559e-05
   8.0720000e+03   4.2610974e-01   8.4388958e-05
   8.0800000e+03   4.5810370e-01  -7.9300180e-03
   8.0880000e+03   4.5090420e-01  -1.2645376e-03
   8.0960000e+03   4.5580776e-01   1.5016255e-02
   8.1040000e+03   4.5221752e-01  -1.3552023e-02
   8.1120000e+03   4.0683091e-01  -9.6840119e-03
   8.1200000e+03   4.3996176e-01   3.4961064e-03
   8.1280000e+03   4.6156620e-01   2.7213691e-03
   8.1360000e+03   4.6245560e-01   1.2000541e-02
   8.1440000e+03   4.4966858e-01  -3.8827735e-03
   8.1520000e+03   4.3980482e-01  -2.5179986e-02
   8.1600000e+03   4.8405336e-01   5.5821243e-03
   8.1680000e+03   4.1890658e-01  -1.4917201e-03
   8.1760000e+03   4.4135759e-01  -1.0260439e-02
   8.1840000e+03   4.7021932e-01   2.4232992e-02
   8.1920000e+03   4.4712574e-01   3.3059740e-03
   8.2000000e+03   4.5220560e-01   1.4117621e-04
   8.2080000e+03   4.6483788e-01   5.8882220e-03
   8.2160000e+03   4.3782006e-01  -1.7772976e-03
   8.2240000e+03   4.4199682e-01   2.8989861e-03
   8.2320000e+03   4.5015655e-01  -5.6391306e-04
   8.2400000e+03   4.5461566e-01   1.1870527e-03
   8.2480000e+03   4.5005616e-01   8.5066113e-03
   8.2560000e+03   4.4729155e-01   1.4462071e-02
   8.2640000e+03   4.4666541e-01   1.1443338e-02
   8.2720000e+03   4.4647144e-01  -1.7927899e-03
   8.2800000e+03   4.5215829e-01  -1.0795551e-02
   8.2880000e+03   4.5555539e-01  -3.1173524e-03
   8.2960000e+03   4.3612845e-01   2.0941688e-02
