   0.0000000e+00   8.1710893e-01  -1.5475478e-02
   8.0000000e+00   9.1281718e-01  -7.6288819e-02
   1.6000000e+01   8.7955211e-01   3.9390278e-02
   2.4000000e+01   9.8579912e-01   4.6354181e-02
   3.2000000e+01   8.6809811e-01  -6.4660559e-02
   4.0000000e+01   9.5800601e-01   1.9142507e-02
   4.8000000e+01   8.4143060e-01  -1.1282802e-01
   5.6000000e+01   9.4379369e-01   1.5099352e-01
   6.4000000e+01   9.0591263e-01  -9.1614787e-02
   7.2000000e+01   8.2484734e-01   6.9655046e-03
   8.0000000e+01   1.0826426e+00  -5.1623640e-02
   8.8000000e+01   9.5595742e-01  -4.8957969e-02
   9.6000000e+01   8.8125708e-01  -3.5377846e-02
   1.0400000e+02   8.2538959e-01  -1.0206044e-01
   1.1200000e+02   9.2714611e-01  -8.3457534e-03
   1.2000000e+02   8.1260620e-01   6.7894441e-02
   1.2800000e+02   1.0092892e+00   1.2307650e-01
   1.3600000e+02   9.9937256e-01   4.0029533e-03
   1.4400000e+02   1.0242072e+00  -6.0641770e-02
   1.5200000e+02   9.4096274e-01  -7.2270844e-02
   1.6000000e+02   8.4136294e-01   1.1201172e-02
   1.6800000e+02   8.1638914e-01   8.6213071e-02
   1.7600000e+02   8.9158165e-01   3.7691890e-02
   1.8400000e+02   8.4251990e-01  -5.5144021e-03
   1.9200000e+02   8.0417296e-01  -5.3332273e-02
   2.0000000e+02   9.3010010e-01   2.6761071e-01
   2.0800000e+02   1.0336784e+00   7.1901308e-02
   2.1600000e+02   7.6654708e-01   1.4112994e-01
   2.2400000e+02   7.5902757e-01   1.4200402e-01
   2.3200000e+02   9.4799832e-01   1.5086447e-02
   2.4000000e+02   7.9206665e-01   6.7517950e-02
   2.4800000e+02   7.2612081e-01  -4.2689679e-02
   2.5600000e+02   7.6193810e-01  -6.3537667e-02
   2.6400000e+02   7.2996756e-01   1.7335468e-02
   2.7200000e+02   8.3401130e-01   1.3434997e-02
   2.8000000e+02   8.1021018e-01  -1.2948829e-02
   2.8800000e+02   8.0813963e-01   3.9900497e-02
   2.9600000e+02   7.7669922e-01  -1.4073289e-02
   3.0400000e+02   6.4722646e-01  -1.0243101e-02
   3.1200000e+02   7.7799476e-01   9.1579090e-03
   3.2000000e+02   8.2773327e-01  -1.1652947e-01
   3.2800000e+02   7.4887852e-01  -2.0288579e-02
   3.3600000e+02   8.6141124e-01   1.2330423e-01
   3.4400000e+02   7.4772845e-01   6.4558489e-02
   3.5200000e+02   6.7407270e-01  -4.4132674e-02
   3.6000000e+02   6.2280913e-01   2.4652933e-02
   3.6800000e+02   7.7163339e-01   3.5846100e-02
   3.7600000e+02   7.4942491e-01   3.6527315e-03
   3.8400000e+02   7.6501837e-01  -1.3222614e-03
   3.9200000e+02   8.7183366e-01   7.8328533e-02
   4.0000000e+02   9.1443105e-01  -7.9913056e-02
   4.0800000e+02   7.7413735e-01  -5.3914869e-02
   4.1600000e+02   7.5973096e-01   8.4275888e-02
   4.2400000e+02   8.0365039e-01   4.9693071e-02
   4.3200000e+02   6.9762377e-01   4.2034107e-02
   4.4000000e+02   7.9342154e-01  -9.0440269e-02
   4.4800000e+02   8.0496032e-01  -3.1426004e-02
   4.5600000e+02   6.1006106e-01  -7.1316849e-02
   4.6400000e+02   7.7300773e-01   4.7230193e-02
   4.7200000e+02   8.2927160e-01  -1.0838518e-01
   4.8000000e+02   6.9992802e-01  -5.6861057e-02
   4.8800000e+02   8.5665482e-01   1.9629750e-02
   4.9600000e+02   1.0211394e+00   3.4880431e-02
   5.0400000e+02   6.6074069e-01  -4.9224256e-02
   5.1200000e+02   6.6491032e-01   6.2122895e-03
   5.2000000e+02   7.7120672e-01   3.5145456e-02
   5.2800000e+02   7.4102980e-01  -4.1651297e-02
   5.3600000e+02   9.0604004e-01  -2.9691679e-02
   5.4400000e+02   8.2393946e-01  -1.2961969e-01
   5.5200000e+02   8.3555096e-01  -4.7047695e-02
   5.6000000e+02   8.7657184e-01   2.9438959e-02
   5.6800000e+02   6.4198406e-01   8.3104316e-02
   5.7600000e+02   7.3881615e-01   3.0323627e-02
   5.8400000e+02   7.1295547e-01   7.2934588e-02
   5.9200000e+02   7.5257293e-01   8.0758481e-03
   6.0000000e+02   7.3472173e-01   1.0375017e-01
   6.0800000e+02   6.9597385e-01   1.1125157e-01
   6.1600000e+02   8.2969920e-01   7.2985800e-02
   6.2400000e+02   7.0913567e-01  -2.3912959e-01
   6.3200000e+02   8.8963605e-01  -1.3785025e-01
   6.4000000e+02   6.1135773e-01   1.4268271e-01
   6.4800000e+02   8.1424479e-01  -8.1598584e-02
   6.5600000e+02   9.2642074e-01  -4.1081380e-02
   6.6400000e+02   7.7895569e-01  -1.8216295e-01
   6.7200000e+02   6.3557352e-01   9.1164294e-02
   6.8000000e+02   5.4909414e-01  -6.7274272e-02
   6.8800000e+02   7.4079190e-01   3.0391181e-02
   6.9600000e+02   6.9862958e-01  -9.3144511e-02
   7.0400000e+02   8.6103773e-01   1.7718233e-03
   7.1200000e+02   7.1437768e-01  -2.5563537e-02
   7.2000000e+02   6.9159109e-01  -9.6062556e-03
   7.2800000e+02   7.2762268e-01   2.6843117e-02
   7.3600000e+02   8.2305181e-01   3.7786876e-02
   7.4400000e+02   7.8337068e-01  -3.0814065e-02
   7.5200000e+02   8.4377748e-01  -8.5259792e-02
   7.6000000e+02   6.4444970e-01   5.8627238e-02
   7.6800000e+02   9.3672482e-01  -2.2224332e-02
   7.7600000e+02   6.5573224e-01  -5.0004452e-02
   7.8400000e+02   8.3174397e-01  -1.5015277e-02
   7.9200000e+02   6.6993111e-01  -3.5393701e-02
   8.0000000e+02   8.9497065e-01  -4.0374564e-02
   8.0800000e+02   6.7785797e-01   4.4015627e-02
   8.1600000e+02   7.2797765e-01   2.9007367e-02
   8.2400000e+02   6.5595023e-01  -5.8455305e-02
   8.3200000e+02   6.9300840e-01   9.5453994e-02
   8.4000000e+02   7.2429106e-01   3.5483947e-02
   8.4800000e+02   6.4984533e-01  -8.0422399e-03
   8.5600000e+02   7.8139585e-01   2.2731420e-02
   8.6400000e+02   6.3396592e-01   2.1479238e-01
   8.7200000e+02   7.9473046e-01  -9.3450012e-03
   8.8000000e+02   7.6846185e-01  -3.6309658e-02
   8.8800000e+02   7.9833634e-01   3.0037942e-03
   8.9600000e+02   8.1789473e-01  -9.0656967e-02
   9.0400000e+02   6.9664817e-01   2.6152881e-02
   9.1200000e+02   7.6934473e-01   1.4095049e-02
   9.2000000e+02   6.8245605e-01  -1.7396282e-01
   9.2800000e+02   7.8058890e-01   2.6649779e-02
   9.3600000e+02   6.3579626e-01   3.6115002e-02
   9.4400000e+02   6.3441956e-01  -1.1248881e-01
   9.5200000e+02   6.2183455e-01   8.1741567e-02
   9.6000000e+02   6.9883927e-01   9.0283195e-02
   9.6800000e+02   7.2013426e-01  -1.2153190e-01
   9.7600000e+02   6.4056541e-01   2.7832091e-02
   9.8400000e+02   6.6460212e-01  -1.5326599e-02
   9.9200000e+02   8.4557984e-01  -9.5949167e-02
   1.0000000e+03   6.3220309e-01  -1.1875417e-02
   1.0080000e+03   6.6778943e-01  -6.2991859e-02
   1.0160000e+03   5.1462090e-01   4.1972968e-02
   1.0240000e+03   5.3317361e-01  -3.5239739e-02
   1.0320000e+03   5.9973816e-01  -4.1406080e-02
   1.0400000e+03   6.0051973e-01   7.4102023e-02
   1.0480000e+03   6.4973900e-01  -8.3947813e-02
   1.0560000e+03   5.5587613e-01  -6.3919778e-03
   1.0640000e+03   6.9970606e-01  -2.8701370e-02
   1.0720000e+03   6.5481359e-01   3.4258690e-03
   1.0800000e+03   6.4986098e-01   1.7070141e-01
   1.0880000e+03   7.0408187e-01   3.1148633e-02
   1.0960000e+03   6.4534700e-01   1.9620475e-02
   1.1040000e+03   6.9863278e-01   1.0335211e-01
   1.1120000e+03   8.9037944e-01   9.1062594e-02
   1.1200000e+03   5.4772420e-01  -8.7755835e-04
   1.1280000e+03   6.4533567e-01   2.6055899e-03
   1.1360000e+03   5.7512876e-01  -7.2840390e-02
   1.1440000e+03   6.6139325e-01  -6.8546036e-02
   1.1520000e+03   6.1996049e-01  -3.1115747e-02
   1.1600000e+03   5.2134553e-01  -3.6594096e-02
   1.1680000e+03   6.6578712e-01  -1.8001341e-02
   1.1760000e+03   6.9061761e-01  -3.2682371e-02
   1.1840000e+03   6.7823657e-01  -1.1159934e-01
   1.1920000e+03   5.7707259e-01   9.2935894e-02
   1.2000000e+03   6.9396279e-01  -2.8800650e-02
   1.2080000e+03   6.5152312e-01  -8.9844434e-02
   1.2160000e+03   5.7832071e-01   1.4607903e-01
   1.2240000e+03   6.3748448e-01   6.0498132e-02
   1.2320000e+03   7.9760136e-01   1.3191445e-01
   1.2400000e+03   7.5245665e-01   3.2112357e-02
   1.2480000e+03   6.2264824e-01   1.0928544e-01
   1.2560000e+03   6.4714355e-01   9.6041620e-02
   1.2640000e+03   6.8482332e-01   1.1867326e-02
   1.2720000e+03   7.9514582e-01  -5.4373091e-02
   1.2800000e+03   5.5704713e-01   3.5174510e-02
   1.2880000e+03   7.6630679e-01  -1.0754553e-01
   1.2960000e+03   7.3543269e-01   9.0699494e-02
   1.3040000e+03   5.8177187e-01  -7.7081095e-03
   1.3120000e+03   6.4361388e-01  -8.5279836e-02
   1.3200000e+03   6.9056164e-01   7.0662298e-02
   1.3280000e+03   6.0837566e-01  -5.7373259e-02
   1.3360000e+03   5.6424567e-01   7.0005917e-04
   1.3440000e+03   7.9750085e-01  -1.6986238e-02
   1.3520000e+03   4.9228143e-01   8.9793036e-02
   1.3600000e+03   7.0967174e-01   4.6058435e-02
   1.3680000e+03   7.6711267e-01   3.6496921e-02
   1.3760000e+03   6.2581961e-01  -7.4147179e-03
   1.3840000e+03   6.1182089e-01   7.9513779e-02
   1.3920000e+03   6.6824524e-01   1.9304135e-01
   1.4000000e+03   6.4226524e-01  -2.2529790e-01
   1.4080000e+03   6.4132115e-01  -1.4539305e-02
   1.4160000e+03   5.1175127e-01  -1.0231153e-02
   1.4240000e+03   6.7394051e-01   3.7469754e-02
   1.4320000e+03   7.1447174e-01  -8.5550203e-02
   1.4400000e+03   6.0244105e-01   6.0105018e-02
   1.4480000e+03   7.1616377e-01  -4.6773465e-02
   1.4560000e+03   6.6910993e-01  -1.1826807e-01
   1.4640000e+03   6.3089508e-01   7.1517275e-02
   1.4720000e+03   5.8527400e-01   2.0485828e-02
   1.4800000e+03   6.4828464e-01   1.9908205e-02
   1.4880000e+03   5.5714833e-01  -3.5660727e-02
   1.4960000e+03   4.9323328e-01   4.1263841e-02
   1.5040000e+03   6.4306021e-01   3.2019071e-02
   1.5120000e+03   6.4193195e-01  -2.3308373e-02
   1.5200000e+03   5.8481925e-01   2.2098948e-02
   1.5280000e+03   5.9118213e-01   7.1314759e-02
   1.5360000e+03   6.0878762e-01  -8.9477215e-03
   1.5440000e+03   5.7552921e-01  -4.6932946e-02
   1.5520000e+03   4.9667491e-01  -1.5861301e-02
   1.5600000e+03   6.7211065e-01  -5.6402519e-02
   1.5680000e+03   5.8792901e-01   8.8297040e-02
   1.5760000e+03   7.7290597e-01  -1.5913412e-01
   1.5840000e+03   6.7579598e-01   4.4923125e-02
   1.5920000e+03   7.3089081e-01   6.7879006e-02
   1.6000000e+03   4.6696133e-01   5.0716070e-02
   1.6080000e+03   6.8744501e-01   7.6946254e-02
   1.6160000e+03   7.5459228e-01  -1.8797133e-02
   1.6240000e+03   6.4936274e-01   5.6098154e-02
   1.6320000e+03   6.9471911e-01   8.2528266e-02
   1.6400000e+03   7.5471240e-01   1.6120665e-02
   1.6480000e+03   6.8239208e-01   4.8945715e-03
   1.6560000e+03   6.2565304e-01   8.9548299e-03
   1.6640000e+03   6.5543133e-01  -2.2425684e-02
   1.6720000e+03   6.6051740e-01  -5.4797314e-02
   1.6800000e+03   6.2864865e-01  -5.6711839e-02
   1.6880000e+03   7.9916954e-01  -1.3563552e-01
   1.6960000e+03   6.7239481e-01  -6.5211558e-02
   1.7040000e+03   6.9887543e-01  -1.3897948e-02
   1.7120000e+03   8.0904512e-01   5.2477132e-03
   1.7200000e+03   5.7225278e-01  -1.0990509e-01
   1.7280000e+03   6.4295394e-01  -4.9193634e-02
   1.7360000e+03   5.3831388e-01   4.7133594e-02
   1.7440000e+03   6.6278411e-01   2.2014959e-03
   1.7520000e+03   6.6603922e-01  -8.5396244e-02
   1.7600000e+03   6.0043583e-01  -1.1424121e-01
   1.7680000e+03   6.0073125e-01   9.2885870e-02
   1.7760000e+03   6.0516009e-01  -4.4658662e-02
   1.7840000e+03   4.2561984e-01  -1.6932654e-03
   1.7920000e+03   6.2720628e-01   1.3892229e-01
   1.8000000e+03   5.1641406e-01   7.7742933e-03
   1.8080000e+03   6.2846368e-01  -3.8376096e-02
   1.8160000e+03   5.4771091e-01   2.8766599e-02
   1.8240000e+03   5.4438479e-01   3.8414139e-02
   1.8320000e+03   6.5131893e-01   6.0178199e-02
   1.8400000e+03   6.4698062e-01  -4.8450805e-02
   1.8480000e+03   5.7198878e-01   1.4199610e-01
   1.8560000e+03   6.5126918e-01  -9.4436258e-02
   1.8640000e+03   6.5278506e-01  -2.9164637e-01
   1.8720000e+03   6.4592027e-01  -4.2533923e-02
   1.8800000e+03   4.9106765e-01  -3.7243702e-02
   1.8880000e+03   5.5712309e-01  -7.7439213e-02
   1.8960000e+03   6.6199956e-01   8.3294694e-02
   1.9040000e+03   5.4010300e-01  -4.8051029e-02
   1.9120000e+03   6.9849426e-01  -3.3804733e-02
   1.9200000e+03   6.8110082e-01  -1.9810909e-01
   1.9280000e+03   6.2141961e-01   3.5573188e-02
   1.9360000e+03   6.2940897e-01   1.8101022e-01
   1.9440000e+03   6.8665525e-01  -1.3883949e-01
   1.9520000e+03   6.9606940e-01  -5.0802305e-02
   1.9600000e+03   6.4305836e-01  -9.5705918e-02
   1.9680000e+03   6.0764172e-01  -6.1023434e-02
   1.9760000e+03   6.2473382e-01   1.4079510e-01
   1.9840000e+03   5.4239167e-01   2.8416359e-02
   1.9920000e+03   4.4294208e-01  -2.9319416e-02
   2.0000000e+03   6.0319608e-01   8.9887038e-02
   2.0080000e+03   5.2002132e-01   6.6892186e-02
   2.0160000e+03   5.4778969e-01  -2.8222747e-02
   2.0240000e+03   6.1848471e-01  -1.7088279e-01
   2.0320000e+03   5.7427380e-01  -2.6563351e-02
   2.0400000e+03   6.6420525e-01   5.7135601e-03
   2.0480000e+03   5.8915086e-01  -5.3561276e-02
   2.0560000e+03   6.2548663e-01  -8.7591993e-02
   2.0640000e+03   5.9614985e-01  -5.4993418e-03
   2.0720000e+03   5.0841231e-01  -1.2997121e-02
   2.0800000e+03   5.9782697e-01  -1.5889858e-03
   2.0880000e+03   5.8489972e-01   6.3238733e-03
   2.0960000e+03   7.8967139e-01   9.4758527e-02
   2.1040000e+03   5.3515551e-01   9.7433908e-02
   2.1120000e+03   5.3134445e-01  -6.3789720e-02
   2.1200000e+03   5.0089906e-01   1.3664548e-04
   2.1280000e+03   5.3653931e-01   1.4187713e-02
   2.1360000e+03   5.9787500e-01   1.1129908e-01
   2.1440000e+03   5.6786154e-01   6.7460231e-02
   2.1520000e+03   5.7962357e-01  -8.1333824e-02
   2.1600000e+03   6.1602420e-01  -1.5285988e-02
   2.1680000e+03   5.7770985e-01   9.7493222e-02
   2.1760000e+03   5.2539600e-01  -9.4050660e-03
   2.1840000e+03   5.4486342e-01   3.5642006e-02
   2.1920000e+03   4.5237296e-01  -7.1363441e-02
   2.2000000e+03   6.0870938e-01   2.1547435e-03
   2.2080000e+03   6.8252574e-01  -1.5871706e-01
   2.2160000e+03   6.1526057e-01   7.4540038e-02
   2.2240000e+03   6.1809949e-01   2.7317078e-02
   2.2320000e+03   6.0944358e-01   5.8351218e-03
   2.2400000e+03   6.5823299e-01  -4.4350601e-02
   2.2480000e+03   4.6816782e-01   7.6196309e-02
   2.2560000e+03   5.4949622e-01  -8.5815026e-02
   2.2640000e+03   5.9647269e-01  -1.5076748e-01
   2.2720000e+03   6.7729058e-01  -7.0384885e-02
   2.2800000e+03   4.7767904e-01  -3.2756340e-02
   2.2880000e+03   5.3311878e-01  -1.9783032e-01
   2.2960000e+03   5.4511968e-01   3.3317720e-02
   2.3040000e+03   4.5405862e-01  -4.3930488e-02
   2.3120000e+03   6.5898030e-01  -1.0946694e-01
   2.3200000e+03   6.9883323e-01   3.0080667e-02
   2.3280000e+03   6.2667112e-01   1.3798054e-01
   2.3360000e+03   6.2466460e-01   3.7871939e-02
   2.3440000e+03   6.5701660e-01  -2.3432302e-02
   2.3520000e+03   5.7883725e-01  -1.4138857e-01
   2.3600000e+03   5.3560769e-01   1.0808142e-01
   2.3680000e+03   5.2423482e-01  -1.2158914e-02
   2.3760000e+03   5.3021782e-01   9.7162987e-02
   2.3840000e+03   5.3507473e-01   2.8886637e-02
   2.3920000e+03   6.1595634e-01  -2.6014401e-02
   2.4000000e+03   5.6188338e-01   6.5927354e-03
   2.4080000e+03   6.8202677e-01  -9.0558807e-02
   2.4160000e+03   5.6677664e-01   8.4865773e-02
   2.4240000e+03   6.4911984e-01   2.2164457e-02
   2.4320000e+03   5.5469626e-01  -3.4679653e-02
   2.4400000e+03   6.6786584e-01   1.3844377e-02
   2.4480000e+03   5.7355126e-01  -4.0271421e-03
   2.4560000e+03   5.6539305e-01  -3.3586669e-02
   2.4640000e+03   5.1243632e-01   1.6508358e-01
   2.4720000e+03   7.1728391e-01   6.3997557e-02
   2.4800000e+03   6.6078622e-01  -1.3541119e-01
   2.4880000e+03   5.6113522e-01  -7.2929427e-02
   2.4960000e+03   6.5961089e-01   7.4554054e-02
   2.5040000e+03   6.4147297e-01  -2.3514912e-02
   2.5120000e+03   5.9229174e-01  -8.6431726e-03
   2.5200000e+03   6.2907635e-01  -3.3433413e-02
   2.5280000e+03   5.6122989e-01   6.0809879e-02
   2.5360000e+03   5.0635062e-01  -1.2547432e-01
   2.5440000e+03   6.6939412e-01  -7.7703182e-02
   2.5520000e+03   7.3130257e-01   6.1446686e-03
   2.5600000e+03   4.6769331e-01  -1.6702762e-03
   2.5680000e+03   6.7021642e-01  -8.8402519e-02
   2.5760000e+03   7.4061519e-01   1.0025907e-01
   2.5840000e+03   5.0185368e-01  -1.0395027e-01
   2.5920000e+03   5.5131358e-01   7.8888425e-02
   2.6000000e+03   5.3026916e-01   5.3926346e-02
   2.6080000e+03   5.6650034e-01  -1.8454558e-02
   2.6160000e+03   3.6989128e-01   1.0797796e-02
   2.6240000e+03   7.0961943e-01  -9.3025215e-02
   2.6320000e+03   6.3242137e-01   1.2981716e-01
   2.6400000e+03   5.3434733e-01   1.9747003e-02
   2.6480000e+03   5.8382905e-01  -3.7830238e-02
   2.6560000e+03   6.4885087e-01   1.6189954e-02
   2.6640000e+03   6.2091720e-01  -8.8020583e-02
   2.6720000e+03   5.4535643e-01  -6.5084012e-03
   2.6800000e+03   7.0996480e-01  -8.1213085e-02
   2.6880000e+03   5.8443888e-01  -4.1201644e-03
   2.6960000e+03   6.3505508e-01   7.8325769e-02
   2.7040000e+03   5.5692264e-01  -6.6713717e-02
   2.7120000e+03   5.6725005e-01  -3.5943001e-02
   2.7200000e+03   5.1289437e-01  -2.2414721e-02
   2.7280000e+03   6.8637349e-01   1.8889840e-02
   2.7360000e+03   5.3362472e-01  -1.6335490e-01
   2.7440000e+03   6.2400997e-01   3.2753686e-02
   2.7520000e+03   6.1364583e-01   1.1268607e-01
   2.7600000e+03   6.2452788e-01   2.1753937e-01
   2.7680000e+03   5.7256501e-01  -3.3957644e-02
   2.7760000e+03   6.3494766e-01   4.0866731e-02
   2.7840000e+03   7.8845604e-01  -6.8719147e-02
   2.7920000e+03   5.5567430e-01   1.5816232e-01
   2.8000000e+03   6.0968004e-01   1.5161583e-02
   2.8080000e+03   6.1593939e-01  -2.7883019e-02
   2.8160000e+03   5.3059257e-01   7.8453394e-02
   2.8240000e+03   6.5027892e-01  -1.4246486e-01
   2.8320000e+03   6.6421747e-01   8.5278829e-02
   2.8400000e+03   6.6585754e-01  -1.4958482e-02
   2.8480000e+03   6.7369182e-01   5.3862824e-02
   2.8560000e+03   7.0792548e-01  -1.6394036e-01
   2.8640000e+03   5.5917000e-01  -2.8377890e-02
   2.8720000e+03   5.0380683e-01   1.9240064e-03
   2.8800000e+03   5.2310530e-01   1.6885161e-01
   2.8880000e+03   5.9183776e-01   4.5145420e-02
   2.8960000e+03   6.0341018e-01  -1.5640899e-02
   2.9040000e+03   5.6007631e-01   1.4509347e-01
   2.9120000e+03   5.4332469e-01   1.8547920e-03
   2.9200000e+03   5.0325860e-01   2.1682746e-02
   2.9280000e+03   5.8198577e-01   7.8717519e-03
   2.9360000e+03   3.9795850e-01   4.4996211e-02
   2.9440000e+03   6.6208759e-01   8.6325201e-02
   2.9520000e+03   7.7071188e-01  -3.2391353e-02
   2.9600000e+03   7.2947745e-01   1.9194100e-02
   2.9680000e+03   6.7672433e-01   1.3724065e-01
   2.9760000e+03   6.5427853e-01   4.9967193e-02
   2.9840000e+03   5.6907523e-01   4.5448631e-02
   2.9920000e+03   5.3660820e-01  -1.1324473e-01
   3.0000000e+03   6.1869409e-01   1.4491499e-01
   3.0080000e+03   6.3099652e-01   3.0439020e-02
   3.0160000e+03   6.6951063e-01   1.1397846e-01
   3.0240000e+03   5.8404690e-01   1.3794520e-01
   3.0320000e+03   6.4395921e-01  -1.1463858e-02
   3.0400000e+03   5.4898199e-01   4.5310189e-02
   3.0480000e+03   4.7512894e-01   5.7960193e-02
   3.0560000e+03   6.5527240e-01   1.2446678e-01
   3.0640000e+03   6.1266014e-01   1.1878451e-01
   3.0720000e+03   5.5670298e-01   1.1839113e-01
   3.0800000e+03   5.3887604e-01   6.9466707e-02
   3.0880000e+03   5.3234710e-01   5.8659575e-02
   3.0960000e+03   5.9827379e-01   1.0645120e-01
   3.1040000e+03   5.1185628e-01   9.6323854e-02
   3.1120000e+03   6.0858827e-01  -1.1434756e-01
   3.1200000e+03   5.6658340e-01  -5.0263245e-02
   3.1280000e+03   5.3976679e-01   3.0841435e-02
   3.1360000e+03   5.2728152e-01  -6.0542544e-02
   3.1440000e+03   6.8692714e-01   3.1142932e-03
   3.1520000e+03   5.7929035e-01   1.0882271e-01
   3.1600000e+03   7.7294411e-01   1.5520381e-01
   3.1680000e+03   5.8403200e-01  -4.3337341e-02
   3.1760000e+03   6.0597453e-01  -1.8213083e-02
   3.1840000e+03   4.9149690e-01  -4.0828974e-02
   3.1920000e+03   6.8430540e-01   1.8482485e-02
   3.2000000e+03   6.7081638e-01   8.2329401e-02
   3.2080000e+03   5.5482356e-01  -4.1016971e-03
   3.2160000e+03   5.4407168e-01   1.3824237e-01
   3.2240000e+03   5.8536201e-01  -1.6405547e-01
   3.2320000e+03   7.1285905e-01   4.7073226e-03
   3.2400000e+03   7.3709691e-01   6.5704024e-02
   3.2480000e+03   7.0272378e-01   6.0162882e-02
   3.2560000e+03   5.9288646e-01   6.7962821e-02
   3.2640000e+03   5.7220751e-01   5.7367460e-02
   3.2720000e+03   7.5031010e-01   5.7246221e-03
   3.2800000e+03   7.0028323e-01  -6.1732576e-02
   3.2880000e+03   4.5753306e-01   2.0008260e-01
   3.2960000e+03   5.2791572e-01   2.8624310e-03
   3.3040000e+03   8.3626389e-01  -1.6611433e-02
   3.3120000e+03   6.4213869e-01  -1.7703314e-02
   3.3200000e+03   6.2337357e-01  -4.6283304e-02
   3.3280000e+03   5.3401347e-01  -8.4729395e-02
   3.3360000e+03   6.9565883e-01  -1.9812855e-02
   3.3440000e+03   6.2468143e-01   7.1152072e-02
   3.3520000e+03   6.1991969e-01   5.0061966e-02
   3.3600000e+03   6.6061088e-01   1.5962249e-02
   3.3680000e+03   5.1019705e-01  -4.4057608e-02
   3.3760000e+03   6.9472266e-01  -7.5821141e-02
   3.3840000e+03   6.6298436e-01   1.0598906e-02
   3.3920000e+03   6.7126642e-01   8.7121432e-02
   3.4000000e+03   6.6009033e-01   4.6333871e-02
   3.4080000e+03   6.0722411e-01   6.1501233e-02
   3.4160000e+03   5.4229081e-01  -2.0047468e-01
   3.4240000e+03   4.9191880e-01  -4.2593364e-02
   3.4320000e+03   5.7682440e-01   5.0762267e-02
   3.4400000e+03   6.1560476e-01  -3.0103873e-02
   3.4480000e+03   5.8259888e-01   1.4055873e-01
   3.4560000e+03   5.6997909e-01  -2.3839782e-02
   3.4640000e+03   4.6717536e-01  -7.4032660e-02
   3.4720000e+03   6.6232365e-01  -9.2838182e-02
   3.4800000e+03   7.1652229e-01  -2.6635277e-02
   3.4880000e+03   4.3336926e-01   1.3326835e-01
   3.4960000e+03   6.8752102e-01   5.6429307e-02
   3.5040000e+03   6.5880701e-01  -2.8088496e-02
   3.5120000e+03   4.7682481e-01  -1.4068712e-01
   3.5200000e+03   6.3715732e-01   9.7956190e-02
   3.5280000e+03   5.9735922e-01  -3.0249941e-02
   3.5360000e+03   5.0220470e-01   1.0914909e-02
   3.5440000e+03   7.2350267e-01   8.2142823e-02
   3.5520000e+03   6.3802086e-01  -7.1436543e-02
   3.5600000e+03   5.6948742e-01  -5.8448712e-02
   3.5680000e+03   5.4107366e-01   5.6149967e-02
   3.5760000e+03   5.6824015e-01  -8.4184655e-03
   3.5840000e+03   6.3911084e-01   4.0310483e-02
   3.5920000e+03   4.3251974e-01   6.8285421e-02
   3.6000000e+03   6.6130008e-01  -1.2713635e-01
   3.6080000e+03   6.9789579e-01   4.3123411e-02
   3.6160000e+03   5.4334348e-01  -1.0004158e-01
   3.6240000e+03   6.7658700e-01  -7.8160204e-02
   3.6320000e+03   6.2658538e-01  -3.3063168e-02
   3.6400000e+03   4.8557890e-01   4.6014029e-02
   3.6480000e+03   8.2983318e-01  -1.0483728e-02
   3.6560000e+03   5.7926260e-01  -8.5938625e-02
   3.6640000e+03   6.0694132e-01   1.5779152e-01
   3.6720000e+03   6.6555722e-01   4.8250092e-02
   3.6800000e+03   4.9454573e-01  -6.1200760e-04
   3.6880000e+03   5.6576564e-01  -7.2111139e-02
   3.6960000e+03   6.4651608e-01  -2.3770099e-02
   3.7040000e+03   7.5905128e-01   6.8263763e-02
   3.7120000e+03   4.9132217e-01   1.4356254e-02
   3.7200000e+03   4.0544880e-01  -4.9693129e-02
   3.7280000e+03   4.9372876e-01   5.6836147e-02
   3.7360000e+03   5.1290286e-01  -1.8315502e-02
   3.7440000e+03   6.4263033e-01  -1.6358146e-02
   3.7520000e+03   6.1156567e-01  -1.4774982e-01
   3.7600000e+03   6.4685177e-01   2.0364574e-02
   3.7680000e+03   5.9296244e-01  -8.6137497e-02
   3.7760000e+03   6.0507172e-01  -9.9532587e-02
   3.7840000e+03   5.1663715e-01  -1.2116970e-01
   3.7920000e+03   5.3301985e-01   7.6677205e-02
   3.8000000e+03   6.5465468e-01   7.0978271e-02
   3.8080000e+03   5.3209845e-01  -1.2100732e-02
   3.8160000e+03   5.3476557e-01   3.6206321e-02
   3.8240000e+03   5.8916346e-01   1.5280032e-01
   3.8320000e+03   4.0294155e-01   1.8021801e-01
   3.8400000e+03   5.7132226e-01  -8.6215441e-02
   3.8480000e+03   6.7243889e-01  -9.1918352e-02
   3.8560000e+03   4.8725028e-01   9.8235982e-02
   3.8640000e+03   5.7949735e-01   5.7002558e-02
   3.8720000e+03   5.1565770e-01   9.2301812e-02
   3.8800000e+03   4.7213101e-01   5.7059124e-02
   3.8880000e+03   4.6570527e-01  -8.1747748e-02
   3.8960000e+03   5.3171760e-01  -3.0769990e-02
   3.9040000e+03   6.6344694e-01  -1.2111278e-01
   3.9120000e+03   7.3365038e-01  -2.1305940e-01
   3.9200000e+03   6.3381804e-01   1.3400061e-01
   3.9280000e+03   5.1258646e-01   5.4311363e-02
   3.9360000e+03   5.4245843e-01   2.8012214e-02
   3.9440000e+03   6.0024162e-01   1.1331652e-01
   3.9520000e+03   6.2770898e-01  -7.8858522e-03
   3.9600000e+03   6.3750771e-01  -1.3206715e-01
   3.9680000e+03   5.8952987e-01  -1.1427891e-01
   3.9760000e+03   5.1775095e-01   2.3256748e-02
   3.9840000e+03   4.2561308e-01   1.2707992e-01
   3.9920000e+03   5.5803593e-01  -4.7582997e-03
   4.0000000e+03   6.3620483e-01   3.4858481e-02
   4.0080000e+03   6.9140993e-01   1.2614464e-02
   4.0160000e+03   4.7843373e-01  -1.4573870e-01
   4.0240000e+03   5.2409717e-01   3.9628551e-02
   4.0320000e+03   5.7563663e-01   4.5419525e-03
   4.0400000e+03   7.2943464e-01   7.2362309e-02
   4.0480000e+03   5.7155415e-01  -2.0868822e-02
   4.0560000e+03   4.9709556e-01   5.8219448e-04
   4.0640000e+03   5.6517242e-01  -1.4691384e-02
   4.0720000e+03   6.4180982e-01   1.9462724e-02
   4.0800000e+03   6.3954428e-01   8.0142925e-02
   4.0880000e+03   5.2703199e-01  -1.2065994e-01
   4.0960000e+03   5.7596241e-01  -1.1697643e-01
   4.1040000e+03   5.8326362e-01   2.5170262e-03
   4.1120000e+03   5.6272051e-01   8.4034520e-02
   4.1200000e+03   6.4220876e-01   4.8914060e-02
   4.1280000e+03   4.9047022e-01   1.2950482e-01
   4.1360000e+03   6.4392308e-01   6.5122481e-03
   4.1440000e+03   5.4917246e-01  -5.5254674e-02
   4.1520000e+03   4.7901443e-01  -5.1430232e-03
   4.1600000e+03   6.3364009e-01  -3.4767350e-02
   4.1680000e+03   5.4798807e-01  -5.0254738e-02
   4.1760000e+03   6.3134849e-01  -1.0470704e-02
   4.1840000e+03   6.1049198e-01  -5.9235646e-02
   4.1920000e+03   5.9713981e-01  -2.3465365e-01
   4.2000000e+03   6.5426034e-01   4.3480409e-02
   4.2080000e+03   6.5031602e-01   8.5173096e-02
   4.2160000e+03   5.2883761e-01  -1.3454680e-02
   4.2240000e+03   4.9686284e-01   8.0956707e-02
   4.2320000e+03   6.0315891e-01  -7.4811515e-03
   4.2400000e+03   5.4506851e-01  -5.2800054e-02
   4.2480000e+03   6.1327756e-01  -1.9622441e-02
   4.2560000e+03   4.9720159e-01   1.4749354e-02
   4.2640000e+03   5.9979527e-01  -1.2615086e-01
   4.2720000e+03   5.5813536e-01  -6.9244004e-02
   4.2800000e+03   6.3573753e-01   2.5308079e-02
   4.2880000e+03   5.2255976e-01   7.3496730e-02
   4.2960000e+03   4.5616406e-01   6.6794578e-02
   4.3040000e+03   5.3685810e-01   1.5552095e-01
   4.3120000e+03   4.8844986e-01   1.4087169e-02
   4.3200000e+03   6.9307046e-01   3.5244706e-02
   4.3280000e+03   7.0939603e-01  -7.2878937e-04
   4.3360000e+03   5.7554839e-01  -6.8453894e-02
   4.3440000e+03   5.2201634e-01  -1.0486653e-01
   4.3520000e+03   5.3689171e-01  -2.7413705e-04
   4.3600000e+03   5.2119896e-01  -8.1377725e-03
   4.3680000e+03   4.2166906e-01  -1.1317981e-01
   4.3760000e+03   6.1253697e-01   8.8501928e-02
   4.3840000e+03   6.2120732e-01  -1.2601079e-01
   4.3920000e+03   5.0278752e-01   7.2760120e-02
   4.4000000e+03   6.7377543e-01   2.9853313e-02
   4.4080000e+03   5.0982531e-01  -1.4556463e-01
   4.4160000e+03   5.6501569e-01  -4.1185765e-02
   4.4240000e+03   6.4116608e-01  -1.0948497e-02
   4.4320000e+03   6.2841654e-01  -1.5816959e-02
   4.4400000e+03   5.7183904e-01   2.9061790e-02
   4.4480000e+03   5.9190358e-01  -2.0133782e-02
   4.4560000e+03   4.4482931e-01   9.1805506e-03
   4.4640000e+03   5.9422766e-01   5.9352816e-02
   4.4720000e+03   5.3267731e-01  -8.4271177e-02
   4.4800000e+03   6.9641360e-01  -3.2243204e-02
   4.4880000e+03   5.1782069e-01   3.5481324e-02
   4.4960000e+03   5.5953669e-01   9.7294881e-02
   4.5040000e+03   5.9479975e-01   8.2517924e-02
   4.5120000e+03   4.2230359e-01   7.2860434e-02
   4.5200000e+03   5.4733196e-01  -8.5088250e-02
   4.5280000e+03   5.4461849e-01  -1.0780065e-02
   4.5360000e+03   3.7400586e-01   7.6798885e-02
   4.5440000e+03   5.6807532e-01  -1.7513250e-01
   4.5520000e+03   5.5541240e-01  -4.4858161e-02
   4.5600000e+03   6.5949977e-01  -1.0717317e-02
   4.5680000e+03   6.3688649e-01  -1.4897900e-01
   4.5760000e+03   6.7977397e-01  -6.4959172e-02
   4.5840000e+03   6.7731307e-01  -9.1008567e-02
   4.5920000e+03   5.6752182e-01   9.1884287e-03
   4.6000000e+03   7.1308841e-01  -1.5643080e-01
   4.6080000e+03   7.4224686e-01  -2.0368874e-02
   4.6160000e+03   4.8056804e-01   6.5940467e-02
   4.6240000e+03   6.5409470e-01   2.5537724e-02
   4.6320000e+03   5.9019810e-01   3.8881793e-02
   4.6400000e+03   6.4177648e-01  -1.0052218e-01
   4.6480000e+03   4.9175921e-01   7.1668551e-02
   4.6560000e+03   5.4478701e-01   3.8359118e-02
   4.6640000e+03   5.7695111e-01   5.0583182e-02
   4.6720000e+03   5.9067194e-01  -4.4892118e-02
   4.6800000e+03   5.8989726e-01   4.9962520e-02
   4.6880000e+03   5.8634418e-01  -1.0506984e-01
   4.6960000e+03   6.8911876e-01   8.6738536e-02
   4.7040000e+03   4.0019303e-01  -1.0906077e-02
   4.7120000e+03   5.4194950e-01   9.1114081e-03
   4.7200000e+03   6.6116974e-01  -8.8939336e-03
   4.7280000e+03   6.5000625e-01   1.4222825e-02
   4.7360000e+03   4.5593819e-01  -4.1976859e-02
   4.7440000e+03   5.9465172e-01  -5.5582008e-02
   4.7520000e+03   5.8971356e-01  -4.9105097e-02
   4.7600000e+03   6.0007272e-01   4.4811520e-03
   4.7680000e+03   6.7443975e-01   8.4519961e-02
   4.7760000e+03   5.1705691e-01   6.6179490e-03
   4.7840000e+03   5.8799376e-01  -6.1258569e-02
   4.7920000e+03   5.4461731e-01   8.1336517e-02
   4.8000000e+03   6.0510748e-01  -7.8049412e-02
   4.8080000e+03   4.1808387e-01   5.4076081e-02
   4.8160000e+03   5.7910908e-01   8.4743718e-02
   4.8240000e+03   5.5654904e-01  -3.3038772e-02
   4.8320000e+03   5.3332202e-01  -8.8636933e-02
   4.8400000e+03   7.0356272e-01  -1.9584732e-02
   4.8480000e+03   6.0490766e-01  -1.1996189e-01
   4.8560000e+03   5.4378454e-01   5.3738403e-02
   4.8640000e+03   6.0611930e-01  -6.5156358e-02
   4.8720000e+03   4.9903831e-01   3.0970651e-02
   4.8800000e+03   6.9031658e-01  -1.9591605e-02
   4.8880000e+03   6.7634261e-01  -2.7774983e-02
   4.8960000e+03   6.2462150e-01  -1.0322378e-01
   4.9040000e+03   5.7801437e-01  -7.5258389e-03
   4.9120000e+03   6.9882457e-01  -8.5595607e-02
   4.9200000e+03   5.5023040e-01   6.8262047e-02
   4.9280000e+03   3.9149241e-01   2.2653097e-02
   4.9360000e+03   5.2165717e-01   7.8735406e-02
   4.9440000e+03   5.2666868e-01  -1.3330738e-01
   4.9520000e+03   6.2590192e-01   2.2463033e-02
   4.9600000e+03   5.5523208e-01  -1.1586371e-02
   4.9680000e+03   6.1570077e-01   4.1807632e-02
   4.9760000e+03   5.9266476e-01   5.2938528e-03
   4.9840000e+03   7.1395095e-01  -7.6528493e-03
   4.9920000e+03   5.9007207e-01   1.0980895e-01
   5.0000000e+03   5.5179878e-01  -1.8155737e-01
   5.0080000e+03   5.8469616e-01  -5.9011992e-02
   5.0160000e+03   5.6992532e-01   1.5244697e-01
   5.0240000e+03   6.9961779e-01  -3.3854184e-02
   5.0320000e+03   7.0505213e-01   1.3860397e-02
   5.0400000e+03   5.3645954e-01  -6.2512899e-02
   5.0480000e+03   5.5541169e-01   6.0061363e-02
   5.0560000e+03   6.0348124e-01  -6.0040955e-02
   5.0640000e+03   5.3259433e-01   2.0939584e-02
   5.0720000e+03   4.9339758e-01   7.6863687e-02
   5.0800000e+03   6.2978331e-01   1.3303029e-02
   5.0880000e+03   5.2599208e-01  -2.6296245e-02
   5.0960000e+03   5.9737224e-01   9.4206930e-02
   5.1040000e+03   5.1204772e-01  -4.2884133e-02
   5.1120000e+03   4.6977184e-01   2.8214290e-02
   5.1200000e+03   6.3535567e-01   1.6167612e-01
   5.1280000e+03   5.1822847e-01  -1.1007096e-01
   5.1360000e+03   5.1936335e-01   4.9118316e-02
   5.1440000e+03   5.1954770e-01  -8.6404802e-03
   5.1520000e+03   5.8098112e-01   1.6363482e-02
   5.1600000e+03   5.3527108e-01  -6.8200664e-02
   5.1680000e+03   6.5968659e-01  -1.1601264e-01
   5.1760000e+03   5.8440187e-01  -1.8815998e-02
   5.1840000e+03   5.5587425e-01  -1.2047280e-01
   5.1920000e+03   5.8378821e-01   1.3211199e-01
   5.2000000e+03   6.8322210e-01  -2.8158117e-02
   5.2080000e+03   5.1182623e-01  -1.2952239e-01
   5.2160000e+03   6.2073536e-01  -8.4195825e-02
   5.2240000e+03   6.6477291e-01  -7.4236625e-02
   5.2320000e+03   5.7926592e-01  -1.2794898e-02
   5.2400000e+03   4.6606306e-01   6.2350698e-02
   5.2480000e+03   5.2802515e-01  -2.5049823e-02
   5.2560000e+03   5.6156262e-01  -1.3531149e-02
   5.2640000e+03   4.9215430e-01  -1.0927398e-02
   5.2720000e+03   6.6558015e-01   5.3653557e-02
   5.2800000e+03   5.8437617e-01  -7.7042663e-02
   5.2880000e+03   6.0540785e-01   1.5278613e-01
   5.2960000e+03   6.6952389e-01   3.1549178e-02
   5.3040000e+03   6.0157919e-01   6.4464351e-02
   5.3120000e+03   5.2074372e-01   1.0220857e-02
   5.3200000e+03   6.2664693e-01   1.0627578e-01
   5.3280000e+03   5.7144759e-01  -5.4880382e-02
   5.3360000e+03   4.3245131e-01   7.8292632e-02
   5.3440000e+03   5.9700987e-01   1.4310126e-01
   5.3520000e+03   6.2236487e-01  -4.3463890e-02
   5.3600000e+03   5.9759714e-01   1.2382859e-02
   5.3680000e+03   6.5644218e-01   2.5725776e-02
   5.3760000e+03   5.4333029e-01  -3.4178534e-02
   5.3840000e+03   6.8016977e-01   1.1107120e-01
   5.3920000e+03   6.1222543e-01  -5.9830175e-02
   5.4000000e+03   5.6341584e-01  -1.1796548e-01
   5.4080000e+03   5.8034327e-01   1.3698834e-01
   5.4160000e+03   5.2580137e-01   1.2048264e-01
   5.4240000e+03   5.7133486e-01   2.0799245e-02
   5.4320000e+03   6.4622681e-01   1.1938185e-02
   5.4400000e+03   5.3274353e-01  -6.8216866e-02
   5.4480000e+03   5.4137959e-01  -5.9784776e-02
   5.4560000e+03   4.4613387e-01  -1.4415886e-02
   5.4640000e+03   6.5443725e-01   6.5843081e-02
   5.4720000e+03   5.0733403e-01  -1.0177755e-01
   5.4800000e+03   5.4515964e-01   7.6119157e-03
   5.4880000e+03   5.4714580e-01  -2.9310805e-02
   5.4960000e+03   6.0678393e-01   8.2739137e-02
   5.5040000e+03   6.4340689e-01   1.2997147e-01
   5.5120000e+03   6.7219705e-01  -6.7267825e-02
   5.5200000e+03   5.9878514e-01  -4.9179897e-02
   5.5280000e+03   5.6403120e-01   5.8418804e-02
   5.5360000e+03   4.9977762e-01   5.3437325e-02
   5.5440000e+03   5.6419109e-01   1.5510626e-02
   5.5520000e+03   4.8679874e-01  -1.4993356e-01
   5.5600000e+03   4.6298885e-01   4.0203424e-02
   5.5680000e+03   4.1344923e-01   6.5950011e-02
   5.5760000e+03   6.2185471e-01  -1.3288023e-01
   5.5840000e+03   5.8607939e-01  -1.4300131e-02
   5.5920000e+03   5.4182056e-01   1.4037977e-02
   5.6000000e+03   5.4971066e-01  -6.2759256e-02
   5.6080000e+03   6.0270047e-01  -5.1098211e-02
   5.6160000e+03   5.4405630e-01   5.8085673e-02
   5.6240000e+03   5.6909480e-01   1.5461155e-01
   5.6320000e+03   5.0335434e-01   1.2092884e-01
   5.6400000e+03   4.7344415e-01   7.1837980e-02
   5.6480000e+03   5.0402138e-01  -7.7808978e-02
   5.6560000e+03   5.6610489e-01  -1.3157748e-01
   5.6640000e+03   5.8492571e-01   9.4791452e-02
   5.6720000e+03   3.9065768e-01   5.9193662e-02
   5.6800000e+03   5.8480310e-01  -9.3869836e-03
   5.6880000e+03   5.9570403e-01  -2.3188672e-02
   5.6960000e+03   6.3477582e-01  -4.5311911e-03
   5.7040000e+03   5.0634217e-01  -2.1316422e-02
   5.7120000e+03   5.3193693e-01   1.4268605e-01
   5.7200000e+03   6.1534048e-01  -1.3659661e-01
   5.7280000e+03   5.1524661e-01   1.1205490e-01
   5.7360000e+03   5.3986209e-01   1.1578399e-01
   5.7440000e+03   5.4778022e-01   6.0786745e-03
   5.7520000e+03   6.1737112e-01  -1.5393337e-02
   5.7600000e+03   5.4225971e-01   1.3390938e-02
   5.7680000e+03   5.7336919e-01  -2.6194818e-02
   5.7760000e+03   4.6458953e-01   4.0630152e-02
   5.7840000e+03   6.1673879e-01   5.0371262e-02
   5.7920000e+03   4.3244315e-01   7.6054783e-02
   5.8000000e+03   5.5183327e-01   4.0914982e-02
   5.8080000e+03   5.3265049e-01   5.9199589e-02
   5.8160000e+03   6.7156322e-01   6.8653922e-02
   5.8240000e+03   6.8352800e-01  -2.1189338e-01
   5.8320000e+03   5.9425637e-01   5.4227759e-03
   5.8400000e+03   4.4988888e-01  -1.0431492e-01
   5.8480000e+03   6.6327800e-01  -4.0157381e-02
   5.8560000e+03   5.8184031e-01   3.9801195e-02
   5.8640000e+03   5.7110274e-01  -1.4820061e-01
   5.8720000e+03   4.8404188e-01  -1.0861463e-02
   5.8800000e+03   6.0316411e-01   5.5326920e-02
   5.8880000e+03   6.1232492e-01  -9.3993188e-02
   5.8960000e+03   6.2952232e-01  -1.4285606e-01
   5.9040000e+03   5.2955708e-01  -1.6956971e-01
   5.9120000e+03   5.6671135e-01   9.9366850e-02
   5.9200000e+03   3.4426335e-01  -5.6891268e-02
   5.9280000e+03   4.9385357e-01  -4.5453743e-02
   5.9360000e+03   4.4221326e-01   5.4105999e-02
   5.9440000e+03   4.5753021e-01  -9.2782419e-02
   5.9520000e+03   5.1658879e-01   7.5643130e-02
   5.9600000e+03   5.9020887e-01  -1.4098503e-01
   5.9680000e+03   7.3041819e-01  -5.9408108e-02
   5.9760000e+03   5.2638430e-01   1.3017501e-01
   5.9840000e+03   6.9399236e-01   6.4987819e-02
   5.9920000e+03   6.0051255e-01   1.6499512e-01
   6.0000000e+03   5.3226167e-01   9.8102429e-02
   6.0080000e+03   6.5558432e-01   4.3303025e-03
   6.0160000e+03   6.3747302e-01   8.3213086e-02
   6.0240000e+03   5.3515070e-01  -4.8978459e-02
   6.0320000e+03   6.4039602e-01  -5.2383012e-02
   6.0400000e+03   5.1882724e-01  -9.2874826e-02
   6.0480000e+03   4.6731887e-01  -1.1586133e-01
   6.0560000e+03   5.4189116e-01  -8.8174418e-02
   6.0640000e+03   5.3249022e-01  -9.1387180e-02
   6.0720000e+03   5.0379882e-01   4.0713405e-02
   6.0800000e+03   5.5330783e-01  -1.1909837e-04
   6.0880000e+03   4.2167864e-01   4.0399600e-03
   6.0960000e+03   6.6346036e-01  -8.5251228e-02
   6.1040000e+03   4.0578843e-01   4.9939099e-02
   6.1120000e+03   4.5158785e-01  -1.4607097e-01
   6.1200000e+03   4.7874356e-01  -7.4962057e-02
   6.1280000e+03   5.8195551e-01   2.5157471e-02
   6.1360000e+03   5.8417888e-01   1.6271826e-01
   6.1440000e+03   5.6343784e-01   1.6112313e-02
   6.1520000e+03   5.1889552e-01  -7.0531250e-02
   6.1600000e+03   5.5273868e-01   5.8841726e-02
   6.1680000e+03   3.4366758e-01   3.8831455e-02
   6.1760000e+03   5.3660133e-01   1.8343234e-01
   6.1840000e+03   6.2390221e-01   1.1136262e-01
   6.1920000e+03   5.6597513e-01   4.2803530e-02
   6.2000000e+03   7.4897968e-01  -3.5192595e-02
   6.2080000e+03   5.8754656e-01  -3.1222533e-02
   6.2160000e+03   6.3290789e-01  -3.4583903e-02
   6.2240000e+03   5.2104554e-01  -6.0030468e-02
   6.2320000e+03   5.9529841e-01   2.1457664e-01
   6.2400000e+03   4.5411869e-01  -2.0432556e-02
   6.2480000e+03   6.2654061e-01  -3.7161778e-03
   6.2560000e+03   7.0041245e-01   5.0789419e-02
   6.2640000e+03   6.0120236e-01  -2.5264911e-02
   6.2720000e+03   5.7991261e-01   2.6230283e-02
   6.2800000e+03   6.9986843e-01  -1.0959894e-02
   6.2880000e+03   3.9206184e-01   3.9369914e-02
   6.2960000e+03   6.4511261e-01   1.1921368e-01
   6.3040000e+03   5.5256780e-01  -8.1490705e-02
   6.3120000e+03   4.6315218e-01  -1.2687698e-01
   6.3200000e+03   5.8441485e-01   2.1571448e-03
   6.3280000e+03   6.2911305e-01  -4.4975650e-03
   6.3360000e+03   5.9171118e-01  -7.0005735e-02
   6.3440000e+03   4.7518801e-01   3.4250074e-03
   6.3520000e+03   4.8614362e-01   6.2759947e-02
   6.3600000e+03   4.0846464e-01   6.7434045e-03
   6.3680000e+03   5.6052844e-01  -1.2216995e-02
   6.3760000e+03   5.9792590e-01   1.0114179e-01
   6.3840000e+03   5.8287960e-01   1.7330982e-01
   6.3920000e+03   6.1570347e-01  -1.0328729e-01
   6.4000000e+03   4.1899044e-01  -3.1159104e-02
   6.4080000e+03   5.6320544e-01   5.7143870e-02
   6.4160000e+03   3.7594206e-01  -2.1126057e-02
   6.4240000e+03   4.9821117e-01  -8.0620524e-02
   6.4320000e+03   6.4546193e-01   1.8482655e-02
   6.4400000e+03   4.9520929e-01   1.6408675e-01
   6.4480000e+03   5.7697775e-01   1.9150273e-02
   6.4560000e+03   4.5819809e-01  -5.3824362e-02
   6.4640000e+03   3.8783669e-01  -2.0046019e-02
   6.4720000e+03   2.5001993e-01  -5.4954491e-02
   6.4800000e+03   6.4841639e-01   2.0801633e-02
