   0.0000000e+00   9.1664530e-01   2.6505453e-02
   8.0000000e+00   8.8312662e-01   3.5096730e-04
   1.6000000e+01   9.3354070e-01   8.3461633e-03
   2.4000000e+01   9.4040827e-01   2.6400731e-02
   3.2000000e+01   9.6646945e-01   1.8688037e-02
   4.0000000e+01   9.6530255e-01   4.5882205e-02
   4.8000000e+01   9.2065601e-01   1.7990034e-02
   5.6000000e+01   9.3901587e-01   4.2662599e-02
   6.4000000e+01   9.5420295e-01  -3.5235156e-02
   7.2000000e+01   9.6607801e-01   1.9715568e-02
   8.0000000e+01   9.7978045e-01  -1.2724656e-02
   8.8000000e+01   9.5281963e-01   1.1817920e-02
   9.6000000e+01   9.7602268e-01  -4.8290882e-02
   1.0400000e+02   1.0405454e+00  -1.1581040e-02
   1.1200000e+02   1.0164719e+00  -2.2369958e-02
   1.2000000e+02   9.7607958e-01   2.9078755e-02
   1.2800000e+02   1.0163695e+00  -2.4973121e-02
   1.3600000e+02   9.8282129e-01   1.5581766e-04
   1.4400000e+02   9.9178874e-01  -1.5108829e-02
   1.5200000e+02   9.9252324e-01  -2.1915123e-03
   1.6000000e+02   9.4901781e-01   2.0238514e-02
   1.6800000e+02   9.6066317e-01  -1.6649099e-02
   1.7600000e+02   9.8675852e-01  -8.8428529e-03
   1.8400000e+02   9.6007294e-01   7.9797589e-03
   1.9200000e+02   9.1873014e-01   2.4775033e-02
   2.0000000e+02   9.2193963e-01  -4.4387936e-03
   2.0800000e+02   9.1969714e-01   2.5232638e-03
   2.1600000e+02   9.2906467e-01  -5.4745689e-03
   2.2400000e+02   9.0187923e-01  -2.8996312e-02
   2.3200000e+02   9.2611719e-01  -2.0609429e-02
   2.4000000e+02   9.5824738e-01  -1.1557998e-02
   2.4800000e+02   9.0252575e-01  -1.4668116e-02
   2.5600000e+02   9.0883915e-01   6.5339098e-03
   2.6400000e+02   9.0454321e-01  -5.5251051e-03
   2.7200000e+02   8.3247095e-01  -3.6729643e-02
   2.8000000e+02   8.6773749e-01  -1.3350314e-02
   2.8800000e+02   8.9059825e-01  -2.6194211e-02
   2.9600000e+02   8.8941887e-01   7.2073764e-03
   3.0400000e+02   8.7293653e-01  -3.4457880e-02
   3.1200000e+02   8.6351816e-01   2.3306061e-02
   3.2000000e+02   8.6155794e-01   1.1277201e-02
   3.2800000e+02   8.5872537e-01  -1.9942109e-02
   3.3600000e+02   8.4340880e-01  -4.5910217e-02
   3.4400000e+02   8.0458701e-01   3.5191809e-02
   3.5200000e+02   7.8454323e-01   2.7362076e-02
   3.6000000e+02   7.8462834e-01   2.0486624e-03
   3.6800000e+02   8.0565710e-01   1.6114878e-03
   3.7600000e+02   8.1462651e-01  -5.0801844e-03
   3.8400000e+02   8.1440579e-01  -2.1421581e-02
   3.9200000e+02   7.8547463e-01  -1.5332196e-02
   4.0000000e+02   8.3430937e-01   1.3365398e-02
   4.0800000e+02   7.9498938e-01  -1.3831143e-02
   4.1600000e+02   7.4728839e-01   1.6715080e-03
   4.2400000e+02   7.4318735e-01   7.6246556e-03
   4.3200000e+02   7.4745242e-01  -7.2455810e-03
   4.4000000e+02   8.2566299e-01   3.2981735e-02
   4.4800000e+02   7.6293326e-01   3.2138573e-02
   4.5600000e+02   7.6715837e-01  -4.2147016e-02
   4.6400000e+02   7.5264215e-01  -1.6679414e-02
   4.7200000e+02   7.7565005e-01   1.6296815e-02
   4.8000000e+02   7.1416610e-01   4.0044176e-03
   4.8800000e+02   7.5332387e-01   4.1760181e-04
   4.9600000e+02   7.0519792e-01  -3.5513566e-03
   5.0400000e+02   7.0933716e-01   1.8124345e-02
   5.1200000e+02   7.3283553e-01   7.1633127e-03
   5.2000000e+02   7.0442998e-01   1.4055665e-02
   5.2800000e+02   7.4049578e-01   1.1724929e-02
   5.3600000e+02   7.0462142e-01   2.5816136e-02
   5.4400000e+02   6.9030813e-01  -5.8754133e-03
   5.5200000e+02   7.0636453e-01   2.8014828e-04
   5.6000000e+02   7.1316934e-01   2.3943305e-02
   5.6800000e+02   6.7723617e-01  -3.1099607e-02
   5.7600000e+02   6.8912492e-01   1.9435487e-02
   5.8400000e+02   7.0555122e-01   2.3537393e-02
   5.9200000e+02   6.9745934e-01  -1.6739525e-02
   6.0000000e+02   6.7442093e-01   3.6995415e-02
   6.0800000e+02   7.2394674e-01   4.3887135e-04
   6.1600000e+02   6.9447533e-01  -7.5947462e-03
   6.2400000e+02   7.1878977e-01   4.0493167e-03
   6.3200000e+02   6.7219642e-01   1.3851917e-03
   6.4000000e+02   6.8036229e-01  -7.2820137e-04
   6.4800000e+02   6.8747391e-01   2.1303630e-02
   6.5600000e+02   6.8488857e-01   1.4711278e-02
   6.6400000e+02   6.7291062e-01  -3.4696088e-02
   6.7200000e+02   6.7222569e-01  -4.1195218e-02
   6.8000000e+02   6.5600547e-01   1.9560898e-02
   6.8800000e+02   6.8455933e-01   7.2884538e-03
   6.9600000e+02   6.9655528e-01   2.1822145e-02
   7.0400000e+02   6.3400923e-01   1.9221862e-02
   7.1200000e+02   6.7039063e-01   8.8283433e-03
   7.2000000e+02   6.5397720e-01   2.2480632e-03
   7.2800000e+02   6.3551482e-01  -4.8819659e-03
   7.3600000e+02   6.4886677e-01   1.1239223e-02
   7.4400000e+02   6.5533817e-01  -3.3541828e-02
   7.5200000e+02   6.4297962e-01  -2.3722410e-03
   7.6000000e+02   6.2892546e-01   9.3747927e-03
   7.6800000e+02   6.6806197e-01  -1.8683953e-02
   7.7600000e+02   6.2837501e-01   2.4195009e-02
   7.8400000e+02   6.3967130e-01   2.4840716e-02
   7.9200000e+02   6.6688949e-01   7.9720160e-03
   8.0000000e+02   6.2808523e-01  -7.0103418e-03
   8.0800000e+02   6.5282379e-01   3.8242807e-02
   8.1600000e+02   6.2591055e-01   3.2540019e-02
   8.2400000e+02   6.6549573e-01   2.1305373e-02
   8.3200000e+02   6.8081290e-01   1.7368020e-02
   8.4000000e+02   6.5572956e-01  -3.5623264e-02
   8.4800000e+02   6.6507461e-01  -3.6225019e-03
   8.5600000e+02   6.5509743e-01   2.0604554e-02
   8.6400000e+02   6.4309447e-01  -2.4132389e-02
   8.7200000e+02   6.6262099e-01  -2.5029613e-02
   8.8000000e+02   6.1333585e-01  -3.6867691e-03
   8.8800000e+02   6.1789798e-01   2.3609832e-02
   8.9600000e+02   6.3826183e-01  -1.1646613e-02
   9.0400000e+02   6.7313933e-01  -2.9125175e-04
   9.1200000e+02   6.3330429e-01  -1.1652227e-02
   9.2000000e+02   6.2702022e-01   2.5980592e-03
   9.2800000e+02   6.3459296e-01   3.4376259e-04
   9.3600000e+02   6.7489714e-01   1.6784073e-02
   9.4400000e+02   5.8360289e-01  -1.4315446e-02
   9.5200000e+02   6.1377763e-01   1.4381334e-03
   9.6000000e+02   6.2786139e-01  -2.8409475e-04
   9.6800000e+02   6.2490904e-01  -1.9384226e-02
   9.7600000e+02   6.3068231e-01   4.2584883e-03
   9.8400000e+02   5.7487672e-01  -3.6268647e-02
   9.9200000e+02   6.5092028e-01  -2.3103232e-02
   1.0000000e+03   6.1902947e-01   1.0875181e-02
   1.0080000e+03   6.3612949e-01  -1.9852239e-02
   1.0160000e+03   5.8971598e-01  -3.3499258e-02
   1.0240000e+03   5.9458599e-01  -4.0815092e-02
   1.0320000e+03   6.4604254e-01   2.6305653e-04
   1.0400000e+03   6.1248299e-01   6.8007107e-04
   1.0480000e+03   6.3644272e-01  -1.1036525e-02
   1.0560000e+03   5.8905084e-01  -1.8097234e-02
   1.0640000e+03   5.8621547e-01   3.6511394e-02
   1.0720000e+03   6.3486057e-01  -3.0260454e-02
   1.0800000e+03   5.8663981e-01   2.4911050e-02
   1.0880000e+03   6.2085577e-01  -3.6126548e-02
   1.0960000e+03   5.9792495e-01  -3.5191232e-02
   1.1040000e+03   6.3031377e-01  -2.5931025e-02
   1.1120000e+03   6.0753198e-01   6.5770813e-04
   1.1200000e+03   5.8541364e-01   2.6763751e-02
   1.1280000e+03   5.9133183e-01   3.8017747e-02
   1.1360000e+03   5.7456611e-01  -4.0647770e-02
   1.1440000e+03   6.1022167e-01  -1.2546260e-02
   1.1520000e+03   6.1488338e-01   1.2793031e-02
   1.1600000e+03   6.0739754e-01  -1.4364226e-02
   1.1680000e+03   6.2437715e-01  -6.3300599e-03
   1.1760000e+03   6.2576073e-01  -1.8672170e-02
   1.1840000e+03   6.1409797e-01  -9.6373931e-03
   1.1920000e+03   6.2920825e-01   3.3156500e-02
   1.2000000e+03   6.3898036e-01  -1.8648986e-02
   1.2080000e+03   6.3740414e-01  -4.1087347e-02
   1.2160000e+03   6.0551509e-01   3.4807765e-02
   1.2240000e+03   5.9566756e-01   7.9895136e-03
   1.2320000e+03   6.3120817e-01   7.6133222e-03
   1.2400000e+03   5.7281910e-01  -3.1200256e-02
   1.2480000e+03   5.8453252e-01   3.0542199e-02
   1.2560000e+03   6.3366069e-01  -2.6793026e-02
   1.2640000e+03   5.8838468e-01  -2.6857468e-02
   1.2720000e+03   5.8313917e-01  -2.3370450e-02
   1.2800000e+03   6.0053502e-01  -8.6866398e-03
   1.2880000e+03   6.2675426e-01  -2.9177044e-02
   1.2960000e+03   5.9599840e-01  -1.2515498e-02
   1.3040000e+03   6.0902065e-01  -3.3395942e-02
   1.3120000e+03   5.8649726e-01  -6.0864521e-02
   1.3200000e+03   6.1487491e-01   1.2925868e-02
   1.3280000e+03   6.0504862e-01   2.0292664e-02
   1.3360000e+03   6.1417817e-01   1.9177353e-02
   1.3440000e+03   5.8604257e-01  -8.0281475e-03
   1.3520000e+03   6.1336951e-01   1.2444023e-02
   1.3600000e+03   5.9437861e-01  -2.4316848e-02
   1.3680000e+03   6.0356510e-01   1.9085289e-02
   1.3760000e+03   5.7283099e-01  -6.3349121e-03
   1.3840000e+03   5.9997786e-01  -1.1289657e-02
   1.3920000e+03   5.8239302e-01  -2.9167337e-03
   1.4000000e+03   5.8534543e-01   2.6470537e-03
   1.4080000e+03   6.0130228e-01  -4.3312431e-02
   1.4160000e+03   5.7152641e-01   4.1244954e-02
   1.4240000e+03   6.0336778e-01  -7.6688051e-03
   1.4320000e+03   6.0169847e-01  -4.3779181e-03
   1.4400000e+03   6.1806751e-01  -1.6327649e-02
   1.4480000e+03   5.9111896e-01   3.3065430e-02
   1.4560000e+03   5.5899468e-01  -2.4581385e-03
   1.4640000e+03   5.8877916e-01  -2.5044677e-02
   1.4720000e+03   6.0111799e-01  -9.8345775e-03
   1.4800000e+03   6.0385617e-01   4.5867846e-03
   1.4880000e+03   6.0496489e-01   3.3404450e-02
   1.4960000e+03   5.7754041e-01  -4.2734701e-03
   1.5040000e+03   6.0487711e-01  -2.5229745e-02
   1.5120000e+03   5.7394364e-01   1.2302764e-02
   1.5200000e+03   5.7664140e-01  -2.0629316e-02
   1.5280000e+03   5.8603683e-01   3.8100760e-03
   1.5360000e+03   5.7257017e-01   1.0441341e-02
   1.5440000e+03   5.7894591e-01   9.7095376e-03
   1.5520000e+03   6.1301478e-01  -1.3132789e-02
   1.5600000e+03   5.7622435e-01   1.8828907e-03
   1.5680000e+03   5.8727194e-01  -1.0120407e-02
   1.5760000e+03   6.0670372e-01   1.9237675e-02
   1.5840000e+03   5.9052714e-01  -4.3224486e-02
   1.5920000e+03   5.9098280e-01   2.9949697e-02
   1.6000000e+03   5.6257267e-01  -1.4028453e-03
   1.6080000e+03   5.8597170e-01  -1.6680895e-02
   1.6160000e+03   5.7941092e-01  -3.3229268e-03
   1.6240000e+03   6.0581392e-01  -8.5725909e-03
   1.6320000e+03   5.8352832e-01  -3.5196152e-02
   1.6400000e+03   5.8567664e-01   2.1392263e-02
   1.6480000e+03   5.7291569e-01  -1.3285503e-02
   1.6560000e+03   5.9519833e-01   2.8436288e-02
   1.6640000e+03   5.9695654e-01   3.8908406e-04
   1.6720000e+03   5.9418600e-01  -4.9794505e-03
   1.6800000e+03   5.8089260e-01   3.0997020e-02
   1.6880000e+03   5.6866071e-01   7.6975547e-03
   1.6960000e+03   5.8166183e-01  -9.3024145e-04
   1.7040000e+03   5.9577278e-01  -3.6352958e-03
   1.7120000e+03   5.6189470e-01  -2.7300903e-02
   1.7200000e+03   5.9028432e-01  -6.4326836e-03
   1.7280000e+03   6.0841002e-01  -1.2794511e-02
   1.7360000e+03   6.0373204e-01   2.3837589e-02
   1.7440000e+03   5.8992294e-01  -1.6098487e-04
   1.7520000e+03   5.9282146e-01   3.8603726e-03
   1.7600000e+03   5.8643048e-01   1.6059055e-02
   1.7680000e+03   5.6167965e-01   1.1057781e-04
   1.7760000e+03   6.1110765e-01  -2.2147912e-02
   1.7840000e+03   6.2440536e-01   1.8356827e-02
   1.7920000e+03   5.5617632e-01   1.1043680e-02
   1.8000000e+03   5.5834306e-01   2.8303491e-02
   1.8080000e+03   5.7769222e-01  -7.2899077e-03
   1.8160000e+03   6.4983271e-01   8.4024168e-03
   1.8240000e+03   5.8990333e-01  -1.1878699e-03
   1.8320000e+03   5.5964059e-01  -2.0160169e-02
   1.8400000e+03   5.6666689e-01  -3.5535960e-03
   1.8480000e+03   5.9731930e-01  -2.7653423e-02
   1.8560000e+03   5.7795292e-01  -2.8402829e-02
   1.8640000e+03   5.4620817e-01  -1.6424166e-02
   1.8720000e+03   5.7983543e-01  -1.5682754e-02
   1.8800000e+03   5.5928273e-01   3.3256606e-02
   1.8880000e+03   6.0385970e-01  -4.1586567e-04
   1.8960000e+03   5.8275957e-01  -2.1923518e-02
   1.9040000e+03   5.9184780e-01  -1.6473848e-02
   1.9120000e+03   5.6112264e-01  -5.2191777e-04
   1.9200000e+03   6.0014708e-01   4.1478795e-02
   1.9280000e+03   5.5626775e-01  -2.3007958e-02
   1.9360000e+03   5.9042476e-01   1.0427055e-02
   1.9440000e+03   5.7735778e-01  -2.9243362e-02
   1.9520000e+03   5.6302910e-01   5.6810442e-03
   1.9600000e+03   5.8913879e-01  -3.5095052e-02
   1.9680000e+03   6.1168644e-01   5.0200661e-02
   1.9760000e+03   5.7695085e-01  -9.5494120e-03
   1.9840000e+03   5.8249828e-01  -2.4128695e-02
   1.9920000e+03   6.0558643e-01  -9.1045638e-03
   2.0000000e+03   5.9473045e-01   4.6462129e-02
   2.0080000e+03   6.0033919e-01   1.2938653e-02
   2.0160000e+03   5.8783358e-01   2.8344287e-03
   2.0240000e+03   5.7626314e-01  -3.4836241e-02
   2.0320000e+03   5.6818884e-01   5.5305104e-03
   2.0400000e+03   5.8692697e-01  -1.0352191e-03
   2.0480000e+03   5.9382330e-01   1.7978353e-02
   2.0560000e+03   5.7351710e-01  -8.7716344e-04
   2.0640000e+03   5.7607091e-01   1.2121290e-02
   2.0720000e+03   5.7748986e-01   2.5410299e-02
   2.0800000e+03   5.7249248e-01  -9.9863561e-03
   2.0880000e+03   5.7115043e-01  -3.3322950e-02
   2.0960000e+03   5.5220335e-01  -8.4856356e-03
   2.1040000e+03   5.7177941e-01   1.4984719e-02
   2.1120000e+03   6.0658873e-01   2.9068562e-02
   2.1200000e+03   5.9932670e-01  -3.8757337e-02
   2.1280000e+03   6.0136177e-01  -3.7950855e-02
   2.1360000e+03   5.8480708e-01  -1.5334074e-03
   2.1440000e+03   6.1822790e-01  -1.9554756e-02
   2.1520000e+03   6.0027095e-01   4.8020962e-02
   2.1600000e+03   5.4237550e-01  -5.9291786e-02
   2.1680000e+03   5.7666083e-01   6.8167378e-04
   2.1760000e+03   5.6288307e-01  -1.0152428e-02
   2.1840000e+03   5.6460867e-01  -1.1099265e-02
   2.1920000e+03   5.9445581e-01   1.5311385e-02
   2.2000000e+03   6.0749572e-01   1.0361518e-02
   2.2080000e+03   5.4219018e-01  -7.2290871e-03
   2.2160000e+03   6.2191700e-01  -1.6925256e-02
   2.2240000e+03   5.9136811e-01   1.0432074e-02
   2.2320000e+03   5.4661136e-01   4.8676476e-04
   2.2400000e+03   5.8814721e-01   2.9857021e-02
   2.2480000e+03   5.6467936e-01   1.3266169e-02
   2.2560000e+03   5.5724753e-01  -8.7296566e-03
   2.2640000e+03   6.1578497e-01  -2.2667214e-02
   2.2720000e+03   5.1987435e-01   3.9027977e-02
   2.2800000e+03   5.7598894e-01  -2.1444541e-02
   2.2880000e+03   5.7540320e-01  -8.1760179e-03
   2.2960000e+03   5.8815861e-01  -3.5388519e-02
   2.3040000e+03   5.8204424e-01   3.8286556e-02
   2.3120000e+03   5.7443410e-01   8.6734351e-03
   2.3200000e+03   5.8198439e-01  -6.5712920e-03
   2.3280000e+03   5.7977469e-01  -6.4507207e-03
   2.3360000e+03   5.9336824e-01  -9.4332767e-03
   2.3440000e+03   5.9697693e-01   2.6705035e-02
   2.3520000e+03   5.6816038e-01   9.3091009e-03
   2.3600000e+03   6.0305598e-01  -4.6768646e-03
   2.3680000e+03   5.6134504e-01   3.0194946e-02
   2.3760000e+03   5.4657527e-01   1.9118757e-03
   2.3840000e+03   5.4834388e-01   8.8987782e-03
   2.3920000e+03   5.5741029e-01   1.8669998e-02
   2.4000000e+03   5.5458027e-01   1.0576982e-02
   2.4080000e+03   6.0528408e-01  -5.5856065e-03
   2.4160000e+03   5.9673749e-01  -6.0578400e-03
   2.4240000e+03   6.1179686e-01   4.2030546e-03
   2.4320000e+03   5.5963533e-01   1.2422476e-02
   2.4400000e+03   6.0076343e-01  -6.9846619e-03
   2.4480000e+03   5.7501522e-01  -5.8660044e-03
   2.4560000e+03   5.6878846e-01   2.0222792e-02
   2.4640000e+03   5.2782462e-01  -4.8323115e-04
   2.4720000e+03   5.8921992e-01  -6.8850937e-03
   2.4800000e+03   5.8343271e-01  -1.1353442e-02
   2.4880000e+03   5.7803158e-01   2.6716064e-02
   2.4960000e+03   5.8398714e-01   2.4079297e-02
   2.5040000e+03   5.8571406e-01   1.6273160e-02
   2.5120000e+03   5.6643493e-01  -2.2306375e-03
   2.5200000e+03   5.8113359e-01   1.8537746e-02
   2.5280000e+03   5.4848406e-01  -2.0449019e-03
   2.5360000e+03   5.8542550e-01  -9.6390433e-03
   2.5440000e+03   5.7281473e-01  -1.6230079e-02
   2.5520000e+03   5.7180284e-01  -6.6279814e-03
   2.5600000e+03   5.7957447e-01   1.3170372e-02
   2.5680000e+03   5.6637590e-01   5.7725286e-03
   2.5760000e+03   5.8330755e-01   2.6887922e-02
   2.5840000e+03   5.2192833e-01  -9.7371719e-03
   2.5920000e+03   5.5982972e-01  -1.5810076e-02
   2.6000000e+03   5.8709635e-01  -3.8896530e-02
   2.6080000e+03   6.4069509e-01  -2.2079068e-02
   2.6160000e+03   5.5528806e-01   1.1809322e-02
   2.6240000e+03   5.9342565e-01  -1.1243264e-02
   2.6320000e+03   5.4720292e-01  -4.7318394e-02
   2.6400000e+03   5.5315374e-01   1.2940433e-02
   2.6480000e+03   5.8954214e-01  -3.0126860e-02
   2.6560000e+03   5.7042592e-01  -5.5040928e-03
   2.6640000e+03   5.6521007e-01  -2.8785918e-02
   2.6720000e+03   5.7442639e-01   3.2162707e-02
   2.6800000e+03   5.4013198e-01  -2.0086494e-02
   2.6880000e+03   5.5463257e-01   1.7684786e-02
   2.6960000e+03   5.5304863e-01  -1.2963845e-02
   2.7040000e+03   5.9315569e-01  -3.7609677e-02
   2.7120000e+03   6.0642611e-01  -3.6939263e-03
   2.7200000e+03   5.9312026e-01  -5.3589536e-02
   2.7280000e+03   5.6963334e-01  -1.5959237e-02
   2.7360000e+03   5.6514712e-01   1.1067408e-02
   2.7440000e+03   5.5838293e-01  -1.2855178e-02
   2.7520000e+03   5.6377124e-01   1.8338211e-02
   2.7600000e+03   6.0533012e-01   2.1667310e-02
   2.7680000e+03   5.6647199e-01  -1.5346189e-03
   2.7760000e+03   5.5288189e-01  -1.7022226e-02
   2.7840000e+03   5.5394292e-01   1.7304435e-02
   2.7920000e+03   5.9327490e-01   2.9044927e-02
   2.8000000e+03   5.5684676e-01   2.5935814e-02
   2.8080000e+03   5.7280986e-01  -3.2198363e-03
   2.8160000e+03   5.7994469e-01   5.7382772e-02
   2.8240000e+03   5.8796969e-01   3.0536147e-02
   2.8320000e+03   5.8153956e-01   2.2194486e-02
   2.8400000e+03   5.7334845e-01   1.2133096e-02
   2.8480000e+03   5.7082438e-01  -1.1405295e-02
   2.8560000e+03   5.3847274e-01   1.3984483e-02
   2.8640000e+03   5.7404652e-01  -1.8903452e-02
   2.8720000e+03   6.0417682e-01  -2.2371214e-02
   2.8800000e+03   5.5103065e-01  -9.9238473e-03
   2.8880000e+03   5.6587960e-01   7.6116546e-03
   2.8960000e+03   5.7675872e-01   1.1023132e-02
   2.9040000e+03   5.9326106e-01  -1.7636497e-02
   2.9120000e+03   5.6593467e-01  -1.2733198e-02
   2.9200000e+03   6.1623520e-01   5.0144540e-02
   2.9280000e+03   5.6632606e-01  -1.0349842e-02
   2.9360000e+03   5.7233808e-01  -1.1997487e-02
   2.9440000e+03   5.4813094e-01  -2.7697618e-02
   2.9520000e+03   5.8362866e-01   1.8139578e-02
   2.9600000e+03   5.6273413e-01  -3.6628740e-02
   2.9680000e+03   5.6212732e-01  -3.0819401e-02
   2.9760000e+03   5.9760565e-01   5.7258820e-03
   2.9840000e+03   5.8652595e-01   1.3605210e-02
   2.9920000e+03   5.8278625e-01   5.8188149e-02
   3.0000000e+03   5.2197324e-01  -1.1886516e-02
   3.0080000e+03   5.9713309e-01  -9.9887779e-03
   3.0160000e+03   5.9243823e-01  -2.7060160e-02
   3.0240000e+03   5.5996952e-01   1.0569645e-02
   3.0320000e+03   5.3438487e-01   1.0947534e-02
   3.0400000e+03   5.9429056e-01  -1.5663278e-02
   3.0480000e+03   5.6378797e-01   6.1244257e-03
   3.0560000e+03   5.6015806e-01   1.1664494e-02
   3.0640000e+03   5.6210696e-01   6.2267759e-03
   3.0720000e+03   5.8511177e-01   1.2267657e-02
   3.0800000e+03   5.7515183e-01   1.3307041e-02
   3.0880000e+03   5.7473586e-01  -4.8695889e-03
   3.0960000e+03   5.5944279e-01  -1.9611089e-03
   3.1040000e+03   5.3433473e-01   2.1176591e-03
   3.1120000e+03   5.6208498e-01  -4.3448086e-02
   3.1200000e+03   5.6190949e-01   2.1960588e-02
   3.1280000e+03   5.4657425e-01   2.1745166e-03
   3.1360000e+03   5.5874874e-01   4.7575490e-02
   3.1440000e+03   5.2799889e-01  -1.6120857e-02
   3.1520000e+03   5.9526595e-01  -2.4350587e-02
   3.1600000e+03   5.6190033e-01  -3.1217583e-02
   3.1680000e+03   5.9652008e-01  -3.2272563e-02
   3.1760000e+03   5.6378040e-01  -2.8505281e-02
   3.1840000e+03   5.6628849e-01  -2.9675701e-02
   3.1920000e+03   5.9266429e-01   2.8003478e-02
   3.2000000e+03   5.1251531e-01   1.3144882e-02
   3.2080000e+03   5.5792186e-01   2.3145687e-02
   3.2160000e+03   5.2878697e-01  -6.6544034e-03
   3.2240000e+03   5.2956959e-01   2.5901737e-02
   3.2320000e+03   5.7545277e-01   5.9829249e-03
   3.2400000e+03   5.7133981e-01   4.5057122e-03
   3.2480000e+03   5.5265202e-01  -4.6701109e-02
   3.2560000e+03   5.6195778e-01   5.2093092e-04
   3.2640000e+03   5.6667540e-01   2.4695782e-03
   3.2720000e+03   5.0845459e-01   3.9438057e-02
   3.2800000e+03   5.3820934e-01   1.7487092e-02
   3.2880000e+03   5.5481174e-01   1.7725812e-02
   3.2960000e+03   5.5175292e-01  -6.9914617e-03
   3.3040000e+03   5.5354711e-01  -2.8643842e-02
   3.3120000e+03   5.4771002e-01   1.9595065e-02
   3.3200000e+03   5.3215956e-01   7.9390430e-03
   3.3280000e+03   5.6275229e-01  -9.4579417e-03
   3.3360000e+03   5.7197450e-01  -3.6882932e-02
   3.3440000e+03   5.4703016e-01  -2.0710145e-02
   3.3520000e+03   5.6447071e-01  -1.0447484e-02
   3.3600000e+03   5.6384435e-01  -1.0892352e-02
   3.3680000e+03   5.2853470e-01   1.5259896e-02
   3.3760000e+03   5.5603451e-01   3.1547902e-02
   3.3840000e+03   6.0943719e-01  -2.2730552e-02
   3.3920000e+03   5.8547489e-01   7.4941529e-03
   3.4000000e+03   5.3201911e-01   1.5268249e-02
   3.4080000e+03   5.4251384e-01   3.7661877e-02
   3.4160000e+03   5.5290792e-01   2.7839006e-03
   3.4240000e+03   5.4627204e-01  -9.2210842e-03
   3.4320000e+03   5.1916796e-01  -2.0217064e-02
   3.4400000e+03   5.8899681e-01   2.7544780e-02
   3.4480000e+03   5.8242536e-01   8.6994469e-03
   3.4560000e+03   5.4385524e-01   2.3402385e-02
   3.4640000e+03   5.7201795e-01   2.2653896e-02
   3.4720000e+03   5.4428629e-01   1.5013692e-02
   3.4800000e+03   5.4839748e-01  -3.4722303e-02
   3.4880000e+03   5.2107654e-01   1.0971032e-02
   3.4960000e+03   5.5606659e-01   1.4400329e-02
   3.5040000e+03   5.7581739e-01  -6.2428843e-03
   3.5120000e+03   5.3837313e-01   1.2756729e-02
   3.5200000e+03   5.2536746e-01  -1.0501144e-02
   3.5280000e+03   5.3646878e-01  -2.8664651e-03
   3.5360000e+03   5.4041537e-01   3.5505393e-02
   3.5440000e+03   6.0631671e-01   1.9462168e-02
   3.5520000e+03   5.1299644e-01  -2.3373909e-03
   3.5600000e+03   5.3716962e-01  -6.9403624e-03
   3.5680000e+03   5.4809577e-01  -3.5460844e-02
   3.5760000e+03   5.4134999e-01   1.9619420e-02
   3.5840000e+03   5.4656388e-01  -1.2311039e-03
   3.5920000e+03   5.4623732e-01  -2.3883726e-02
   3.6000000e+03   4.9974678e-01   1.3103546e-02
   3.6080000e+03   5.6030207e-01  -9.2895570e-03
   3.6160000e+03   5.4799198e-01   4.1287619e-02
   3.6240000e+03   5.2261792e-01  -2.4491563e-02
   3.6320000e+03   5.8042419e-01   1.7541577e-03
   3.6400000e+03   5.6086181e-01   1.2659631e-02
   3.6480000e+03   5.5036476e-01   4.9289187e-02
   3.6560000e+03   5.6025048e-01  -1.6001248e-02
   3.6640000e+03   5.6953541e-01   2.3083780e-02
   3.6720000e+03   5.5034727e-01   6.0698052e-02
   3.6800000e+03   5.6359776e-01   9.8992316e-03
   3.6880000e+03   5.8315564e-01  -2.8128918e-03
   3.6960000e+03   5.2748638e-01  -1.3235757e-02
   3.7040000e+03   5.6384805e-01   3.3527547e-03
   3.7120000e+03   5.5000121e-01  -6.1619888e-03
   3.7200000e+03   5.6304455e-01   4.3327078e-03
   3.7280000e+03   5.5290473e-01   2.1501875e-02
   3.7360000e+03   5.4927315e-01   6.0185717e-02
   3.7440000e+03   5.4196192e-01   3.8215669e-02
   3.7520000e+03   5.6404893e-01  -9.8747327e-03
   3.7600000e+03   5.4549163e-01   2.9747785e-02
   3.7680000e+03   5.1998136e-01   2.2672315e-03
   3.7760000e+03   5.5659604e-01  -4.4018623e-02
   3.7840000e+03   5.1864472e-01   2.6531753e-02
   3.7920000e+03   5.2831285e-01   3.3214920e-03
   3.8000000e+03   5.1745400e-01  -1.7602063e-02
   3.8080000e+03   5.3673081e-01  -8.6276754e-03
   3.8160000e+03   5.1687006e-01  -3.6816989e-02
   3.8240000e+03   4.9222916e-01  -1.4141616e-03
   3.8320000e+03   5.2398607e-01  -3.4791298e-02
   3.8400000e+03   5.4667462e-01   2.4306421e-02
   3.8480000e+03   5.6826769e-01   1.5640340e-02
   3.8560000e+03   5.6721470e-01   6.3007393e-03
   3.8640000e+03   5.4784306e-01   5.0673329e-04
   3.8720000e+03   5.7413835e-01   1.3739070e-03
   3.8800000e+03   5.2835019e-01   2.1372980e-02
   3.8880000e+03   5.6525213e-01  -1.1597516e-02
   3.8960000e+03   5.8388401e-01  -1.0706648e-02
   3.9040000e+03   5.6228583e-01   3.7607632e-03
   3.9120000e+03   5.4140574e-01  -7.7731728e-03
   3.9200000e+03   5.3968596e-01  -3.8129587e-02
   3.9280000e+03   5.7171368e-01   3.2008194e-02
   3.9360000e+03   5.1552569e-01  -1.1460084e-03
   3.9440000e+03   4.9820986e-01   2.1866304e-04
   3.9520000e+03   5.5827290e-01   8.1817597e-03
   3.9600000e+03   5.5991193e-01  -3.2078200e-02
   3.9680000e+03   5.1854148e-01   7.3866229e-03
   3.9760000e+03   5.5944971e-01   2.1436200e-02
   3.9840000e+03   5.2816945e-01   1.7998544e-03
   3.9920000e+03   5.2715508e-01   2.1924504e-02
   4.0000000e+03   5.7652502e-01   1.5899571e-02
   4.0080000e+03   5.4353834e-01  -3.7872688e-03
   4.0160000e+03   5.0060226e-01   2.4320802e-02
   4.0240000e+03   5.5472604e-01  -2.3979959e-03
   4.0320000e+03   5.1672621e-01   1.5376176e-02
   4.0400000e+03   5.3742896e-01   1.6493211e-02
   4.0480000e+03   5.4743205e-01  -2.5141620e-02
   4.0560000e+03   5.2620985e-01  -1.6209001e-02
   4.0640000e+03   5.1782426e-01  -1.2711773e-02
   4.0720000e+03   5.4010091e-01   2.7637945e-02
   4.0800000e+03   5.1371921e-01   1.7025574e-02
   4.0880000e+03   5.3299469e-01  -1.7342260e-02
   4.0960000e+03   5.4860642e-01   2.4322775e-02
   4.1040000e+03   5.0201916e-01  -1.6154095e-02
   4.1120000e+03   5.1133333e-01   1.5809038e-02
   4.1200000e+03   5.4115856e-01   2.8042548e-02
   4.1280000e+03   5.3981612e-01  -3.5243263e-02
   4.1360000e+03   5.5556124e-01  -1.0703647e-02
   4.1440000e+03   5.8789806e-01   1.9115612e-03
   4.1520000e+03   5.2859415e-01   1.8064548e-02
   4.1600000e+03   5.2763955e-01   4.7531898e-02
   4.1680000e+03   5.4702164e-01   2.5582308e-02
   4.1760000e+03   5.4727140e-01  -2.8487262e-03
   4.1840000e+03   5.3053509e-01   2.6927902e-03
   4.1920000e+03   4.8929539e-01   2.6859832e-03
   4.2000000e+03   5.0535736e-01   1.4482881e-02
   4.2080000e+03   5.1958073e-01   3.4710755e-02
   4.2160000e+03   5.7719449e-01  -3.9192706e-02
   4.2240000e+03   5.3212258e-01   1.4292470e-02
   4.2320000e+03   5.1950916e-01   1.9435542e-02
   4.2400000e+03   5.0858803e-01  -7.5678153e-03
   4.2480000e+03   4.8935195e-01  -1.0893666e-02
   4.2560000e+03   5.0488791e-01  -8.5529278e-03
   4.2640000e+03   5.4211834e-01   2.2550320e-02
   4.2720000e+03   5.1144843e-01   1.2711668e-02
   4.2800000e+03   5.6231083e-01  -2.5806292e-03
   4.2880000e+03   5.5042582e-01  -3.7124110e-02
   4.2960000e+03   5.6477830e-01  -2.8954096e-02
   4.3040000e+03   5.3487566e-01   8.7407586e-03
   4.3120000e+03   5.0594279e-01  -3.0320646e-02
   4.3200000e+03   5.4154108e-01  -5.8229563e-03
   4.3280000e+03   5.0362705e-01  -2.6093627e-02
   4.3360000e+03   5.2483077e-01   2.0879151e-02
   4.3440000e+03   5.1324645e-01   2.1474217e-02
   4.3520000e+03   5.0690029e-01   1.4029220e-03
   4.3600000e+03   4.9825120e-01   2.1589775e-03
   4.3680000e+03   5.6738086e-01   1.8466127e-02
   4.3760000e+03   5.4032024e-01  -4.6151108e-04
   4.3840000e+03   5.5508215e-01  -1.5043489e-02
   4.3920000e+03   5.0294787e-01  -2.1577230e-02
   4.4000000e+03   5.1938313e-01  -1.1999489e-02
   4.4080000e+03   5.4561763e-01   1.9419129e-02
   4.4160000e+03   5.4034266e-01   1.5885808e-03
   4.4240000e+03   5.6163434e-01   2.5739467e-02
   4.4320000e+03   5.5905179e-01  -1.8419427e-02
   4.4400000e+03   5.4326140e-01  -4.2883517e-03
   4.4480000e+03   5.2887408e-01  -8.1529789e-03
   4.4560000e+03   5.5209966e-01  -2.6367668e-02
   4.4640000e+03   5.1759062e-01   9.2258460e-03
   4.4720000e+03   5.4409023e-01  -7.7229446e-02
   4.4800000e+03   5.2591713e-01   1.7687611e-03
   4.4880000e+03   5.2545958e-01  -1.4502653e-02
   4.4960000e+03   5.1451069e-01  -1.4374363e-02
   4.5040000e+03   4.9955398e-01   1.0990754e-02
   4.5120000e+03   5.5216152e-01   1.6591332e-02
   4.5200000e+03   4.5650252e-01  -1.1808087e-02
   4.5280000e+03   4.8563234e-01  -4.5911274e-04
   4.5360000e+03   5.0610317e-01   1.5398758e-02
   4.5440000e+03   5.3450807e-01   1.7125517e-02
   4.5520000e+03   5.5505147e-01   6.9238291e-03
   4.5600000e+03   5.5172195e-01  -5.4435619e-02
   4.5680000e+03   5.2284621e-01   1.2461290e-02
   4.5760000e+03   5.3083173e-01  -4.0604205e-03
   4.5840000e+03   5.6758108e-01  -4.4584469e-02
   4.5920000e+03   4.8805737e-01   9.1745587e-03
   4.6000000e+03   4.7029695e-01   1.1786190e-02
   4.6080000e+03   5.3785773e-01  -1.5962312e-02
   4.6160000e+03   5.2965209e-01   8.4097994e-03
   4.6240000e+03   4.9308611e-01   6.3000814e-03
   4.6320000e+03   5.2038810e-01  -1.2347493e-02
   4.6400000e+03   5.5270462e-01  -1.2033281e-02
   4.6480000e+03   5.2944085e-01  -2.1137015e-02
   4.6560000e+03   5.3901912e-01   1.0730534e-04
   4.6640000e+03   5.1092305e-01  -1.0709403e-02
   4.6720000e+03   5.4329525e-01  -1.7627506e-03
   4.6800000e+03   5.2025327e-01  -1.0907436e-02
   4.6880000e+03   5.3766481e-01   1.7614069e-03
   4.6960000e+03   4.7725206e-01   2.8578256e-02
   4.7040000e+03   5.1833496e-01   1.1041019e-02
   4.7120000e+03   4.9062137e-01   1.4669324e-02
   4.7200000e+03   4.9951059e-01  -4.6714169e-03
   4.7280000e+03   5.1161186e-01   1.6607285e-02
   4.7360000e+03   5.3831290e-01   1.0823198e-02
   4.7440000e+03   4.9625278e-01  -3.7989695e-03
   4.7520000e+03   5.3309354e-01   1.1251449e-02
   4.7600000e+03   4.8654649e-01   4.9189331e-03
   4.7680000e+03   5.4095544e-01  -3.5356471e-03
   4.7760000e+03   5.1723098e-01  -1.7705160e-02
   4.7840000e+03   5.3100999e-01  -3.4088979e-02
   4.7920000e+03   5.0071833e-01  -3.5147931e-02
   4.8000000e+03   5.1868363e-01   2.8797377e-02
   4.8080000e+03   5.1632213e-01  -1.9599079e-02
   4.8160000e+03   5.2971681e-01   4.7631183e-02
   4.8240000e+03   5.5947590e-01  -7.8015289e-03
   4.8320000e+03   5.1374625e-01   3.8577275e-02
   4.8400000e+03   5.1056225e-01  -1.7399424e-02
   4.8480000e+03   5.2197631e-01   8.5305544e-03
   4.8560000e+03   5.1573631e-01   2.5455083e-02
   4.8640000e+03   5.6846427e-01   1.1197707e-02
   4.8720000e+03   5.4091961e-01   1.5756477e-02
   4.8800000e+03   4.7751210e-01  -2.3378394e-04
   4.8880000e+03   5.0508897e-01  -3.2517719e-03
   4.8960000e+03   4.9821018e-01  -2.4325312e-02
   4.9040000e+03   5.0744725e-01   1.4363885e-02
   4.9120000e+03   4.9260582e-01   2.5068038e-02
   4.9200000e+03   5.5081592e-01  -1.6338616e-02
   4.9280000e+03   5.5020538e-01   1.0428814e-02
   4.9360000e+03   5.3298715e-01  -1.5416858e-02
   4.9440000e+03   5.1308143e-01   4.3224311e-03
   4.9520000e+03   4.5548341e-01  -6.0979848e-03
   4.9600000e+03   5.4202973e-01  -1.6396125e-02
   4.9680000e+03   5.0878037e-01  -4.3452956e-02
   4.9760000e+03   5.2158494e-01  -1.1872523e-02
   4.9840000e+03   4.7998057e-01  -8.6777218e-03
   4.9920000e+03   5.2141994e-01  -7.5851539e-03
   5.0000000e+03   4.7287791e-01  -2.0231534e-02
   5.0080000e+03   5.3605776e-01   1.1054793e-04
   5.0160000e+03   5.4293833e-01   5.2847183e-03
   5.0240000e+03   5.0861625e-01  -2.1520023e-03
   5.0320000e+03   4.9489270e-01   1.1866081e-02
   5.0400000e+03   5.1727468e-01  -5.8890153e-03
   5.0480000e+03   5.1526973e-01   3.1108782e-02
   5.0560000e+03   4.6901070e-01   9.1715755e-03
   5.0640000e+03   4.9289172e-01  -1.1342969e-02
   5.0720000e+03   5.1396007e-01  -2.9004313e-02
   5.0800000e+03   5.1592137e-01   5.4393158e-02
   5.0880000e+03   5.0334553e-01  -1.3791196e-03
   5.0960000e+03   5.0503247e-01  -1.7009815e-04
   5.1040000e+03   5.1362632e-01  -6.8904601e-03
   5.1120000e+03   4.8130587e-01  -1.7129558e-02
   5.1200000e+03   4.9984317e-01   3.2856732e-02
   5.1280000e+03   5.3563642e-01   4.1425204e-02
   5.1360000e+03   5.1116193e-01   2.1436745e-02
   5.1440000e+03   5.1186046e-01   5.0816941e-03
   5.1520000e+03   5.1225368e-01   2.2181085e-02
   5.1600000e+03   5.0993964e-01  -3.8781904e-02
   5.1680000e+03   5.1419525e-01  -1.3726804e-02
   5.1760000e+03   5.1295189e-01   1.2301612e-02
   5.1840000e+03   5.1437555e-01   1.1978215e-03
   5.1920000e+03   5.3538470e-01  -1.9462127e-02
   5.2000000e+03   5.0120364e-01   5.4469015e-03
   5.2080000e+03   4.9948888e-01  -7.2421216e-03
   5.2160000e+03   5.0796013e-01   5.0286189e-03
   5.2240000e+03   4.9719114e-01   2.6414543e-04
   5.2320000e+03   5.2239512e-01   3.9422397e-03
   5.2400000e+03   5.0487402e-01  -5.0742897e-02
   5.2480000e+03   4.8251747e-01  -3.9706334e-02
   5.2560000e+03   5.0901060e-01  -1.6828049e-02
   5.2640000e+03   4.8802180e-01  -2.3815220e-03
   5.2720000e+03   5.1717931e-01   3.6925962e-02
   5.2800000e+03   5.6581352e-01  -3.1029773e-03
   5.2880000e+03   5.4212655e-01  -3.4182690e-02
   5.2960000e+03   4.6680146e-01  -1.8279430e-02
   5.3040000e+03   5.3400926e-01   1.4446057e-02
   5.3120000e+03   5.0005763e-01   1.6995020e-03
   5.3200000e+03   4.9654600e-01   2.6978527e-02
   5.3280000e+03   5.3437356e-01  -4.5050445e-03
   5.3360000e+03   5.0741685e-01   1.5047618e-02
   5.3440000e+03   5.0990759e-01  -3.3991728e-02
   5.3520000e+03   5.2226087e-01   2.1131726e-02
   5.3600000e+03   4.7913873e-01   1.6216354e-02
   5.3680000e+03   4.8693635e-01   9.7565854e-03
   5.3760000e+03   5.0646528e-01   3.3605038e-02
   5.3840000e+03   5.0287125e-01   2.7143702e-02
   5.3920000e+03   4.8939600e-01   4.5091134e-02
   5.4000000e+03   5.0228772e-01  -3.7786791e-02
   5.4080000e+03   5.1290583e-01  -3.9133009e-02
   5.4160000e+03   4.6662311e-01  -1.6572171e-02
   5.4240000e+03   5.1733579e-01  -7.7459113e-03
   5.4320000e+03   4.7221173e-01  -3.0457879e-02
   5.4400000e+03   5.1505342e-01   2.5831656e-02
   5.4480000e+03   5.4377192e-01  -8.7604370e-03
   5.4560000e+03   5.1678080e-01  -5.2685459e-03
   5.4640000e+03   5.2758991e-01   1.1228347e-02
   5.4720000e+03   5.1519692e-01   3.0809329e-02
   5.4800000e+03   4.7617606e-01  -8.3495767e-03
   5.4880000e+03   4.7699744e-01  -2.5386152e-02
   5.4960000e+03   5.0708634e-01   1.2614955e-02
   5.5040000e+03   4.8620656e-01   3.0202468e-03
   5.5120000e+03   4.9891428e-01   1.4003355e-02
   5.5200000e+03   4.8713850e-01  -2.2809245e-02
   5.5280000e+03   5.2287100e-01  -1.4131934e-03
   5.5360000e+03   4.6249928e-01   4.7979227e-03
   5.5440000e+03   4.9749681e-01  -1.6769372e-03
   5.5520000e+03   5.1597605e-01   1.7878439e-02
   5.5600000e+03   5.1546968e-01  -7.2803645e-03
   5.5680000e+03   5.3569817e-01  -5.9564000e-03
   5.5760000e+03   5.2478498e-01  -2.1935045e-02
   5.5840000e+03   4.8627714e-01   9.6558891e-03
   5.5920000e+03   5.2242409e-01  -2.1190671e-02
   5.6000000e+03   5.1061090e-01  -3.4587958e-04
   5.6080000e+03   4.8886535e-01  -4.9076327e-02
   5.6160000e+03   4.8768728e-01   2.0344625e-02
   5.6240000e+03   4.7492862e-01  -2.1502142e-02
   5.6320000e+03   5.2535507e-01   6.4914829e-03
   5.6400000e+03   4.6156281e-01   1.4906747e-02
   5.6480000e+03   4.8597595e-01  -1.1421894e-02
   5.6560000e+03   5.1110312e-01   3.9975162e-02
   5.6640000e+03   4.9104038e-01  -2.0909571e-03
   5.6720000e+03   4.8078395e-01   3.6225802e-03
   5.6800000e+03   5.0606695e-01  -9.7112728e-03
   5.6880000e+03   4.8247994e-01  -7.8487346e-03
   5.6960000e+03   4.3483908e-01   1.9094911e-02
   5.7040000e+03   4.8820066e-01   5.2691864e-03
   5.7120000e+03   4.6852575e-01  -6.4805424e-03
   5.7200000e+03   4.6209793e-01  -1.9577408e-02
   5.7280000e+03   4.9400858e-01   3.9671856e-02
   5.7360000e+03   5.2165906e-01  -3.1011130e-02
   5.7440000e+03   4.9829706e-01   2.2383583e-02
   5.7520000e+03   4.7109792e-01   3.4674690e-02
   5.7600000e+03   4.9455476e-01  -6.3932736e-03
   5.7680000e+03   4.9922672e-01   2.1937098e-02
   5.7760000e+03   4.9406201e-01   2.9428698e-02
   5.7840000e+03   5.2231644e-01   3.1003449e-02
   5.7920000e+03   4.5526178e-01   5.1573955e-02
   5.8000000e+03   5.1850326e-01   1.5554668e-02
   5.8080000e+03   5.0812012e-01   1.5470070e-02
   5.8160000e+03   4.9132795e-01  -1.7979610e-02
   5.8240000e+03   5.0025227e-01  -7.3488026e-03
   5.8320000e+03   4.8158445e-01  -1.2852418e-02
   5.8400000e+03   4.8357214e-01  -1.3839398e-02
   5.8480000e+03   4.6727495e-01   6.5514323e-03
   5.8560000e+03   5.0038117e-01  -2.3741963e-02
   5.8640000e+03   4.8608224e-01  -9.6736502e-03
   5.8720000e+03   4.9191997e-01   1.1143293e-02
   5.8800000e+03   4.9960548e-01  -3.2365038e-03
   5.8880000e+03   4.7339492e-01   3.5333193e-02
   5.8960000e+03   4.8412613e-01   7.3470111e-03
   5.9040000e+03   4.5656266e-01   4.1775764e-03
   5.9120000e+03   4.7992327e-01  -3.3892455e-03
   5.9200000e+03   4.9395189e-01   2.6569434e-02
   5.9280000e+03   4.7121171e-01  -1.7915062e-02
   5.9360000e+03   5.0077669e-01  -4.7722830e-02
   5.9440000e+03   4.6910534e-01  -1.0471534e-02
   5.9520000e+03   4.9510945e-01   2.3523665e-03
   5.9600000e+03   4.9425504e-01  -5.7194352e-03
   5.9680000e+03   5.5259205e-01  -1.0229144e-02
   5.9760000e+03   5.1220466e-01   6.7809360e-03
   5.9840000e+03   4.7378331e-01  -1.8950968e-02
   5.9920000e+03   4.9610460e-01  -2.6205552e-04
   6.0000000e+03   4.3361880e-01   1.5948032e-02
