   0.0000000e+00   9.1889706e-01   1.3509321e-04
   8.0000000e+00   9.2562643e-01  -1.4527385e-03
   1.6000000e+01   9.2689181e-01  -8.4096530e-03
   2.4000000e+01   9.4138666e-01   4.2673066e-03
   3.2000000e+01   9.3515297e-01   4.0971573e-03
   4.0000000e+01   9.5609518e-01   2.6302449e-04
   4.8000000e+01   9.6503168e-01   3.5788076e-03
   5.6000000e+01   9.6941801e-01   4.2792474e-03
   6.4000000e+01   9.7174603e-01  -8.4988486e-03
   7.2000000e+01   9.7963675e-01  -1.5342945e-03
   8.0000000e+01   9.9241110e-01  -1.9143354e-03
   8.8000000e+01   9.8986679e-01   9.7591837e-03
   9.6000000e+01   1.0030053e+00  -2.1078398e-03
   1.0400000e+02   9.9384442e-01  -4.7528031e-03
   1.1200000e+02   1.0007973e+00   8.5123906e-03
   1.2000000e+02   9.9203787e-01   3.2917832e-04
   1.2800000e+02   9.8468500e-01   4.7087440e-03
   1.3600000e+02   9.9247282e-01   2.5991718e-04
   1.4400000e+02   9.8590939e-01   7.0912610e-05
   1.5200000e+02   9.8395805e-01   9.8062231e-04
   1.6000000e+02   9.7460347e-01   3.6956266e-03
   1.6800000e+02   9.6839435e-01  -1.0842321e-03
   1.7600000e+02   9.5996088e-01  -3.1676427e-03
   1.8400000e+02   9.6132833e-01  -1.0444904e-03
   1.9200000e+02   9.4956147e-01   2.0396474e-04
   2.0000000e+02   9.4210424e-01   3.9498637e-03
   2.0800000e+02   9.3429477e-01  -7.5736816e-03
   2.1600000e+02   9.2433955e-01  -3.5692241e-03
   2.2400000e+02   9.2117667e-01  -4.0743915e-03
   2.3200000e+02   9.1313921e-01   2.3795717e-03
   2.4000000e+02   8.9247933e-01   1.3107624e-03
   2.4800000e+02   8.9639127e-01  -1.0359554e-03
   2.5600000e+02   8.8387614e-01   7.2133808e-04
   2.6400000e+02   8.7370069e-01   3.9402848e-04
   2.7200000e+02   8.7084405e-01  -1.7644629e-03
   2.8000000e+02   8.6686547e-01  -2.6003277e-03
   2.8800000e+02   8.4359234e-01   8.6334226e-03
   2.9600000e+02   8.4930176e-01  -6.2417074e-03
   3.0400000e+02   8.4600809e-01   3.4242121e-03
   3.1200000e+02   8.3021356e-01   7.4835963e-03
   3.2000000e+02   8.3238811e-01  -3.4642481e-03
   3.2800000e+02   8.1878336e-01   5.4241812e-03
   3.3600000e+02   8.1911457e-01  -5.0673329e-04
   3.4400000e+02   8.1641680e-01   4.9508678e-03
   3.5200000e+02   8.0372922e-01   2.7458450e-03
   3.6000000e+02   7.9491923e-01  -8.6872794e-03
   3.6800000e+02   7.9118579e-01  -2.6800159e-03
   3.7600000e+02   7.8498167e-01   2.4110088e-03
   3.8400000e+02   7.8484823e-01   8.9499740e-04
   3.9200000e+02   7.7904660e-01  -4.5754590e-03
   4.0000000e+02   7.7767298e-01   4.3175054e-04
   4.0800000e+02   7.9128933e-01   7.0719310e-03
   4.1600000e+02   7.7492843e-01  -7.5183092e-03
   4.2400000e+02   7.6549450e-01   2.9985685e-03
   4.3200000e+02   7.6779581e-01  -4.7880310e-03
   4.4000000e+02   7.7162063e-01  -7.2757808e-03
   4.4800000e+02   7.6787566e-01  -7.1308028e-03
   4.5600000e+02   7.5840933e-01   3.8661061e-03
   4.6400000e+02   7.5778430e-01  -6.2198941e-03
   4.7200000e+02   7.6000336e-01   4.5998681e-03
   4.8000000e+02   7.4769971e-01   4.8549725e-03
   4.8800000e+02   7.6184739e-01  -2.0498670e-03
   4.9600000e+02   7.5511522e-01  -4.7279723e-03
   5.0400000e+02   7.3796504e-01   6.0184432e-03
   5.1200000e+02   7.4808633e-01  -2.8194044e-03
   5.2000000e+02   7.5123130e-01  -6.8626764e-03
   5.2800000e+02   7.5412791e-01   5.8712381e-03
   5.3600000e+02   7.4399669e-01   9.7636666e-03
   5.4400000e+02   7.4738893e-01  -1.3029442e-02
   5.5200000e+02   7.4319215e-01   4.9385539e-03
   5.6000000e+02   7.3332350e-01   5.5866772e-03
   5.6800000e+02   7.3653231e-01  -3.3329498e-05
   5.7600000e+02   7.3960059e-01   1.7914980e-03
   5.8400000e+02   7.4319315e-01   2.7844044e-03
   5.9200000e+02   7.3347954e-01  -7.3882598e-03
   6.0000000e+02   7.3912824e-01  -1.4491681e-03
   6.0800000e+02   7.5194994e-01   4.1331441e-04
   6.1600000e+02   7.4410445e-01   9.5626743e-03
   6.2400000e+02   7.3926988e-01  -1.2128487e-03
   6.3200000e+02   7.3394168e-01  -3.9180799e-03
   6.4000000e+02   7.3198034e-01  -5.8041895e-03
   6.4800000e+02   7.4018728e-01  -5.7239882e-03
   6.5600000e+02   7.3473652e-01   8.7460396e-04
   6.6400000e+02   7.3599417e-01   9.8390290e-03
   6.7200000e+02   7.4095562e-01   2.2734971e-03
   6.8000000e+02   7.3176717e-01   7.0333108e-03
   6.8800000e+02   7.4176246e-01   4.5545934e-03
   6.9600000e+02   7.3500804e-01  -2.6948317e-03
   7.0400000e+02   7.3681481e-01  -3.0274901e-03
   7.1200000e+02   7.2885508e-01  -1.4819841e-03
   7.2000000e+02   7.3442710e-01   2.3302904e-03
   7.2800000e+02   7.4055195e-01   3.1712586e-05
   7.3600000e+02   7.3500868e-01   5.6231803e-03
   7.4400000e+02   7.2653244e-01  -8.7875860e-04
   7.5200000e+02   7.2742317e-01  -4.9100244e-04
   7.6000000e+02   7.3585308e-01   1.7712839e-03
   7.6800000e+02   7.2229725e-01   2.2176478e-03
   7.7600000e+02   7.3466793e-01   8.6636047e-04
   7.8400000e+02   7.3034750e-01  -7.1779032e-04
   7.9200000e+02   7.3686311e-01  -1.0282667e-02
   8.0000000e+02   7.2856864e-01   4.5831055e-03
   8.0800000e+02   7.2785037e-01   1.7099394e-03
   8.1600000e+02   7.3230716e-01  -2.7090739e-03
   8.2400000e+02   7.3732353e-01   7.3908512e-03
   8.3200000e+02   7.3267622e-01  -7.4578635e-03
   8.4000000e+02   7.2936557e-01   3.8671642e-04
   8.4800000e+02   7.3483612e-01  -2.5226298e-04
   8.5600000e+02   7.2054060e-01   5.7400605e-03
   8.6400000e+02   7.2505436e-01   1.4737169e-03
   8.7200000e+02   7.2254262e-01   2.9249835e-03
   8.8000000e+02   7.1584299e-01   1.3193329e-03
   8.8800000e+02   7.1713725e-01   5.2078787e-04
   8.9600000e+02   7.2879178e-01  -1.7794619e-03
   9.0400000e+02   7.2656322e-01   5.1494188e-03
   9.1200000e+02   7.3104403e-01  -1.9741801e-03
   9.2000000e+02   7.1707344e-01   4.5488151e-03
   9.2800000e+02   7.1740256e-01  -8.1345048e-03
   9.3600000e+02   7.1166419e-01  -6.0338663e-04
   9.4400000e+02   7.2475914e-01   4.6091316e-03
   9.5200000e+02   7.3109650e-01   2.3791944e-03
   9.6000000e+02   7.2239769e-01  -6.7462558e-03
   9.6800000e+02   7.2031291e-01  -2.1524958e-03
   9.7600000e+02   7.0074986e-01   1.4269287e-03
   9.8400000e+02   7.1504984e-01   5.7091223e-03
   9.9200000e+02   7.1801481e-01   7.4272944e-03
   1.0000000e+03   7.1529162e-01   6.9033836e-04
   1.0080000e+03   7.1451378e-01   4.1917151e-03
   1.0160000e+03   7.1847971e-01  -4.5280555e-03
   1.0240000e+03   7.0378340e-01   5.3391969e-03
   1.0320000e+03   7.1971562e-01   7.5172874e-03
   1.0400000e+03   7.0766479e-01  -6.7076200e-03
   1.0480000e+03   7.1206200e-01   4.1898460e-03
   1.0560000e+03   7.1052162e-01  -3.6261051e-03
   1.0640000e+03   7.0771576e-01  -3.4612874e-03
   1.0720000e+03   7.1186565e-01  -7.8066006e-03
   1.0800000e+03   7.0958656e-01   2.0839480e-03
   1.0880000e+03   7.0233101e-01  -8.5224571e-04
   1.0960000e+03   7.0043589e-01   3.8341736e-03
   1.1040000e+03   6.9821597e-01   4.1435185e-03
   1.1120000e+03   6.9025386e-01   1.5678787e-03
   1.1200000e+03   7.0153955e-01  -1.2775024e-03
   1.1280000e+03   7.0065702e-01   8.9312764e-04
   1.1360000e+03   7.0361560e-01  -4.0550525e-03
   1.1440000e+03   7.0424021e-01  -5.8827666e-03
   1.1520000e+03   6.9614906e-01  -2.9578703e-03
   1.1600000e+03   6.9908223e-01  -1.0910567e-02
   1.1680000e+03   6.8825091e-01   3.8152234e-03
   1.1760000e+03   6.9553260e-01   6.5550509e-03
   1.1840000e+03   6.9716908e-01  -3.0346651e-03
   1.1920000e+03   6.9137478e-01   4.8540683e-03
   1.2000000e+03   6.9336519e-01   6.6981597e-03
   1.2080000e+03   6.9494990e-01   4.9792406e-03
   1.2160000e+03   7.0470809e-01   2.7358548e-03
   1.2240000e+03   6.9331829e-01  -6.8599560e-03
   1.2320000e+03   6.8990660e-01  -1.3722059e-03
   1.2400000e+03   6.9053332e-01   1.2491029e-03
   1.2480000e+03   6.9664202e-01  -9.0392154e-04
   1.2560000e+03   6.8423769e-01  -4.8798688e-03
   1.2640000e+03   6.9145824e-01  -9.7221622e-04
   1.2720000e+03   6.7985863e-01  -6.1403996e-03
   1.2800000e+03   6.9699995e-01   4.4997191e-04
   1.2880000e+03   6.7630343e-01   2.1020737e-03
   1.2960000e+03   6.8492093e-01  -3.4025410e-04
   1.3040000e+03   6.8774258e-01  -7.6690966e-04
   1.3120000e+03   6.7925979e-01  -2.1409903e-03
   1.3200000e+03   6.7977157e-01   6.3184887e-03
   1.3280000e+03   6.8521718e-01  -1.5140921e-03
   1.3360000e+03   6.7724827e-01   8.1549889e-03
   1.3440000e+03   6.7800855e-01   8.9088357e-03
   1.3520000e+03   6.8503492e-01  -9.8848679e-03
   1.3600000e+03   6.8500210e-01  -1.4386058e-03
   1.3680000e+03   6.7798345e-01   1.1208138e-02
   1.3760000e+03   6.7958158e-01  -1.0262988e-02
   1.3840000e+03   6.8979318e-01  -4.9632225e-04
   1.3920000e+03   6.8224723e-01   3.5545530e-03
   1.4000000e+03   6.7674810e-01  -4.0930491e-03
   1.4080000e+03   6.8608839e-01   1.1921875e-02
   1.4160000e+03   6.7213438e-01  -1.9372324e-03
   1.4240000e+03   6.7522083e-01   2.0981341e-03
   1.4320000e+03   6.6882612e-01  -7.6866967e-03
   1.4400000e+03   6.8031950e-01  -1.7497842e-03
   1.4480000e+03   6.6785102e-01  -2.4657103e-03
   1.4560000e+03   6.7866203e-01   3.4449046e-03
   1.4640000e+03   6.6397846e-01   1.8895694e-03
   1.4720000e+03   6.7681716e-01   3.3999719e-03
   1.4800000e+03   6.7404349e-01  -1.0820027e-03
   1.4880000e+03   6.7714518e-01  -1.8015452e-04
   1.4960000e+03   6.6477422e-01  -2.2082536e-03
   1.5040000e+03   6.6637707e-01  -2.6498213e-03
   1.5120000e+03   6.6926793e-01   2.0683199e-03
   1.5200000e+03   6.6894315e-01  -1.4560390e-03
   1.5280000e+03   6.6512579e-01   4.3711605e-03
   1.5360000e+03   6.6787086e-01  -6.7008577e-03
   1.5440000e+03   6.7163126e-01   7.0936207e-04
   1.5520000e+03   6.7144619e-01   6.6638400e-03
   1.5600000e+03   6.6692434e-01  -2.3196379e-03
   1.5680000e+03   6.7602416e-01   8.0655870e-03
   1.5760000e+03   6.7645532e-01  -8.2229495e-03
   1.5840000e+03   6.5955005e-01   2.5433960e-03
   1.5920000e+03   6.6738390e-01  -1.8821323e-03
   1.6000000e+03   6.6948441e-01   6.2454717e-03
   1.6080000e+03   6.6931304e-01  -8.2269762e-03
   1.6160000e+03   6.6117945e-01   1.7527052e-03
   1.6240000e+03   6.6177375e-01  -1.1745907e-03
   1.6320000e+03   6.5957880e-01  -3.2691038e-03
   1.6400000e+03   6.5863082e-01   9.5953928e-03
   1.6480000e+03   6.5381428e-01   3.8517021e-03
   1.6560000e+03   6.5138465e-01  -3.1109945e-03
   1.6640000e+03   6.6036719e-01   6.6635792e-03
   1.6720000e+03   6.6076527e-01   6.1817409e-03
   1.6800000e+03   6.5462835e-01  -2.6220899e-03
   1.6880000e+03   6.6398320e-01  -1.7597667e-03
   1.6960000e+03   6.6609656e-01  -6.0459941e-03
   1.7040000e+03   6.5532203e-01  -7.6651002e-04
   1.7120000e+03   6.5471394e-01   8.3560832e-03
   1.7200000e+03   6.5173400e-01   2.1309450e-03
   1.7280000e+03   6.6289226e-01  -6.9080674e-04
   1.7360000e+03   6.6937040e-01  -2.4427455e-03
   1.7440000e+03   6.5381075e-01  -7.7141742e-03
   1.7520000e+03   6.5165864e-01   3.5255384e-03
   1.7600000e+03   6.5202833e-01  -1.0210986e-02
   1.7680000e+03   6.5793917e-01  -5.2922859e-03
   1.7760000e+03   6.5794466e-01  -4.5535633e-03
   1.7840000e+03   6.5600904e-01   7.1960095e-03
   1.7920000e+03   6.5054179e-01  -1.5522440e-03
   1.8000000e+03   6.4994230e-01   8.5441872e-04
   1.8080000e+03   6.5474214e-01  -8.8688701e-03
   1.8160000e+03   6.4331251e-01  -6.5839504e-03
   1.8240000e+03   6.5388337e-01   1.3013392e-03
   1.8320000e+03   6.5124476e-01  -1.9817214e-03
   1.8400000e+03   6.3393379e-01  -2.6261368e-03
   1.8480000e+03   6.4532234e-01  -1.2293288e-03
   1.8560000e+03   6.4761007e-01   5.3017442e-03
   1.8640000e+03   6.5024059e-01  -1.6480867e-03
   1.8720000e+03   6.5333736e-01  -3.1510415e-03
   1.8800000e+03   6.4391019e-01   1.0651089e-02
   1.8880000e+03   6.4740945e-01  -4.6570610e-04
   1.8960000e+03   6.4307833e-01   7.8961664e-03
   1.9040000e+03   6.4991385e-01   2.3283545e-03
   1.9120000e+03   6.4028030e-01   5.8733750e-03
   1.9200000e+03   6.4555940e-01  -5.8363688e-04
   1.9280000e+03   6.4295757e-01  -1.4844590e-03
   1.9360000e+03   6.4335436e-01  -6.5843372e-03
   1.9440000e+03   6.5072881e-01  -7.7227858e-04
   1.9520000e+03   6.5350319e-01   6.3349647e-03
   1.9600000e+03   6.4038519e-01   5.5034124e-03
   1.9680000e+03   6.4616903e-01  -5.0167562e-04
   1.9760000e+03   6.4197246e-01   3.7896447e-03
   1.9840000e+03   6.3785833e-01   3.3448082e-04
   1.9920000e+03   6.4054834e-01   6.9816420e-03
   2.0000000e+03   6.4666967e-01   2.2768171e-03
   2.0080000e+03   6.3892583e-01  -3.9809630e-03
   2.0160000e+03   6.3289783e-01  -9.3065897e-04
   2.0240000e+03   6.4469613e-01  -6.9012374e-03
   2.0320000e+03   6.4437243e-01   5.6642848e-03
   2.0400000e+03   6.3590549e-01   8.8433460e-03
   2.0480000e+03   6.3907665e-01  -7.2272794e-03
   2.0560000e+03   6.4252685e-01   1.5545898e-03
   2.0640000e+03   6.3659092e-01  -2.8598601e-03
   2.0720000e+03   6.3554479e-01  -2.8950060e-03
   2.0800000e+03   6.3683191e-01   1.7994974e-03
   2.0880000e+03   6.3372763e-01  -5.6329059e-05
   2.0960000e+03   6.3707831e-01   6.3632566e-03
   2.1040000e+03   6.3898364e-01  -4.3422570e-03
   2.1120000e+03   6.3647828e-01   1.0582755e-03
   2.1200000e+03   6.3469864e-01   5.1281465e-03
   2.1280000e+03   6.3897054e-01   6.5591501e-03
   2.1360000e+03   6.3202301e-01   1.4816510e-03
   2.1440000e+03   6.3955372e-01   7.2366635e-03
   2.1520000e+03   6.3531244e-01  -4.9600152e-04
   2.1600000e+03   6.3176466e-01  -8.2769950e-03
   2.1680000e+03   6.3504549e-01  -6.9263871e-03
   2.1760000e+03   6.4238114e-01   4.5133290e-03
   2.1840000e+03   6.3918562e-01  -2.7716780e-03
   2.1920000e+03   6.2563803e-01   2.0167565e-03
   2.2000000e+03   6.3269103e-01   1.8815149e-03
   2.2080000e+03   6.2550353e-01   6.4046170e-04
   2.2160000e+03   6.3674687e-01  -9.9656080e-04
   2.2240000e+03   6.2506186e-01  -9.6667427e-04
   2.2320000e+03   6.2307726e-01   6.8564416e-04
   2.2400000e+03   6.3093637e-01   2.4697748e-03
   2.2480000e+03   6.3208015e-01  -2.6640586e-03
   2.2560000e+03   6.3277999e-01  -5.6717087e-04
   2.2640000e+03   6.3486306e-01  -2.3943327e-03
   2.2720000e+03   6.3548244e-01   9.5153957e-03
   2.2800000e+03   6.2909645e-01   3.0985993e-03
   2.2880000e+03   6.3231655e-01  -6.9740574e-04
   2.2960000e+03   6.2717323e-01   1.3641846e-03
   2.3040000e+03   6.2582949e-01   5.0478671e-03
   2.3120000e+03   6.2778036e-01  -1.7176411e-03
   2.3200000e+03   6.1384966e-01   2.3334782e-03
   2.3280000e+03   6.2722123e-01   1.1478336e-03
   2.3360000e+03   6.3006328e-01   1.5536733e-04
   2.3440000e+03   6.2649925e-01   1.5510412e-02
   2.3520000e+03   6.2501115e-01  -7.9292235e-03
   2.3600000e+03   6.2317827e-01   1.0063378e-02
   2.3680000e+03   6.3159968e-01   1.6403615e-03
   2.3760000e+03   6.2646612e-01   4.7826739e-03
   2.3840000e+03   6.3544651e-01   2.8584574e-03
   2.3920000e+03   6.2545442e-01  -1.2345795e-02
   2.4000000e+03   6.2740381e-01   1.3224371e-02
   2.4080000e+03   6.3089556e-01   1.9912155e-03
   2.4160000e+03   6.1471259e-01  -7.7212040e-04
   2.4240000e+03   6.1366259e-01  -3.3799910e-04
   2.4320000e+03   6.2575220e-01  -2.0640671e-03
   2.4400000e+03   6.1755845e-01  -7.8646221e-03
   2.4480000e+03   6.2619282e-01   4.1289444e-03
   2.4560000e+03   6.2555410e-01   2.6093122e-03
   2.4640000e+03   6.2448737e-01   1.7616220e-03
   2.4720000e+03   6.1686851e-01  -6.2670268e-03
   2.4800000e+03   6.1368768e-01  -3.1755498e-03
   2.4880000e+03   6.2021434e-01  -6.9385754e-03
   2.4960000e+03   6.1762866e-01  -6.2150091e-03
   2.5040000e+03   6.1742019e-01  -1.0440592e-03
   2.5120000e+03   6.1300127e-01   6.7702049e-03
   2.5200000e+03   6.1723790e-01  -8.2255655e-03
   2.5280000e+03   6.1371808e-01   3.2494737e-03
   2.5360000e+03   6.1380324e-01  -7.2362958e-03
   2.5440000e+03   6.1965635e-01  -1.3651922e-03
   2.5520000e+03   6.1313966e-01   6.6449752e-04
   2.5600000e+03   6.0864210e-01   3.3043754e-03
   2.5680000e+03   6.2803776e-01  -1.4893564e-03
   2.5760000e+03   6.1285511e-01  -9.7971053e-03
   2.5840000e+03   6.1844715e-01  -6.1176234e-04
   2.5920000e+03   6.0614136e-01   3.0598991e-03
   2.6000000e+03   6.0598765e-01   1.5471320e-03
   2.6080000e+03   6.1688530e-01  -5.2186208e-05
   2.6160000e+03   6.0402098e-01  -3.8168339e-03
   2.6240000e+03   6.1747003e-01  -1.9522101e-03
   2.6320000e+03   6.1857678e-01   1.7477628e-03
   2.6400000e+03   6.1565122e-01  -2.8161294e-03
   2.6480000e+03   6.1473606e-01  -9.2349986e-04
   2.6560000e+03   6.1470466e-01  -5.4453961e-03
   2.6640000e+03   6.1626168e-01  -3.0172339e-04
   2.6720000e+03   6.0756447e-01   1.6649514e-03
   2.6800000e+03   6.0488243e-01  -8.6459810e-03
   2.6880000e+03   6.1246433e-01  -1.3190946e-03
   2.6960000e+03   6.0592272e-01  -2.0897054e-03
   2.7040000e+03   6.0778605e-01  -4.6950253e-04
   2.7120000e+03   6.0495642e-01   3.3769750e-03
   2.7200000e+03   6.1464385e-01   9.4293436e-04
   2.7280000e+03   6.0116096e-01  -1.3150160e-04
   2.7360000e+03   6.0884715e-01  -3.8978126e-03
   2.7440000e+03   6.1355672e-01   3.6963304e-03
   2.7520000e+03   6.0425203e-01   4.8789977e-03
   2.7600000e+03   6.0892431e-01   1.7100274e-06
   2.7680000e+03   6.1268016e-01  -1.6111721e-03
   2.7760000e+03   6.0610546e-01   2.3371246e-03
   2.7840000e+03   6.1176886e-01   5.6452301e-03
   2.7920000e+03   6.0746725e-01   4.7212720e-03
   2.8000000e+03   6.1042415e-01   3.2076567e-03
   2.8080000e+03   6.1208943e-01  -5.2974926e-04
   2.8160000e+03   6.0139178e-01  -1.7671984e-03
   2.8240000e+03   6.0223997e-01  -1.3712978e-03
   2.8320000e+03   6.0478625e-01  -8.6464210e-03
   2.8400000e+03   6.0652122e-01   4.5145844e-03
   2.8480000e+03   6.1251731e-01  -5.6457410e-03
   2.8560000e+03   6.0130024e-01  -7.7979493e-03
   2.8640000e+03   5.9922569e-01   1.3062767e-03
   2.8720000e+03   6.0420987e-01  -1.8402398e-03
   2.8800000e+03   5.9579854e-01  -7.8811393e-03
   2.8880000e+03   6.0370229e-01  -6.0352294e-03
   2.8960000e+03   6.0038284e-01  -6.1710638e-03
   2.9040000e+03   6.0296683e-01   5.9554054e-03
   2.9120000e+03   6.0001942e-01  -5.6009722e-05
   2.9200000e+03   6.0468546e-01  -6.6995062e-03
   2.9280000e+03   5.9404356e-01   8.1937211e-04
   2.9360000e+03   5.9666683e-01   2.9293030e-03
   2.9440000e+03   6.0466993e-01  -4.7388749e-03
   2.9520000e+03   6.0136156e-01   1.3800148e-03
   2.9600000e+03   5.9199393e-01   1.5289716e-03
   2.9680000e+03   6.0295184e-01   2.4102638e-03
   2.9760000e+03   6.0724862e-01  -6.6541795e-03
   2.9840000e+03   6.0585547e-01   5.6550212e-03
   2.9920000e+03   5.9668616e-01  -6.6731967e-03
   3.0000000e+03   5.9715365e-01  -1.0638110e-03
   3.0080000e+03   5.9488764e-01  -8.0140375e-03
   3.0160000e+03   6.0108848e-01   3.8598377e-04
   3.0240000e+03   6.0120132e-01   5.8891474e-03
   3.0320000e+03   5.8845499e-01  -1.5552422e-03
   3.0400000e+03   5.9504997e-01  -5.7541236e-03
   3.0480000e+03   5.8970069e-01   1.6554188e-04
   3.0560000e+03   5.9214742e-01   3.9503035e-03
   3.0640000e+03   5.9451424e-01  -2.9879893e-04
   3.0720000e+03   5.9008041e-01   5.1825240e-03
   3.0800000e+03   5.9540857e-01  -4.5343889e-03
   3.0880000e+03   5.9077690e-01  -3.1085323e-03
   3.0960000e+03   5.9569716e-01   1.5528286e-03
   3.1040000e+03   5.8845032e-01   8.1039412e-03
   3.1120000e+03   6.0438311e-01   3.1922656e-03
   3.1200000e+03   5.9273535e-01  -1.0660467e-03
   3.1280000e+03   6.0098666e-01   1.8910693e-03
   3.1360000e+03   5.9393354e-01  -6.3148221e-04
   3.1440000e+03   5.9160679e-01   1.0955548e-04
   3.1520000e+03   5.9356611e-01  -5.4979331e-03
   3.1600000e+03   5.9520932e-01   2.6015797e-03
   3.1680000e+03   5.7971665e-01  -2.2545555e-03
   3.1760000e+03   5.9215767e-01  -3.5369699e-03
   3.1840000e+03   5.9598645e-01   7.6914032e-04
   3.1920000e+03   5.8578358e-01  -8.0284251e-04
   3.2000000e+03   5.8916021e-01  -5.5672275e-03
   3.2080000e+03   5.9484519e-01   1.0766235e-03
   3.2160000e+03   5.8791974e-01  -9.3927734e-04
   3.2240000e+03   5.9253296e-01   2.6952976e-03
   3.2320000e+03   5.8089918e-01   5.4789536e-03
   3.2400000e+03   5.9526609e-01  -2.6837049e-03
   3.2480000e+03   5.8210660e-01  -4.2459572e-03
   3.2560000e+03   5.8899221e-01   1.9323698e-03
   3.2640000e+03   5.9176016e-01   3.0074272e-03
   3.2720000e+03   5.9524164e-01   5.6659465e-03
   3.2800000e+03   5.9158885e-01   3.7763899e-04
   3.2880000e+03   5.9219285e-01   5.2992606e-04
   3.2960000e+03   5.8829447e-01  -1.6027429e-03
   3.3040000e+03   5.8595012e-01   3.7754126e-03
   3.3120000e+03   5.8668146e-01  -2.1963468e-03
   3.3200000e+03   5.8433607e-01  -2.1490914e-03
   3.3280000e+03   5.8132868e-01  -3.0779301e-03
   3.3360000e+03   5.8873402e-01   4.3835467e-04
   3.3440000e+03   6.0575806e-01   1.8394578e-03
   3.3520000e+03   5.9345277e-01   1.1518109e-02
   3.3600000e+03   5.8118960e-01  -2.9738903e-03
   3.3680000e+03   5.9052516e-01  -1.7660129e-03
   3.3760000e+03   5.8543328e-01  -3.1297750e-03
   3.3840000e+03   5.8056420e-01   1.9171148e-03
   3.3920000e+03   5.9017133e-01  -3.4146148e-03
   3.4000000e+03   5.8423013e-01   5.0216528e-03
   3.4080000e+03   5.8391308e-01  -3.6802016e-04
   3.4160000e+03   5.8648467e-01   3.6318717e-03
   3.4240000e+03   5.8039081e-01   5.2279917e-03
   3.4320000e+03   5.8163101e-01  -1.1877943e-03
   3.4400000e+03   5.8238879e-01  -2.9610939e-03
   3.4480000e+03   5.8591443e-01   2.4665375e-03
   3.4560000e+03   5.7937014e-01   4.0208797e-03
   3.4640000e+03   5.8717240e-01  -1.5366259e-03
   3.4720000e+03   5.8854890e-01   3.8508756e-03
   3.4800000e+03   5.7951905e-01   2.3694413e-03
   3.4880000e+03   5.8017899e-01  -3.0728700e-03
   3.4960000e+03   5.8272277e-01  -1.9353173e-03
   3.5040000e+03   5.8613103e-01  -1.9111381e-03
   3.5120000e+03   5.8618946e-01  -1.4304204e-03
   3.5200000e+03   5.7990950e-01  -2.5813554e-03
   3.5280000e+03   5.8137281e-01   8.9660116e-04
   3.5360000e+03   5.8654197e-01  -2.8608003e-03
   3.5440000e+03   5.8137093e-01   1.2161039e-02
   3.5520000e+03   5.8241072e-01   7.9586292e-03
   3.5600000e+03   5.8661514e-01  -5.5912085e-03
   3.5680000e+03   5.7505640e-01   1.4150125e-02
   3.5760000e+03   5.9064509e-01  -7.3191837e-03
   3.5840000e+03   5.8242564e-01   3.3929750e-03
   3.5920000e+03   5.7377932e-01  -6.8568010e-03
   3.6000000e+03   5.8345380e-01  -4.3011618e-03
   3.6080000e+03   5.7685850e-01   1.5393643e-03
   3.6160000e+03   5.7832398e-01  -5.7909531e-03
   3.6240000e+03   5.7308243e-01   9.8772281e-04
   3.6320000e+03   5.7627287e-01  -1.2514018e-03
   3.6400000e+03   5.6407630e-01   8.7596543e-03
   3.6480000e+03   5.8354822e-01  -7.9369827e-03
   3.6560000e+03   5.7686738e-01  -4.9743063e-03
   3.6640000e+03   5.8111079e-01  -3.8759869e-03
   3.6720000e+03   5.7808510e-01  -4.2574110e-03
   3.6800000e+03   5.7224091e-01  -6.9291672e-03
   3.6880000e+03   5.7959384e-01  -4.0763388e-03
   3.6960000e+03   5.8136762e-01   1.3437926e-03
   3.7040000e+03   5.6929954e-01  -2.8366785e-03
   3.7120000e+03   5.8072677e-01  -9.2013373e-04
   3.7200000e+03   5.7313540e-01  -1.5969827e-03
   3.7280000e+03   5.7957293e-01  -3.2996329e-03
   3.7360000e+03   5.7137387e-01   9.6203413e-03
   3.7440000e+03   5.7251012e-01   4.9734218e-04
   3.7520000e+03   5.5914720e-01   4.5334894e-03
   3.7600000e+03   5.6871058e-01  -5.3135790e-05
   3.7680000e+03   5.7852642e-01  -2.6252396e-03
   3.7760000e+03   5.7524666e-01  -1.8229032e-03
   3.7840000e+03   5.6845487e-01   5.8796515e-04
   3.7920000e+03   5.7888859e-01  -1.4235596e-03
   3.8000000e+03   5.6785057e-01   1.2119260e-02
   3.8080000e+03   5.7458552e-01   2.9276685e-03
   3.8160000e+03   5.6617241e-01  -1.2957777e-02
   3.8240000e+03   5.7657735e-01  -1.8947691e-03
   3.8320000e+03   5.7287252e-01  -6.1556762e-03
   3.8400000e+03   5.7095696e-01  -2.5255561e-03
   3.8480000e+03   5.6425943e-01  -6.1348059e-03
   3.8560000e+03   5.7184167e-01   2.9847760e-03
   3.8640000e+03   5.7591100e-01  -2.5644702e-04
   3.8720000e+03   5.7075514e-01  -2.0946579e-03
   3.8800000e+03   5.6920528e-01  -5.5679627e-03
   3.8880000e+03   5.6865593e-01   6.0320661e-03
   3.8960000e+03   5.7185915e-01   5.0267796e-04
   3.9040000e+03   5.7409829e-01   7.8965171e-03
   3.9120000e+03   5.7216440e-01  -1.7450133e-03
   3.9200000e+03   5.7269887e-01   1.3579692e-03
   3.9280000e+03   5.7270587e-01  -2.0091572e-03
   3.9360000e+03   5.6529954e-01  -3.3102178e-03
   3.9440000e+03   5.6192669e-01   1.7556611e-03
   3.9520000e+03   5.6744530e-01   3.9866788e-04
   3.9600000e+03   5.6774866e-01  -7.2893012e-03
   3.9680000e+03   5.7570588e-01  -4.2584940e-05
   3.9760000e+03   5.6894778e-01  -2.6543850e-03
   3.9840000e+03   5.6625915e-01   2.2079672e-03
   3.9920000e+03   5.5598572e-01  -2.1495738e-03
   4.0000000e+03   5.6365215e-01   2.8787776e-04
   4.0080000e+03   5.7275856e-01   5.8459008e-04
   4.0160000e+03   5.7007523e-01  -5.3784297e-03
   4.0240000e+03   5.5622348e-01   4.9252930e-03
   4.0320000e+03   5.7156455e-01  -3.1416383e-03
   4.0400000e+03   5.6794835e-01  -9.7064810e-05
   4.0480000e+03   5.6379565e-01   5.0515213e-03
   4.0560000e+03   5.6126420e-01  -4.5450648e-03
   4.0640000e+03   5.6873983e-01  -2.6187719e-03
   4.0720000e+03   5.6548846e-01   7.7060165e-04
   4.0800000e+03   5.6870049e-01   7.6334908e-03
   4.0880000e+03   5.6957053e-01  -3.5292010e-03
   4.0960000e+03   5.6176401e-01   4.2185764e-04
   4.1040000e+03   5.7177049e-01   3.4068877e-03
   4.1120000e+03   5.5938996e-01   9.2223644e-03
   4.1200000e+03   5.6515389e-01   6.3630068e-03
   4.1280000e+03   5.6867065e-01  -1.5959119e-03
   4.1360000e+03   5.5493617e-01   7.9678510e-03
   4.1440000e+03   5.6007157e-01   9.3407776e-03
   4.1520000e+03   5.6293278e-01  -1.0554057e-02
   4.1600000e+03   5.6449854e-01   1.3634054e-03
   4.1680000e+03   5.6724188e-01   1.0306769e-03
   4.1760000e+03   5.6460601e-01  -5.3640736e-04
   4.1840000e+03   5.6428261e-01   6.5630330e-03
   4.1920000e+03   5.6390449e-01   3.2951518e-03
   4.2000000e+03   5.6574158e-01  -6.4917360e-05
   4.2080000e+03   5.4826390e-01   7.7699226e-04
   4.2160000e+03   5.4826768e-01  -3.7374947e-03
   4.2240000e+03   5.5455966e-01   4.9482066e-04
   4.2320000e+03   5.5537016e-01  -2.2431445e-03
   4.2400000e+03   5.5735043e-01   6.7568411e-04
   4.2480000e+03   5.5968101e-01  -7.2595083e-03
   4.2560000e+03   5.6270030e-01  -2.3277454e-03
   4.2640000e+03   5.5814216e-01   2.6445007e-03
   4.2720000e+03   5.5902880e-01   4.9885399e-04
   4.2800000e+03   5.5867690e-01   1.9392888e-03
   4.2880000e+03   5.6214058e-01   3.5944524e-03
   4.2960000e+03   5.5504746e-01  -5.8173269e-03
   4.3040000e+03   5.6350299e-01   1.6550233e-03
   4.3120000e+03   5.5552731e-01  -2.8665780e-03
   4.3200000e+03   5.5892351e-01  -8.8680556e-03
   4.3280000e+03   5.6013267e-01  -8.8845032e-04
   4.3360000e+03   5.5119620e-01  -2.6279671e-03
   4.3440000e+03   5.6487057e-01   4.1922392e-03
   4.3520000e+03   5.5619705e-01   5.8618649e-03
   4.3600000e+03   5.5915635e-01   1.0702940e-02
   4.3680000e+03   5.5708927e-01  -2.7503238e-03
   4.3760000e+03   5.5870780e-01   6.9155351e-04
   4.3840000e+03   5.5500774e-01   3.0395254e-03
   4.3920000e+03   5.5808117e-01   6.7144924e-03
   4.4000000e+03   5.4637261e-01  -3.8395356e-03
   4.4080000e+03   5.5236217e-01  -2.2059326e-03
   4.4160000e+03   5.4916252e-01   3.6465465e-03
   4.4240000e+03   5.5553075e-01   2.5574803e-03
   4.4320000e+03   5.5177078e-01   2.8185971e-03
   4.4400000e+03   5.5753622e-01   1.8189568e-03
   4.4480000e+03   5.5497370e-01   3.8601395e-03
   4.4560000e+03   5.5467688e-01   3.1687579e-03
   4.4640000e+03   5.6139137e-01   2.0236974e-03
   4.4720000e+03   5.5300267e-01  -3.2182274e-03
   4.4800000e+03   5.5744095e-01  -2.9508997e-03
   4.4880000e+03   5.5622779e-01  -5.2809501e-03
   4.4960000e+03   5.4921362e-01  -2.4335356e-03
   4.5040000e+03   5.5652177e-01  -3.4976799e-03
   4.5120000e+03   5.5274040e-01  -5.2799427e-03
   4.5200000e+03   5.5824588e-01   2.1386632e-03
   4.5280000e+03   5.5058962e-01  -5.1843380e-03
   4.5360000e+03   5.6089569e-01  -1.1476495e-03
   4.5440000e+03   5.5241722e-01  -2.5917814e-03
   4.5520000e+03   5.4368838e-01   9.2072142e-03
   4.5600000e+03   5.4653538e-01   8.9473789e-03
   4.5680000e+03   5.5236856e-01   2.5269491e-03
   4.5760000e+03   5.5691340e-01  -7.2618987e-03
   4.5840000e+03   5.5068208e-01  -2.5013494e-04
   4.5920000e+03   5.5123783e-01  -4.8806038e-03
   4.6000000e+03   5.5959529e-01   3.2380328e-03
   4.6080000e+03   5.6001342e-01   5.6439740e-03
   4.6160000e+03   5.5024966e-01   5.8523361e-03
   4.6240000e+03   5.5665222e-01   9.6456052e-04
   4.6320000e+03   5.4360173e-01   2.3910430e-03
   4.6400000e+03   5.5350772e-01   1.7541518e-03
   4.6480000e+03   5.4715090e-01  -2.8604689e-03
   4.6560000e+03   5.4728473e-01  -3.1752800e-03
   4.6640000e+03   5.5091181e-01  -6.9098439e-03
   4.6720000e+03   5.6058355e-01   4.1192215e-03
   4.6800000e+03   5.4842510e-01   1.0938630e-03
   4.6880000e+03   5.5295036e-01   1.8538921e-04
   4.6960000e+03   5.5207075e-01  -1.5299107e-04
   4.7040000e+03   5.4526610e-01  -3.8332494e-03
   4.7120000e+03   5.4755928e-01   2.9320916e-03
   4.7200000e+03   5.5240458e-01  -3.5463805e-03
   4.7280000e+03   5.4343838e-01  -4.9366093e-03
   4.7360000e+03   5.4045311e-01   5.8097721e-03
   4.7440000e+03   5.5154580e-01   4.1259640e-03
   4.7520000e+03   5.4797408e-01  -3.4736008e-03
   4.7600000e+03   5.3911781e-01  -7.5765567e-03
   4.7680000e+03   5.4727331e-01  -4.3961488e-03
   4.7760000e+03   5.4710279e-01  -5.5573981e-04
   4.7840000e+03   5.5279349e-01   4.7576807e-03
   4.7920000e+03   5.4510249e-01  -7.2219085e-03
   4.8000000e+03   5.3956850e-01   1.1940873e-02
   4.8080000e+03   5.4310390e-01  -1.2065472e-03
   4.8160000e+03   5.3718065e-01  -4.1590912e-03
   4.8240000e+03   5.5168792e-01   1.5398353e-03
   4.8320000e+03   5.3587241e-01   1.1618219e-03
   4.8400000e+03   5.3283509e-01   6.9055408e-03
   4.8480000e+03   5.4304855e-01   2.8515120e-03
   4.8560000e+03   5.5460145e-01   7.6839300e-03
   4.8640000e+03   5.4063531e-01  -2.9684652e-03
   4.8720000e+03   5.4142094e-01  -6.5474422e-04
   4.8800000e+03   5.4460925e-01   2.0280561e-04
   4.8880000e+03   5.4427183e-01  -3.6381722e-03
   4.8960000e+03   5.4368167e-01   3.0222425e-03
   4.9040000e+03   5.5019098e-01  -3.1400365e-03
   4.9120000e+03   5.4574694e-01   1.1963147e-02
   4.9200000e+03   5.4223876e-01   3.6978536e-03
   4.9280000e+03   5.4068698e-01   2.1332430e-03
   4.9360000e+03   5.3914016e-01   9.4008361e-04
   4.9440000e+03   5.4705891e-01  -2.6914707e-03
   4.9520000e+03   5.3971588e-01  -2.9484918e-04
   4.9600000e+03   5.4016804e-01   7.2354457e-04
   4.9680000e+03   5.4050641e-01  -1.1292781e-03
   4.9760000e+03   5.5402297e-01   6.7849360e-03
   4.9840000e+03   5.4108044e-01   2.4328099e-03
   4.9920000e+03   5.4915380e-01  -1.5356304e-03
   5.0000000e+03   5.4127640e-01  -9.0710135e-03
   5.0080000e+03   5.4024823e-01  -2.5341279e-03
   5.0160000e+03   5.4142746e-01   3.0075407e-03
   5.0240000e+03   5.4793513e-01  -7.0061639e-03
   5.0320000e+03   5.4189736e-01   1.8099430e-03
   5.0400000e+03   5.3423522e-01   3.7035227e-03
   5.0480000e+03   5.3790112e-01   5.1389570e-03
   5.0560000e+03   5.3630001e-01   3.1260993e-03
   5.0640000e+03   5.3711879e-01   4.6837452e-03
   5.0720000e+03   5.4237328e-01   1.2617048e-02
   5.0800000e+03   5.4216147e-01  -1.2996448e-02
   5.0880000e+03   5.5404469e-01  -8.7511956e-03
   5.0960000e+03   5.3337439e-01   1.5627342e-03
   5.1040000e+03   5.3656471e-01   1.0064162e-03
   5.1120000e+03   5.4621278e-01  -5.8052356e-03
   5.1200000e+03   5.3457820e-01   3.0839752e-03
   5.1280000e+03   5.3172973e-01  -3.0066874e-03
   5.1360000e+03   5.4933967e-01   6.4418416e-03
   5.1440000e+03   5.3589028e-01   1.3127872e-03
   5.1520000e+03   5.3680815e-01   3.9638402e-03
   5.1600000e+03   5.3869065e-01   9.0076865e-04
   5.1680000e+03   5.3555210e-01  -2.1987539e-03
   5.1760000e+03   5.3885585e-01   5.2473882e-03
   5.1840000e+03   5.2989645e-01  -4.4500929e-03
   5.1920000e+03   5.3737651e-01  -4.1431302e-04
   5.2000000e+03   5.3728119e-01   7.7479530e-03
   5.2080000e+03   5.3812589e-01  -4.8768828e-03
   5.2160000e+03   5.3570970e-01   7.1409370e-04
   5.2240000e+03   5.3167487e-01  -1.4539438e-03
   5.2320000e+03   5.3983530e-01   7.9094414e-03
   5.2400000e+03   5.3377047e-01   1.6986957e-03
   5.2480000e+03   5.2569478e-01  -8.8427440e-03
   5.2560000e+03   5.3789072e-01  -9.4854252e-04
   5.2640000e+03   5.3151604e-01   4.0506208e-05
   5.2720000e+03   5.3281267e-01  -3.4901843e-03
   5.2800000e+03   5.4109386e-01  -3.3245301e-03
   5.2880000e+03   5.2815720e-01  -2.6542451e-03
   5.2960000e+03   5.3894686e-01   1.2084105e-02
   5.3040000e+03   5.3695878e-01  -3.2490108e-03
   5.3120000e+03   5.3253053e-01   8.3586583e-03
   5.3200000e+03   5.3674063e-01  -1.9295892e-03
   5.3280000e+03   5.3466055e-01  -4.6888992e-03
   5.3360000e+03   5.3886593e-01   6.3340015e-04
   5.3440000e+03   5.3139490e-01   2.5360889e-03
   5.3520000e+03   5.3467652e-01   1.4467753e-03
   5.3600000e+03   5.2950915e-01  -2.5866889e-03
   5.3680000e+03   5.3052143e-01   1.1661063e-02
   5.3760000e+03   5.4093783e-01   7.0234802e-04
   5.3840000e+03   5.3528420e-01  -8.0966036e-04
   5.3920000e+03   5.2840474e-01   8.5609478e-03
   5.4000000e+03   5.3315604e-01   5.3306843e-04
   5.4080000e+03   5.3591873e-01  -3.9832940e-03
   5.4160000e+03   5.2587924e-01  -7.1648389e-03
   5.4240000e+03   5.3318299e-01   1.1913058e-03
   5.4320000e+03   5.2494782e-01  -7.6329225e-03
   5.4400000e+03   5.4032888e-01   1.6246442e-03
   5.4480000e+03   5.3159683e-01  -1.8499700e-03
   5.4560000e+03   5.2836755e-01   2.1995974e-03
   5.4640000e+03   5.3336776e-01   6.2767233e-03
   5.4720000e+03   5.3234382e-01   4.1070501e-03
   5.4800000e+03   5.2945355e-01   6.3711688e-03
   5.4880000e+03   5.2544502e-01   9.7720449e-04
   5.4960000e+03   5.3554138e-01   7.6410568e-03
   5.5040000e+03   5.3192646e-01   5.2688859e-03
   5.5120000e+03   5.2548352e-01   1.8781775e-03
   5.5200000e+03   5.3019349e-01   6.9321358e-03
   5.5280000e+03   5.2768315e-01  -6.9469215e-03
   5.5360000e+03   5.3676759e-01   7.3944898e-03
   5.5440000e+03   5.2388078e-01   2.6571678e-03
   5.5520000e+03   5.2689755e-01  -3.1639170e-04
   5.5600000e+03   5.2439027e-01  -2.2844907e-03
   5.5680000e+03   5.3035341e-01  -1.0396463e-03
   5.5760000e+03   5.2610671e-01  -5.8617789e-04
   5.5840000e+03   5.3562495e-01  -1.5316522e-03
   5.5920000e+03   5.2850527e-01   1.3418291e-02
   5.6000000e+03   5.2367314e-01  -4.8992654e-03
   5.6080000e+03   5.2787276e-01   1.5128853e-03
   5.6160000e+03   5.2262815e-01  -3.4417660e-03
   5.6240000e+03   5.2633216e-01   4.6332587e-03
   5.6320000e+03   5.2586351e-01   1.3291750e-04
   5.6400000e+03   5.2533733e-01  -4.6137340e-03
   5.6480000e+03   5.1990366e-01   1.2756610e-03
   5.6560000e+03   5.3243340e-01   8.0222685e-03
   5.6640000e+03   5.2223269e-01   7.9382765e-03
   5.6720000e+03   5.2762799e-01   6.0892423e-03
   5.6800000e+03   5.2143972e-01  -2.2005887e-03
   5.6880000e+03   5.1647117e-01   2.3773781e-05
   5.6960000e+03   5.3062433e-01   3.7984393e-03
   5.7040000e+03   5.2828166e-01   4.7694036e-03
   5.7120000e+03   5.2730506e-01  -2.4160698e-03
   5.7200000e+03   5.2736468e-01   2.3777476e-03
   5.7280000e+03   5.1593269e-01  -3.1271022e-03
   5.7360000e+03   5.2497802e-01  -3.2283280e-03
   5.7440000e+03   5.2958717e-01   2.6210359e-03
   5.7520000e+03   5.2998075e-01  -9.8233742e-03
   5.7600000e+03   5.1993623e-01   7.5034059e-03
   5.7680000e+03   5.3219121e-01   4.1719944e-03
   5.7760000e+03   5.2315486e-01   5.4584463e-03
   5.7840000e+03   5.2639437e-01   6.0401801e-03
   5.7920000e+03   5.2658483e-01   4.4811863e-03
   5.8000000e+03   5.2836461e-01   6.0690311e-04
   5.8080000e+03   5.1836187e-01   3.7571203e-03
   5.8160000e+03   5.1572559e-01  -5.2358069e-03
   5.8240000e+03   5.2241284e-01  -5.8836197e-03
   5.8320000e+03   5.2399648e-01   5.1748311e-03
   5.8400000e+03   5.1827398e-01  -2.1900513e-03
   5.8480000e+03   5.2140141e-01  -2.2648511e-03
   5.8560000e+03   5.2020680e-01   2.9661594e-03
   5.8640000e+03   5.2481945e-01   2.3010151e-03
   5.8720000e+03   5.2905946e-01  -1.0555207e-02
   5.8800000e+03   5.1803743e-01   9.1842332e-04
   5.8880000e+03   5.2543116e-01   1.1364708e-03
   5.8960000e+03   5.1747068e-01  -9.4562136e-03
   5.9040000e+03   5.2337579e-01  -2.5853822e-03
   5.9120000e+03   5.2569968e-01  -1.4040820e-03
   5.9200000e+03   5.2945537e-01   1.2786185e-03
   5.9280000e+03   5.2356887e-01   2.2719664e-03
   5.9360000e+03   5.2197525e-01  -4.3314851e-03
   5.9440000e+03   5.2074678e-01  -4.3886631e-03
   5.9520000e+03   5.1766469e-01  -3.9651251e-03
   5.9600000e+03   5.1094660e-01  -3.8406754e-03
   5.9680000e+03   5.1792220e-01   1.2623923e-03
   5.9760000e+03   5.1853935e-01  -3.6948062e-03
   5.9840000e+03   5.1357814e-01  -5.3831913e-03
   5.9920000e+03   5.2537282e-01  -1.9320543e-03
   6.0000000e+03   5.1705378e-01  -2.7167991e-03
   6.0080000e+03   5.0831464e-01  -4.1778950e-03
   6.0160000e+03   5.1263742e-01  -4.9240278e-03
   6.0240000e+03   5.1859061e-01  -1.1325149e-03
   6.0320000e+03   5.1915388e-01  -2.9893977e-03
   6.0400000e+03   5.2658743e-01  -1.0085033e-02
   6.0480000e+03   5.2096900e-01   1.0449443e-02
   6.0560000e+03   5.2028410e-01   5.2198131e-03
   6.0640000e+03   5.1410174e-01  -1.8331412e-03
   6.0720000e+03   5.1137513e-01  -4.9632691e-03
   6.0800000e+03   5.1369922e-01   1.6385287e-03
   6.0880000e+03   5.1799162e-01  -1.0005303e-03
   6.0960000e+03   5.1516825e-01  -2.7149523e-03
   6.1040000e+03   5.1796422e-01  -1.7981411e-04
   6.1120000e+03   5.2300020e-01   5.3387040e-03
   6.1200000e+03   5.2258572e-01   5.6469827e-04
   6.1280000e+03   5.1839694e-01  -6.7807538e-04
   6.1360000e+03   5.2487115e-01   2.0515044e-03
   6.1440000e+03   5.2767506e-01   4.2174454e-03
   6.1520000e+03   5.1380497e-01   4.6202307e-03
   6.1600000e+03   5.1540686e-01  -2.3835779e-03
   6.1680000e+03   5.0758589e-01   8.6530068e-04
   6.1760000e+03   5.2775954e-01   4.7009508e-03
   6.1840000e+03   5.1486325e-01  -4.8815743e-04
   6.1920000e+03   5.1361610e-01  -1.4057690e-03
   6.2000000e+03   5.1888908e-01  -1.7010000e-03
   6.2080000e+03   5.1191863e-01  -8.7193686e-03
   6.2160000e+03   5.1245868e-01  -7.2029429e-04
   6.2240000e+03   5.0813109e-01   1.1165730e-03
   6.2320000e+03   5.1504812e-01   3.0090065e-03
   6.2400000e+03   5.1325279e-01  -1.4053795e-03
   6.2480000e+03   5.2291238e-01  -2.5899574e-03
   6.2560000e+03   5.1576005e-01  -1.8150842e-03
   6.2640000e+03   5.1690532e-01   4.7795818e-03
   6.2720000e+03   5.1888414e-01  -2.9820713e-03
   6.2800000e+03   5.1214442e-01  -5.7315118e-03
   6.2880000e+03   5.0548781e-01  -6.0556039e-05
   6.2960000e+03   5.1718428e-01  -3.2011474e-03
   6.3040000e+03   5.1439764e-01   4.8511418e-03
   6.3120000e+03   5.1056905e-01   2.0282094e-03
   6.3200000e+03   5.1445723e-01  -4.2509395e-03
   6.3280000e+03   5.1694441e-01  -4.2040525e-03
   6.3360000e+03   5.1367354e-01   5.2795917e-03
   6.3440000e+03   5.0746087e-01  -1.2985985e-03
   6.3520000e+03   5.2040129e-01   4.6265037e-03
   6.3600000e+03   5.0994941e-01   4.5620288e-03
   6.3680000e+03   5.0785997e-01  -5.2064533e-04
   6.3760000e+03   5.0966430e-01   4.8717555e-03
   6.3840000e+03   5.1521363e-01   6.3615279e-03
   6.3920000e+03   5.1188573e-01  -1.6585695e-03
   6.4000000e+03   5.1704998e-01  -2.9220863e-03
   6.4080000e+03   5.1006980e-01  -8.4058672e-03
   6.4160000e+03   5.0444428e-01  -2.6314436e-03
   6.4240000e+03   4.9996112e-01   1.9413484e-03
   6.4320000e+03   5.1565450e-01  -1.6367375e-03
   6.4400000e+03   5.0788490e-01  -7.0082419e-03
   6.4480000e+03   5.1032291e-01   2.6499274e-03
   6.4560000e+03   5.0484448e-01   4.9708814e-03
   6.4640000e+03   5.0991265e-01   3.4877472e-03
   6.4720000e+03   5.1735773e-01  -1.5760258e-03
   6.4800000e+03   5.0690750e-01   3.6115516e-03
   6.4880000e+03   5.0281025e-01   4.1283794e-03
   6.4960000e+03   5.1710839e-01   4.1003722e-03
   6.5040000e+03   5.0943651e-01  -2.3011410e-03
   6.5120000e+03   5.0785362e-01   9.0606840e-04
   6.5200000e+03   5.2301797e-01   3.7400999e-03
   6.5280000e+03   5.0678774e-01  -8.0584062e-03
   6.5360000e+03   5.0370716e-01   9.1411525e-04
   6.5440000e+03   5.0451361e-01   2.8130680e-03
   6.5520000e+03   5.0605012e-01   1.8684350e-03
   6.5600000e+03   5.1538784e-01   1.3116340e-04
   6.5680000e+03   4.9823858e-01   8.2364080e-03
   6.5760000e+03   5.1565709e-01  -1.9314483e-03
   6.5840000e+03   4.9868829e-01   6.0812622e-04
   6.5920000e+03   5.0154903e-01   5.9239552e-03
   6.6000000e+03   4.9894495e-01  -3.5928126e-03
   6.6080000e+03   5.1015584e-01   1.1214509e-02
   6.6160000e+03   5.1002650e-01  -2.2313481e-03
   6.6240000e+03   5.0706732e-01  -8.4372223e-03
   6.6320000e+03   5.0978405e-01  -4.1754932e-03
   6.6400000e+03   5.0068082e-01  -4.8548313e-04
   6.6480000e+03   4.9906046e-01  -1.2349196e-03
   6.6560000e+03   5.0051027e-01  -1.1740380e-03
   6.6640000e+03   5.0593276e-01  -4.9540784e-03
   6.6720000e+03   5.0218006e-01   2.4039682e-03
   6.6800000e+03   5.1448200e-01   1.5268497e-03
   6.6880000e+03   5.0612468e-01   4.2414079e-03
   6.6960000e+03   4.9650988e-01   3.1920966e-03
   6.7040000e+03   5.0326575e-01  -3.8419227e-04
   6.7120000e+03   5.0990479e-01   3.3088188e-03
   6.7200000e+03   4.9841110e-01  -1.6975785e-03
   6.7280000e+03   4.9808026e-01   6.5978008e-03
   6.7360000e+03   5.0480820e-01  -3.9002248e-03
   6.7440000e+03   4.9750085e-01  -9.9533561e-04
   6.7520000e+03   5.0040934e-01  -8.8147616e-03
   6.7600000e+03   5.1150381e-01   1.0409809e-02
   6.7680000e+03   5.0172624e-01   9.0449259e-04
   6.7760000e+03   4.9990881e-01  -1.2682659e-02
   6.7840000e+03   5.1122458e-01  -4.2464226e-03
   6.7920000e+03   5.0734579e-01  -1.7483379e-04
   6.8000000e+03   5.1225085e-01  -4.3089293e-03
   6.8080000e+03   4.9855245e-01  -1.0935661e-02
   6.8160000e+03   5.0952136e-01   6.2839992e-03
   6.8240000e+03   4.9492008e-01   3.9571696e-03
   6.8320000e+03   5.0849364e-01  -6.2527477e-04
   6.8400000e+03   5.0798987e-01   3.1265715e-03
   6.8480000e+03   5.0810128e-01  -6.0992090e-03
   6.8560000e+03   4.9976499e-01   1.7909546e-03
   6.8640000e+03   5.0812216e-01  -1.4620187e-02
   6.8720000e+03   4.9576739e-01  -1.7808391e-03
   6.8800000e+03   5.0932243e-01  -8.3098113e-03
   6.8880000e+03   4.9576117e-01  -6.5642473e-03
   6.8960000e+03   5.0517010e-01  -9.3880972e-04
   6.9040000e+03   5.0341362e-01   2.9901055e-03
   6.9120000e+03   5.0963409e-01  -7.5437197e-04
   6.9200000e+03   4.9711969e-01   6.1880969e-03
   6.9280000e+03   5.0043481e-01   4.3619068e-03
   6.9360000e+03   5.0432268e-01   4.9365543e-04
   6.9440000e+03   5.0780791e-01   1.4312812e-03
   6.9520000e+03   5.0238476e-01  -1.5024977e-02
   6.9600000e+03   4.9615926e-01  -1.2230868e-03
   6.9680000e+03   5.0223299e-01   4.4560020e-03
   6.9760000e+03   5.0157276e-01  -2.7425818e-03
   6.9840000e+03   4.9642043e-01   3.1706531e-03
   6.9920000e+03   5.0107218e-01   6.5584706e-03
   7.0000000e+03   5.0157138e-01   4.4253660e-03
   7.0080000e+03   4.9933790e-01   5.4004223e-03
   7.0160000e+03   4.9712834e-01  -7.1073352e-03
   7.0240000e+03   4.9638414e-01   5.0824800e-03
   7.0320000e+03   4.9125093e-01   2.1375920e-03
   7.0400000e+03   4.9756587e-01   1.2768540e-03
   7.0480000e+03   5.0266465e-01  -2.4834235e-03
   7.0560000e+03   4.9355546e-01   2.0867164e-04
   7.0640000e+03   5.0198218e-01  -4.1869452e-03
   7.0720000e+03   4.9554406e-01  -6.4921806e-03
   7.0800000e+03   5.0104260e-01  -7.1685725e-04
   7.0880000e+03   4.9958780e-01   4.7294257e-03
   7.0960000e+03   4.9441090e-01  -1.4804787e-03
   7.1040000e+03   5.0240916e-01  -8.1813501e-03
   7.1120000e+03   5.0257544e-01  -2.3057216e-04
   7.1200000e+03   5.0742343e-01   9.8166919e-03
   7.1280000e+03   4.9939095e-01   2.9336848e-04
   7.1360000e+03   4.8984375e-01  -6.1045820e-03
   7.1440000e+03   5.1187090e-01   6.8606629e-03
   7.1520000e+03   4.9143133e-01   2.3618199e-03
   7.1600000e+03   4.9400280e-01  -2.8836217e-03
   7.1680000e+03   4.9901992e-01  -5.5743191e-03
   7.1760000e+03   5.0023480e-01   5.7296946e-03
   7.1840000e+03   5.0185464e-01   1.0478582e-03
   7.1920000e+03   4.9454532e-01  -8.2078669e-04
   7.2000000e+03   5.0007682e-01  -4.3060918e-03
   7.2080000e+03   5.0147399e-01   1.5342467e-03
   7.2160000e+03   5.0637474e-01   3.1873117e-03
   7.2240000e+03   5.0050189e-01   2.5348480e-03
   7.2320000e+03   4.9749967e-01   1.3506812e-03
   7.2400000e+03   4.9552987e-01   4.2259779e-04
   7.2480000e+03   4.9786726e-01   3.0019229e-03
   7.2560000e+03   4.9509968e-01  -4.6034138e-03
   7.2640000e+03   4.9322954e-01   1.4487033e-03
   7.2720000e+03   4.9329058e-01  -5.7246097e-03
   7.2800000e+03   4.9255629e-01  -6.1099862e-03
   7.2880000e+03   4.9611307e-01  -2.1072559e-03
   7.2960000e+03   4.8327546e-01   3.5362909e-03
   7.3040000e+03   4.8597556e-01  -4.1176446e-04
   7.3120000e+03   4.9612147e-01  -4.4528827e-03
   7.3200000e+03   4.8724807e-01   9.1964684e-04
   7.3280000e+03   4.9055819e-01  -8.0511687e-03
   7.3360000e+03   4.8431244e-01  -3.4787004e-03
   7.3440000e+03   4.9018498e-01  -4.9097575e-03
   7.3520000e+03   4.8601979e-01   3.3450212e-03
   7.3600000e+03   4.8721605e-01  -8.5692824e-03
   7.3680000e+03   4.8779509e-01   5.6643103e-03
   7.3760000e+03   4.9513449e-01  -8.6180079e-03
   7.3840000e+03   4.8594475e-01   7.0249163e-04
   7.3920000e+03   4.8756446e-01  -2.0209148e-03
   7.4000000e+03   4.8272513e-01   2.7948746e-04
   7.4080000e+03   4.9121884e-01  -2.5643236e-04
   7.4160000e+03   4.9225035e-01   1.9018981e-03
   7.4240000e+03   4.9504802e-01  -7.8780563e-03
   7.4320000e+03   4.8749940e-01  -7.7455966e-03
   7.4400000e+03   4.8465521e-01   7.7350507e-03
   7.4480000e+03   4.9142917e-01   3.2866646e-03
   7.4560000e+03   4.8936386e-01  -2.6440088e-03
   7.4640000e+03   4.9170069e-01   6.0839395e-03
   7.4720000e+03   4.8591224e-01   2.3211124e-03
   7.4800000e+03   4.8142987e-01  -1.4289503e-03
   7.4880000e+03   4.9118672e-01  -4.4295424e-04
   7.4960000e+03   4.8066195e-01  -1.3649208e-03
   7.5040000e+03   4.9580094e-01   4.1442089e-03
   7.5120000e+03   4.8969895e-01  -2.4078564e-03
   7.5200000e+03   4.8826211e-01   2.7423712e-03
   7.5280000e+03   4.9521330e-01   1.0302735e-02
   7.5360000e+03   4.9097786e-01  -5.4402102e-03
   7.5440000e+03   4.8541241e-01  -5.0623980e-03
   7.5520000e+03   4.9124344e-01  -1.7645167e-03
   7.5600000e+03   4.8402534e-01  -9.5448378e-04
   7.5680000e+03   4.8986270e-01  -7.4986514e-03
   7.5760000e+03   4.8437344e-01  -4.0992500e-03
   7.5840000e+03   4.9125901e-01  -5.4874902e-03
   7.5920000e+03   4.8653936e-01  -1.7415570e-03
   7.6000000e+03   4.9487587e-01   9.0532414e-05
   7.6080000e+03   4.8708312e-01  -3.8404038e-03
   7.6160000e+03   4.8690055e-01  -4.3213651e-03
   7.6240000e+03   4.8227995e-01   2.8733264e-03
   7.6320000e+03   4.8072831e-01   1.1586527e-02
   7.6400000e+03   4.8852632e-01  -5.8597234e-04
   7.6480000e+03   4.8656769e-01  -8.8533655e-03
   7.6560000e+03   4.8168523e-01   3.0576048e-03
   7.6640000e+03   4.8536503e-01   9.8747875e-04
   7.6720000e+03   4.8566223e-01  -2.4798505e-03
   7.6800000e+03   4.9365142e-01  -4.9409894e-03
   7.6880000e+03   4.7928413e-01  -1.4736888e-03
   7.6960000e+03   4.9209057e-01   2.6183145e-03
   7.7040000e+03   4.9750150e-01  -4.7425078e-03
   7.7120000e+03   4.8871198e-01  -6.6624435e-03
   7.7200000e+03   4.8275889e-01   9.1069860e-04
   7.7280000e+03   4.8489015e-01   5.6638982e-03
   7.7360000e+03   4.9335279e-01  -5.3176401e-03
   7.7440000e+03   4.7254673e-01  -1.2691854e-02
   7.7520000e+03   4.7910739e-01  -3.8110246e-03
   7.7600000e+03   4.8250486e-01  -2.2955229e-03
   7.7680000e+03   4.8785834e-01  -9.4468373e-03
   7.7760000e+03   4.8237588e-01  -5.1806045e-03
   7.7840000e+03   4.8203484e-01  -1.8600701e-03
   7.7920000e+03   4.8834709e-01   3.2180878e-03
   7.8000000e+03   4.8004156e-01  -8.6564758e-03
   7.8080000e+03   4.8828488e-01  -3.0379171e-03
   7.8160000e+03   4.8500669e-01  -2.3615251e-03
   7.8240000e+03   4.8626554e-01  -1.6087782e-03
   7.8320000e+03   4.7703148e-01  -2.4767325e-03
   7.8400000e+03   4.8479329e-01   3.6535405e-03
   7.8480000e+03   4.9095670e-01   1.6832515e-03
   7.8560000e+03   4.8974777e-01  -1.1393839e-03
   7.8640000e+03   4.8319125e-01   8.7867313e-04
   7.8720000e+03   4.8835987e-01   1.3573096e-03
   7.8800000e+03   4.8293397e-01   5.5431417e-03
   7.8880000e+03   4.8561263e-01  -1.3108721e-03
   7.8960000e+03   4.8736737e-01   5.2692111e-03
   7.9040000e+03   4.8638053e-01  -5.4445331e-03
   7.9120000e+03   4.7805446e-01   3.8543158e-03
   7.9200000e+03   4.8245122e-01  -4.4406490e-03
   7.9280000e+03   4.7816192e-01   4.3424385e-03
   7.9360000e+03   4.8629796e-01   7.1463837e-03
   7.9440000e+03   4.9349258e-01   1.9192316e-03
   7.9520000e+03   4.8454794e-01  -1.4285499e-03
   7.9600000e+03   4.8675767e-01   2.4635283e-03
   7.9680000e+03   4.7503200e-01  -7.4778416e-04
   7.9760000e+03   4.7695667e-01   2.5475456e-03
   7.9840000e+03   4.7873936e-01   6.2821257e-03
   7.9920000e+03   4.8422307e-01   3.9831726e-04
   8.0000000e+03   4.7866028e-01   1.3616440e-02
   8.0080000e+03   4.7353103e-01   1.3713807e-03
   8.0160000e+03   4.8332310e-01   1.9698885e-03
   8.0240000e+03   4.7627147e-01  -3.9523080e-04
   8.0320000e+03   4.7687707e-01   1.6616770e-03
   8.0400000e+03   4.8853100e-01  -2.5881536e-03
   8.0480000e+03   4.8953477e-01   1.8900632e-03
   8.0560000e+03   4.8786335e-01   2.2857421e-03
   8.0640000e+03   4.7560063e-01  -7.0416577e-03
   8.0720000e+03   4.7146113e-01  -3.6215492e-03
   8.0800000e+03   4.8954788e-01   7.3142114e-03
   8.0880000e+03   4.8203295e-01   1.0949464e-03
   8.0960000e+03   4.7577130e-01   5.9199343e-03
   8.1040000e+03   4.8487282e-01  -2.1393981e-04
   8.1120000e+03   4.7376983e-01  -6.0916570e-04
   8.1200000e+03   4.8360611e-01  -4.8763164e-03
   8.1280000e+03   4.7450131e-01  -2.7068534e-03
   8.1360000e+03   4.7682355e-01   1.1556699e-03
   8.1440000e+03   4.8327131e-01   5.5089761e-03
   8.1520000e+03   4.7324292e-01  -8.5685995e-03
   8.1600000e+03   4.7564053e-01  -2.9226747e-03
   8.1680000e+03   4.8329126e-01   3.5783628e-03
   8.1760000e+03   4.7559908e-01   1.5921238e-05
   8.1840000e+03   4.7620055e-01  -5.3024605e-03
   8.1920000e+03   4.7487502e-01  -8.5433155e-03
   8.2000000e+03   4.8307552e-01   4.5360236e-03
   8.2080000e+03   4.7437126e-01  -1.4455878e-03
   8.2160000e+03   4.8058321e-01  -1.6360473e-03
   8.2240000e+03   4.7436226e-01  -2.5159926e-03
   8.2320000e+03   4.7523313e-01   4.8816724e-04
   8.2400000e+03   4.8207736e-01  -5.3281698e-03
   8.2480000e+03   4.7847673e-01  -3.4244189e-03
   8.2560000e+03   4.6545552e-01  -4.7322331e-03
   8.2640000e+03   4.7867214e-01  -1.0543120e-02
   8.2720000e+03   4.7497517e-01  -3.5700814e-03
   8.2800000e+03   4.7313187e-01  -6.1715380e-03
   8.2880000e+03   4.7477286e-01   4.8985350e-03
   8.2960000e+03   4.7312346e-01   1.0796434e-03
