   0.0000000e+00   7.1470356e-01   2.2112237e-03
   8.0000000e+00   7.1773626e-01   1.1053272e-03
   1.6000000e+01   7.2329068e-01  -6.2617055e-03
   2.4000000e+01   7.3380422e-01   3.3782822e-03
   3.2000000e+01   7.4810364e-01   9.4317816e-04
   4.0000000e+01   7.6642832e-01  -3.6721906e-03
   4.8000000e+01   7.8970418e-01  -9.2539441e-04
   5.6000000e+01   8.1932169e-01   9.4933288e-04
   6.4000000e+01   8.4671129e-01   1.6814708e-03
   7.2000000e+01   8.8104212e-01   6.6452458e-04
   8.0000000e+01   9.2044405e-01  -1.3260994e-02
   8.8000000e+01   9.4455479e-01  -2.2517599e-03
   9.6000000e+01   9.7427498e-01   2.5145306e-03
   1.0400000e+02   9.9033188e-01  -2.8547999e-03
   1.1200000e+02   9.9472987e-01  -3.0686285e-03
   1.2000000e+02   9.9125429e-01   5.8068140e-03
   1.2800000e+02   9.7499837e-01   4.7601093e-03
   1.3600000e+02   9.4262723e-01  -9.5335837e-05
   1.4400000e+02   9.2047883e-01  -1.2938004e-03
   1.5200000e+02   8.8143169e-01   6.8130708e-04
   1.6000000e+02   8.4742772e-01   9.5319976e-04
   1.6800000e+02   8.1946930e-01  -2.5944276e-03
   1.7600000e+02   7.8835672e-01  -7.6858699e-04
   1.8400000e+02   7.7019961e-01   5.3121663e-03
   1.9200000e+02   7.4859846e-01  -4.2629960e-03
   2.0000000e+02   7.3377509e-01   3.6894413e-03
   2.0800000e+02   7.2469565e-01   1.9251277e-03
   2.1600000e+02   7.1236162e-01  -7.5922715e-03
   2.2400000e+02   7.1203114e-01  -2.0898954e-03
   2.3200000e+02   7.0751672e-01   1.5543698e-04
   2.4000000e+02   6.9651695e-01  -1.2454839e-03
   2.4800000e+02   6.9855896e-01  -5.4590533e-03
   2.5600000e+02   6.9869963e-01  -9.0536117e-04
   2.6400000e+02   6.9911907e-01  -1.6785506e-03
   2.7200000e+02   7.0679122e-01  -4.1595694e-03
   2.8000000e+02   7.0614987e-01  -3.1214661e-03
   2.8800000e+02   7.0913754e-01   5.0216749e-03
   2.9600000e+02   7.1470261e-01   2.5139796e-03
   3.0400000e+02   7.2249951e-01   4.2156387e-03
   3.1200000e+02   7.2080279e-01   2.2079179e-03
   3.2000000e+02   7.1549757e-01   3.6047876e-03
   3.2800000e+02   7.2029536e-01  -4.2485449e-03
   3.3600000e+02   7.1687277e-01  -3.9028342e-03
   3.4400000e+02   7.1240168e-01   8.1560480e-04
   3.5200000e+02   7.1044605e-01   1.3450343e-03
   3.6000000e+02   7.0349679e-01  -1.2138568e-04
   3.6800000e+02   6.9422904e-01  -2.8669574e-03
   3.7600000e+02   6.9217300e-01  -4.6613765e-04
   3.8400000e+02   6.8116564e-01  -2.0757753e-03
   3.9200000e+02   6.8346244e-01  -2.2229694e-03
   4.0000000e+02   6.6939659e-01  -1.0497693e-02
   4.0800000e+02   6.6938191e-01   2.8289441e-03
   4.1600000e+02   6.6596221e-01  -1.2088963e-03
   4.2400000e+02   6.6275211e-01  -3.4664405e-03
   4.3200000e+02   6.6434347e-01   5.8270605e-03
   4.4000000e+02   6.5867510e-01  -3.6682567e-03
   4.4800000e+02   6.4967334e-01   4.6921906e-03
   4.5600000e+02   6.5820136e-01   3.0640722e-03
   4.6400000e+02   6.5121280e-01  -4.3626150e-03
   4.7200000e+02   6.5124363e-01   5.5804980e-04
   4.8000000e+02   6.5589350e-01  -2.4743283e-03
   4.8800000e+02   6.5267580e-01   1.4230283e-03
   4.9600000e+02   6.5853189e-01  -3.8778522e-03
   5.0400000e+02   6.5755998e-01   2.2936000e-03
   5.1200000e+02   6.4947810e-01  -2.0964478e-03
   5.2000000e+02   6.5383005e-01  -2.3686387e-04
   5.2800000e+02   6.5897062e-01   1.2377388e-03
   5.3600000e+02   6.5505978e-01  -4.5067673e-03
   5.4400000e+02   6.5155957e-01  -2.5158779e-03
   5.5200000e+02   6.5254728e-01  -4.7731494e-03
   5.6000000e+02   6.5132655e-01   6.0844602e-04
   5.6800000e+02   6.5216825e-01   3.9854638e-03
   5.7600000e+02   6.5042559e-01   2.3354006e-03
   5.8400000e+02   6.4782542e-01   3.9936513e-03
   5.9200000e+02   6.5011900e-01   8.0429829e-04
   6.0000000e+02   6.5127338e-01  -1.1306978e-03
   6.0800000e+02   6.4520781e-01  -1.0623758e-03
   6.1600000e+02   6.4547119e-01   8.6921508e-03
   6.2400000e+02   6.4660095e-01  -5.7680536e-04
   6.3200000e+02   6.4581243e-01  -2.0751684e-03
   6.4000000e+02   6.3825460e-01  -2.1359840e-03
   6.4800000e+02   6.4644180e-01   2.3402553e-03
   6.5600000e+02   6.3542918e-01  -3.7843472e-03
   6.6400000e+02   6.3347812e-01  -3.1735716e-03
   6.7200000e+02   6.4213346e-01   2.3294932e-03
   6.8000000e+02   6.3622794e-01   4.2296145e-04
   6.8800000e+02   6.3761579e-01  -3.5179892e-03
   6.9600000e+02   6.3170340e-01  -8.0990308e-03
   7.0400000e+02   6.3189155e-01  -2.3908486e-03
   7.1200000e+02   6.3425463e-01   3.0334977e-03
   7.2000000e+02   6.3012864e-01   5.4065855e-03
   7.2800000e+02   6.3347223e-01   4.2476696e-03
   7.3600000e+02   6.3699379e-01  -7.6756987e-04
   7.4400000e+02   6.3721585e-01  -2.0919528e-03
   7.5200000e+02   6.2990772e-01   3.1562441e-03
   7.6000000e+02   6.3168777e-01  -5.2501785e-03
   7.6800000e+02   6.3535994e-01  -1.4817840e-03
   7.7600000e+02   6.3345209e-01   2.2674237e-03
   7.8400000e+02   6.3216191e-01   4.3655218e-03
   7.9200000e+02   6.2892363e-01   4.1973209e-03
   8.0000000e+02   6.3229273e-01   9.7676140e-04
   8.0800000e+02   6.3028331e-01   6.2393348e-03
   8.1600000e+02   6.2159356e-01  -2.7469378e-03
   8.2400000e+02   6.3539255e-01   2.4039071e-03
   8.3200000e+02   6.3129243e-01   3.7718099e-03
   8.4000000e+02   6.3102161e-01  -1.0883007e-03
   8.4800000e+02   6.3037931e-01   3.2926643e-04
   8.5600000e+02   6.2645595e-01  -1.7771969e-03
   8.6400000e+02   6.3481845e-01   4.4115786e-03
   8.7200000e+02   6.3293586e-01  -1.9102201e-03
   8.8000000e+02   6.2622450e-01   2.2884048e-03
   8.8800000e+02   6.2496566e-01   6.3635479e-04
   8.9600000e+02   6.3057361e-01  -1.2495523e-03
   9.0400000e+02   6.2551518e-01  -9.1257440e-03
   9.1200000e+02   6.2680160e-01   6.7852391e-04
   9.2000000e+02   6.2835846e-01   3.3743312e-03
   9.2800000e+02   6.2728469e-01   2.9057806e-03
   9.3600000e+02   6.2839381e-01  -1.9384550e-03
   9.4400000e+02   6.3016787e-01  -5.9295765e-04
   9.5200000e+02   6.2435452e-01   2.6604567e-03
   9.6000000e+02   6.2431523e-01  -2.2127676e-03
   9.6800000e+02   6.2917722e-01  -4.1780967e-03
   9.7600000e+02   6.2449943e-01  -1.0732242e-03
   9.8400000e+02   6.3439846e-01   1.6025860e-03
   9.9200000e+02   6.2702232e-01   2.8293084e-03
   1.0000000e+03   6.1735200e-01   5.7716228e-03
   1.0080000e+03   6.2233196e-01  -4.2168058e-03
   1.0160000e+03   6.2481912e-01   1.8748702e-03
   1.0240000e+03   6.2452315e-01   1.1317955e-04
   1.0320000e+03   6.2817852e-01  -1.1458607e-03
   1.0400000e+03   6.3265987e-01  -2.3969208e-03
   1.0480000e+03   6.2672915e-01  -2.2314771e-03
   1.0560000e+03   6.2148684e-01  -1.5102604e-04
   1.0640000e+03   6.2441416e-01  -8.4158029e-05
   1.0720000e+03   6.2258810e-01   6.2766778e-03
   1.0800000e+03   6.2002577e-01   3.3347706e-03
   1.0880000e+03   6.2371387e-01   4.6449077e-03
   1.0960000e+03   6.2090976e-01  -6.8506836e-04
   1.1040000e+03   6.2401154e-01   4.2274963e-03
   1.1120000e+03   6.2294551e-01  -3.8805644e-03
   1.1200000e+03   6.3027548e-01   1.1147065e-03
   1.1280000e+03   6.2941928e-01  -5.9803187e-05
   1.1360000e+03   6.2635270e-01  -3.0064738e-03
   1.1440000e+03   6.2658506e-01  -3.6720997e-03
   1.1520000e+03   6.2251455e-01  -5.9334322e-05
   1.1600000e+03   6.2769009e-01  -4.0443938e-03
   1.1680000e+03   6.2509204e-01  -1.0870384e-03
   1.1760000e+03   6.2465571e-01   3.3105791e-03
   1.1840000e+03   6.2379495e-01  -2.1321135e-03
   1.1920000e+03   6.2217607e-01   7.0091586e-04
   1.2000000e+03   6.1877474e-01  -1.0710239e-03
   1.2080000e+03   6.2355286e-01  -5.0176422e-03
   1.2160000e+03   6.1537604e-01  -1.6086028e-03
   1.2240000e+03   6.1723007e-01   5.2084906e-03
   1.2320000e+03   6.1844110e-01   8.9674272e-04
   1.2400000e+03   6.1447003e-01   4.1677040e-03
   1.2480000e+03   6.2138156e-01   6.3791141e-03
   1.2560000e+03   6.2108782e-01   5.3372950e-03
   1.2640000e+03   6.2835301e-01  -9.0774081e-04
   1.2720000e+03   6.1636712e-01  -1.2703190e-04
   1.2800000e+03   6.1823254e-01   7.3242576e-03
   1.2880000e+03   6.2285482e-01   4.8391968e-03
   1.2960000e+03   6.2419274e-01   7.3243085e-03
   1.3040000e+03   6.2536338e-01  -2.5985401e-03
   1.3120000e+03   6.1844632e-01   3.7941714e-03
   1.3200000e+03   6.2206335e-01   1.3121325e-03
   1.3280000e+03   6.2029432e-01  -6.8256098e-04
   1.3360000e+03   6.2010901e-01  -4.1967434e-03
   1.3440000e+03   6.1765352e-01  -5.7945745e-04
   1.3520000e+03   6.1993235e-01   1.3851879e-04
   1.3600000e+03   6.1918638e-01  -1.1420081e-03
   1.3680000e+03   6.1611478e-01   4.3738011e-03
   1.3760000e+03   6.2000140e-01  -5.4524438e-05
   1.3840000e+03   6.1986824e-01   7.0187240e-03
   1.3920000e+03   6.1063383e-01  -5.8291087e-04
   1.4000000e+03   6.1109848e-01   2.5192334e-04
   1.4080000e+03   6.2073524e-01  -1.2267763e-03
   1.4160000e+03   6.2485889e-01  -5.2914321e-04
   1.4240000e+03   6.1990798e-01  -1.0852575e-03
   1.4320000e+03   6.1965370e-01   3.7497861e-03
   1.4400000e+03   6.1778845e-01   4.2983697e-04
   1.4480000e+03   6.1806100e-01  -1.6814803e-03
   1.4560000e+03   6.1952547e-01  -8.3981649e-04
   1.4640000e+03   6.1787362e-01   1.8233259e-03
   1.4720000e+03   6.1619597e-01  -6.0658013e-03
   1.4800000e+03   6.1643093e-01  -5.8592980e-03
   1.4880000e+03   6.1791732e-01  -3.1190552e-03
   1.4960000e+03   6.2447744e-01   3.3836121e-03
   1.5040000e+03   6.1788977e-01  -1.4700084e-03
   1.5120000e+03   6.1543912e-01  -3.2230831e-03
   1.5200000e+03   6.2140630e-01  -1.0962972e-04
   1.5280000e+03   6.1887644e-01   1.3625264e-03
   1.5360000e+03   6.1531005e-01   2.9609445e-03
   1.5440000e+03   6.1639959e-01  -4.5354446e-03
   1.5520000e+03   6.1498326e-01   3.2268977e-03
   1.5600000e+03   6.1528860e-01  -9.0396143e-04
   1.5680000e+03   6.0819120e-01   3.3553857e-03
   1.5760000e+03   6.1570098e-01  -3.2182517e-03
   1.5840000e+03   6.1118957e-01   2.4352822e-03
   1.5920000e+03   6.1200602e-01   4.6073356e-03
   1.6000000e+03   6.1804908e-01  -6.7796983e-04
   1.6080000e+03   6.1517011e-01  -6.2530397e-03
   1.6160000e+03   6.1985794e-01   1.1083713e-03
   1.6240000e+03   6.0788942e-01  -3.7386595e-03
   1.6320000e+03   6.1351228e-01  -3.7257248e-03
   1.6400000e+03   6.0870350e-01  -4.4769009e-03
   1.6480000e+03   6.1319759e-01  -3.7095613e-03
   1.6560000e+03   6.1399696e-01   8.6246999e-03
   1.6640000e+03   6.1351041e-01   6.7751855e-03
   1.6720000e+03   6.1225335e-01   1.3901569e-03
   1.6800000e+03   6.0741673e-01   7.3701228e-04
   1.6880000e+03   6.1764057e-01  -2.2248800e-03
   1.6960000e+03   6.1393933e-01   3.9863048e-03
   1.7040000e+03   6.0355168e-01   3.1031675e-03
   1.7120000e+03   6.1075103e-01   5.9793887e-03
   1.7200000e+03   6.1324817e-01  -8.2215325e-03
   1.7280000e+03   6.1338734e-01   8.9542339e-04
   1.7360000e+03   6.0909378e-01  -5.1051513e-03
   1.7440000e+03   6.1229604e-01   2.9010211e-03
   1.7520000e+03   6.1747911e-01   3.6994950e-03
   1.7600000e+03   6.1217215e-01  -1.6374244e-03
   1.7680000e+03   6.1379829e-01  -1.2891180e-03
   1.7760000e+03   6.0767267e-01  -2.7522546e-03
   1.7840000e+03   6.0755048e-01  -3.4397979e-03
   1.7920000e+03   6.1109844e-01  -7.7398291e-03
   1.8000000e+03   6.0481366e-01   3.7438204e-03
   1.8080000e+03   6.0440348e-01   3.0648717e-03
   1.8160000e+03   6.0867667e-01   6.2842625e-03
   1.8240000e+03   6.0686090e-01   8.9129554e-04
   1.8320000e+03   6.0856135e-01   6.6811767e-03
   1.8400000e+03   6.0904284e-01   2.5540712e-03
   1.8480000e+03   6.1085493e-01   2.7506409e-03
   1.8560000e+03   6.0419001e-01  -3.4461240e-04
   1.8640000e+03   6.0425351e-01   4.8803871e-03
   1.8720000e+03   6.0583779e-01   1.4747752e-03
   1.8800000e+03   6.0990180e-01   3.8237169e-05
   1.8880000e+03   6.0981453e-01  -1.9480034e-03
   1.8960000e+03   6.0567988e-01  -1.2739515e-03
   1.9040000e+03   6.0762635e-01   2.0365016e-03
   1.9120000e+03   6.0667342e-01   2.9778207e-03
   1.9200000e+03   6.0589128e-01   1.3033757e-03
   1.9280000e+03   6.0489436e-01  -2.6907273e-03
   1.9360000e+03   6.0447692e-01  -6.7298898e-03
   1.9440000e+03   6.0526919e-01   3.5931997e-03
   1.9520000e+03   6.0691680e-01  -5.5473650e-03
   1.9600000e+03   6.0241860e-01  -2.9352381e-03
   1.9680000e+03   6.0083838e-01  -1.0413027e-03
   1.9760000e+03   6.0666335e-01   3.0421581e-03
   1.9840000e+03   5.9910937e-01   7.2900713e-04
   1.9920000e+03   6.0275014e-01   1.6363930e-03
   2.0000000e+03   5.9820342e-01   1.7193510e-04
   2.0080000e+03   6.0761821e-01  -5.8409957e-04
   2.0160000e+03   6.0030621e-01   1.7638301e-03
   2.0240000e+03   5.9921946e-01  -5.4510400e-03
   2.0320000e+03   6.0472829e-01  -6.9522631e-03
   2.0400000e+03   6.0639838e-01   4.2242111e-03
   2.0480000e+03   5.9672645e-01   1.6675649e-03
   2.0560000e+03   5.9448326e-01   6.2289265e-03
   2.0640000e+03   6.0372408e-01   2.1425595e-03
   2.0720000e+03   5.9854541e-01  -2.7281304e-03
   2.0800000e+03   6.0408228e-01   2.4783916e-03
   2.0880000e+03   5.9975843e-01  -2.2047779e-03
   2.0960000e+03   6.0790409e-01   2.9728658e-03
   2.1040000e+03   6.0224980e-01  -8.5738006e-03
   2.1120000e+03   6.0177893e-01  -1.8180854e-03
   2.1200000e+03   5.9951469e-01   2.6951766e-04
   2.1280000e+03   6.0786869e-01  -2.3025504e-03
   2.1360000e+03   5.9754112e-01  -1.3709564e-03
   2.1440000e+03   5.9598173e-01   6.2341497e-03
   2.1520000e+03   5.9262621e-01  -4.4221230e-03
   2.1600000e+03   6.0044994e-01  -1.3016198e-03
   2.1680000e+03   5.9442832e-01   1.5482739e-03
   2.1760000e+03   5.9477559e-01   6.2242408e-04
   2.1840000e+03   5.9353270e-01  -3.0299240e-03
   2.1920000e+03   5.9192189e-01   3.4346719e-03
   2.2000000e+03   5.9637456e-01   2.0109709e-03
   2.2080000e+03   5.9674609e-01   3.9049801e-03
   2.2160000e+03   6.0337406e-01   3.1753771e-03
   2.2240000e+03   5.9345592e-01   1.7846736e-03
   2.2320000e+03   5.9812377e-01  -8.9784398e-04
   2.2400000e+03   5.9333744e-01  -1.9473279e-03
   2.2480000e+03   5.9591484e-01   1.6781849e-03
   2.2560000e+03   5.9481984e-01   7.1589527e-04
   2.2640000e+03   6.0092315e-01   2.6431758e-03
   2.2720000e+03   5.9387199e-01   2.5762829e-03
   2.2800000e+03   5.9530367e-01  -3.7273061e-03
   2.2880000e+03   5.9197103e-01   2.0566153e-03
   2.2960000e+03   5.9076466e-01  -1.4960988e-03
   2.3040000e+03   5.8702454e-01   3.8034477e-03
   2.3120000e+03   5.9545713e-01   3.1008105e-03
   2.3200000e+03   5.9791977e-01  -1.9500719e-03
   2.3280000e+03   5.9189388e-01  -8.0394248e-05
   2.3360000e+03   5.9395612e-01   6.1878049e-04
   2.3440000e+03   5.9445630e-01  -1.5852838e-04
   2.3520000e+03   5.9584723e-01  -4.1006085e-03
   2.3600000e+03   5.9081010e-01   3.4269303e-03
   2.3680000e+03   5.8803194e-01   2.2310401e-04
   2.3760000e+03   5.9303639e-01  -3.7531828e-03
   2.3840000e+03   5.8771045e-01   7.6381651e-03
   2.3920000e+03   6.0396409e-01   1.1677342e-03
   2.4000000e+03   5.9154222e-01   3.5700713e-03
   2.4080000e+03   5.9379475e-01   7.5384001e-05
   2.4160000e+03   5.9078209e-01  -1.7142560e-03
   2.4240000e+03   5.9118771e-01  -1.4203545e-03
   2.4320000e+03   5.9198507e-01   8.5620472e-04
   2.4400000e+03   5.8433301e-01   3.5413978e-03
   2.4480000e+03   5.8890776e-01   2.2157011e-03
   2.4560000e+03   5.9193094e-01  -4.1445113e-03
   2.4640000e+03   5.9235466e-01   3.8329804e-03
   2.4720000e+03   5.8845019e-01  -4.2703776e-03
   2.4800000e+03   5.8177951e-01  -3.7281062e-03
   2.4880000e+03   5.8620653e-01   4.2043891e-03
   2.4960000e+03   5.8500272e-01   2.2831709e-03
   2.5040000e+03   5.8435334e-01  -3.0111085e-03
   2.5120000e+03   5.9071885e-01   2.3114998e-03
   2.5200000e+03   5.8318074e-01   5.1206617e-03
   2.5280000e+03   5.8679329e-01  -1.2892558e-03
   2.5360000e+03   5.8876307e-01  -3.7079624e-04
   2.5440000e+03   5.8451424e-01  -2.6985831e-03
   2.5520000e+03   5.8584094e-01   1.8080481e-03
   2.5600000e+03   5.8216146e-01   3.9341274e-03
   2.5680000e+03   5.8588252e-01  -8.6480179e-04
   2.5760000e+03   5.8832435e-01   2.8531770e-03
   2.5840000e+03   5.8092824e-01   1.4632253e-03
   2.5920000e+03   5.8087328e-01   3.2874300e-03
   2.6000000e+03   5.7837133e-01  -6.6179447e-03
   2.6080000e+03   5.8754583e-01   1.9590217e-03
   2.6160000e+03   5.8072720e-01   1.3569642e-03
   2.6240000e+03   5.8203152e-01   3.3863205e-03
   2.6320000e+03   5.8483840e-01  -1.8667995e-03
   2.6400000e+03   5.8363044e-01  -3.4051967e-03
   2.6480000e+03   5.8562041e-01  -1.8251288e-03
   2.6560000e+03   5.8168523e-01  -4.8881667e-03
   2.6640000e+03   5.8514611e-01  -1.9911596e-03
   2.6720000e+03   5.8640216e-01   1.1181022e-04
   2.6800000e+03   5.7651362e-01  -2.3670259e-04
   2.6880000e+03   5.8036533e-01  -2.0196993e-03
   2.6960000e+03   5.7812554e-01   1.6658084e-03
   2.7040000e+03   5.7902889e-01  -1.9425624e-03
   2.7120000e+03   5.7582163e-01  -1.4138709e-03
   2.7200000e+03   5.8045409e-01  -2.5181217e-03
   2.7280000e+03   5.7684927e-01   3.1444032e-03
   2.7360000e+03   5.8222218e-01   2.7688054e-03
   2.7440000e+03   5.8464115e-01  -5.7041553e-03
   2.7520000e+03   5.8605906e-01   6.1627844e-03
   2.7600000e+03   5.8902680e-01  -2.2325286e-04
   2.7680000e+03   5.7667458e-01   5.8260670e-04
   2.7760000e+03   5.8068379e-01  -1.3782423e-03
   2.7840000e+03   5.7781667e-01   2.4717084e-03
   2.7920000e+03   5.7684207e-01   1.5864013e-03
   2.8000000e+03   5.8231140e-01   1.6076445e-03
   2.8080000e+03   5.7775276e-01  -6.5247370e-03
   2.8160000e+03   5.7552438e-01   4.5131531e-03
   2.8240000e+03   5.7270377e-01  -3.1916646e-03
   2.8320000e+03   5.7694179e-01  -1.0557448e-02
   2.8400000e+03   5.8404481e-01  -2.0632828e-03
   2.8480000e+03   5.7887451e-01  -1.8232463e-03
   2.8560000e+03   5.7508527e-01  -2.6166538e-03
   2.8640000e+03   5.7476869e-01   3.6939362e-04
   2.8720000e+03   5.7437076e-01   1.7705279e-03
   2.8800000e+03   5.7767171e-01   3.3445250e-03
   2.8880000e+03   5.7846612e-01   2.9191753e-04
   2.8960000e+03   5.7142997e-01   8.0471718e-03
   2.9040000e+03   5.7502273e-01   2.7801051e-03
   2.9120000e+03   5.7775828e-01  -1.0382622e-03
   2.9200000e+03   5.7582574e-01   2.2849154e-03
   2.9280000e+03   5.7792277e-01  -5.5901706e-03
   2.9360000e+03   5.7590889e-01   3.4204220e-03
   2.9440000e+03   5.7793468e-01   2.0889206e-03
   2.9520000e+03   5.7960818e-01  -4.5033818e-03
   2.9600000e+03   5.7198194e-01  -9.8464421e-04
   2.9680000e+03   5.7134072e-01  -3.1008868e-03
   2.9760000e+03   5.7499931e-01   9.6204335e-04
   2.9840000e+03   5.7332894e-01   9.3698107e-04
   2.9920000e+03   5.7814102e-01  -5.4450081e-03
   3.0000000e+03   5.7345529e-01  -2.6903866e-03
   3.0080000e+03   5.7374947e-01  -1.9785086e-03
   3.0160000e+03   5.7852129e-01  -4.8160581e-03
   3.0240000e+03   5.7602010e-01  -1.3448475e-03
   3.0320000e+03   5.7202391e-01  -7.0125423e-03
   3.0400000e+03   5.7163359e-01   1.0520575e-03
   3.0480000e+03   5.7083398e-01   4.4710046e-03
   3.0560000e+03   5.6604374e-01  -3.6886702e-03
   3.0640000e+03   5.6648295e-01   4.2619020e-03
   3.0720000e+03   5.7324851e-01   4.7474456e-03
   3.0800000e+03   5.7604689e-01   3.9396951e-03
   3.0880000e+03   5.6780590e-01  -3.1832817e-03
   3.0960000e+03   5.7709170e-01   3.5886855e-04
   3.1040000e+03   5.7018780e-01   3.3038463e-03
   3.1120000e+03   5.7525407e-01  -2.9658700e-03
   3.1200000e+03   5.7179908e-01  -1.1418124e-03
   3.1280000e+03   5.6761587e-01  -4.6318744e-03
   3.1360000e+03   5.6803173e-01  -1.7064034e-03
   3.1440000e+03   5.6285251e-01   2.3473428e-03
   3.1520000e+03   5.6853857e-01   1.7363864e-03
   3.1600000e+03   5.6489388e-01  -1.0155835e-03
   3.1680000e+03   5.7199002e-01   4.5796970e-03
   3.1760000e+03   5.6741666e-01   1.6722115e-03
   3.1840000e+03   5.6853234e-01  -5.4426205e-03
   3.1920000e+03   5.6549194e-01  -4.9714367e-03
   3.2000000e+03   5.7362231e-01   2.9067734e-03
   3.2080000e+03   5.6447793e-01  -2.4792876e-03
   3.2160000e+03   5.6529579e-01   2.2493253e-03
   3.2240000e+03   5.6465790e-01  -4.4098208e-03
   3.2320000e+03   5.6738920e-01   8.6464454e-03
   3.2400000e+03   5.6170310e-01   2.1468310e-03
   3.2480000e+03   5.6559976e-01   5.0939240e-03
   3.2560000e+03   5.6498760e-01   1.0959341e-04
   3.2640000e+03   5.6072126e-01  -9.9892211e-04
   3.2720000e+03   5.6128888e-01  -6.8337101e-03
   3.2800000e+03   5.6554103e-01  -1.2759191e-03
   3.2880000e+03   5.6215558e-01  -1.2396597e-03
   3.2960000e+03   5.6303997e-01   1.7826261e-03
   3.3040000e+03   5.6228383e-01  -2.4749827e-04
   3.3120000e+03   5.6295071e-01   2.0925516e-03
   3.3200000e+03   5.6716645e-01   6.7827627e-03
   3.3280000e+03   5.6593153e-01   1.5905164e-03
   3.3360000e+03   5.5528206e-01  -9.1311951e-04
   3.3440000e+03   5.6305622e-01   5.4134965e-03
   3.3520000e+03   5.6654701e-01  -1.7507941e-03
   3.3600000e+03   5.6316569e-01   2.2824155e-03
   3.3680000e+03   5.5939383e-01   5.7827343e-03
   3.3760000e+03   5.5851493e-01   6.5203669e-04
   3.3840000e+03   5.6006230e-01   3.1376737e-03
   3.3920000e+03   5.6481686e-01   1.9257088e-03
   3.4000000e+03   5.5929172e-01   1.1144446e-03
   3.4080000e+03   5.5932539e-01   5.6608833e-04
   3.4160000e+03   5.6097493e-01   1.7737074e-03
   3.4240000e+03   5.5660771e-01   7.5981278e-04
   3.4320000e+03   5.5551607e-01   4.6316715e-03
   3.4400000e+03   5.5951816e-01   1.4278675e-03
   3.4480000e+03   5.5208722e-01   2.1679854e-03
   3.4560000e+03   5.5566379e-01   2.7571464e-03
   3.4640000e+03   5.5667314e-01  -8.5439862e-04
   3.4720000e+03   5.6402058e-01  -4.1698991e-03
   3.4800000e+03   5.5733862e-01   3.7676438e-03
   3.4880000e+03   5.6075417e-01  -4.2544420e-03
   3.4960000e+03   5.6206284e-01  -5.8165744e-03
   3.5040000e+03   5.5275736e-01  -3.4872198e-03
   3.5120000e+03   5.4738917e-01  -3.9015516e-03
   3.5200000e+03   5.5867596e-01   2.2961991e-03
   3.5280000e+03   5.6110959e-01  -1.7597942e-03
   3.5360000e+03   5.5541358e-01  -2.1120374e-03
   3.5440000e+03   5.5258784e-01   3.0321384e-03
   3.5520000e+03   5.5682513e-01   7.2334323e-04
   3.5600000e+03   5.5531817e-01   1.1911631e-03
   3.5680000e+03   5.5287072e-01   8.2729563e-04
   3.5760000e+03   5.5558758e-01   3.0897215e-03
   3.5840000e+03   5.5238326e-01  -1.1227260e-03
   3.5920000e+03   5.5577397e-01   6.3123600e-03
   3.6000000e+03   5.5661424e-01   1.4635718e-03
   3.6080000e+03   5.5602826e-01   7.6090006e-04
   3.6160000e+03   5.5496017e-01  -2.7633132e-03
   3.6240000e+03   5.5672261e-01  -1.7483451e-03
   3.6320000e+03   5.6057737e-01   4.4057162e-03
   3.6400000e+03   5.6234559e-01  -3.3912627e-03
   3.6480000e+03   5.4823332e-01   3.3390980e-03
   3.6560000e+03   5.6023068e-01   4.0221522e-03
   3.6640000e+03   5.5030820e-01   2.2005555e-04
   3.6720000e+03   5.4780623e-01   2.8811721e-04
   3.6800000e+03   5.5110275e-01  -1.4995530e-03
   3.6880000e+03   5.5047150e-01   8.4421581e-04
   3.6960000e+03   5.5709938e-01   1.8335493e-03
   3.7040000e+03   5.5530364e-01   3.4920142e-03
   3.7120000e+03   5.5412628e-01   1.2234854e-03
   3.7200000e+03   5.5124074e-01   3.2352513e-03
   3.7280000e+03   5.5118210e-01   1.0084869e-03
   3.7360000e+03   5.4686224e-01   2.4914509e-03
   3.7440000e+03   5.5528005e-01  -1.6871845e-03
   3.7520000e+03   5.5791324e-01  -1.9473378e-03
   3.7600000e+03   5.5355264e-01  -5.5525867e-03
   3.7680000e+03   5.5652316e-01  -1.4715769e-03
   3.7760000e+03   5.5033250e-01   9.9549136e-04
   3.7840000e+03   5.4804604e-01   3.1094198e-04
   3.7920000e+03   5.5377156e-01  -4.6323598e-04
   3.8000000e+03   5.5272306e-01  -2.4032952e-03
   3.8080000e+03   5.4782928e-01  -1.5432011e-03
   3.8160000e+03   5.4609041e-01   1.5839216e-03
   3.8240000e+03   5.4875445e-01   2.3719791e-03
   3.8320000e+03   5.5378969e-01  -3.8415845e-03
   3.8400000e+03   5.4443207e-01  -5.6308841e-04
   3.8480000e+03   5.5025950e-01   5.4447592e-03
   3.8560000e+03   5.4988802e-01  -6.1861525e-03
   3.8640000e+03   5.4591742e-01   3.0077092e-03
   3.8720000e+03   5.4497012e-01   8.7767094e-03
   3.8800000e+03   5.4850106e-01   2.9211179e-03
   3.8880000e+03   5.4859786e-01   3.2519986e-03
   3.8960000e+03   5.4542224e-01   4.4037902e-05
   3.9040000e+03   5.4581627e-01   1.4428167e-03
   3.9120000e+03   5.5315828e-01  -1.8482556e-04
   3.9200000e+03   5.4689926e-01  -2.8128781e-04
   3.9280000e+03   5.4514421e-01  -2.7314139e-04
   3.9360000e+03   5.4667567e-01  -2.2317467e-03
   3.9440000e+03   5.4089786e-01   6.0977693e-04
   3.9520000e+03   5.4430957e-01   3.4496349e-03
   3.9600000e+03   5.4142085e-01  -1.6195032e-03
   3.9680000e+03   5.4538582e-01   2.5919063e-03
   3.9760000e+03   5.4620661e-01   1.5145507e-03
   3.9840000e+03   5.4674369e-01  -8.9120829e-04
   3.9920000e+03   5.4728631e-01   1.3328905e-03
   4.0000000e+03   5.4637136e-01   5.1127218e-04
   4.0080000e+03   5.4400531e-01   6.2431904e-03
   4.0160000e+03   5.3898867e-01   2.1664381e-03
   4.0240000e+03   5.3821247e-01  -3.3955430e-03
   4.0320000e+03   5.4034846e-01   3.8834412e-03
   4.0400000e+03   5.3640614e-01   3.5563401e-04
   4.0480000e+03   5.4600091e-01  -7.5158942e-04
   4.0560000e+03   5.4017138e-01   2.0194374e-03
   4.0640000e+03   5.4248463e-01   2.1547140e-03
   4.0720000e+03   5.3933479e-01   6.7060074e-03
   4.0800000e+03   5.3905446e-01  -5.4036515e-04
   4.0880000e+03   5.4337771e-01   6.0263130e-03
   4.0960000e+03   5.4650873e-01  -2.8433681e-03
   4.1040000e+03   5.4210323e-01   2.6297456e-04
   4.1120000e+03   5.4262695e-01   3.5684302e-03
   4.1200000e+03   5.2935935e-01  -1.6456132e-03
   4.1280000e+03   5.3658316e-01  -4.8055011e-04
   4.1360000e+03   5.3953777e-01   3.7059824e-04
   4.1440000e+03   5.4004401e-01  -1.1906339e-03
   4.1520000e+03   5.4439723e-01   9.8880339e-04
   4.1600000e+03   5.4197591e-01   4.6312652e-03
   4.1680000e+03   5.3750808e-01  -1.8840779e-03
   4.1760000e+03   5.3830168e-01  -1.2170614e-03
   4.1840000e+03   5.3871458e-01  -1.1394433e-04
   4.1920000e+03   5.4233536e-01   1.7794456e-03
   4.2000000e+03   5.4176112e-01  -6.9493273e-04
   4.2080000e+03   5.4300628e-01  -6.8810531e-04
   4.2160000e+03   5.3818016e-01   7.4886337e-04
   4.2240000e+03   5.3729626e-01  -1.5723881e-04
   4.2320000e+03   5.4180876e-01  -4.4408117e-04
   4.2400000e+03   5.3376532e-01  -7.3028702e-04
   4.2480000e+03   5.4020613e-01  -1.1860245e-03
   4.2560000e+03   5.3358870e-01   6.1065210e-04
   4.2640000e+03   5.4112319e-01  -1.3204553e-03
   4.2720000e+03   5.3623782e-01   3.6108123e-03
   4.2800000e+03   5.3324784e-01  -9.9822932e-04
   4.2880000e+03   5.3398118e-01  -2.4364038e-03
   4.2960000e+03   5.3530039e-01   2.0165179e-04
   4.3040000e+03   5.3802219e-01   3.3350848e-03
   4.3120000e+03   5.3919994e-01   2.3197086e-03
   4.3200000e+03   5.3859354e-01  -1.3722521e-02
   4.3280000e+03   5.3205503e-01  -1.1346141e-03
   4.3360000e+03   5.4187373e-01   2.9202565e-03
   4.3440000e+03   5.4136025e-01  -3.2073483e-03
   4.3520000e+03   5.3681205e-01   5.1579803e-03
   4.3600000e+03   5.3322332e-01  -3.3532251e-03
   4.3680000e+03   5.3876912e-01  -5.4095852e-04
   4.3760000e+03   5.3269037e-01  -5.1918979e-04
   4.3840000e+03   5.3792765e-01   3.6496152e-04
   4.3920000e+03   5.3155366e-01  -2.3680236e-03
   4.4000000e+03   5.4310464e-01  -5.4280086e-03
   4.4080000e+03   5.4131478e-01  -8.4289395e-03
   4.4160000e+03   5.3613642e-01   2.4185462e-03
   4.4240000e+03   5.3703584e-01   1.9753172e-03
   4.4320000e+03   5.3434080e-01   8.0218478e-05
   4.4400000e+03   5.3728786e-01  -1.2621577e-03
   4.4480000e+03   5.3806836e-01   1.0943597e-03
   4.4560000e+03   5.3904194e-01   5.7349718e-04
   4.4640000e+03   5.2964519e-01  -2.0302844e-03
   4.4720000e+03   5.3152342e-01   6.7495028e-04
   4.4800000e+03   5.2946746e-01   3.7935261e-03
   4.4880000e+03   5.3276166e-01   6.6166355e-04
   4.4960000e+03   5.3567979e-01   2.1759522e-03
   4.5040000e+03   5.2663058e-01   3.0233659e-03
   4.5120000e+03   5.3074957e-01   1.3155364e-03
   4.5200000e+03   5.3536304e-01  -9.2412036e-04
   4.5280000e+03   5.3012636e-01  -1.3010658e-03
   4.5360000e+03   5.2989949e-01   1.4475289e-03
   4.5440000e+03   5.3097144e-01  -1.8250494e-03
   4.5520000e+03   5.3210863e-01   1.7405857e-03
   4.5600000e+03   5.2837638e-01  -5.1615849e-04
   4.5680000e+03   5.3025289e-01   8.2715723e-03
   4.5760000e+03   5.3185065e-01  -5.3275628e-03
   4.5840000e+03   5.3212711e-01  -2.3058936e-03
   4.5920000e+03   5.3065422e-01  -2.4889699e-03
   4.6000000e+03   5.2970475e-01   8.4914925e-04
   4.6080000e+03   5.2390697e-01   5.3700057e-04
   4.6160000e+03   5.2946840e-01  -7.5936951e-03
   4.6240000e+03   5.3279457e-01  -3.9716074e-03
   4.6320000e+03   5.2279655e-01  -2.7181766e-03
   4.6400000e+03   5.2409793e-01  -1.4002745e-03
   4.6480000e+03   5.2491296e-01   4.7997105e-04
   4.6560000e+03   5.2902023e-01  -5.0010747e-04
   4.6640000e+03   5.2434188e-01  -2.1840492e-03
   4.6720000e+03   5.3314738e-01   3.1880678e-03
   4.6800000e+03   5.2697980e-01  -5.0908184e-03
   4.6880000e+03   5.2652544e-01  -5.0455121e-03
   4.6960000e+03   5.2413577e-01  -2.7461049e-03
   4.7040000e+03   5.2454398e-01  -5.1770962e-03
   4.7120000e+03   5.2763599e-01   1.8379791e-03
   4.7200000e+03   5.2816359e-01   5.0839321e-03
   4.7280000e+03   5.2365330e-01  -4.1235929e-03
   4.7360000e+03   5.2608000e-01   1.6237692e-03
   4.7440000e+03   5.2946209e-01   3.7231247e-03
   4.7520000e+03   5.2986898e-01  -2.4862558e-04
   4.7600000e+03   5.3176363e-01  -3.5549817e-04
   4.7680000e+03   5.2039798e-01   1.3374163e-03
   4.7760000e+03   5.2781092e-01   5.3208145e-03
   4.7840000e+03   5.2625406e-01  -2.1028821e-03
   4.7920000e+03   5.1829908e-01   3.2594230e-03
   4.8000000e+03   5.1796488e-01   2.9660066e-03
   4.8080000e+03   5.1991673e-01  -5.4829546e-03
   4.8160000e+03   5.2114401e-01  -1.0156695e-04
   4.8240000e+03   5.2466544e-01  -3.8036414e-04
   4.8320000e+03   5.2568432e-01  -5.5038269e-04
   4.8400000e+03   5.1814098e-01   7.4785588e-04
   4.8480000e+03   5.1518144e-01  -6.6523589e-03
   4.8560000e+03   5.2142080e-01   1.5637234e-04
   4.8640000e+03   5.2365940e-01   5.8929510e-04
   4.8720000e+03   5.1773209e-01  -1.2202456e-04
   4.8800000e+03   5.2072967e-01  -3.2282090e-03
   4.8880000e+03   5.1457708e-01  -1.6515866e-03
   4.8960000e+03   5.2207740e-01  -2.8427389e-04
   4.9040000e+03   5.1873612e-01  -5.0003227e-03
   4.9120000e+03   5.1516796e-01  -9.3205160e-04
   4.9200000e+03   5.2522382e-01   4.7460898e-03
   4.9280000e+03   5.1845596e-01  -2.6524134e-03
   4.9360000e+03   5.2466569e-01   1.2887216e-03
   4.9440000e+03   5.2130587e-01  -3.4622566e-05
   4.9520000e+03   5.1677271e-01   9.1744606e-04
   4.9600000e+03   5.2212210e-01   7.4820467e-03
   4.9680000e+03   5.2104243e-01   5.3834336e-04
   4.9760000e+03   5.1655561e-01  -5.8191723e-03
   4.9840000e+03   5.1463877e-01   5.1551384e-03
   4.9920000e+03   5.2055175e-01   1.6786271e-03
   5.0000000e+03   5.1978104e-01   1.1192333e-03
   5.0080000e+03   5.2003560e-01  -2.0892508e-03
   5.0160000e+03   5.1296650e-01   3.0184644e-03
   5.0240000e+03   5.2169683e-01   3.4373465e-03
   5.0320000e+03   5.1897565e-01  -2.9934575e-03
   5.0400000e+03   5.2007318e-01   1.2735856e-03
   5.0480000e+03   5.1724933e-01   9.3819302e-04
   5.0560000e+03   5.1570142e-01   5.1443543e-03
   5.0640000e+03   5.1819060e-01   3.4008515e-03
   5.0720000e+03   5.1827799e-01  -1.3734467e-03
   5.0800000e+03   5.2245730e-01  -1.3492997e-03
