   0.0000000e+00   9.7551707e-01  -2.2444390e-03
   1.6000000e+01   9.7959341e-01   8.2782428e-05
   3.2000000e+01   9.8289484e-01   2.8673349e-03
   4.8000000e+01   9.8890315e-01   3.3382725e-03
   6.4000000e+01   9.8734445e-01  -1.9163558e-03
   8.0000000e+01   9.8711818e-01  -5.7986208e-03
   9.6000000e+01   9.8906972e-01  -1.4077988e-03
   1.1200000e+02   9.9040467e-01   6.2222436e-04
   1.2800000e+02   9.9549308e-01  -1.9148128e-03
   1.4400000e+02   9.9040140e-01  -1.8596969e-04
   1.6000000e+02   9.9624825e-01  -6.6645009e-04
   1.7600000e+02   9.9635426e-01   1.2181151e-04
   1.9200000e+02   9.9859646e-01   7.9438152e-04
   2.0800000e+02   9.9558260e-01   3.9055817e-05
   2.2400000e+02   1.0035281e+00  -6.9224110e-04
   2.4000000e+02   9.9929824e-01  -8.4593202e-03
   2.5600000e+02   9.9884489e-01   2.4186777e-03
   2.7200000e+02   9.9744525e-01  -1.1840327e-03
   2.8800000e+02   9.9762848e-01   8.6952608e-04
   3.0400000e+02   1.0012459e+00  -1.3583011e-03
   3.2000000e+02   9.9465852e-01   1.7651634e-03
   3.3600000e+02   9.9607179e-01  -1.9603928e-03
   3.5200000e+02   9.9706547e-01   2.8432242e-03
   3.6800000e+02   9.9167403e-01   1.1564406e-03
   3.8400000e+02   9.9599234e-01  -2.7032600e-03
   4.0000000e+02   9.8771233e-01   6.0547459e-05
   4.1600000e+02   9.9082061e-01   7.1540840e-04
   4.3200000e+02   9.8876037e-01  -1.0694960e-03
   4.4800000e+02   9.8618259e-01   2.3103459e-03
   4.6400000e+02   9.9093956e-01   6.0751409e-04
   4.8000000e+02   9.8296429e-01   1.5479988e-03
   4.9600000e+02   9.7885260e-01   9.3226204e-04
   5.1200000e+02   9.8142595e-01  -4.6396117e-03
   5.2800000e+02   9.7906328e-01  -6.9284821e-04
   5.4400000e+02   9.8027251e-01   1.0953189e-03
   5.6000000e+02   9.6974254e-01   4.3059669e-03
   5.7600000e+02   9.6971046e-01  -3.1888915e-03
   5.9200000e+02   9.6651219e-01  -3.3076379e-03
   6.0800000e+02   9.6408606e-01  -1.5594018e-03
   6.2400000e+02   9.6289621e-01  -2.8640849e-04
   6.4000000e+02   9.6059876e-01  -8.9485427e-04
   6.5600000e+02   9.5451819e-01   9.9243016e-04
   6.7200000e+02   9.5171606e-01   4.1319074e-03
   6.8800000e+02   9.5288887e-01  -1.1698566e-03
   7.0400000e+02   9.4271997e-01  -3.6442425e-03
   7.2000000e+02   9.4614752e-01   2.8528795e-04
   7.3600000e+02   9.3885610e-01  -6.3226670e-05
   7.5200000e+02   9.3571520e-01   5.7406367e-03
   7.6800000e+02   9.3210919e-01  -1.5700625e-03
   7.8400000e+02   9.2603371e-01  -1.5410972e-03
   8.0000000e+02   9.2558831e-01  -1.0266036e-03
   8.1600000e+02   9.2078777e-01  -4.3551004e-04
   8.3200000e+02   9.2116489e-01  -5.2761372e-03
   8.4800000e+02   9.1812972e-01  -1.6686896e-03
   8.6400000e+02   9.0809354e-01  -1.8569603e-04
   8.8000000e+02   9.1378786e-01  -1.8945507e-03
   8.9600000e+02   9.0597386e-01   4.5989686e-03
   9.1200000e+02   9.0106054e-01  -3.9484278e-04
   9.2800000e+02   8.9736131e-01  -6.2583669e-04
   9.4400000e+02   9.0126692e-01  -4.2767769e-03
   9.6000000e+02   8.9495911e-01   3.7060526e-04
   9.7600000e+02   8.9070197e-01  -8.6976108e-05
   9.9200000e+02   8.8555912e-01  -1.1126688e-03
   1.0080000e+03   8.8436927e-01   5.0799642e-04
   1.0240000e+03   8.7773766e-01   2.2167522e-04
   1.0400000e+03   8.7583981e-01   2.4363362e-03
   1.0560000e+03   8.7172741e-01  -2.0522924e-03
   1.0720000e+03   8.6715266e-01   1.8269844e-03
   1.0880000e+03   8.6888240e-01  -2.3221216e-03
   1.1040000e+03   8.6372999e-01  -7.0662359e-05
   1.1200000e+03   8.5539287e-01   2.1784440e-03
   1.1360000e+03   8.5523541e-01  -2.8824876e-03
   1.1520000e+03   8.5076442e-01   4.2788507e-03
   1.1680000e+03   8.4650807e-01  -6.3553885e-03
   1.1840000e+03   8.4236544e-01   8.2538423e-04
   1.2000000e+03   8.3528799e-01   2.6395354e-03
   1.2160000e+03   8.3631727e-01  -4.2057429e-03
   1.2320000e+03   8.3195453e-01   2.4131951e-03
   1.2480000e+03   8.2971072e-01  -3.6388074e-03
   1.2640000e+03   8.2943553e-01   1.0141504e-03
   1.2800000e+03   8.2564341e-01   7.0653651e-03
   1.2960000e+03   8.2379229e-01   6.1425142e-04
   1.3120000e+03   8.1412373e-01  -1.0507718e-03
   1.3280000e+03   8.1589286e-01  -1.0618089e-03
   1.3440000e+03   8.1182165e-01  -3.4713760e-03
   1.3600000e+03   8.0565570e-01  -4.6874838e-03
   1.3760000e+03   8.0331272e-01   2.3590543e-03
   1.3920000e+03   8.0234076e-01   2.1559909e-03
   1.4080000e+03   7.9669962e-01  -1.5206233e-03
   1.4240000e+03   7.9048800e-01  -3.0136778e-03
   1.4400000e+03   7.8825431e-01   1.7504367e-03
   1.4560000e+03   7.8201983e-01  -1.6034386e-03
   1.4720000e+03   7.8509706e-01  -7.8893443e-05
   1.4880000e+03   7.8327019e-01  -3.0034202e-03
   1.5040000e+03   7.8133832e-01  -1.7616365e-03
   1.5200000e+03   7.7621529e-01   1.7673256e-03
   1.5360000e+03   7.7523174e-01   2.1389293e-03
   1.5520000e+03   7.7347609e-01   1.4713266e-03
   1.5680000e+03   7.6938299e-01   6.7998127e-04
   1.5840000e+03   7.6910398e-01   1.8351318e-03
   1.6000000e+03   7.6450767e-01   3.9808936e-03
   1.6160000e+03   7.5752776e-01  -3.1765601e-03
   1.6320000e+03   7.6223001e-01  -1.2833550e-03
   1.6480000e+03   7.5472410e-01  -4.8854972e-03
   1.6640000e+03   7.5621849e-01   3.7598250e-04
   1.6800000e+03   7.4452965e-01  -6.8614886e-04
   1.6960000e+03   7.4599603e-01   9.5935128e-05
   1.7120000e+03   7.4146961e-01   9.7298658e-04
   1.7280000e+03   7.4463190e-01  -2.9428426e-04
   1.7440000e+03   7.4010499e-01  -1.9142698e-03
   1.7600000e+03   7.3345365e-01   4.3621222e-04
   1.7760000e+03   7.3408550e-01   3.9506856e-03
   1.7920000e+03   7.3619813e-01   1.0533934e-03
   1.8080000e+03   7.3498884e-01  -1.4168968e-03
   1.8240000e+03   7.3031049e-01  -2.3203633e-03
   1.8400000e+03   7.2888104e-01   6.1273358e-03
   1.8560000e+03   7.2439970e-01   3.1637136e-03
   1.8720000e+03   7.2677881e-01   3.6824791e-03
   1.8880000e+03   7.2591695e-01   2.3372506e-03
   1.9040000e+03   7.1458118e-01  -1.9400280e-03
   1.9200000e+03   7.1977668e-01   1.8029031e-03
   1.9360000e+03   7.1031037e-01  -2.6294798e-03
   1.9520000e+03   7.1208065e-01  -9.5920799e-05
   1.9680000e+03   7.0803081e-01  -6.6163071e-04
   1.9840000e+03   7.1009912e-01   5.6250037e-04
   2.0000000e+03   7.1137134e-01  -3.8549847e-03
   2.0160000e+03   7.1053035e-01   2.3695879e-03
   2.0320000e+03   7.0302004e-01   1.0401005e-03
   2.0480000e+03   7.0220642e-01  -1.4208621e-04
   2.0640000e+03   7.0306235e-01   2.3063186e-03
   2.0800000e+03   6.9812191e-01  -1.9868249e-03
   2.0960000e+03   7.0032831e-01   4.6043231e-03
   2.1120000e+03   6.9511973e-01  -2.3632283e-03
   2.1280000e+03   6.9192455e-01   4.0752475e-03
   2.1440000e+03   6.9396448e-01   7.8382617e-04
   2.1600000e+03   6.9333708e-01  -3.6158669e-03
   2.1760000e+03   6.9148446e-01   7.3715686e-03
   2.1920000e+03   6.8639084e-01  -3.5368748e-03
   2.2080000e+03   6.9087230e-01  -7.3967753e-04
   2.2240000e+03   6.8361241e-01   3.7403188e-03
   2.2400000e+03   6.8562753e-01   4.5004762e-03
   2.2560000e+03   6.8479539e-01  -8.6412609e-04
   2.2720000e+03   6.8469291e-01  -1.3356229e-03
   2.2880000e+03   6.8037541e-01  -3.0248840e-03
   2.3040000e+03   6.8074794e-01  -3.3417790e-03
   2.3200000e+03   6.7852881e-01   5.5678619e-03
   2.3360000e+03   6.6969810e-01  -2.3970908e-04
   2.3520000e+03   6.6941341e-01  -1.4437693e-04
   2.3680000e+03   6.7753816e-01  -4.1379750e-03
   2.3840000e+03   6.7466036e-01   6.2049327e-03
   2.4000000e+03   6.7280218e-01  -3.8500183e-03
   2.4160000e+03   6.7149511e-01  -2.3663289e-03
   2.4320000e+03   6.7175449e-01   8.8834603e-04
   2.4480000e+03   6.6851478e-01  -6.6244284e-04
   2.4640000e+03   6.7146985e-01  -7.4111059e-04
   2.4800000e+03   6.6865424e-01   3.9560336e-03
   2.4960000e+03   6.7383086e-01  -2.0863194e-03
   2.5120000e+03   6.6646573e-01   1.5143544e-03
   2.5280000e+03   6.6404506e-01  -5.5639946e-03
   2.5440000e+03   6.7187435e-01  -2.0613007e-03
   2.5600000e+03   6.6407330e-01   8.2458216e-04
   2.5760000e+03   6.6111794e-01  -1.0930445e-03
   2.5920000e+03   6.6255850e-01  -1.7652360e-03
   2.6080000e+03   6.6311855e-01   6.8852074e-04
   2.6240000e+03   6.5896949e-01   4.3004607e-03
   2.6400000e+03   6.5962843e-01   2.0140390e-04
   2.6560000e+03   6.5905937e-01   1.7412563e-03
   2.6720000e+03   6.6183227e-01  -1.3872572e-03
   2.6880000e+03   6.6123044e-01   1.0304356e-03
   2.7040000e+03   6.5746919e-01  -3.2087445e-03
   2.7200000e+03   6.5349620e-01   2.7347189e-03
   2.7360000e+03   6.5952231e-01  -7.1089022e-03
   2.7520000e+03   6.5571423e-01   7.3536908e-03
   2.7680000e+03   6.5020508e-01  -1.5104708e-03
   2.7840000e+03   6.5204414e-01   7.1990195e-03
   2.8000000e+03   6.4984543e-01  -3.8306483e-03
   2.8160000e+03   6.5312105e-01  -1.3152201e-03
   2.8320000e+03   6.5315618e-01   1.9987777e-03
   2.8480000e+03   6.4859943e-01   3.2965780e-03
   2.8640000e+03   6.4850344e-01   7.0920225e-03
   2.8800000e+03   6.5130996e-01   8.8372343e-04
   2.8960000e+03   6.5273793e-01  -5.3745386e-03
   2.9120000e+03   6.4765986e-01   6.4156659e-03
   2.9280000e+03   6.4813127e-01  -1.8042329e-03
   2.9440000e+03   6.4786275e-01  -1.5173281e-03
   2.9600000e+03   6.5291914e-01  -5.4974267e-03
   2.9760000e+03   6.4744811e-01  -1.1879797e-03
   2.9920000e+03   6.4313864e-01   1.2259993e-03
   3.0080000e+03   6.4445024e-01   3.2736637e-03
   3.0240000e+03   6.5113730e-01   3.5471628e-03
   3.0400000e+03   6.4271248e-01   1.6473118e-03
   3.0560000e+03   6.4761585e-01  -2.9533664e-03
   3.0720000e+03   6.5224134e-01  -1.6417475e-04
   3.0880000e+03   6.4521689e-01  -2.3633793e-03
   3.1040000e+03   6.4086639e-01   4.6104357e-03
   3.1200000e+03   6.4923834e-01   1.3083785e-03
   3.1360000e+03   6.4584834e-01   1.5580662e-03
   3.1520000e+03   6.4320417e-01   3.8807855e-04
   3.1680000e+03   6.4252630e-01  -1.9962311e-03
   3.1840000e+03   6.4615704e-01   5.0721496e-04
   3.2000000e+03   6.4484260e-01  -3.9595401e-03
   3.2160000e+03   6.4830634e-01   1.5479538e-03
   3.2320000e+03   6.4446842e-01  -3.4965689e-03
   3.2480000e+03   6.4186228e-01   8.8238173e-04
   3.2640000e+03   6.4614012e-01  -1.7411345e-03
   3.2800000e+03   6.4191833e-01   5.0853037e-03
   3.2960000e+03   6.4161254e-01   4.3460489e-03
   3.3120000e+03   6.4112534e-01  -1.9714908e-04
   3.3280000e+03   6.4188749e-01  -2.1877428e-03
   3.3440000e+03   6.4038173e-01  -1.9205536e-03
   3.3600000e+03   6.3473845e-01  -3.0270863e-04
   3.3760000e+03   6.4093210e-01   1.4450746e-03
   3.3920000e+03   6.4081297e-01  -1.0905571e-03
   3.4080000e+03   6.4281555e-01  -4.0153225e-03
   3.4240000e+03   6.4249723e-01  -1.0926426e-03
   3.4400000e+03   6.4064468e-01   7.0890144e-03
   3.4560000e+03   6.4103012e-01   3.0812716e-03
   3.4720000e+03   6.4109587e-01  -5.8752658e-04
   3.4880000e+03   6.4085736e-01   2.6839568e-04
   3.5040000e+03   6.4426691e-01  -2.6373561e-03
   3.5200000e+03   6.3814765e-01  -1.7653236e-03
   3.5360000e+03   6.3768786e-01  -1.0745009e-03
   3.5520000e+03   6.4363419e-01   4.7301819e-03
   3.5680000e+03   6.4193928e-01   7.8892116e-04
   3.5840000e+03   6.4250404e-01  -1.2098954e-03
   3.6000000e+03   6.3761090e-01   4.4295647e-03
   3.6160000e+03   6.3793217e-01  -1.1598241e-03
   3.6320000e+03   6.3825060e-01  -2.6040940e-03
   3.6480000e+03   6.3893614e-01  -1.9531552e-03
   3.6640000e+03   6.3984205e-01   4.2631192e-03
   3.6800000e+03   6.4025954e-01  -1.6794932e-03
   3.6960000e+03   6.3446321e-01  -4.5654745e-04
   3.7120000e+03   6.3526309e-01   1.2280816e-03
   3.7280000e+03   6.4205431e-01   2.6740202e-04
   3.7440000e+03   6.3947243e-01  -5.3016515e-03
   3.7600000e+03   6.3932484e-01  -2.3772981e-03
   3.7760000e+03   6.4268194e-01   1.2744899e-03
   3.7920000e+03   6.4274304e-01  -1.2951846e-03
   3.8080000e+03   6.3988031e-01   8.9353940e-04
   3.8240000e+03   6.3995986e-01  -4.0941385e-03
   3.8400000e+03   6.4136486e-01  -1.4373643e-04
   3.8560000e+03   6.4201037e-01   2.4861535e-04
   3.8720000e+03   6.4142499e-01   2.0514876e-04
   3.8880000e+03   6.4265371e-01  -7.2630695e-04
   3.9040000e+03   6.4059449e-01  -3.4923462e-03
   3.9200000e+03   6.3821484e-01  -3.6134284e-03
   3.9360000e+03   6.4608477e-01   1.9867131e-04
   3.9520000e+03   6.3914173e-01   2.4487075e-03
   3.9680000e+03   6.4262010e-01   1.3597623e-03
   3.9840000e+03   6.4550115e-01   5.7095965e-03
   4.0000000e+03   6.4390937e-01  -1.3205760e-03
   4.0160000e+03   6.4547622e-01  -2.1731217e-03
   4.0320000e+03   6.4123126e-01   4.7182049e-03
   4.0480000e+03   6.4545039e-01   2.2775035e-03
   4.0640000e+03   6.4664797e-01  -1.4353326e-05
   4.0800000e+03   6.4353484e-01  -5.7169949e-04
   4.0960000e+03   6.4302127e-01  -3.4846815e-03
   4.1120000e+03   6.4573247e-01  -6.1971628e-04
   4.1280000e+03   6.4468284e-01   1.2372478e-03
   4.1440000e+03   6.4644890e-01  -1.6345860e-03
   4.1600000e+03   6.4464172e-01  -6.2873010e-05
   4.1760000e+03   6.4457835e-01  -2.1892298e-03
   4.1920000e+03   6.4351893e-01   6.0373821e-04
   4.2080000e+03   6.4132081e-01   5.2027442e-03
   4.2240000e+03   6.3944753e-01   3.5751100e-04
   4.2400000e+03   6.4685440e-01   2.3110455e-03
   4.2560000e+03   6.4660674e-01  -3.3990491e-03
   4.2720000e+03   6.4963834e-01  -6.9674615e-03
   4.2880000e+03   6.4363108e-01  -8.6430539e-04
   4.3040000e+03   6.4734307e-01  -4.4656709e-03
   4.3200000e+03   6.4725492e-01   4.7820466e-03
   4.3360000e+03   6.4736986e-01  -2.0414045e-03
   4.3520000e+03   6.4446719e-01   5.0794963e-03
   4.3680000e+03   6.4643628e-01   4.6292744e-03
   4.3840000e+03   6.4939330e-01   8.1181316e-03
   4.4000000e+03   6.4550261e-01   3.9776204e-03
   4.4160000e+03   6.5356237e-01  -5.4015357e-03
   4.4320000e+03   6.5058324e-01   2.1150611e-04
   4.4480000e+03   6.4904283e-01   1.7462320e-03
   4.4640000e+03   6.5294579e-01   2.9046046e-03
   4.4800000e+03   6.5308778e-01  -4.9776450e-04
   4.4960000e+03   6.4824411e-01  -1.6514329e-03
   4.5120000e+03   6.5107960e-01  -3.9239684e-03
   4.5280000e+03   6.5394350e-01  -6.8742016e-04
   4.5440000e+03   6.4820528e-01   1.4282422e-03
   4.5600000e+03   6.4631396e-01   1.5815730e-03
   4.5760000e+03   6.5271003e-01   2.9692051e-03
   4.5920000e+03   6.5238925e-01  -7.6925352e-03
   4.6080000e+03   6.5068880e-01   1.6814371e-03
   4.6240000e+03   6.4368944e-01   2.0690851e-03
   4.6400000e+03   6.4523286e-01   2.2041489e-04
   4.6560000e+03   6.5288620e-01  -2.8452390e-04
   4.6720000e+03   6.5619087e-01   2.1119713e-03
   4.6880000e+03   6.5065643e-01   1.0005206e-03
   4.7040000e+03   6.5154276e-01  -9.3712981e-04
   4.7200000e+03   6.5507695e-01   2.0119850e-03
   4.7360000e+03   6.5099456e-01  -1.5023299e-03
   4.7520000e+03   6.5360108e-01  -3.9192082e-03
   4.7680000e+03   6.5318224e-01  -3.8525044e-04
   4.7840000e+03   6.5531435e-01  -4.2330567e-03
   4.8000000e+03   6.5158659e-01   3.1139759e-03
   4.8160000e+03   6.4927479e-01   2.0319296e-03
   4.8320000e+03   6.5280287e-01   9.1721366e-04
   4.8480000e+03   6.5563400e-01   5.9232581e-04
   4.8640000e+03   6.5780706e-01   4.3516873e-04
   4.8800000e+03   6.5297028e-01  -1.0345617e-03
   4.8960000e+03   6.5848012e-01  -6.2380361e-04
   4.9120000e+03   6.5283977e-01  -5.5234463e-03
   4.9280000e+03   6.5182419e-01  -1.9316121e-03
   4.9440000e+03   6.5304140e-01   2.6400903e-03
   4.9600000e+03   6.5757232e-01   3.3020938e-03
   4.9760000e+03   6.5400268e-01   6.1954628e-03
   4.9920000e+03   6.5168867e-01  -2.9843252e-03
   5.0080000e+03   6.4975327e-01  -7.0112464e-04
   5.0240000e+03   6.6097934e-01   1.6416789e-03
   5.0400000e+03   6.5493630e-01   4.2218977e-03
   5.0560000e+03   6.5348988e-01   3.4606727e-03
   5.0720000e+03   6.5334771e-01   3.9943464e-05
   5.0880000e+03   6.5706417e-01   2.2138197e-03
   5.1040000e+03   6.5696340e-01  -2.1967150e-03
   5.1200000e+03   6.5651672e-01  -5.1181544e-04
   5.1360000e+03   6.5329980e-01   6.8616266e-04
   5.1520000e+03   6.5674708e-01  -4.4342644e-03
   5.1680000e+03   6.5487510e-01  -1.7820820e-03
   5.1840000e+03   6.5620397e-01   6.6335449e-04
   5.2000000e+03   6.5271174e-01   5.3685388e-03
   5.2160000e+03   6.5243558e-01  -4.3388306e-03
   5.2320000e+03   6.5446863e-01  -1.3215322e-03
   5.2480000e+03   6.5638921e-01   4.3569976e-04
   5.2640000e+03   6.5444849e-01   3.5192780e-03
   5.2800000e+03   6.5369846e-01  -4.0783213e-03
   5.2960000e+03   6.5740561e-01  -1.1863591e-03
   5.3120000e+03   6.5797438e-01  -5.0073288e-04
   5.3280000e+03   6.5770645e-01   2.6926587e-03
   5.3440000e+03   6.5812230e-01   6.9929560e-05
   5.3600000e+03   6.5458073e-01  -2.3558095e-03
   5.3760000e+03   6.5400738e-01  -2.9437236e-04
   5.3920000e+03   6.5216194e-01  -7.6809452e-04
   5.4080000e+03   6.5768917e-01   4.1620968e-04
   5.4240000e+03   6.5861664e-01  -2.9407572e-03
   5.4400000e+03   6.5375610e-01  -2.8366013e-03
   5.4560000e+03   6.5645725e-01   1.7642572e-03
   5.4720000e+03   6.5193884e-01  -2.6846611e-03
   5.4880000e+03   6.5497861e-01  -8.8289493e-04
   5.5040000e+03   6.5834681e-01  -1.5225554e-03
   5.5200000e+03   6.5347440e-01   4.1028115e-03
   5.5360000e+03   6.5155793e-01  -3.0206608e-03
   5.5520000e+03   6.5797661e-01  -5.5152341e-03
   5.5680000e+03   6.5944355e-01  -3.3760651e-03
   5.5840000e+03   6.5258816e-01  -1.6583042e-03
   5.6000000e+03   6.5336985e-01   4.2083430e-03
   5.6160000e+03   6.5770094e-01  -6.2046466e-04
   5.6320000e+03   6.5715754e-01  -1.5375241e-03
   5.6480000e+03   6.5811618e-01  -4.4075792e-03
   5.6640000e+03   6.5508107e-01   3.0128611e-03
   5.6800000e+03   6.5339724e-01  -9.8979986e-04
   5.6960000e+03   6.5077265e-01  -5.6846726e-03
   5.7120000e+03   6.5387733e-01   6.6180155e-06
   5.7280000e+03   6.5111882e-01  -2.5049458e-03
   5.7440000e+03   6.5204882e-01  -1.5670694e-04
   5.7600000e+03   6.5439870e-01  -3.1316726e-03
   5.7760000e+03   6.5343278e-01  -2.2711597e-03
   5.7920000e+03   6.5369878e-01   1.3847098e-04
   5.8080000e+03   6.5180693e-01  -9.4375919e-04
   5.8240000e+03   6.5940756e-01   6.2983712e-03
   5.8400000e+03   6.5599499e-01  -3.5869075e-03
   5.8560000e+03   6.5545632e-01  -2.1959211e-04
   5.8720000e+03   6.4922224e-01   2.7531370e-03
   5.8880000e+03   6.4954412e-01   1.8608814e-03
   5.9040000e+03   6.5221504e-01   2.5975839e-03
   5.9200000e+03   6.5694414e-01   2.3683010e-03
   5.9360000e+03   6.5526205e-01  -1.1358061e-03
   5.9520000e+03   6.5287195e-01  -9.6277887e-04
   5.9680000e+03   6.5540912e-01   6.7157510e-03
   5.9840000e+03   6.5098654e-01   9.5224727e-05
   6.0000000e+03   6.5287610e-01  -1.7534078e-04
   6.0160000e+03   6.5117256e-01  -4.1888266e-04
   6.0320000e+03   6.5452171e-01  -3.9073174e-04
   6.0480000e+03   6.5503559e-01  -1.3525072e-04
   6.0640000e+03   6.5578324e-01   7.0426002e-04
   6.0800000e+03   6.4814193e-01   1.9563639e-03
   6.0960000e+03   6.5255015e-01   2.6968149e-03
   6.1120000e+03   6.5136717e-01   5.9273621e-04
   6.1280000e+03   6.5351068e-01   1.6506247e-03
   6.1440000e+03   6.5198824e-01   2.2936086e-03
   6.1600000e+03   6.5046750e-01  -2.8688779e-03
   6.1760000e+03   6.4999060e-01   5.8456558e-03
   6.1920000e+03   6.5111288e-01   3.0578970e-03
   6.2080000e+03   6.4320220e-01  -2.8815153e-03
   6.2240000e+03   6.4614923e-01   5.0265144e-03
   6.2400000e+03   6.5224248e-01  -1.8677137e-03
   6.2560000e+03   6.4811118e-01   1.6226026e-03
   6.2720000e+03   6.4676080e-01  -3.2842497e-03
   6.2880000e+03   6.5060502e-01   4.3066697e-03
   6.3040000e+03   6.5153024e-01   2.2813789e-03
   6.3200000e+03   6.4691495e-01  -2.1650229e-04
   6.3360000e+03   6.4697053e-01   9.9574130e-04
   6.3520000e+03   6.4856178e-01  -2.9954445e-03
   6.3680000e+03   6.5269398e-01  -2.8611567e-03
   6.3840000e+03   6.4420821e-01  -1.0092734e-03
   6.4000000e+03   6.4497741e-01   3.0472206e-03
   6.4160000e+03   6.4756913e-01   9.8656942e-06
   6.4320000e+03   6.4621791e-01   1.1564161e-03
   6.4480000e+03   6.4940125e-01  -2.7200946e-03
   6.4640000e+03   6.4539633e-01  -1.3542466e-03
   6.4800000e+03   6.4848340e-01   1.6750167e-03
   6.4960000e+03   6.3945828e-01  -1.5171372e-03
   6.5120000e+03   6.4818657e-01  -3.3894870e-03
   6.5280000e+03   6.4161702e-01  -1.7900255e-03
   6.5440000e+03   6.4725301e-01  -1.4158960e-04
   6.5600000e+03   6.4713291e-01  -6.4271386e-04
   6.5760000e+03   6.4635678e-01  -2.4310333e-03
   6.5920000e+03   6.4246956e-01  -2.8380998e-03
   6.6080000e+03   6.4313114e-01   1.8642952e-03
   6.6240000e+03   6.4096266e-01  -9.0970586e-04
   6.6400000e+03   6.3655532e-01  -3.1430369e-04
   6.6560000e+03   6.3930542e-01  -7.3548221e-04
   6.6720000e+03   6.4715313e-01   1.4300131e-04
   6.6880000e+03   6.4439113e-01  -3.3705867e-03
   6.7040000e+03   6.3754142e-01   2.5088792e-03
   6.7200000e+03   6.4395423e-01   1.8576542e-03
   6.7360000e+03   6.4090237e-01   1.6188457e-03
   6.7520000e+03   6.4098286e-01   3.1966067e-03
   6.7680000e+03   6.4189843e-01  -7.5385067e-04
   6.7840000e+03   6.3679973e-01  -3.4691333e-03
   6.8000000e+03   6.4014444e-01   1.7910402e-04
   6.8160000e+03   6.3707098e-01  -5.9843724e-03
   6.8320000e+03   6.3722234e-01   1.8131853e-03
   6.8480000e+03   6.3982202e-01  -2.3644872e-03
   6.8640000e+03   6.4095753e-01   3.6130076e-03
   6.8800000e+03   6.3632994e-01  -8.6450909e-04
   6.8960000e+03   6.3956620e-01  -6.0106071e-04
   6.9120000e+03   6.4083688e-01  -2.3816461e-03
   6.9280000e+03   6.3405064e-01  -1.9934385e-03
   6.9440000e+03   6.3935390e-01  -1.9531430e-04
   6.9600000e+03   6.3500294e-01  -6.4499597e-03
   6.9760000e+03   6.4066623e-01  -1.4728700e-04
   6.9920000e+03   6.4102235e-01  -1.1437513e-04
   7.0080000e+03   6.3858750e-01  -5.0204374e-03
   7.0240000e+03   6.2964593e-01   4.7507110e-03
   7.0400000e+03   6.3628022e-01   1.3037314e-03
   7.0560000e+03   6.3454804e-01  -4.5623761e-03
   7.0720000e+03   6.3376334e-01  -2.7263512e-03
   7.0880000e+03   6.3863692e-01  -4.9781589e-04
   7.1040000e+03   6.2781314e-01   7.0837362e-04
   7.1200000e+03   6.3563420e-01  -2.9966060e-03
   7.1360000e+03   6.3539807e-01   4.2361675e-03
   7.1520000e+03   6.3349659e-01  -5.5239324e-04
   7.1680000e+03   6.3551783e-01   1.0654760e-03
   7.1840000e+03   6.3524417e-01   1.4726215e-03
   7.2000000e+03   6.2926345e-01   9.5548558e-04
   7.2160000e+03   6.3200881e-01   3.2347628e-04
   7.2320000e+03   6.3304369e-01  -1.3045243e-03
   7.2480000e+03   6.3348248e-01  -1.6938207e-03
   7.2640000e+03   6.3572632e-01  -4.9132587e-05
   7.2800000e+03   6.3055986e-01   1.9921945e-03
   7.2960000e+03   6.2741336e-01  -2.5193103e-03
   7.3120000e+03   6.2833743e-01   2.8186562e-03
   7.3280000e+03   6.3345108e-01   6.5776250e-03
   7.3440000e+03   6.3043088e-01  -3.7509510e-03
   7.3600000e+03   6.3071029e-01   3.7923591e-04
   7.3760000e+03   6.2699334e-01   3.5533517e-03
   7.3920000e+03   6.2314811e-01   2.1151980e-03
   7.4080000e+03   6.3249222e-01   2.2091083e-03
   7.4240000e+03   6.3306965e-01  -2.0255675e-04
   7.4400000e+03   6.2783148e-01   2.0518598e-03
   7.4560000e+03   6.2650067e-01   4.1263920e-03
   7.4720000e+03   6.2730353e-01   3.8883895e-03
   7.4880000e+03   6.2821971e-01  -4.1376103e-03
   7.5040000e+03   6.3114082e-01  -2.9264620e-03
   7.5200000e+03   6.2693225e-01  -7.5601588e-04
   7.5360000e+03   6.2356885e-01   4.9583061e-03
   7.5520000e+03   6.2749980e-01  -1.5588733e-03
   7.5680000e+03   6.2295420e-01   8.2040342e-03
   7.5840000e+03   6.2992703e-01  -1.4427216e-03
   7.6000000e+03   6.2973217e-01   2.7625214e-04
   7.6160000e+03   6.3170505e-01   4.0157663e-03
   7.6320000e+03   6.2623180e-01   6.7909751e-04
   7.6480000e+03   6.2393098e-01   2.1914475e-03
   7.6640000e+03   6.2147491e-01   3.2598824e-03
   7.6800000e+03   6.2285350e-01   5.4928481e-03
   7.6960000e+03   6.2784067e-01   6.5530087e-03
   7.7120000e+03   6.2876863e-01   1.8937680e-03
   7.7280000e+03   6.2107992e-01  -5.2232331e-03
   7.7440000e+03   6.2917479e-01  -4.8995007e-03
   7.7600000e+03   6.1991409e-01   1.7328760e-03
   7.7760000e+03   6.1914288e-01  -2.1007485e-03
   7.7920000e+03   6.2049536e-01  -4.5740039e-03
   7.8080000e+03   6.2474546e-01  -1.7413013e-03
   7.8240000e+03   6.2123495e-01   1.0743417e-03
   7.8400000e+03   6.2532011e-01  -1.5521039e-04
   7.8560000e+03   6.2602071e-01  -9.8310844e-04
   7.8720000e+03   6.1864487e-01  -4.5468284e-03
   7.8880000e+03   6.2113605e-01  -1.3287125e-03
   7.9040000e+03   6.2165939e-01   5.0871865e-05
   7.9200000e+03   6.2695601e-01   2.9820780e-03
   7.9360000e+03   6.1916318e-01   1.2399427e-03
   7.9520000e+03   6.2155361e-01   5.9942144e-04
   7.9680000e+03   6.1994454e-01  -1.8106400e-04
   7.9840000e+03   6.2215429e-01  -3.7761982e-03
   8.0000000e+03   6.1404678e-01   1.1986831e-03
   8.0160000e+03   6.2414488e-01   1.5492503e-03
   8.0320000e+03   6.1752022e-01  -1.0375149e-03
   8.0480000e+03   6.1814481e-01  -4.1055803e-04
   8.0640000e+03   6.2042009e-01  -5.1885055e-03
   8.0800000e+03   6.1950201e-01   1.7517275e-03
   8.0960000e+03   6.2034330e-01  -1.4109829e-03
   8.1120000e+03   6.2058366e-01   2.4961656e-03
   8.1280000e+03   6.1936809e-01   1.8116389e-03
   8.1440000e+03   6.1446103e-01  -1.5975443e-03
   8.1600000e+03   6.2033199e-01   2.2334598e-03
   8.1760000e+03   6.2296061e-01   2.8501428e-03
   8.1920000e+03   6.2194932e-01   2.1505223e-03
   8.2080000e+03   6.1561277e-01   1.4918436e-03
   8.2240000e+03   6.1681762e-01  -2.7831923e-03
   8.2400000e+03   6.1418986e-01   4.9818592e-04
   8.2560000e+03   6.1563348e-01  -1.5819661e-03
   8.2720000e+03   6.1500575e-01   1.1223225e-03
   8.2880000e+03   6.1502312e-01   1.2475286e-03
   8.3040000e+03   6.1519247e-01   4.7521620e-04
   8.3200000e+03   6.1535515e-01   1.9535821e-03
   8.3360000e+03   6.1861336e-01  -5.8373738e-03
   8.3520000e+03   6.1851484e-01  -3.1393074e-03
   8.3680000e+03   6.1046433e-01   4.4172174e-03
   8.3840000e+03   6.1373494e-01   4.5711549e-04
   8.4000000e+03   6.1125642e-01  -2.8129213e-03
   8.4160000e+03   6.1101221e-01   2.7881637e-03
   8.4320000e+03   6.1479341e-01  -1.4368497e-03
   8.4480000e+03   6.0998252e-01   1.9598310e-03
   8.4640000e+03   6.0452231e-01   3.6961164e-03
   8.4800000e+03   6.0912702e-01   4.2668077e-03
   8.4960000e+03   6.0985029e-01  -6.6665938e-04
   8.5120000e+03   6.1314949e-01  -6.0061597e-04
   8.5280000e+03   6.1410174e-01  -1.7733264e-03
   8.5440000e+03   6.1504129e-01   3.4587458e-03
   8.5600000e+03   6.1275081e-01   4.1389445e-04
   8.5760000e+03   6.0949219e-01   6.5327929e-03
   8.5920000e+03   6.0677387e-01   4.0696565e-03
   8.6080000e+03   6.1490047e-01   1.9847653e-04
   8.6240000e+03   6.1369762e-01  -2.4175948e-04
   8.6400000e+03   6.1443865e-01  -2.1731638e-03
   8.6560000e+03   6.1167833e-01   4.6917136e-03
   8.6720000e+03   6.1098186e-01  -2.0372735e-03
   8.6880000e+03   6.0941989e-01   3.0399458e-03
   8.7040000e+03   6.1029918e-01   7.3271888e-04
   8.7200000e+03   6.0744632e-01  -1.7126337e-03
   8.7360000e+03   6.1106650e-01  -1.4286152e-03
   8.7520000e+03   6.0576423e-01   1.5546376e-03
   8.7680000e+03   6.0533126e-01   1.3657182e-04
   8.7840000e+03   6.1173640e-01  -5.9540979e-03
   8.8000000e+03   6.1083245e-01  -2.5015661e-03
   8.8160000e+03   6.0592497e-01  -1.8785810e-03
   8.8320000e+03   6.0956502e-01  -2.2965718e-03
   8.8480000e+03   6.0761797e-01   1.9040104e-03
   8.8640000e+03   6.0887847e-01   2.5479484e-03
   8.8800000e+03   6.0535110e-01   1.5662296e-03
   8.8960000e+03   6.0857881e-01  -6.1076785e-04
   8.9120000e+03   6.1166413e-01   1.6165853e-03
   8.9280000e+03   6.0487338e-01   3.9186074e-03
   8.9440000e+03   6.1370247e-01  -8.6029515e-04
   8.9600000e+03   6.0000919e-01  -1.1539822e-03
   8.9760000e+03   6.0503260e-01   2.9496746e-03
   8.9920000e+03   6.0640087e-01   2.5124045e-03
   9.0080000e+03   6.0610848e-01   3.6412522e-04
   9.0240000e+03   6.0385199e-01  -4.9110625e-03
   9.0400000e+03   6.0829717e-01  -2.8520387e-04
   9.0560000e+03   6.0871414e-01   2.9434675e-03
   9.0720000e+03   6.0754447e-01  -1.5782079e-03
   9.0880000e+03   6.0523639e-01  -2.4459606e-03
   9.1040000e+03   6.0091717e-01   1.9503411e-03
   9.1200000e+03   6.0373657e-01   3.0176940e-04
   9.1360000e+03   6.0302708e-01  -1.4965521e-03
   9.1520000e+03   6.0890767e-01  -4.7266166e-03
   9.1680000e+03   6.0390512e-01  -3.1408472e-03
   9.1840000e+03   5.9896351e-01   1.5881278e-05
   9.2000000e+03   6.0745266e-01   1.0283690e-03
   9.2160000e+03   6.0386249e-01  -5.8311391e-04
   9.2320000e+03   6.0300441e-01  -3.5543008e-03
   9.2480000e+03   6.0082784e-01  -8.1258892e-04
   9.2640000e+03   5.9984899e-01   1.5228092e-04
   9.2800000e+03   6.0542879e-01  -2.9850046e-03
   9.2960000e+03   6.0078266e-01  -2.1476946e-03
   9.3120000e+03   6.0056072e-01   1.1928472e-03
   9.3280000e+03   6.0056877e-01  -9.6648730e-04
   9.3440000e+03   6.0851760e-01   1.2260165e-03
   9.3600000e+03   5.9968990e-01  -3.8455500e-04
   9.3760000e+03   6.0212778e-01  -8.0733950e-03
   9.3920000e+03   5.9769820e-01   6.3374216e-04
   9.4080000e+03   6.0298363e-01   6.9247887e-04
   9.4240000e+03   5.9837465e-01  -8.1839118e-04
   9.4400000e+03   5.9978171e-01   3.8322960e-03
   9.4560000e+03   5.9960305e-01   3.5183674e-04
   9.4720000e+03   5.9848560e-01  -5.6166043e-03
   9.4880000e+03   6.0201368e-01   5.0304282e-03
   9.5040000e+03   6.0410419e-01  -8.1942968e-04
   9.5200000e+03   6.0574791e-01   4.4724813e-03
   9.5360000e+03   5.9957288e-01   4.0746641e-03
   9.5520000e+03   6.0154875e-01  -5.8609390e-03
   9.5680000e+03   6.0073647e-01  -7.7674831e-03
   9.5840000e+03   6.0155453e-01   1.6478961e-03
   9.6000000e+03   6.0166170e-01   3.0297474e-04
   9.6160000e+03   5.9746928e-01  -5.1151081e-03
   9.6320000e+03   5.9927830e-01  -1.4899733e-04
   9.6480000e+03   5.9835221e-01   3.1687918e-03
   9.6640000e+03   6.0076566e-01   3.8346060e-03
   9.6800000e+03   5.9910973e-01   2.3450290e-03
   9.6960000e+03   5.9655701e-01   1.9996447e-03
   9.7120000e+03   5.9728437e-01   2.5830212e-03
   9.7280000e+03   5.9517440e-01   1.3010292e-03
   9.7440000e+03   6.0013827e-01   3.0850616e-03
   9.7600000e+03   6.0176773e-01   3.2784011e-03
   9.7760000e+03   5.9977279e-01   1.1334310e-03
   9.7920000e+03   5.9862673e-01   5.2285194e-03
   9.8080000e+03   5.9472428e-01   5.8659076e-03
   9.8240000e+03   5.9890018e-01   2.5246263e-03
   9.8400000e+03   5.9735839e-01   3.6906625e-04
   9.8560000e+03   5.9915122e-01   3.3180885e-03
   9.8720000e+03   5.9660713e-01   2.5871323e-04
   9.8880000e+03   5.9777562e-01  -2.9829206e-03
   9.9040000e+03   5.9627013e-01   2.6550361e-04
   9.9200000e+03   5.9777934e-01   1.3281390e-03
   9.9360000e+03   6.0031197e-01  -3.5420499e-03
   9.9520000e+03   5.9699023e-01  -7.7707630e-04
   9.9680000e+03   5.9926613e-01   6.1262954e-05
   9.9840000e+03   5.9170895e-01   1.2678311e-03
   1.0000000e+04   5.9141598e-01   1.7172269e-03
   1.0016000e+04   5.9313644e-01   1.1517384e-03
   1.0032000e+04   5.9457267e-01   1.5823804e-04
   1.0048000e+04   5.8734114e-01   1.6203280e-04
   1.0064000e+04   5.9407648e-01   4.1896109e-03
   1.0080000e+04   5.9096889e-01  -5.4080284e-04
   1.0096000e+04   5.9301243e-01  -2.1779989e-03
   1.0112000e+04   5.9502344e-01  -4.6566341e-03
   1.0128000e+04   5.9501402e-01   3.5129785e-04
   1.0144000e+04   5.9043801e-01  -3.6184417e-04
   1.0160000e+04   5.9437076e-01  -2.1749155e-03
   1.0176000e+04   5.9674803e-01  -2.1662790e-03
   1.0192000e+04   5.8953104e-01   3.2044899e-04
   1.0208000e+04   5.9681125e-01  -2.8011388e-03
   1.0224000e+04   5.8825728e-01  -9.6762452e-04
   1.0240000e+04   5.9873578e-01  -6.0697028e-03
   1.0256000e+04   5.8702439e-01   2.0973708e-04
   1.0272000e+04   5.9475193e-01  -4.9999679e-04
   1.0288000e+04   5.9526542e-01  -3.0914713e-03
   1.0304000e+04   5.8941147e-01   4.4779609e-03
   1.0320000e+04   5.9063021e-01   4.2098593e-04
   1.0336000e+04   5.9202409e-01   1.6467895e-03
   1.0352000e+04   5.9213112e-01   9.7263516e-04
   1.0368000e+04   5.9128155e-01   4.5317083e-05
   1.0384000e+04   5.8920492e-01  -1.1758739e-04
   1.0400000e+04   5.9007015e-01   3.8298163e-03
   1.0416000e+04   5.8875074e-01  -1.2681231e-04
   1.0432000e+04   5.8924528e-01  -8.3313367e-04
   1.0448000e+04   5.8790908e-01  -6.1475411e-04
   1.0464000e+04   5.8864293e-01   3.1788081e-03
   1.0480000e+04   5.9375261e-01   1.6877071e-03
   1.0496000e+04   5.8959593e-01   6.3233001e-03
   1.0512000e+04   5.9054206e-01  -6.2525992e-04
   1.0528000e+04   5.8484386e-01   2.5666225e-03
   1.0544000e+04   5.8375551e-01  -6.0151106e-03
   1.0560000e+04   5.8365529e-01   2.3214565e-03
   1.0576000e+04   5.9020703e-01  -3.2037272e-03
   1.0592000e+04   5.8553484e-01  -2.3757958e-03
   1.0608000e+04   5.8924585e-01  -3.6661826e-03
   1.0624000e+04   5.9008929e-01  -1.0360479e-03
   1.0640000e+04   5.8809467e-01  -6.1329673e-04
   1.0656000e+04   5.8324700e-01   1.3357473e-04
   1.0672000e+04   5.8644209e-01   4.5812578e-03
   1.0688000e+04   5.8025083e-01  -1.2917740e-03
   1.0704000e+04   5.8697324e-01  -5.1175806e-04
   1.0720000e+04   5.8738573e-01  -2.1754383e-04
   1.0736000e+04   5.8638481e-01   3.8676135e-03
   1.0752000e+04   5.8670549e-01  -2.0482369e-03
   1.0768000e+04   5.8269660e-01  -1.6948245e-03
   1.0784000e+04   5.8403122e-01  -4.4913953e-03
   1.0800000e+04   5.8966307e-01  -7.0436479e-05
   1.0816000e+04   5.8479058e-01  -3.4437980e-03
   1.0832000e+04   5.8455166e-01   2.3384838e-03
   1.0848000e+04   5.8268032e-01  -9.6225308e-04
   1.0864000e+04   5.8153628e-01   2.8204650e-03
   1.0880000e+04   5.8503525e-01  -3.8291221e-03
   1.0896000e+04   5.8647395e-01  -3.6585929e-03
   1.0912000e+04   5.7770142e-01  -5.4661327e-04
   1.0928000e+04   5.8304625e-01  -2.7207329e-03
   1.0944000e+04   5.8557916e-01   3.6617195e-04
   1.0960000e+04   5.8375499e-01   6.8096994e-03
   1.0976000e+04   5.8635946e-01   1.2219988e-03
   1.0992000e+04   5.7805042e-01   2.1408583e-03
   1.1008000e+04   5.8346927e-01   3.7829565e-04
   1.1024000e+04   5.8059403e-01  -5.3264067e-04
   1.1040000e+04   5.8244107e-01   3.3828285e-03
   1.1056000e+04   5.8197379e-01  -3.2712637e-05
   1.1072000e+04   5.8594012e-01  -2.0809955e-03
   1.1088000e+04   5.8293728e-01  -3.6099923e-04
   1.1104000e+04   5.8232759e-01   2.2990271e-03
   1.1120000e+04   5.7821863e-01  -1.5309269e-03
   1.1136000e+04   5.7620054e-01  -2.4963492e-03
   1.1152000e+04   5.7780579e-01   9.6607857e-04
   1.1168000e+04   5.8632867e-01  -2.4515034e-03
   1.1184000e+04   5.7584301e-01  -2.4286362e-03
   1.1200000e+04   5.7992306e-01  -2.9552561e-03
   1.1216000e+04   5.7859744e-01   4.5100393e-04
   1.1232000e+04   5.7946782e-01  -4.6468784e-03
   1.1248000e+04   5.7424201e-01  -3.2961039e-03
   1.1264000e+04   5.7645229e-01   2.5521979e-03
   1.1280000e+04   5.8070011e-01  -3.3560900e-03
   1.1296000e+04   5.8065638e-01   5.4717766e-03
   1.1312000e+04   5.7280278e-01   2.3608260e-03
   1.1328000e+04   5.7880961e-01  -2.8603830e-03
   1.1344000e+04   5.7711150e-01  -1.0890874e-03
   1.1360000e+04   5.7944075e-01  -2.1020727e-03
   1.1376000e+04   5.7636194e-01   2.5009298e-03
   1.1392000e+04   5.7975837e-01   3.1568371e-03
   1.1408000e+04   5.6700092e-01  -3.4633068e-03
   1.1424000e+04   5.7909482e-01   2.2910923e-03
   1.1440000e+04   5.7646132e-01   1.8145197e-04
   1.1456000e+04   5.7431651e-01   7.1132996e-04
   1.1472000e+04   5.7528946e-01  -1.1070289e-03
   1.1488000e+04   5.7341912e-01   4.9517825e-03
   1.1504000e+04   5.7796582e-01   1.2809333e-03
   1.1520000e+04   5.7411110e-01   7.5758456e-04
   1.1536000e+04   5.7497306e-01   5.3616443e-03
   1.1552000e+04   5.7627979e-01  -1.5603648e-03
   1.1568000e+04   5.6912352e-01   1.5790127e-03
   1.1584000e+04   5.7361865e-01   4.8814188e-03
   1.1600000e+04   5.7426858e-01  -7.8878728e-04
   1.1616000e+04   5.6716448e-01   6.1657822e-04
   1.1632000e+04   5.6899493e-01  -7.5858580e-04
   1.1648000e+04   5.7515326e-01  -1.4962815e-03
   1.1664000e+04   5.7233369e-01   1.5682139e-03
   1.1680000e+04   5.7811703e-01  -2.5262970e-03
   1.1696000e+04   5.7215125e-01   1.7796833e-04
   1.1712000e+04   5.7180658e-01   2.9398185e-04
   1.1728000e+04   5.7604908e-01  -9.2254089e-03
   1.1744000e+04   5.6579517e-01   1.3429462e-03
   1.1760000e+04   5.7118413e-01   3.8765090e-03
   1.1776000e+04   5.7242336e-01  -1.9344949e-03
   1.1792000e+04   5.7096407e-01   6.3502006e-04
   1.1808000e+04   5.6384356e-01   2.3930538e-03
   1.1824000e+04   5.7329315e-01  -6.8228639e-04
   1.1840000e+04   5.6907485e-01   1.2722670e-03
   1.1856000e+04   5.6876908e-01   3.0712143e-03
   1.1872000e+04   5.7055845e-01   1.8712135e-03
   1.1888000e+04   5.7413005e-01   1.1597237e-03
   1.1904000e+04   5.6314564e-01   1.0597856e-04
   1.1920000e+04   5.7008835e-01  -1.0520700e-04
   1.1936000e+04   5.6785192e-01   1.9611703e-03
   1.1952000e+04   5.6267955e-01  -7.6123416e-04
   1.1968000e+04   5.6990749e-01   4.2688797e-03
   1.1984000e+04   5.6666537e-01  -3.2853450e-03
   1.2000000e+04   5.7007634e-01  -3.4147904e-03
   1.2016000e+04   5.7034823e-01   6.5230369e-04
   1.2032000e+04   5.6541787e-01  -7.8097556e-03
   1.2048000e+04   5.6511044e-01   2.8857028e-03
   1.2064000e+04   5.6450354e-01   8.2436138e-04
   1.2080000e+04   5.6609223e-01  -5.0891943e-03
   1.2096000e+04   5.7064371e-01  -1.3034277e-03
   1.2112000e+04   5.6913053e-01  -1.1169797e-03
   1.2128000e+04   5.7029114e-01   1.8333822e-03
   1.2144000e+04   5.6928707e-01   1.2146185e-03
   1.2160000e+04   5.6536998e-01  -6.9941480e-04
   1.2176000e+04   5.6098408e-01   6.0320438e-03
   1.2192000e+04   5.6235103e-01  -2.8215993e-03
   1.2208000e+04   5.6749932e-01  -5.9341364e-04
   1.2224000e+04   5.6925988e-01   2.2882540e-03
   1.2240000e+04   5.6678100e-01   3.0312622e-03
   1.2256000e+04   5.5767396e-01   2.6863366e-03
