   0.0000000e+00   8.3862717e-01  -3.7129859e-02
   8.0000000e+00   8.9867862e-01  -2.7205588e-04
   1.6000000e+01   8.9956301e-01   3.5449603e-02
   2.4000000e+01   9.4587167e-01  -3.1030954e-02
   3.2000000e+01   8.0260373e-01   3.0990606e-02
   4.0000000e+01   8.8209026e-01  -6.3335440e-02
   4.8000000e+01   9.4843912e-01   1.1829092e-02
   5.6000000e+01   9.5184077e-01  -1.6528995e-02
   6.4000000e+01   9.1233051e-01   7.6145819e-03
   7.2000000e+01   8.8521463e-01  -3.8536197e-02
   8.0000000e+01   9.5660109e-01   2.0451016e-02
   8.8000000e+01   9.7052295e-01  -3.3201057e-02
   9.6000000e+01   9.5396347e-01  -1.3411730e-02
   1.0400000e+02   9.7859084e-01   2.0309681e-02
   1.1200000e+02   9.8799380e-01  -4.3457433e-02
   1.2000000e+02   1.0150658e+00   4.0287580e-02
   1.2800000e+02   9.9873225e-01  -7.6633755e-02
   1.3600000e+02   9.9016251e-01  -9.3512703e-03
   1.4400000e+02   1.0108686e+00  -1.1410021e-03
   1.5200000e+02   1.0132619e+00   4.3950788e-02
   1.6000000e+02   9.5922058e-01  -7.2949477e-03
   1.6800000e+02   9.3754728e-01   6.3832033e-02
   1.7600000e+02   9.2934646e-01   1.1465353e-02
   1.8400000e+02   9.3843727e-01  -1.4328252e-02
   1.9200000e+02   9.3448379e-01   3.0182826e-02
   2.0000000e+02   8.9160138e-01  -2.9224404e-02
   2.0800000e+02   8.9961632e-01  -5.1102276e-02
   2.1600000e+02   9.0760736e-01  -3.1705949e-02
   2.2400000e+02   9.2837529e-01  -4.0206965e-02
   2.3200000e+02   9.0906656e-01   3.0408230e-02
   2.4000000e+02   8.5540191e-01   7.2104712e-03
   2.4800000e+02   8.6249691e-01  -7.5229136e-03
   2.5600000e+02   8.7951215e-01  -5.8389499e-03
   2.6400000e+02   8.3731395e-01  -1.8337683e-02
   2.7200000e+02   8.4178373e-01  -9.7513590e-03
   2.8000000e+02   8.5208233e-01  -4.7899523e-02
   2.8800000e+02   8.5880274e-01  -2.3696186e-02
   2.9600000e+02   8.3441583e-01  -1.5444648e-02
   3.0400000e+02   7.8246613e-01   8.4446929e-03
   3.1200000e+02   8.3106243e-01  -1.6558853e-02
   3.2000000e+02   8.1786867e-01  -1.8854228e-02
   3.2800000e+02   8.5299211e-01  -1.4436470e-03
   3.3600000e+02   7.8803223e-01  -1.0809072e-02
   3.4400000e+02   8.0908243e-01  -1.2038074e-02
   3.5200000e+02   8.0205589e-01   2.7308072e-02
   3.6000000e+02   7.6174635e-01   3.6486548e-02
   3.6800000e+02   7.7842038e-01  -2.7070092e-03
   3.7600000e+02   7.9059120e-01  -2.0774713e-02
   3.8400000e+02   7.7823595e-01   2.7863614e-02
   3.9200000e+02   7.6430402e-01   9.9647623e-03
   4.0000000e+02   7.1235720e-01  -2.0400216e-02
   4.0800000e+02   7.8518988e-01  -4.8002175e-02
   4.1600000e+02   8.0421027e-01   3.8673530e-03
   4.2400000e+02   7.2232779e-01   3.5664157e-02
   4.3200000e+02   7.3458831e-01  -2.5720861e-04
   4.4000000e+02   8.0856076e-01  -2.7219990e-02
   4.4800000e+02   7.1155671e-01   6.7804194e-03
   4.5600000e+02   7.4384809e-01   4.0054673e-02
   4.6400000e+02   7.4705607e-01  -2.4991703e-02
   4.7200000e+02   7.5260083e-01   8.1695559e-03
   4.8000000e+02   7.5441391e-01   4.0209087e-02
   4.8800000e+02   6.8792240e-01  -7.4159706e-02
   4.9600000e+02   7.8869105e-01  -1.7232372e-02
   5.0400000e+02   7.4060203e-01  -9.7096595e-03
   5.1200000e+02   7.1473013e-01  -1.1753955e-02
   5.2000000e+02   7.1764998e-01  -4.7486806e-03
   5.2800000e+02   7.4525679e-01  -1.8583649e-02
   5.3600000e+02   7.7751330e-01  -1.5307344e-02
   5.4400000e+02   7.0053382e-01  -9.1145249e-03
   5.5200000e+02   7.2055961e-01  -8.9620633e-02
   5.6000000e+02   7.5573298e-01  -6.5363171e-02
   5.6800000e+02   7.3433902e-01  -8.6421924e-03
   5.7600000e+02   8.0994312e-01   6.8840144e-02
   5.8400000e+02   7.0731948e-01  -2.8249270e-02
   5.9200000e+02   7.4945827e-01  -4.5685791e-02
   6.0000000e+02   7.3286881e-01   2.5471610e-02
   6.0800000e+02   7.0649303e-01  -3.2294256e-03
   6.1600000e+02   7.0537359e-01   2.0107052e-02
   6.2400000e+02   7.3960608e-01  -4.6118996e-02
   6.3200000e+02   7.2223567e-01  -1.8913970e-02
   6.4000000e+02   7.4881606e-01   6.3759977e-02
   6.4800000e+02   7.8344991e-01  -1.2607120e-02
   6.5600000e+02   6.8746119e-01  -2.3265021e-02
   6.6400000e+02   7.6448846e-01   2.9140688e-02
   6.7200000e+02   6.8341925e-01   9.6650905e-03
   6.8000000e+02   6.7897114e-01   2.4123553e-03
   6.8800000e+02   7.1954058e-01  -1.4021017e-03
   6.9600000e+02   7.0591591e-01   6.1705487e-03
   7.0400000e+02   6.6812866e-01   2.9951321e-02
   7.1200000e+02   6.6562403e-01   7.4940650e-03
   7.2000000e+02   6.6843021e-01   4.3133816e-03
   7.2800000e+02   7.1255590e-01   3.9938150e-02
   7.3600000e+02   7.4770992e-01   2.0501169e-02
   7.4400000e+02   6.9378279e-01   4.1445131e-03
   7.5200000e+02   7.1517825e-01   1.2980180e-02
   7.6000000e+02   6.6895271e-01  -6.1244034e-02
   7.6800000e+02   6.6848648e-01  -4.0695514e-02
   7.7600000e+02   7.1501464e-01   2.0110628e-02
   7.8400000e+02   6.6748684e-01   5.0623873e-02
   7.9200000e+02   7.3620251e-01  -3.5725196e-02
   8.0000000e+02   7.1869005e-01  -7.9738363e-02
   8.0800000e+02   7.2238284e-01  -4.7303488e-02
   8.1600000e+02   6.7831119e-01   1.0998290e-02
   8.2400000e+02   7.0299888e-01   7.6360020e-03
   8.3200000e+02   6.6876511e-01   2.5816047e-02
   8.4000000e+02   6.9762327e-01   1.0799326e-02
   8.4800000e+02   7.3430801e-01  -8.1078847e-02
   8.5600000e+02   6.5695847e-01   2.1732719e-03
   8.6400000e+02   7.4956449e-01   2.2798978e-02
   8.7200000e+02   6.7869960e-01   3.9422514e-03
   8.8000000e+02   7.0080053e-01   1.7728084e-02
   8.8800000e+02   6.8041759e-01   6.2522709e-03
   8.9600000e+02   7.1694576e-01   3.4111207e-02
   9.0400000e+02   7.0743865e-01   5.8883575e-02
   9.1200000e+02   6.8393642e-01   3.0651905e-02
   9.2000000e+02   6.8418296e-01   1.8091681e-02
   9.2800000e+02   7.0970355e-01   1.0598964e-02
   9.3600000e+02   7.1671464e-01   1.7187638e-02
   9.4400000e+02   7.2239093e-01   4.9580397e-03
   9.5200000e+02   6.4560584e-01  -4.8968734e-02
   9.6000000e+02   7.1736411e-01   6.9973487e-02
   9.6800000e+02   6.5611374e-01   3.7350985e-03
   9.7600000e+02   6.6573808e-01  -1.5870199e-02
   9.8400000e+02   6.7999981e-01   4.6275792e-03
   9.9200000e+02   6.8425675e-01   4.4494572e-02
   1.0000000e+03   7.0258682e-01  -2.1471592e-02
   1.0080000e+03   6.4621512e-01  -6.2783908e-02
   1.0160000e+03   7.2130773e-01  -3.2200383e-02
   1.0240000e+03   7.2467961e-01   4.1890299e-05
   1.0320000e+03   7.0378143e-01  -3.7279957e-02
   1.0400000e+03   6.9753445e-01   1.9511939e-02
   1.0480000e+03   6.8522344e-01  -1.5796027e-03
   1.0560000e+03   6.9373854e-01  -4.7048988e-03
   1.0640000e+03   7.6257660e-01   1.6373727e-02
   1.0720000e+03   6.4241881e-01   9.7711704e-03
   1.0800000e+03   7.2498822e-01   5.0650086e-02
   1.0880000e+03   6.7924753e-01   2.5082605e-02
   1.0960000e+03   6.5571733e-01  -6.8711424e-03
   1.1040000e+03   6.9123862e-01  -1.5295552e-04
   1.1120000e+03   6.8148145e-01   1.9811859e-02
   1.1200000e+03   7.4089868e-01  -4.5059738e-02
   1.1280000e+03   6.4762650e-01   1.9656288e-02
   1.1360000e+03   7.3464994e-01   1.9997443e-02
   1.1440000e+03   6.6880124e-01  -9.5158047e-03
   1.1520000e+03   7.0401015e-01   1.8031704e-02
   1.1600000e+03   6.9479722e-01  -4.9849093e-03
   1.1680000e+03   6.8934534e-01  -8.6389853e-02
   1.1760000e+03   6.6382789e-01   9.4758214e-03
   1.1840000e+03   6.8871230e-01   8.2181445e-02
   1.1920000e+03   6.9004543e-01  -8.1351880e-03
   1.2000000e+03   7.3484559e-01   3.6408890e-02
   1.2080000e+03   7.2326742e-01  -4.1272589e-03
   1.2160000e+03   6.9782971e-01  -6.2041328e-03
   1.2240000e+03   6.3341240e-01   4.2275643e-02
   1.2320000e+03   7.3185526e-01   1.9600264e-02
   1.2400000e+03   6.6316000e-01   3.9452648e-02
   1.2480000e+03   7.0090978e-01  -3.5876679e-02
   1.2560000e+03   6.7651086e-01  -7.4347899e-02
   1.2640000e+03   7.1669590e-01   2.0083614e-02
   1.2720000e+03   6.9627467e-01  -2.5284723e-03
   1.2800000e+03   6.6659046e-01  -1.9062432e-03
   1.2880000e+03   7.0924006e-01  -1.0537941e-02
   1.2960000e+03   6.8890932e-01  -6.3746045e-04
   1.3040000e+03   6.6485564e-01  -1.3501118e-02
   1.3120000e+03   6.9222750e-01  -1.0979320e-04
   1.3200000e+03   7.3412023e-01   4.4692376e-02
   1.3280000e+03   6.5230236e-01   1.8240004e-02
   1.3360000e+03   6.6323823e-01   1.6732475e-03
   1.3440000e+03   7.0207836e-01   2.2196282e-02
   1.3520000e+03   6.8691291e-01  -2.9735908e-02
   1.3600000e+03   6.8040913e-01   2.0872740e-02
   1.3680000e+03   7.4137719e-01   1.5207506e-02
   1.3760000e+03   6.6261234e-01   1.3203641e-03
   1.3840000e+03   7.2054587e-01   4.6505618e-02
   1.3920000e+03   6.6166458e-01   1.2580801e-02
   1.4000000e+03   6.6466588e-01   2.0689544e-02
   1.4080000e+03   6.9113870e-01  -7.8926877e-02
   1.4160000e+03   7.3517385e-01  -2.1456796e-02
   1.4240000e+03   7.7297123e-01  -3.3178244e-02
   1.4320000e+03   6.5773426e-01  -2.8025004e-02
   1.4400000e+03   7.0296201e-01   3.0820147e-03
   1.4480000e+03   6.2281705e-01  -4.2087643e-03
   1.4560000e+03   6.3167174e-01  -1.7423973e-02
   1.4640000e+03   6.7131575e-01  -6.7475216e-03
   1.4720000e+03   6.9872768e-01   1.0123385e-02
   1.4800000e+03   7.2129600e-01   3.3532009e-02
   1.4880000e+03   6.7116593e-01  -5.4230442e-03
   1.4960000e+03   6.6218872e-01  -3.0871483e-02
   1.5040000e+03   7.3592825e-01   1.4968161e-02
   1.5120000e+03   7.1893796e-01  -3.4368821e-03
   1.5200000e+03   6.8068836e-01  -4.6287773e-02
   1.5280000e+03   7.1724290e-01   9.1909574e-03
   1.5360000e+03   6.7531339e-01  -5.8359327e-03
   1.5440000e+03   6.7106116e-01   2.2916686e-04
   1.5520000e+03   6.9056443e-01  -8.2711654e-03
   1.5600000e+03   7.2417743e-01  -2.1956624e-02
   1.5680000e+03   7.5555519e-01   1.1256752e-03
   1.5760000e+03   7.2341388e-01   6.0950336e-02
   1.5840000e+03   6.2946094e-01  -5.9072763e-02
   1.5920000e+03   6.6328812e-01  -1.0781184e-02
   1.6000000e+03   6.5652164e-01  -2.3358626e-02
   1.6080000e+03   7.1900215e-01   1.9483542e-02
   1.6160000e+03   6.7813109e-01  -5.0757658e-02
   1.6240000e+03   6.8889119e-01   3.9917809e-02
   1.6320000e+03   6.6607124e-01   2.1837382e-02
   1.6400000e+03   7.1949041e-01  -5.7526230e-03
   1.6480000e+03   7.3776412e-01  -6.9313430e-03
   1.6560000e+03   7.0527574e-01  -3.5592987e-02
   1.6640000e+03   7.2982649e-01   5.7589955e-02
   1.6720000e+03   6.3585237e-01   1.9865377e-02
   1.6800000e+03   6.7904994e-01  -2.9240281e-02
   1.6880000e+03   6.3237500e-01   3.1077833e-02
   1.6960000e+03   6.7256205e-01   7.2955757e-04
   1.7040000e+03   7.2870499e-01  -3.7721156e-02
   1.7120000e+03   6.6541694e-01  -1.7441129e-03
   1.7200000e+03   6.8567945e-01   6.1928209e-02
   1.7280000e+03   6.9802424e-01   4.8936356e-02
   1.7360000e+03   6.5707363e-01  -4.2145750e-02
   1.7440000e+03   7.2516933e-01  -6.6086317e-02
   1.7520000e+03   6.6425626e-01   1.5287798e-02
   1.7600000e+03   6.4832341e-01  -4.3178303e-02
   1.7680000e+03   6.8301816e-01  -1.5288548e-02
   1.7760000e+03   6.3964156e-01  -6.1639243e-02
   1.7840000e+03   7.1264216e-01  -3.0147775e-02
   1.7920000e+03   6.3490580e-01   9.1645334e-03
   1.8000000e+03   6.5985112e-01  -3.7163561e-02
   1.8080000e+03   7.1717656e-01   4.8143230e-02
   1.8160000e+03   7.0175616e-01  -7.3340595e-02
   1.8240000e+03   7.4341269e-01  -2.7567486e-03
   1.8320000e+03   7.2074833e-01   5.6296592e-02
   1.8400000e+03   6.6222220e-01  -6.8934595e-02
   1.8480000e+03   6.8000008e-01  -4.7896891e-03
   1.8560000e+03   7.6089004e-01  -2.3620675e-02
   1.8640000e+03   7.3623252e-01  -2.8355147e-02
   1.8720000e+03   6.5896709e-01  -4.8346834e-02
   1.8800000e+03   6.8476913e-01  -2.0239706e-02
   1.8880000e+03   6.6814919e-01  -5.9704424e-03
   1.8960000e+03   7.2946411e-01  -7.4920205e-03
   1.9040000e+03   6.7145482e-01   4.7898681e-02
   1.9120000e+03   7.3327029e-01  -4.5839840e-03
   1.9200000e+03   7.3194370e-01  -5.8065013e-02
   1.9280000e+03   6.3477289e-01   7.1501450e-02
   1.9360000e+03   6.8861058e-01   1.0406837e-02
   1.9440000e+03   6.2813807e-01  -4.3557011e-03
   1.9520000e+03   6.8112373e-01  -5.4641927e-02
   1.9600000e+03   7.1344111e-01   1.5628889e-02
   1.9680000e+03   7.3846404e-01  -1.2037516e-03
   1.9760000e+03   7.1938666e-01   2.1451068e-02
   1.9840000e+03   7.4472777e-01  -4.3714365e-04
   1.9920000e+03   6.3683126e-01   9.6686303e-03
   2.0000000e+03   6.5390463e-01   6.1382586e-02
   2.0080000e+03   7.2381253e-01  -4.3119281e-02
   2.0160000e+03   7.0207846e-01  -1.6914025e-02
   2.0240000e+03   6.5170057e-01  -5.2004645e-02
   2.0320000e+03   6.5436573e-01   4.1558026e-02
   2.0400000e+03   7.1003884e-01   1.6303079e-02
   2.0480000e+03   7.0994462e-01   3.2572728e-02
   2.0560000e+03   7.5893654e-01  -1.5257930e-02
   2.0640000e+03   7.0151375e-01  -2.6309393e-02
   2.0720000e+03   7.0448578e-01   4.1074163e-02
   2.0800000e+03   6.6899188e-01  -2.7584471e-02
   2.0880000e+03   6.6003216e-01  -1.3609607e-02
   2.0960000e+03   7.1384612e-01   4.7564585e-02
   2.1040000e+03   6.9745913e-01   4.6670107e-02
   2.1120000e+03   7.0135618e-01  -5.4484524e-02
   2.1200000e+03   7.0870400e-01  -1.9132829e-02
   2.1280000e+03   6.6279953e-01  -1.7716054e-02
   2.1360000e+03   7.3874441e-01  -4.8684195e-02
   2.1440000e+03   7.5220028e-01  -3.9143679e-02
   2.1520000e+03   6.5103049e-01   6.1914801e-02
   2.1600000e+03   7.1642387e-01   5.6725709e-03
   2.1680000e+03   7.2144437e-01   4.2291440e-02
   2.1760000e+03   5.9505647e-01  -7.4217337e-03
   2.1840000e+03   6.4714807e-01   2.6618724e-02
   2.1920000e+03   7.5774180e-01   2.6236598e-02
   2.2000000e+03   6.6502077e-01   3.0446786e-02
   2.2080000e+03   6.7347804e-01  -1.6869952e-02
   2.2160000e+03   7.0070604e-01   1.1308834e-02
   2.2240000e+03   6.3704354e-01   4.1364760e-02
   2.2320000e+03   7.7423100e-01   1.9389900e-02
   2.2400000e+03   6.7487608e-01  -1.9329961e-02
   2.2480000e+03   6.9068523e-01   2.1827878e-02
   2.2560000e+03   7.0975869e-01   2.9540924e-02
   2.2640000e+03   6.8625982e-01   4.1387560e-02
   2.2720000e+03   7.2558091e-01   6.6773387e-02
   2.2800000e+03   7.1794209e-01  -3.5109180e-04
   2.2880000e+03   7.2652519e-01   2.9991442e-03
   2.2960000e+03   6.8446465e-01   2.6668812e-02
   2.3040000e+03   6.9747830e-01  -5.9371584e-02
   2.3120000e+03   6.9754107e-01  -2.8492275e-02
   2.3200000e+03   7.3955731e-01  -2.5060800e-02
   2.3280000e+03   6.9070359e-01   8.3373373e-03
   2.3360000e+03   6.6916095e-01  -3.6357739e-02
   2.3440000e+03   6.9417865e-01   2.8058488e-02
   2.3520000e+03   7.6172288e-01  -1.1086990e-02
   2.3600000e+03   7.4018061e-01   2.8125429e-02
   2.3680000e+03   6.6114896e-01   2.4089247e-02
   2.3760000e+03   7.1598685e-01  -1.5672089e-02
   2.3840000e+03   6.3773501e-01  -6.0930128e-02
   2.3920000e+03   6.7419345e-01   2.7418679e-02
   2.4000000e+03   6.6883698e-01  -2.1365751e-03
   2.4080000e+03   6.7295906e-01  -9.5115787e-03
   2.4160000e+03   7.3590555e-01  -2.7959199e-02
   2.4240000e+03   6.8486490e-01   8.4481962e-03
   2.4320000e+03   6.8528810e-01  -2.2141444e-02
   2.4400000e+03   7.2600148e-01  -1.7772363e-02
   2.4480000e+03   6.7031221e-01  -1.7676819e-02
   2.4560000e+03   6.6603518e-01  -4.3761916e-02
   2.4640000e+03   7.1634841e-01  -3.6099261e-02
   2.4720000e+03   7.2004410e-01  -4.0101757e-02
   2.4800000e+03   7.1501805e-01   8.6103527e-02
   2.4880000e+03   7.2759867e-01  -3.5521822e-02
   2.4960000e+03   6.4604890e-01  -4.6598060e-02
   2.5040000e+03   7.3508205e-01   2.5033136e-02
   2.5120000e+03   6.6035611e-01   3.1800265e-02
   2.5200000e+03   6.5560101e-01   5.9681414e-03
   2.5280000e+03   6.8721909e-01  -3.3298373e-02
   2.5360000e+03   7.3546540e-01  -3.2142127e-02
   2.5440000e+03   7.4412428e-01   1.0296198e-02
   2.5520000e+03   6.9874764e-01  -6.8454597e-02
   2.5600000e+03   6.4633197e-01   4.3604470e-02
   2.5680000e+03   6.5480145e-01  -1.3161696e-02
   2.5760000e+03   7.0027904e-01   2.8775317e-02
   2.5840000e+03   7.1589651e-01   6.9960682e-03
   2.5920000e+03   7.0517855e-01   1.4469836e-02
   2.6000000e+03   7.1243580e-01   2.6835602e-02
   2.6080000e+03   6.7632517e-01   5.2455658e-03
   2.6160000e+03   7.0873153e-01   8.4959816e-03
   2.6240000e+03   6.1806994e-01   1.8340112e-03
   2.6320000e+03   6.6563846e-01   1.4141083e-02
   2.6400000e+03   6.8949213e-01   5.4684817e-03
   2.6480000e+03   6.4478847e-01   4.0933940e-02
   2.6560000e+03   6.6422322e-01  -2.2590173e-02
   2.6640000e+03   7.4315121e-01  -1.1697864e-03
   2.6720000e+03   6.7459410e-01  -1.4852121e-02
   2.6800000e+03   6.4507822e-01  -9.0306426e-03
   2.6880000e+03   6.5941365e-01  -8.4587395e-02
   2.6960000e+03   6.4411432e-01  -8.2134684e-03
   2.7040000e+03   6.5104204e-01  -9.6083214e-04
   2.7120000e+03   6.6912883e-01  -4.8505613e-02
   2.7200000e+03   7.0537628e-01  -9.3295418e-03
   2.7280000e+03   6.3012103e-01  -5.0897367e-02
   2.7360000e+03   6.8734117e-01   4.9873765e-03
   2.7440000e+03   7.1729201e-01   2.9351651e-02
   2.7520000e+03   7.3140312e-01  -2.3887366e-02
   2.7600000e+03   6.7310183e-01  -4.8797161e-02
   2.7680000e+03   6.8639249e-01   6.6920425e-02
   2.7760000e+03   7.3270578e-01  -3.0089439e-02
   2.7840000e+03   7.4194241e-01  -2.4581046e-02
   2.7920000e+03   6.4254416e-01  -8.2043519e-03
   2.8000000e+03   7.1844258e-01  -5.6787678e-02
   2.8080000e+03   7.0872987e-01   4.1202961e-03
   2.8160000e+03   7.0775282e-01  -1.2415921e-03
   2.8240000e+03   7.2678402e-01  -5.3624502e-02
   2.8320000e+03   7.0742552e-01   6.6233791e-02
   2.8400000e+03   5.9884693e-01  -5.2017994e-02
   2.8480000e+03   5.9290176e-01   7.0701346e-02
   2.8560000e+03   6.5749186e-01   4.9101531e-02
   2.8640000e+03   6.8444665e-01   4.1105200e-02
   2.8720000e+03   6.3545186e-01   2.8957922e-02
   2.8800000e+03   6.2559283e-01   7.4388146e-02
   2.8880000e+03   6.8832935e-01   1.1802421e-02
   2.8960000e+03   6.9833589e-01   5.8533319e-03
   2.9040000e+03   7.0635098e-01  -3.1627436e-02
   2.9120000e+03   6.5589543e-01  -2.9119732e-02
   2.9200000e+03   7.3257547e-01  -2.5317796e-02
   2.9280000e+03   7.0893545e-01  -1.5672519e-02
   2.9360000e+03   6.4943682e-01  -1.4407782e-02
   2.9440000e+03   6.6505329e-01  -1.5015347e-02
   2.9520000e+03   6.4277983e-01   3.2432293e-04
   2.9600000e+03   7.0677704e-01   1.6109096e-02
   2.9680000e+03   6.9221506e-01   4.6881073e-02
   2.9760000e+03   6.6119476e-01  -7.5680226e-03
   2.9840000e+03   6.4091576e-01  -3.9321822e-02
   2.9920000e+03   6.7887967e-01  -2.1198509e-02
   3.0000000e+03   6.8288718e-01   2.8734924e-02
   3.0080000e+03   6.3816031e-01   2.9585570e-02
   3.0160000e+03   6.7093307e-01   4.2348618e-02
   3.0240000e+03   6.2472322e-01   5.3763704e-02
   3.0320000e+03   6.6109116e-01   3.4014054e-02
   3.0400000e+03   7.2338153e-01   7.8472431e-03
   3.0480000e+03   6.3750176e-01  -1.5084883e-02
   3.0560000e+03   6.5844620e-01  -8.6464283e-03
   3.0640000e+03   6.3127309e-01   2.0305575e-02
   3.0720000e+03   7.3572169e-01  -2.9927555e-03
   3.0800000e+03   6.9207881e-01   1.6623063e-02
   3.0880000e+03   7.0605084e-01  -1.2951586e-03
   3.0960000e+03   6.8834658e-01  -3.3506513e-02
   3.1040000e+03   7.0063384e-01  -3.2849288e-02
   3.1120000e+03   7.1671185e-01  -2.6219722e-02
   3.1200000e+03   7.6065325e-01  -3.8099394e-02
   3.1280000e+03   6.6052267e-01   2.3153622e-02
   3.1360000e+03   6.6261021e-01   4.2083677e-02
   3.1440000e+03   6.6078071e-01  -3.1474346e-02
   3.1520000e+03   6.4923093e-01  -9.8647229e-03
   3.1600000e+03   6.6411586e-01  -1.7471433e-02
   3.1680000e+03   6.7311767e-01   4.5606952e-02
   3.1760000e+03   6.7182054e-01  -4.6152633e-03
   3.1840000e+03   6.4950535e-01  -5.5370226e-02
   3.1920000e+03   7.0109851e-01  -2.9436820e-02
   3.2000000e+03   6.9631316e-01   3.4256567e-02
   3.2080000e+03   6.8341706e-01   5.9283614e-02
   3.2160000e+03   6.3801741e-01   1.5890302e-03
   3.2240000e+03   7.1020027e-01   3.5768178e-02
   3.2320000e+03   6.8206264e-01  -3.4670924e-02
   3.2400000e+03   6.2090804e-01   1.9322266e-02
   3.2480000e+03   6.7730586e-01  -1.0011443e-02
   3.2560000e+03   6.0677392e-01   5.8618778e-02
   3.2640000e+03   6.7448042e-01  -3.8064480e-03
   3.2720000e+03   7.0342371e-01  -1.7690347e-02
   3.2800000e+03   6.9679295e-01  -2.0160553e-03
   3.2880000e+03   6.6440559e-01   1.7754535e-02
   3.2960000e+03   6.6782668e-01   3.9460134e-02
   3.3040000e+03   6.7745789e-01  -6.4562870e-03
   3.3120000e+03   6.2119120e-01  -5.2510787e-02
   3.3200000e+03   6.5445198e-01  -8.8008607e-03
   3.3280000e+03   6.7098994e-01  -2.5540620e-02
   3.3360000e+03   6.7946371e-01  -5.1154657e-02
   3.3440000e+03   6.8832731e-01   1.1960549e-02
   3.3520000e+03   6.4307306e-01  -3.8117893e-02
   3.3600000e+03   6.6162916e-01  -2.2602573e-02
   3.3680000e+03   7.0883424e-01  -2.3632469e-02
   3.3760000e+03   7.1510832e-01   4.9838218e-03
   3.3840000e+03   6.9296232e-01   3.0139948e-03
   3.3920000e+03   7.0368254e-01  -9.6614470e-03
   3.4000000e+03   6.6233455e-01  -4.3972150e-02
   3.4080000e+03   7.3097244e-01   1.3830408e-02
   3.4160000e+03   6.9551360e-01  -3.4474706e-02
   3.4240000e+03   6.8561456e-01   5.5183822e-02
   3.4320000e+03   6.4309249e-01   4.2738639e-02
   3.4400000e+03   6.3070056e-01   4.1840149e-02
   3.4480000e+03   7.5117134e-01   2.8836727e-02
   3.4560000e+03   6.9081374e-01  -3.7047751e-02
   3.4640000e+03   6.8419533e-01  -4.0772867e-03
   3.4720000e+03   6.2802212e-01  -4.4599011e-02
   3.4800000e+03   6.2455307e-01  -3.5517397e-02
   3.4880000e+03   6.6337266e-01   5.7319772e-02
   3.4960000e+03   6.6283077e-01  -9.5873336e-03
   3.5040000e+03   6.2602776e-01   2.8444845e-02
   3.5120000e+03   6.2393252e-01   4.6833259e-03
   3.5200000e+03   6.5548274e-01  -2.9751713e-02
   3.5280000e+03   6.8283364e-01  -3.3623665e-02
   3.5360000e+03   6.2386412e-01   3.6793392e-02
   3.5440000e+03   6.4264968e-01  -1.6558770e-03
   3.5520000e+03   6.5649826e-01   3.2827855e-02
   3.5600000e+03   6.6322595e-01   3.5104457e-02
   3.5680000e+03   6.4458732e-01   1.9942635e-03
   3.5760000e+03   6.9541987e-01   4.1547367e-02
   3.5840000e+03   6.7140310e-01  -2.2487113e-02
   3.5920000e+03   6.5726829e-01  -2.1253777e-02
   3.6000000e+03   6.8936910e-01   5.9772485e-03
   3.6080000e+03   6.7863728e-01  -5.7328103e-02
   3.6160000e+03   6.5488692e-01  -1.7460758e-02
   3.6240000e+03   6.8766221e-01  -1.1421360e-02
   3.6320000e+03   6.9914375e-01   6.3114164e-02
   3.6400000e+03   6.8382284e-01  -4.9421470e-02
   3.6480000e+03   6.8931174e-01   1.7179530e-02
   3.6560000e+03   6.4141944e-01  -9.7005315e-03
   3.6640000e+03   6.4704196e-01  -3.1185374e-02
   3.6720000e+03   6.4866705e-01  -3.7257750e-02
   3.6800000e+03   6.3769163e-01   2.7464484e-02
   3.6880000e+03   6.6088742e-01   2.7735211e-03
   3.6960000e+03   6.6100481e-01  -2.4236442e-02
   3.7040000e+03   6.8491776e-01   5.1116540e-03
   3.7120000e+03   6.3195148e-01  -6.2041515e-02
   3.7200000e+03   6.5004198e-01  -4.3836313e-02
   3.7280000e+03   6.6876675e-01  -6.6400009e-02
   3.7360000e+03   6.5456438e-01   8.6509665e-02
   3.7440000e+03   6.9039748e-01  -4.6435384e-02
   3.7520000e+03   6.8902269e-01  -6.7071718e-03
   3.7600000e+03   6.1739007e-01  -8.3186534e-02
   3.7680000e+03   6.4020567e-01  -2.9091892e-04
   3.7760000e+03   6.3702871e-01   2.4039238e-02
   3.7840000e+03   6.5221216e-01  -2.8276884e-02
   3.7920000e+03   6.5766591e-01  -1.6574406e-02
   3.8000000e+03   7.4894150e-01   7.1670112e-04
   3.8080000e+03   6.7040448e-01   4.2415834e-03
   3.8160000e+03   6.5337155e-01   4.1990591e-02
   3.8240000e+03   6.6848045e-01   1.2201287e-03
   3.8320000e+03   6.5451934e-01  -2.3700505e-03
   3.8400000e+03   6.6293051e-01  -2.8465846e-02
   3.8480000e+03   6.3078834e-01  -3.7438927e-03
   3.8560000e+03   6.1577758e-01  -6.4299803e-02
   3.8640000e+03   6.7064114e-01  -2.9359815e-03
   3.8720000e+03   6.1058462e-01   2.1651969e-02
   3.8800000e+03   6.7429843e-01  -2.3808762e-02
   3.8880000e+03   6.2286664e-01   5.5706944e-02
   3.8960000e+03   6.8084584e-01  -3.0024139e-02
   3.9040000e+03   6.4239298e-01  -8.7351471e-04
   3.9120000e+03   6.7565226e-01   1.9350377e-02
   3.9200000e+03   6.8399820e-01   1.6486455e-02
   3.9280000e+03   7.1726521e-01   7.6302671e-03
   3.9360000e+03   6.9487277e-01   2.6220880e-02
   3.9440000e+03   6.4607979e-01   4.5187884e-03
   3.9520000e+03   6.4206850e-01  -1.8611245e-02
   3.9600000e+03   7.0161100e-01   2.4644472e-02
   3.9680000e+03   6.7653133e-01  -4.9057247e-02
   3.9760000e+03   6.6966638e-01  -1.8395530e-02
   3.9840000e+03   7.1623313e-01   7.6055346e-03
   3.9920000e+03   6.6119540e-01  -4.6374470e-02
   4.0000000e+03   6.7743339e-01  -3.8441308e-02
   4.0080000e+03   6.5432209e-01   4.9980329e-02
   4.0160000e+03   7.0217938e-01  -5.0521314e-02
   4.0240000e+03   6.9451908e-01   2.6180098e-02
   4.0320000e+03   6.5159577e-01   3.4890596e-02
   4.0400000e+03   6.5621580e-01   3.8911532e-02
   4.0480000e+03   6.2431338e-01  -5.5982895e-02
   4.0560000e+03   6.1315388e-01   6.1881698e-02
   4.0640000e+03   6.5923303e-01  -4.7643469e-02
   4.0720000e+03   6.8102325e-01   2.5489056e-02
   4.0800000e+03   5.9541848e-01   5.6945056e-03
   4.0880000e+03   5.7923202e-01  -4.1871700e-02
   4.0960000e+03   7.2363056e-01  -4.1616238e-03
   4.1040000e+03   6.1388322e-01   4.2538356e-03
   4.1120000e+03   6.3692140e-01  -2.3189876e-02
   4.1200000e+03   6.9581189e-01  -1.3269520e-02
   4.1280000e+03   6.9827226e-01  -3.1123859e-02
   4.1360000e+03   5.9918911e-01   7.9643943e-03
   4.1440000e+03   6.8051406e-01  -3.8295050e-02
   4.1520000e+03   6.6570517e-01  -4.6376518e-03
   4.1600000e+03   6.9179779e-01   1.7805802e-02
   4.1680000e+03   6.5514988e-01  -1.8040397e-02
   4.1760000e+03   6.6837491e-01  -2.1357386e-02
   4.1840000e+03   6.7428227e-01  -1.9217805e-02
   4.1920000e+03   6.7543644e-01  -1.7871999e-02
   4.2000000e+03   6.9072637e-01   3.3672563e-02
   4.2080000e+03   7.0152094e-01   1.8611755e-02
   4.2160000e+03   6.6222141e-01   4.1747685e-02
   4.2240000e+03   6.6255796e-01   2.8938535e-02
   4.2320000e+03   6.3207917e-01  -5.1384809e-02
   4.2400000e+03   6.5082388e-01   1.9796780e-02
   4.2480000e+03   6.4980469e-01   3.0428626e-02
   4.2560000e+03   6.5170480e-01   1.0501456e-02
   4.2640000e+03   6.1491491e-01   4.1823615e-02
   4.2720000e+03   6.5419345e-01   8.7370589e-04
   4.2800000e+03   7.1529294e-01   7.0523954e-03
   4.2880000e+03   6.6334034e-01  -4.3427341e-02
   4.2960000e+03   6.6425197e-01  -5.7700168e-03
   4.3040000e+03   6.7109235e-01  -3.8206088e-03
   4.3120000e+03   7.0448469e-01   2.9889341e-02
   4.3200000e+03   6.5744435e-01  -1.6394550e-02
   4.3280000e+03   6.5354174e-01  -5.7643400e-03
   4.3360000e+03   7.0630098e-01  -3.0478974e-02
   4.3440000e+03   5.9935284e-01   5.0765097e-02
   4.3520000e+03   6.4384247e-01   5.9478224e-02
   4.3600000e+03   6.7285479e-01  -5.3477678e-06
   4.3680000e+03   6.7538602e-01   2.1316350e-02
   4.3760000e+03   6.5270993e-01  -2.9532581e-02
   4.3840000e+03   6.5843039e-01   4.2007461e-02
   4.3920000e+03   6.0278493e-01   4.1733779e-02
   4.4000000e+03   6.5127743e-01  -1.6331858e-02
   4.4080000e+03   7.3952263e-01  -1.5258965e-02
   4.4160000e+03   6.6269616e-01  -4.9723211e-02
   4.4240000e+03   6.4857717e-01   2.9168577e-02
   4.4320000e+03   6.5536207e-01   2.3443921e-02
   4.4400000e+03   6.2416635e-01   1.8259278e-02
   4.4480000e+03   5.8287916e-01  -7.2499673e-03
   4.4560000e+03   6.1914022e-01   8.2169537e-03
   4.4640000e+03   6.6988311e-01   2.9673877e-02
   4.4720000e+03   6.2880539e-01  -1.4060192e-02
   4.4800000e+03   6.3302584e-01   3.1493389e-02
   4.4880000e+03   7.2950725e-01   1.1297602e-02
   4.4960000e+03   6.0139769e-01   1.0574509e-02
   4.5040000e+03   6.6928567e-01   6.7459771e-02
   4.5120000e+03   6.5826490e-01  -4.2196144e-02
   4.5200000e+03   6.8248965e-01   5.3262802e-02
   4.5280000e+03   6.5825551e-01  -3.3066824e-02
   4.5360000e+03   6.7712395e-01  -7.1463147e-02
   4.5440000e+03   6.5654730e-01  -2.6899260e-02
   4.5520000e+03   6.3626085e-01   5.5175865e-03
   4.5600000e+03   5.7741621e-01  -1.4854851e-03
   4.5680000e+03   6.7116835e-01  -6.0077487e-02
   4.5760000e+03   6.6124640e-01  -1.1988247e-02
   4.5840000e+03   6.6285202e-01   4.9840771e-02
   4.5920000e+03   6.2953765e-01  -1.6200460e-02
   4.6000000e+03   6.0915365e-01   1.0308216e-03
   4.6080000e+03   6.2284064e-01  -3.6160442e-02
   4.6160000e+03   6.3389712e-01   1.7335371e-02
   4.6240000e+03   6.7866646e-01  -4.1645262e-02
   4.6320000e+03   6.1396389e-01   3.5622685e-02
   4.6400000e+03   6.4149236e-01  -4.1009319e-02
   4.6480000e+03   6.7128195e-01  -5.8005246e-02
   4.6560000e+03   6.1270942e-01   2.6853463e-02
   4.6640000e+03   6.5787853e-01   5.2069553e-02
   4.6720000e+03   5.6876076e-01  -4.1962580e-02
   4.6800000e+03   6.4663278e-01  -4.5125921e-02
   4.6880000e+03   6.7316144e-01   7.5909434e-03
   4.6960000e+03   6.5716850e-01   5.2918131e-02
   4.7040000e+03   6.9399691e-01   6.9016202e-03
   4.7120000e+03   6.1157159e-01  -3.9955025e-02
   4.7200000e+03   6.8009780e-01   5.2727024e-02
   4.7280000e+03   6.8759719e-01   2.6576931e-02
   4.7360000e+03   6.6876555e-01   1.2125818e-02
   4.7440000e+03   6.6571614e-01   4.9561836e-03
   4.7520000e+03   6.6215620e-01  -6.3658137e-03
   4.7600000e+03   7.0234480e-01   6.4047838e-03
   4.7680000e+03   6.3142936e-01  -1.6172175e-02
   4.7760000e+03   6.3794502e-01   1.0399562e-02
   4.7840000e+03   7.6365317e-01  -6.1703382e-02
   4.7920000e+03   6.5732245e-01  -9.2854490e-03
   4.8000000e+03   7.1871954e-01  -4.3003816e-02
   4.8080000e+03   5.9798668e-01  -2.0156327e-02
   4.8160000e+03   6.3827240e-01   2.2807762e-02
   4.8240000e+03   6.0700154e-01  -4.1236802e-02
   4.8320000e+03   7.3082330e-01  -2.0761891e-02
   4.8400000e+03   6.4050273e-01  -2.9027930e-02
   4.8480000e+03   6.3405935e-01   2.9973514e-02
   4.8560000e+03   6.0518650e-01   1.8458830e-03
   4.8640000e+03   5.9186757e-01   2.0326037e-02
   4.8720000e+03   6.2240319e-01   8.0311855e-03
   4.8800000e+03   7.0043732e-01  -6.0513000e-04
   4.8880000e+03   6.1086735e-01   3.4078754e-02
   4.8960000e+03   6.3039575e-01  -9.5526473e-03
   4.9040000e+03   6.2357778e-01  -4.2968503e-02
   4.9120000e+03   6.5549553e-01  -4.2226253e-03
   4.9200000e+03   6.9287425e-01  -2.5587703e-02
   4.9280000e+03   7.5806185e-01  -3.6130755e-04
   4.9360000e+03   5.8762599e-01   1.9124472e-02
   4.9440000e+03   6.1774927e-01  -4.4082841e-02
   4.9520000e+03   6.7653800e-01   3.7514099e-02
   4.9600000e+03   6.6931758e-01  -5.3564381e-03
   4.9680000e+03   6.5575387e-01   4.6911970e-02
   4.9760000e+03   6.6304061e-01  -5.8047584e-03
   4.9840000e+03   6.1324177e-01   3.8851608e-02
   4.9920000e+03   6.8129689e-01  -2.9062149e-03
   5.0000000e+03   5.8713083e-01   1.9072303e-02
   5.0080000e+03   6.6381477e-01  -6.6500490e-02
   5.0160000e+03   7.0116233e-01  -2.4453239e-02
   5.0240000e+03   6.6295415e-01  -3.9779845e-02
   5.0320000e+03   6.9431276e-01   1.3427882e-03
   5.0400000e+03   6.5182270e-01   5.4269439e-02
   5.0480000e+03   5.8160395e-01   3.8683465e-02
   5.0560000e+03   6.3896103e-01  -5.9340445e-02
   5.0640000e+03   6.3170280e-01  -1.2373384e-04
   5.0720000e+03   6.8739675e-01   5.2851281e-02
   5.0800000e+03   7.0382335e-01  -3.1946636e-03
   5.0880000e+03   6.2449140e-01   2.4197174e-02
   5.0960000e+03   6.8666216e-01  -4.2705042e-03
   5.1040000e+03   6.0435347e-01   1.3110153e-02
   5.1120000e+03   6.6147478e-01   5.0150240e-02
   5.1200000e+03   6.7375689e-01   9.0159498e-03
   5.1280000e+03   6.7451425e-01  -2.5559993e-02
   5.1360000e+03   6.5116620e-01  -3.4401463e-02
   5.1440000e+03   7.1431596e-01   5.3600594e-02
   5.1520000e+03   6.6179971e-01   5.8269514e-02
   5.1600000e+03   6.2229021e-01   1.4659233e-02
   5.1680000e+03   6.4124875e-01   5.8763657e-03
   5.1760000e+03   6.2989826e-01   1.3357463e-02
   5.1840000e+03   6.3175404e-01   1.4289059e-02
   5.1920000e+03   6.3931299e-01   2.6886246e-02
   5.2000000e+03   5.8660524e-01   5.2737065e-03
   5.2080000e+03   6.5879955e-01   8.0600343e-03
   5.2160000e+03   6.3824429e-01  -1.9695995e-02
   5.2240000e+03   7.2225462e-01  -1.5468261e-02
   5.2320000e+03   6.3734436e-01   7.1063864e-02
   5.2400000e+03   5.9364569e-01   1.9862194e-02
   5.2480000e+03   5.9781052e-01   4.5311688e-02
   5.2560000e+03   6.6301508e-01   9.2479383e-03
   5.2640000e+03   6.0242619e-01  -3.2296918e-03
   5.2720000e+03   6.8234244e-01   2.2103998e-02
   5.2800000e+03   6.6078029e-01   8.0986266e-02
   5.2880000e+03   6.1805016e-01   1.3167614e-02
   5.2960000e+03   6.7139391e-01  -1.2711261e-02
   5.3040000e+03   6.6075913e-01  -4.6919442e-02
   5.3120000e+03   6.3461748e-01  -8.5156147e-04
   5.3200000e+03   6.2920125e-01  -4.6119035e-02
   5.3280000e+03   6.8247362e-01   2.1335177e-03
   5.3360000e+03   5.9019891e-01  -4.2879311e-03
   5.3440000e+03   6.6979011e-01   4.8840392e-02
   5.3520000e+03   7.2795434e-01  -3.3792578e-02
   5.3600000e+03   6.0943774e-01   2.9502425e-02
   5.3680000e+03   6.3174316e-01   2.8759964e-02
   5.3760000e+03   6.6397879e-01  -4.9589977e-02
   5.3840000e+03   5.8314939e-01  -5.7753217e-02
   5.3920000e+03   5.7997345e-01   3.6546193e-02
   5.4000000e+03   5.5618337e-01   4.1787432e-02
   5.4080000e+03   6.2698545e-01  -8.5342367e-04
   5.4160000e+03   6.2762790e-01  -8.0686736e-03
   5.4240000e+03   6.7818365e-01  -5.0688981e-02
   5.4320000e+03   6.5881878e-01  -1.6232631e-02
   5.4400000e+03   6.7840553e-01  -3.5639616e-02
   5.4480000e+03   6.6416092e-01   7.7690459e-03
   5.4560000e+03   6.2748505e-01  -4.3761637e-02
   5.4640000e+03   6.1688255e-01  -3.3239925e-03
   5.4720000e+03   6.0802316e-01   2.5381954e-02
   5.4800000e+03   6.0018609e-01  -7.5186497e-04
   5.4880000e+03   6.1498141e-01   2.3531182e-02
   5.4960000e+03   7.1428836e-01  -3.7784334e-02
   5.5040000e+03   5.7396612e-01  -5.7501323e-02
   5.5120000e+03   7.0556218e-01  -4.0042175e-03
   5.5200000e+03   6.6414228e-01  -6.0113109e-02
   5.5280000e+03   6.3048659e-01   2.9649309e-03
   5.5360000e+03   6.0699177e-01   9.0850273e-03
   5.5440000e+03   6.1457417e-01   1.1302340e-02
   5.5520000e+03   6.3811808e-01   6.2746841e-02
   5.5600000e+03   6.1248192e-01  -1.0607060e-02
   5.5680000e+03   6.4959853e-01  -1.1842031e-02
   5.5760000e+03   5.9258543e-01  -8.7655815e-02
   5.5840000e+03   6.6365314e-01  -3.0472358e-02
   5.5920000e+03   6.5152248e-01  -1.5826153e-02
   5.6000000e+03   5.9168583e-01   7.5162060e-03
   5.6080000e+03   6.7968005e-01  -9.4838388e-03
   5.6160000e+03   6.6061100e-01  -5.4260003e-02
   5.6240000e+03   6.3559229e-01   3.3241634e-02
   5.6320000e+03   6.1027476e-01   4.4938998e-03
   5.6400000e+03   6.2918920e-01  -4.5237325e-02
   5.6480000e+03   6.5360691e-01  -5.7730296e-03
   5.6560000e+03   6.7995903e-01   6.9862657e-02
   5.6640000e+03   7.0244736e-01  -1.5918342e-02
   5.6720000e+03   6.5701344e-01   1.7565633e-02
   5.6800000e+03   6.3359924e-01   5.7658826e-02
   5.6880000e+03   5.9334297e-01  -6.5375227e-03
   5.6960000e+03   6.4116175e-01   4.3126056e-02
   5.7040000e+03   6.2494177e-01   1.3338767e-02
   5.7120000e+03   6.3420624e-01   2.5647925e-02
   5.7200000e+03   5.9189654e-01   2.8291552e-02
   5.7280000e+03   6.8066454e-01   9.7314454e-03
   5.7360000e+03   6.7874827e-01   1.9567997e-02
   5.7440000e+03   6.4011451e-01   3.9152488e-02
   5.7520000e+03   5.8272749e-01   4.5558032e-02
   5.7600000e+03   6.5340584e-01  -3.9038672e-04
   5.7680000e+03   6.4034647e-01   1.6945241e-02
   5.7760000e+03   5.8747811e-01  -4.4561694e-02
   5.7840000e+03   6.2194884e-01   2.1503013e-02
   5.7920000e+03   6.9930067e-01  -2.7016020e-02
   5.8000000e+03   6.7771771e-01  -9.4180368e-03
   5.8080000e+03   6.0366095e-01  -3.8320985e-02
   5.8160000e+03   6.7021247e-01  -3.2759744e-02
   5.8240000e+03   6.5165783e-01   2.9940946e-02
   5.8320000e+03   7.0288783e-01  -3.2567920e-02
   5.8400000e+03   6.5887851e-01   2.6722722e-03
   5.8480000e+03   5.8606030e-01  -4.7811084e-02
   5.8560000e+03   6.5052891e-01   5.2762703e-02
   5.8640000e+03   6.0193209e-01   5.2578351e-02
   5.8720000e+03   5.9735222e-01  -3.1039899e-02
   5.8800000e+03   6.4332771e-01  -2.1880595e-02
   5.8880000e+03   6.4085582e-01  -2.0176454e-02
   5.8960000e+03   6.1722352e-01   4.8276988e-02
   5.9040000e+03   5.9180142e-01  -4.6505020e-02
   5.9120000e+03   6.1505406e-01  -2.3060352e-02
