   0.0000000e+00   9.0258907e-01  -2.5170188e-02
   8.0000000e+00   9.0067148e-01   2.7823538e-02
   1.6000000e+01   8.4995108e-01   2.2556093e-02
   2.4000000e+01   8.2231293e-01   4.6527925e-02
   3.2000000e+01   8.4355981e-01  -4.4972481e-02
   4.0000000e+01   8.8541559e-01  -3.0944219e-02
   4.8000000e+01   9.9087480e-01   3.2717304e-02
   5.6000000e+01   9.6988053e-01  -7.3019645e-03
   6.4000000e+01   1.0003208e+00   4.1123986e-02
   7.2000000e+01   8.8518752e-01   4.7676793e-02
   8.0000000e+01   9.7153280e-01   3.0980330e-02
   8.8000000e+01   1.0232773e+00  -2.6588527e-02
   9.6000000e+01   9.1372572e-01   9.0437155e-03
   1.0400000e+02   1.0076769e+00  -2.9180897e-02
   1.1200000e+02   1.0639110e+00   4.1300924e-02
   1.2000000e+02   1.0633705e+00  -6.9565964e-02
   1.2800000e+02   1.0202258e+00  -1.7015090e-02
   1.3600000e+02   1.0431713e+00   3.1460207e-02
   1.4400000e+02   9.6320428e-01   5.3666920e-02
   1.5200000e+02   9.3142401e-01   2.7041662e-02
   1.6000000e+02   8.7394389e-01   2.8052835e-02
   1.6800000e+02   9.6580520e-01  -1.9383332e-03
   1.7600000e+02   9.6911384e-01   7.9228876e-02
   1.8400000e+02   9.5347605e-01  -5.8349231e-02
   1.9200000e+02   9.0101166e-01  -2.6596751e-02
   2.0000000e+02   9.1239819e-01  -1.2965575e-02
   2.0800000e+02   9.4602699e-01   3.6497588e-02
   2.1600000e+02   8.4460230e-01  -2.2016072e-02
   2.2400000e+02   8.5193432e-01   2.6597054e-02
   2.3200000e+02   9.7660129e-01  -6.8056919e-02
   2.4000000e+02   8.5107622e-01  -1.5154215e-02
   2.4800000e+02   9.1128966e-01   1.2396507e-03
   2.5600000e+02   7.9009583e-01  -3.7308665e-02
   2.6400000e+02   9.3105262e-01  -6.3266517e-02
   2.7200000e+02   8.5131749e-01   2.8797751e-03
   2.8000000e+02   8.8334628e-01   9.2342019e-02
   2.8800000e+02   8.2354901e-01  -5.0290647e-02
   2.9600000e+02   8.6637802e-01  -4.1408040e-03
   3.0400000e+02   8.3207608e-01   9.6072346e-02
   3.1200000e+02   7.8715609e-01   2.0488286e-02
   3.2000000e+02   8.2642703e-01   7.0319442e-03
   3.2800000e+02   7.9418098e-01  -1.0140407e-02
   3.3600000e+02   9.0011816e-01   7.9878754e-02
   3.4400000e+02   8.0285923e-01  -4.9271711e-02
   3.5200000e+02   8.3037015e-01   6.9356150e-02
   3.6000000e+02   7.6891595e-01   1.4860276e-02
   3.6800000e+02   8.4107533e-01  -5.9710421e-02
   3.7600000e+02   7.6170302e-01  -6.6935280e-03
   3.8400000e+02   8.3534866e-01  -5.7973960e-02
   3.9200000e+02   8.6478339e-01   4.0805457e-02
   4.0000000e+02   7.6330749e-01  -4.8676214e-03
   4.0800000e+02   8.5591156e-01  -1.9161135e-02
   4.1600000e+02   8.5955215e-01  -1.1643083e-01
   4.2400000e+02   8.3909046e-01  -9.7056084e-03
   4.3200000e+02   7.7715198e-01   3.4161906e-02
   4.4000000e+02   8.6937548e-01  -9.2271227e-03
   4.4800000e+02   8.0671544e-01   1.7784206e-03
   4.5600000e+02   7.5690376e-01   1.3039084e-02
   4.6400000e+02   8.2304116e-01   3.0987924e-02
   4.7200000e+02   7.2856680e-01  -1.1401583e-02
   4.8000000e+02   8.0566952e-01   1.2302270e-01
   4.8800000e+02   7.3812460e-01  -2.9253049e-02
   4.9600000e+02   8.2738166e-01  -3.2503435e-05
   5.0400000e+02   7.0076507e-01  -3.6565490e-02
   5.1200000e+02   8.8050756e-01   4.1265276e-02
   5.2000000e+02   7.1665897e-01  -4.4848878e-02
   5.2800000e+02   8.6292256e-01  -2.3804597e-02
   5.3600000e+02   7.7795383e-01   2.2877316e-02
   5.4400000e+02   7.2630544e-01  -3.0740930e-02
   5.5200000e+02   7.8694639e-01  -1.3339565e-02
   5.6000000e+02   7.8927073e-01  -4.7674689e-02
   5.6800000e+02   7.3601297e-01   3.7666828e-02
   5.7600000e+02   7.5679797e-01  -5.5615962e-03
   5.8400000e+02   7.5462384e-01   6.4009156e-02
   5.9200000e+02   7.8911845e-01   5.1230734e-02
   6.0000000e+02   8.4244389e-01  -4.5174586e-02
   6.0800000e+02   7.6729222e-01   5.8562101e-03
   6.1600000e+02   7.8813514e-01  -2.4358943e-02
   6.2400000e+02   7.1638437e-01   1.1591012e-01
   6.3200000e+02   7.9863104e-01  -3.3544411e-02
   6.4000000e+02   6.9033595e-01   7.2247944e-02
   6.4800000e+02   6.1192575e-01   1.7389505e-02
   6.5600000e+02   7.9357498e-01   2.4354706e-02
   6.6400000e+02   7.3067628e-01   6.2412861e-02
   6.7200000e+02   8.2860147e-01   3.4424787e-02
   6.8000000e+02   7.6440708e-01  -4.8013538e-02
   6.8800000e+02   6.9713085e-01  -9.5668813e-02
   6.9600000e+02   7.1314378e-01  -2.4982538e-02
   7.0400000e+02   6.6132385e-01   1.1594131e-02
   7.1200000e+02   8.0187979e-01   7.8537636e-03
   7.2000000e+02   7.2296368e-01  -3.6268241e-02
   7.2800000e+02   7.2511050e-01   1.0538839e-01
   7.3600000e+02   7.8688852e-01   1.8620886e-02
   7.4400000e+02   7.0441748e-01  -1.7095445e-02
   7.5200000e+02   7.3348126e-01   4.3515554e-02
   7.6000000e+02   6.9373853e-01  -3.7980250e-02
   7.6800000e+02   6.7413177e-01  -4.5477142e-02
   7.7600000e+02   6.8796134e-01  -3.0707077e-02
   7.8400000e+02   7.3157215e-01  -4.0130238e-02
   7.9200000e+02   6.8420831e-01  -7.2276039e-02
   8.0000000e+02   7.0755255e-01  -8.2964103e-02
   8.0800000e+02   7.0249414e-01  -6.3630327e-02
   8.1600000e+02   6.9517576e-01  -3.3046702e-02
   8.2400000e+02   7.7708097e-01   5.2223607e-02
   8.3200000e+02   7.2198152e-01   1.1172533e-02
   8.4000000e+02   7.2706655e-01  -1.7011327e-02
   8.4800000e+02   7.3717672e-01  -5.5511281e-02
   8.5600000e+02   7.1870247e-01   9.1878341e-02
   8.6400000e+02   7.3019331e-01   1.0563262e-02
   8.7200000e+02   7.8019141e-01   3.3824892e-02
   8.8000000e+02   7.6107990e-01   1.4839813e-02
   8.8800000e+02   6.4317674e-01   1.9448291e-02
   8.9600000e+02   7.0705314e-01   9.7067555e-03
   9.0400000e+02   7.1019190e-01   3.1990058e-02
   9.1200000e+02   7.3156481e-01  -5.3997318e-03
   9.2000000e+02   7.0623075e-01   1.0858777e-03
   9.2800000e+02   6.6750138e-01   7.0960911e-02
   9.3600000e+02   7.1497607e-01   8.5592573e-03
   9.4400000e+02   6.7810924e-01  -8.0681765e-02
   9.5200000e+02   7.7144981e-01   7.4043586e-02
   9.6000000e+02   7.7622079e-01   4.1568575e-02
   9.6800000e+02   6.8010747e-01  -7.6797934e-02
   9.7600000e+02   6.6810328e-01  -8.5298127e-02
   9.8400000e+02   6.2901232e-01   4.9807091e-02
   9.9200000e+02   7.5161052e-01   1.2327992e-02
   1.0000000e+03   7.3479591e-01   4.8202045e-02
   1.0080000e+03   6.3260603e-01  -1.9030124e-02
   1.0160000e+03   7.6138621e-01  -3.3091850e-02
   1.0240000e+03   6.8525440e-01  -9.1200437e-02
   1.0320000e+03   6.1150137e-01   3.5211478e-02
   1.0400000e+03   7.1940375e-01   1.1084437e-02
   1.0480000e+03   6.9844999e-01  -2.9578401e-02
   1.0560000e+03   6.8426194e-01  -1.2200033e-02
   1.0640000e+03   6.9806253e-01   3.0825736e-02
   1.0720000e+03   6.2593808e-01  -7.2276362e-02
   1.0800000e+03   7.5229622e-01   1.7994034e-02
   1.0880000e+03   6.9979144e-01  -6.9308963e-02
   1.0960000e+03   6.9180706e-01  -5.1358427e-02
   1.1040000e+03   7.1227376e-01  -2.6156958e-02
   1.1120000e+03   6.9608437e-01  -6.7934075e-05
   1.1200000e+03   7.6993767e-01   2.8926075e-02
   1.1280000e+03   6.7766542e-01   3.2205769e-03
   1.1360000e+03   7.3726132e-01  -1.8870851e-03
   1.1440000e+03   7.2965725e-01   2.5231225e-03
   1.1520000e+03   7.2386755e-01   3.3740540e-02
   1.1600000e+03   6.7843405e-01  -5.8398524e-02
   1.1680000e+03   6.0593962e-01   7.2187808e-02
   1.1760000e+03   6.4943197e-01   4.2345232e-02
   1.1840000e+03   7.6364138e-01   2.4851641e-02
   1.1920000e+03   6.3022180e-01   1.6704452e-02
   1.2000000e+03   6.4153542e-01   3.4052222e-02
   1.2080000e+03   6.2801889e-01  -2.8732366e-02
   1.2160000e+03   5.8164071e-01  -7.0993469e-02
   1.2240000e+03   6.8052743e-01   9.3975814e-02
   1.2320000e+03   6.8459132e-01  -1.5821675e-02
   1.2400000e+03   7.1415674e-01  -5.7071621e-02
   1.2480000e+03   6.7128464e-01  -3.2722083e-03
   1.2560000e+03   6.2856412e-01  -9.7565772e-02
   1.2640000e+03   6.3099562e-01  -2.7351247e-02
   1.2720000e+03   5.3258727e-01  -2.9723067e-03
   1.2800000e+03   7.3472952e-01   4.5992936e-02
   1.2880000e+03   6.3879572e-01   5.6710529e-02
   1.2960000e+03   6.5566916e-01   4.3030472e-02
   1.3040000e+03   5.8816146e-01   3.5805931e-02
   1.3120000e+03   6.3154742e-01   1.0569681e-01
   1.3200000e+03   7.0648561e-01   2.2522758e-02
   1.3280000e+03   7.5319960e-01  -2.3628098e-03
   1.3360000e+03   6.8625051e-01  -1.4802690e-02
   1.3440000e+03   6.5387947e-01   5.1347586e-02
   1.3520000e+03   5.7912771e-01   1.4256250e-01
   1.3600000e+03   5.5599770e-01  -8.2116028e-02
   1.3680000e+03   7.0573321e-01  -1.7787525e-02
   1.3760000e+03   6.2725438e-01  -4.1918771e-03
   1.3840000e+03   6.9744962e-01  -8.8349318e-03
   1.3920000e+03   6.7107762e-01  -3.4363308e-03
   1.4000000e+03   6.3790395e-01  -5.3958793e-02
   1.4080000e+03   6.0109529e-01  -4.3058773e-02
   1.4160000e+03   6.4480811e-01   7.9047312e-02
   1.4240000e+03   6.6908959e-01   5.5714753e-02
   1.4320000e+03   6.7748940e-01  -3.7721303e-02
   1.4400000e+03   7.4567313e-01  -6.1147579e-02
   1.4480000e+03   6.0490929e-01   1.9720046e-03
   1.4560000e+03   6.5187334e-01   2.5137908e-02
   1.4640000e+03   6.0059647e-01   3.2108329e-02
   1.4720000e+03   6.1652929e-01   6.6285851e-02
   1.4800000e+03   6.7861356e-01  -1.6677256e-02
   1.4880000e+03   5.8968795e-01  -5.5113167e-02
   1.4960000e+03   6.5145175e-01   6.0999183e-02
   1.5040000e+03   6.2058619e-01   3.6549173e-02
   1.5120000e+03   5.9759832e-01   2.0178900e-02
   1.5200000e+03   5.2434720e-01  -4.8317212e-02
   1.5280000e+03   5.6673029e-01   2.5987801e-02
   1.5360000e+03   4.8928178e-01  -1.8351478e-02
   1.5440000e+03   6.6367852e-01   2.8198109e-02
   1.5520000e+03   6.1540165e-01   2.5071102e-02
   1.5600000e+03   6.1390693e-01   4.4149446e-02
   1.5680000e+03   6.0241699e-01  -2.7209046e-02
   1.5760000e+03   5.7583455e-01   2.2196990e-02
   1.5840000e+03   5.7407773e-01   4.7966881e-02
   1.5920000e+03   6.4355507e-01   2.3280126e-02
   1.6000000e+03   5.5082001e-01  -5.5222267e-02
   1.6080000e+03   5.3959168e-01  -7.5840418e-02
   1.6160000e+03   6.8860388e-01  -1.2514987e-02
   1.6240000e+03   6.3465971e-01  -5.6707782e-03
   1.6320000e+03   6.0346468e-01  -2.1520244e-02
   1.6400000e+03   5.6230150e-01  -9.9850441e-02
   1.6480000e+03   5.7430259e-01  -6.1289810e-02
   1.6560000e+03   5.2822874e-01  -9.1671056e-02
   1.6640000e+03   6.3468774e-01  -6.5349153e-03
   1.6720000e+03   6.4689807e-01  -4.6614027e-02
   1.6800000e+03   5.9701696e-01   7.4559361e-03
   1.6880000e+03   5.6383742e-01  -4.6974841e-02
   1.6960000e+03   6.4798271e-01   7.0275516e-02
   1.7040000e+03   5.8292730e-01  -3.7912586e-02
   1.7120000e+03   6.0886312e-01  -5.4405667e-02
   1.7200000e+03   6.5882979e-01   8.9745095e-02
   1.7280000e+03   5.3567479e-01   6.6474121e-03
   1.7360000e+03   6.4433283e-01   7.6460497e-02
   1.7440000e+03   6.6692557e-01   1.0285264e-01
   1.7520000e+03   5.8892352e-01   5.8643712e-02
   1.7600000e+03   5.9879084e-01  -2.1832999e-02
   1.7680000e+03   6.0915776e-01   2.3375261e-02
   1.7760000e+03   6.1486314e-01   1.4888912e-02
   1.7840000e+03   6.2978624e-01  -2.1664129e-02
   1.7920000e+03   5.3656662e-01   7.1884930e-02
   1.8000000e+03   5.3902291e-01   5.0968917e-02
   1.8080000e+03   6.0571945e-01   5.2465574e-04
   1.8160000e+03   5.8651140e-01  -3.9004959e-02
   1.8240000e+03   5.6111134e-01   8.7237215e-03
   1.8320000e+03   5.9966582e-01   7.2539710e-03
   1.8400000e+03   6.3601869e-01   7.7240496e-02
   1.8480000e+03   6.3168355e-01  -2.0539253e-02
   1.8560000e+03   6.2933799e-01   4.8574308e-02
   1.8640000e+03   6.2121881e-01   7.7933359e-03
   1.8720000e+03   5.6029948e-01  -1.9735365e-02
   1.8800000e+03   6.6118740e-01  -8.7376383e-02
   1.8880000e+03   5.0383444e-01  -1.3439551e-02
   1.8960000e+03   5.7076812e-01  -6.3339298e-02
   1.9040000e+03   5.7062715e-01  -5.7066317e-02
   1.9120000e+03   5.5260491e-01   1.1311145e-01
   1.9200000e+03   6.3231844e-01   7.9755978e-02
   1.9280000e+03   5.5986922e-01   1.6779123e-02
   1.9360000e+03   5.9709656e-01   3.8683504e-02
   1.9440000e+03   7.3816466e-01   4.4208377e-02
   1.9520000e+03   4.7307187e-01  -1.8198410e-02
   1.9600000e+03   6.3840768e-01   1.1369503e-02
   1.9680000e+03   6.7674358e-01   9.4198909e-03
   1.9760000e+03   5.6795405e-01   2.8393370e-02
   1.9840000e+03   6.1094096e-01   3.4537456e-02
   1.9920000e+03   6.0879389e-01   7.4088095e-02
   2.0000000e+03   5.5747228e-01   2.2481916e-02
   2.0080000e+03   5.8907200e-01  -6.1510836e-03
   2.0160000e+03   6.5123848e-01  -9.2721063e-04
   2.0240000e+03   6.0332477e-01   1.7708167e-02
   2.0320000e+03   5.8732534e-01  -2.1662731e-02
   2.0400000e+03   6.5282869e-01  -3.5534159e-02
   2.0480000e+03   5.5302497e-01   2.3273501e-03
   2.0560000e+03   5.0694218e-01  -2.5717720e-02
   2.0640000e+03   5.0551699e-01   7.6522712e-03
   2.0720000e+03   6.0713512e-01  -3.3085275e-02
   2.0800000e+03   5.8593074e-01   3.5885939e-03
   2.0880000e+03   4.6199324e-01  -1.6264744e-02
   2.0960000e+03   6.1161247e-01   9.0225534e-02
   2.1040000e+03   5.9972960e-01  -6.5329841e-02
   2.1120000e+03   6.7454134e-01   1.1837606e-02
   2.1200000e+03   6.4649694e-01  -1.6414571e-02
   2.1280000e+03   5.7065150e-01  -2.2645033e-02
   2.1360000e+03   5.8459038e-01  -4.7781040e-02
   2.1440000e+03   6.4304477e-01  -6.6160488e-02
   2.1520000e+03   5.5515855e-01   4.1996893e-02
   2.1600000e+03   6.0961775e-01   1.9459198e-02
   2.1680000e+03   5.3913523e-01   8.1634874e-03
   2.1760000e+03   5.3676088e-01   3.5715435e-02
   2.1840000e+03   5.6967751e-01  -7.7218884e-04
   2.1920000e+03   5.5766600e-01   4.6975098e-02
   2.2000000e+03   5.6316816e-01   3.9938552e-02
   2.2080000e+03   5.8791186e-01  -9.7045806e-02
   2.2160000e+03   5.6659899e-01  -6.3888792e-02
   2.2240000e+03   6.0839131e-01   4.3101162e-02
   2.2320000e+03   5.2711682e-01  -5.4207821e-02
   2.2400000e+03   5.6140980e-01   1.7526375e-02
   2.2480000e+03   5.1566829e-01  -2.2173233e-02
   2.2560000e+03   5.6367395e-01   5.4889943e-02
   2.2640000e+03   5.7389499e-01  -9.3118300e-02
   2.2720000e+03   5.5866361e-01   8.4573337e-03
   2.2800000e+03   5.3186013e-01   5.9280407e-02
   2.2880000e+03   5.9914573e-01  -1.0044451e-02
   2.2960000e+03   5.6102720e-01  -5.7346993e-02
   2.3040000e+03   5.0524252e-01  -6.0579933e-02
   2.3120000e+03   4.5861068e-01   2.1524730e-02
   2.3200000e+03   5.4870346e-01  -4.3799407e-02
   2.3280000e+03   5.8442072e-01   2.7870326e-02
   2.3360000e+03   5.5948546e-01  -5.1083705e-02
   2.3440000e+03   5.4389315e-01  -1.8624197e-02
   2.3520000e+03   5.9126423e-01  -3.5687739e-03
   2.3600000e+03   5.5066915e-01   2.9370726e-02
   2.3680000e+03   5.6665343e-01   2.5350384e-03
   2.3760000e+03   5.6708529e-01  -5.5788307e-02
   2.3840000e+03   5.6389101e-01   8.4882628e-02
   2.3920000e+03   5.3274617e-01   1.5642542e-02
   2.4000000e+03   5.2971729e-01  -3.4985902e-02
   2.4080000e+03   5.6555371e-01  -2.2032538e-02
   2.4160000e+03   4.8908926e-01   9.8374341e-02
   2.4240000e+03   5.4715315e-01  -9.4018635e-02
   2.4320000e+03   5.1996123e-01   4.8672098e-04
   2.4400000e+03   5.7741291e-01   2.2435664e-02
   2.4480000e+03   5.2698562e-01   3.7255253e-02
   2.4560000e+03   6.1323090e-01   1.0611599e-01
   2.4640000e+03   5.3799168e-01  -1.6240919e-02
   2.4720000e+03   6.6884521e-01   1.2119197e-02
   2.4800000e+03   5.5280643e-01   5.5358227e-02
   2.4880000e+03   5.8995448e-01  -6.6225746e-04
   2.4960000e+03   5.4182307e-01  -1.1985977e-02
   2.5040000e+03   5.0882340e-01   1.1348229e-02
   2.5120000e+03   5.4479652e-01  -8.4503746e-02
   2.5200000e+03   5.6313089e-01  -7.5419356e-02
   2.5280000e+03   5.7367942e-01  -2.0317712e-02
   2.5360000e+03   5.6838188e-01  -1.0606368e-01
   2.5440000e+03   6.1212916e-01   1.2830265e-02
   2.5520000e+03   5.1590025e-01  -1.7078535e-02
   2.5600000e+03   6.0016999e-01  -9.6058425e-02
   2.5680000e+03   4.9930871e-01  -1.0562268e-02
   2.5760000e+03   5.2622161e-01  -3.4024139e-02
   2.5840000e+03   4.9305176e-01  -8.9630789e-03
   2.5920000e+03   5.9053887e-01  -8.6236871e-03
   2.6000000e+03   5.3656836e-01   7.0101920e-02
   2.6080000e+03   6.6552497e-01  -6.5127175e-02
   2.6160000e+03   5.3683976e-01   1.2964844e-02
   2.6240000e+03   6.3523503e-01  -8.4691858e-02
   2.6320000e+03   5.7426723e-01  -1.5996924e-01
   2.6400000e+03   5.1522929e-01   2.5538712e-02
   2.6480000e+03   4.6408078e-01   2.0060020e-02
   2.6560000e+03   4.8120929e-01  -2.5416304e-02
   2.6640000e+03   5.3549357e-01  -3.1544389e-02
   2.6720000e+03   5.2054605e-01  -4.3780237e-02
   2.6800000e+03   5.5742493e-01  -1.0210330e-02
   2.6880000e+03   5.7879058e-01   4.8914247e-02
   2.6960000e+03   5.3749613e-01   2.6795532e-02
   2.7040000e+03   4.2402591e-01  -3.7186919e-02
   2.7120000e+03   4.9304113e-01  -2.1722440e-02
   2.7200000e+03   4.6301782e-01  -7.5129355e-02
   2.7280000e+03   5.5930107e-01  -1.0317386e-01
   2.7360000e+03   5.6109367e-01  -3.4328286e-02
   2.7440000e+03   5.5473586e-01  -1.0527782e-02
   2.7520000e+03   5.2583528e-01  -7.1404156e-04
   2.7600000e+03   5.6104952e-01   3.0644524e-02
   2.7680000e+03   5.8792654e-01  -6.8316600e-02
   2.7760000e+03   5.5847990e-01   2.6754408e-02
   2.7840000e+03   5.1899934e-01  -1.4904581e-02
   2.7920000e+03   5.4298283e-01  -6.0190566e-02
   2.8000000e+03   5.9555347e-01  -2.3212213e-02
   2.8080000e+03   4.8116708e-01   3.0741114e-02
   2.8160000e+03   5.6044470e-01  -3.2879607e-02
   2.8240000e+03   5.9292716e-01  -5.9403363e-02
   2.8320000e+03   4.9252750e-01  -5.0262754e-02
   2.8400000e+03   5.6963948e-01   2.5675003e-02
   2.8480000e+03   4.8676054e-01  -1.1064066e-01
   2.8560000e+03   5.6468164e-01   3.1101221e-02
   2.8640000e+03   6.1389534e-01  -1.3132494e-02
   2.8720000e+03   5.4381042e-01   3.7830568e-02
   2.8800000e+03   5.7922479e-01  -4.3766082e-02
   2.8880000e+03   5.6820811e-01   8.0160988e-02
   2.8960000e+03   6.0469371e-01  -3.0066670e-02
   2.9040000e+03   4.9027566e-01   1.2605667e-02
   2.9120000e+03   5.7603225e-01   1.5967426e-02
   2.9200000e+03   6.4958400e-01   8.1360334e-02
   2.9280000e+03   4.8426586e-01  -4.5976786e-02
   2.9360000e+03   5.2638016e-01   2.4963564e-03
   2.9440000e+03   5.4052906e-01   1.8959541e-03
   2.9520000e+03   5.4061932e-01   2.5096640e-02
   2.9600000e+03   6.1778304e-01  -3.7520920e-02
   2.9680000e+03   5.0047513e-01  -3.6111813e-02
   2.9760000e+03   5.3326396e-01  -2.6469475e-02
   2.9840000e+03   4.8110925e-01   3.7681325e-02
   2.9920000e+03   4.9810453e-01  -7.8033464e-02
   3.0000000e+03   5.5938766e-01  -2.7758438e-02
   3.0080000e+03   5.5928481e-01   4.5967238e-02
   3.0160000e+03   6.4039635e-01   4.6016648e-02
   3.0240000e+03   5.7986522e-01  -7.8560131e-02
   3.0320000e+03   5.3235975e-01   5.6572640e-02
   3.0400000e+03   5.6112315e-01   7.7587336e-03
   3.0480000e+03   5.0456237e-01   3.5388587e-02
   3.0560000e+03   4.4773882e-01   6.8390535e-02
   3.0640000e+03   5.8157165e-01  -3.3257169e-02
   3.0720000e+03   5.6640537e-01   5.4546190e-02
   3.0800000e+03   5.0746713e-01  -4.5056207e-02
   3.0880000e+03   5.0687055e-01   1.0636133e-01
   3.0960000e+03   5.4522444e-01  -3.6742313e-02
   3.1040000e+03   5.8279431e-01   3.5482184e-02
   3.1120000e+03   4.9119815e-01   9.3541911e-04
   3.1200000e+03   6.2279479e-01  -2.4861926e-02
   3.1280000e+03   5.3086037e-01  -2.6384040e-02
   3.1360000e+03   4.9969278e-01   1.3263679e-01
   3.1440000e+03   4.8810156e-01   1.0334303e-01
   3.1520000e+03   5.4427091e-01  -1.4379540e-02
   3.1600000e+03   5.1302822e-01  -5.6126739e-02
   3.1680000e+03   5.6126627e-01  -2.3866346e-02
   3.1760000e+03   5.7971808e-01  -2.2545599e-02
   3.1840000e+03   5.5023416e-01   2.3985492e-02
   3.1920000e+03   4.9874536e-01   2.8862870e-02
   3.2000000e+03   5.1282974e-01  -1.9613058e-02
   3.2080000e+03   5.8452209e-01  -2.0767832e-02
   3.2160000e+03   4.9546442e-01   2.4307909e-02
   3.2240000e+03   5.1889047e-01  -5.4939393e-02
   3.2320000e+03   6.0357710e-01   2.9258598e-02
   3.2400000e+03   5.2955028e-01  -3.2293075e-02
   3.2480000e+03   4.5953652e-01  -1.6093451e-02
   3.2560000e+03   5.1850478e-01  -2.8728551e-02
   3.2640000e+03   4.9506206e-01   8.5564512e-02
   3.2720000e+03   5.3203031e-01  -7.3754285e-02
   3.2800000e+03   5.2066037e-01   5.9410709e-02
   3.2880000e+03   5.5828364e-01  -1.5588827e-02
   3.2960000e+03   4.7693135e-01   3.8042060e-03
   3.3040000e+03   5.1727525e-01   1.7418562e-02
   3.3120000e+03   5.4864496e-01  -1.0074681e-02
   3.3200000e+03   5.4404031e-01   2.5064517e-02
   3.3280000e+03   5.1195579e-01  -5.9241963e-02
   3.3360000e+03   4.9417006e-01  -7.0086502e-02
   3.3440000e+03   5.1422138e-01   3.1010208e-03
   3.3520000e+03   5.0917019e-01   2.7595633e-02
   3.3600000e+03   5.8522710e-01   2.0218605e-02
   3.3680000e+03   4.7884590e-01  -1.4675436e-02
   3.3760000e+03   5.3931062e-01  -1.5993501e-02
   3.3840000e+03   4.8837086e-01  -1.0340469e-02
   3.3920000e+03   5.3206401e-01  -5.5006802e-02
   3.4000000e+03   4.7814634e-01  -2.2180276e-02
   3.4080000e+03   5.1166740e-01   1.4039321e-02
   3.4160000e+03   4.9341715e-01   4.9798083e-02
   3.4240000e+03   5.2967120e-01  -5.5398539e-02
   3.4320000e+03   5.3444985e-01  -3.6827395e-02
   3.4400000e+03   4.8786266e-01   1.9414556e-02
   3.4480000e+03   5.6076579e-01   1.9126607e-02
   3.4560000e+03   5.2408073e-01   3.0459121e-02
   3.4640000e+03   5.0259056e-01   1.7492457e-02
   3.4720000e+03   5.6035099e-01  -7.5416701e-02
   3.4800000e+03   5.1266771e-01  -3.6792512e-02
   3.4880000e+03   5.7470045e-01   2.1503276e-02
   3.4960000e+03   5.3631627e-01  -1.0212026e-01
   3.5040000e+03   5.7874239e-01   3.7872397e-02
   3.5120000e+03   4.9008307e-01   8.5424858e-03
   3.5200000e+03   5.6072350e-01  -4.8872822e-02
   3.5280000e+03   5.6566788e-01   1.3934587e-03
   3.5360000e+03   5.3521143e-01   4.6874374e-02
   3.5440000e+03   5.2556745e-01   5.8002270e-02
   3.5520000e+03   5.4165878e-01  -4.3436984e-03
   3.5600000e+03   5.1719201e-01  -5.5732087e-02
   3.5680000e+03   4.9359112e-01   6.3209724e-03
   3.5760000e+03   5.3275130e-01   2.1898950e-02
   3.5840000e+03   5.0364635e-01   6.7737074e-03
   3.5920000e+03   4.9295454e-01  -4.4825117e-03
   3.6000000e+03   5.3680055e-01  -2.0522205e-02
   3.6080000e+03   5.3062911e-01  -8.5106923e-02
   3.6160000e+03   5.3387885e-01   6.9307198e-02
   3.6240000e+03   5.3151910e-01  -4.4911631e-02
   3.6320000e+03   6.1208628e-01  -2.7495430e-02
   3.6400000e+03   5.5172533e-01  -6.5019352e-02
   3.6480000e+03   4.6636759e-01   4.9774695e-02
   3.6560000e+03   5.9856829e-01  -3.7245053e-02
   3.6640000e+03   4.7580324e-01  -2.2911076e-02
   3.6720000e+03   5.4764286e-01   5.0738213e-02
   3.6800000e+03   5.1959825e-01  -2.4141424e-03
   3.6880000e+03   5.7851596e-01   9.2631607e-02
   3.6960000e+03   6.0003986e-01   6.4173298e-02
   3.7040000e+03   5.4446103e-01  -1.0928539e-02
   3.7120000e+03   5.2846834e-01   3.6428850e-03
   3.7200000e+03   6.2366573e-01  -4.4666313e-02
   3.7280000e+03   5.2614038e-01   2.4770729e-02
   3.7360000e+03   6.2895988e-01  -4.9398388e-02
   3.7440000e+03   5.0593173e-01   5.7662379e-04
   3.7520000e+03   4.0661294e-01  -8.4038475e-02
   3.7600000e+03   4.7064465e-01  -1.9962050e-03
   3.7680000e+03   4.6965579e-01   1.7833043e-03
   3.7760000e+03   5.2119618e-01   1.5649582e-02
   3.7840000e+03   5.0626516e-01   6.9325620e-02
   3.7920000e+03   4.4822598e-01  -5.7922513e-02
   3.8000000e+03   5.0326862e-01   2.8462067e-02
   3.8080000e+03   4.7314456e-01   2.9258537e-02
   3.8160000e+03   5.3730420e-01  -1.2987382e-02
   3.8240000e+03   5.1945541e-01  -6.7070467e-02
   3.8320000e+03   5.1828153e-01   7.1244523e-02
   3.8400000e+03   4.7169923e-01  -1.5312026e-02
   3.8480000e+03   5.2203896e-01  -1.7191854e-02
   3.8560000e+03   4.4612094e-01   3.9864356e-02
   3.8640000e+03   5.4455910e-01   1.6074351e-02
   3.8720000e+03   4.8741384e-01   3.4102654e-03
   3.8800000e+03   5.3733716e-01  -5.3321386e-03
   3.8880000e+03   4.6672909e-01   3.5397862e-02
   3.8960000e+03   5.1078360e-01  -7.9668763e-02
   3.9040000e+03   5.0056145e-01   3.1394752e-02
   3.9120000e+03   4.6254815e-01  -1.9915395e-03
   3.9200000e+03   6.1819792e-01   4.9504993e-02
   3.9280000e+03   5.7336579e-01   5.1355202e-02
   3.9360000e+03   5.1527343e-01  -9.1709944e-03
   3.9440000e+03   5.4922849e-01   4.8209233e-03
   3.9520000e+03   5.5561378e-01   4.5430281e-02
   3.9600000e+03   6.2127973e-01  -3.8008815e-02
   3.9680000e+03   5.2838508e-01   3.3316989e-02
   3.9760000e+03   5.1174484e-01  -5.8131328e-02
   3.9840000e+03   5.0358213e-01  -7.5008611e-02
   3.9920000e+03   5.0948859e-01  -4.7892273e-03
   4.0000000e+03   5.4492112e-01  -2.0247299e-02
   4.0080000e+03   4.5516541e-01  -3.7508127e-02
   4.0160000e+03   5.7456648e-01  -1.1982412e-02
   4.0240000e+03   5.2999083e-01   8.1571280e-02
   4.0320000e+03   4.0306548e-01   3.1859111e-02
   4.0400000e+03   5.7883440e-01   2.3282678e-02
   4.0480000e+03   5.0894258e-01   7.2239144e-03
   4.0560000e+03   4.4135731e-01  -7.2743604e-02
   4.0640000e+03   4.5359917e-01  -6.0719303e-02
   4.0720000e+03   4.9556794e-01   8.3181680e-03
   4.0800000e+03   4.8807023e-01  -2.2736431e-02
   4.0880000e+03   5.2709035e-01   5.3252108e-02
   4.0960000e+03   5.4976733e-01  -4.8992302e-02
   4.1040000e+03   6.0788980e-01   8.4618522e-02
   4.1120000e+03   5.2283206e-01  -4.8274851e-02
   4.1200000e+03   4.6848412e-01   2.3900815e-02
   4.1280000e+03   4.9484266e-01  -1.3118762e-02
   4.1360000e+03   5.0446032e-01  -3.2232947e-02
   4.1440000e+03   4.9241537e-01   2.1595448e-02
   4.1520000e+03   5.7629370e-01  -7.2140218e-04
   4.1600000e+03   5.7408662e-01   2.4435852e-02
   4.1680000e+03   5.1941616e-01   2.3665417e-02
   4.1760000e+03   5.0007250e-01  -9.2226428e-04
   4.1840000e+03   5.8659686e-01  -3.7320620e-02
   4.1920000e+03   5.4292520e-01   6.8029535e-02
   4.2000000e+03   5.0052872e-01   1.7496693e-03
   4.2080000e+03   5.7887930e-01   9.0236833e-02
   4.2160000e+03   5.5613920e-01  -7.4849938e-03
   4.2240000e+03   5.5358920e-01   2.3707746e-02
   4.2320000e+03   6.0146905e-01  -5.2564466e-02
   4.2400000e+03   5.0438714e-01  -2.9005731e-03
   4.2480000e+03   5.0986340e-01   8.6890225e-02
   4.2560000e+03   4.8115039e-01  -6.3226661e-02
   4.2640000e+03   4.4839590e-01  -7.7276825e-02
   4.2720000e+03   5.8275745e-01  -8.1085569e-04
   4.2800000e+03   5.3973578e-01   8.0817374e-02
   4.2880000e+03   5.7105972e-01   1.4285948e-01
   4.2960000e+03   5.5686588e-01   1.6885394e-02
   4.3040000e+03   5.5352068e-01  -6.9927800e-03
   4.3120000e+03   4.9678619e-01   9.2111206e-02
   4.3200000e+03   5.1749971e-01   3.5444900e-02
   4.3280000e+03   5.1191884e-01   4.4486338e-02
   4.3360000e+03   5.1912595e-01  -1.2184684e-02
   4.3440000e+03   5.4549042e-01  -4.2789458e-02
   4.3520000e+03   4.7351384e-01  -7.1418474e-02
   4.3600000e+03   5.0879469e-01  -1.1556542e-01
   4.3680000e+03   5.2239929e-01   9.4368160e-02
   4.3760000e+03   5.4568299e-01   8.0625260e-02
   4.3840000e+03   5.7172299e-01  -1.5903231e-02
   4.3920000e+03   4.9544952e-01  -2.3289731e-02
   4.4000000e+03   5.6756276e-01   7.3744332e-03
   4.4080000e+03   4.7449376e-01   4.4480460e-02
   4.4160000e+03   4.6554005e-01   2.3386915e-02
   4.4240000e+03   5.7010876e-01  -9.4044909e-03
   4.4320000e+03   5.7483197e-01   2.4453983e-02
   4.4400000e+03   5.6610720e-01   1.1989077e-02
   4.4480000e+03   4.9271541e-01   2.6525774e-02
   4.4560000e+03   4.8068279e-01   6.7648334e-02
   4.4640000e+03   5.0169162e-01   3.0695252e-02
   4.4720000e+03   5.0579900e-01  -4.8040517e-02
   4.4800000e+03   4.6821966e-01  -1.1465567e-02
   4.4880000e+03   5.7548096e-01   8.9785812e-02
   4.4960000e+03   5.5202891e-01   5.7083473e-02
   4.5040000e+03   6.2918204e-01  -1.4924123e-02
   4.5120000e+03   4.4311232e-01   5.3837114e-02
   4.5200000e+03   4.9567818e-01  -4.5410514e-02
   4.5280000e+03   5.3938720e-01   2.0352825e-02
   4.5360000e+03   4.0702068e-01  -3.6231872e-02
   4.5440000e+03   4.7772424e-01   1.5295730e-02
   4.5520000e+03   5.8551101e-01   1.9995076e-02
   4.5600000e+03   4.5664695e-01  -2.7194186e-02
   4.5680000e+03   4.5185046e-01  -2.7266565e-02
   4.5760000e+03   4.7502578e-01   3.8531984e-02
   4.5840000e+03   4.5611636e-01   5.8725138e-02
   4.5920000e+03   5.7110471e-01   4.7974210e-02
   4.6000000e+03   5.3912082e-01   1.5586601e-02
   4.6080000e+03   5.0019119e-01   1.3152597e-02
   4.6160000e+03   4.6725722e-01   4.5419473e-02
   4.6240000e+03   4.3981797e-01  -6.6873785e-02
   4.6320000e+03   5.7978477e-01  -4.9288166e-02
   4.6400000e+03   5.1783050e-01   2.0581470e-02
   4.6480000e+03   5.6916126e-01   1.7430970e-02
   4.6560000e+03   5.2327465e-01  -4.0479985e-02
   4.6640000e+03   4.9338516e-01  -3.0252794e-02
   4.6720000e+03   5.9520389e-01   5.0289589e-03
   4.6800000e+03   5.2931557e-01  -5.4720262e-02
   4.6880000e+03   5.6580056e-01  -8.1978531e-02
   4.6960000e+03   5.0405209e-01   1.3312347e-03
   4.7040000e+03   4.9990647e-01   1.3557732e-02
   4.7120000e+03   5.1720334e-01   9.8430527e-02
   4.7200000e+03   5.7047320e-01  -5.1072668e-02
   4.7280000e+03   5.6412952e-01  -1.0770602e-02
   4.7360000e+03   4.5299640e-01  -8.8622145e-03
   4.7440000e+03   4.7214285e-01  -1.0045779e-01
   4.7520000e+03   4.9972618e-01   1.4725773e-02
   4.7600000e+03   4.6386806e-01   5.7680297e-02
   4.7680000e+03   5.8936755e-01   2.4849857e-02
   4.7760000e+03   5.2834103e-01   2.2337544e-02
   4.7840000e+03   4.9481983e-01   2.0304786e-02
   4.7920000e+03   5.6090907e-01  -3.6091107e-02
   4.8000000e+03   5.3959837e-01   7.8180257e-03
   4.8080000e+03   4.9044523e-01   3.4230052e-02
   4.8160000e+03   4.7162715e-01   3.2624885e-02
   4.8240000e+03   3.8314239e-01  -5.8975016e-02
   4.8320000e+03   5.2755791e-01  -5.5462673e-02
   4.8400000e+03   6.0339108e-01  -1.8138053e-02
   4.8480000e+03   5.1087655e-01  -3.3820944e-02
   4.8560000e+03   5.9165718e-01   1.3431550e-03
   4.8640000e+03   4.5015717e-01   2.8543645e-02
   4.8720000e+03   4.6749266e-01  -6.0218012e-02
   4.8800000e+03   4.2296307e-01   2.1314652e-02
   4.8880000e+03   5.0724862e-01   4.6246237e-02
   4.8960000e+03   6.0640614e-01   2.7443859e-02
   4.9040000e+03   5.0777649e-01  -8.8798152e-02
   4.9120000e+03   5.1305604e-01   5.5349994e-02
   4.9200000e+03   4.8384839e-01   4.4350347e-02
   4.9280000e+03   4.9139313e-01   1.2091390e-02
   4.9360000e+03   5.0893400e-01   6.6608608e-02
   4.9440000e+03   5.4746796e-01  -7.3212716e-03
   4.9520000e+03   5.0127828e-01  -5.2639551e-02
   4.9600000e+03   4.7416370e-01  -2.2703961e-03
   4.9680000e+03   5.2183631e-01  -6.2003884e-02
   4.9760000e+03   5.3885096e-01   3.5877692e-02
   4.9840000e+03   5.2065752e-01  -5.3028215e-02
   4.9920000e+03   4.6854852e-01   4.2214645e-02
   5.0000000e+03   5.3321868e-01   2.9486912e-02
   5.0080000e+03   5.1711137e-01   4.4028627e-02
   5.0160000e+03   5.6209599e-01  -4.7048740e-02
   5.0240000e+03   5.0804823e-01   3.0112424e-02
   5.0320000e+03   5.5252861e-01  -3.8771730e-02
   5.0400000e+03   5.8550086e-01  -9.4312090e-02
   5.0480000e+03   4.8733040e-01   2.7969373e-02
   5.0560000e+03   5.0191892e-01  -3.1389928e-02
   5.0640000e+03   5.4778138e-01  -5.5118003e-02
   5.0720000e+03   5.5365610e-01   4.3224244e-03
   5.0800000e+03   5.7243545e-01   4.0184652e-02
   5.0880000e+03   5.2065865e-01   3.3936026e-02
   5.0960000e+03   5.0979439e-01   2.1752316e-02
   5.1040000e+03   5.1343848e-01   9.5838212e-02
   5.1120000e+03   4.8135191e-01  -1.6360215e-02
   5.1200000e+03   4.5907954e-01   2.2828850e-02
   5.1280000e+03   4.4540395e-01  -7.4951858e-02
   5.1360000e+03   4.2812068e-01  -7.5883509e-02
   5.1440000e+03   4.7909102e-01   4.6773179e-02
   5.1520000e+03   4.4818201e-01   8.8772215e-02
   5.1600000e+03   5.9303503e-01   6.9786185e-02
   5.1680000e+03   5.5469931e-01   1.0434111e-02
   5.1760000e+03   5.1689609e-01  -2.2901194e-02
   5.1840000e+03   4.7582321e-01   2.1138291e-02
   5.1920000e+03   5.2224365e-01   7.4406126e-02
   5.2000000e+03   5.4045315e-01   8.6117109e-03
   5.2080000e+03   3.7923690e-01  -7.2581783e-02
   5.2160000e+03   5.1102451e-01   5.0565969e-02
   5.2240000e+03   5.2531348e-01   6.7320333e-02
   5.2320000e+03   4.1835977e-01  -5.6660035e-02
   5.2400000e+03   4.7364014e-01   7.3516457e-02
   5.2480000e+03   4.3110418e-01  -4.2939805e-02
   5.2560000e+03   5.7211004e-01  -1.8876161e-02
   5.2640000e+03   4.7639650e-01   3.9751013e-02
   5.2720000e+03   5.2430421e-01   8.9555118e-02
   5.2800000e+03   4.6355789e-01   1.6831558e-02
   5.2880000e+03   4.9410325e-01  -1.2999201e-01
   5.2960000e+03   5.3101628e-01   6.4415577e-02
   5.3040000e+03   4.8054088e-01   1.9584968e-02
   5.3120000e+03   4.9060370e-01  -5.6214949e-02
   5.3200000e+03   5.3096070e-01   5.0232184e-02
   5.3280000e+03   4.6515660e-01  -6.0431456e-02
   5.3360000e+03   5.2688612e-01  -3.6161374e-02
   5.3440000e+03   5.9582160e-01  -4.8062363e-02
   5.3520000e+03   5.3304546e-01  -8.8301189e-02
   5.3600000e+03   4.5557845e-01  -7.0879568e-04
   5.3680000e+03   4.8747959e-01  -6.1106833e-02
   5.3760000e+03   5.6014950e-01  -8.5349080e-02
   5.3840000e+03   4.9280675e-01  -1.9296668e-02
   5.3920000e+03   4.9324330e-01   3.1251964e-02
   5.4000000e+03   5.3645419e-01   2.3815010e-02
   5.4080000e+03   5.1469124e-01  -5.9947631e-02
   5.4160000e+03   4.2390604e-01  -5.8719371e-02
   5.4240000e+03   4.0439955e-01  -5.1175851e-02
   5.4320000e+03   4.8431816e-01  -3.2427625e-02
   5.4400000e+03   5.3757106e-01   1.6898488e-02
   5.4480000e+03   5.3393435e-01  -9.1454556e-03
   5.4560000e+03   4.2449392e-01   2.1203448e-02
   5.4640000e+03   5.0856628e-01   2.6864675e-02
   5.4720000e+03   4.2740311e-01   6.5503325e-02
   5.4800000e+03   3.9302136e-01  -8.8073312e-02
   5.4880000e+03   5.3338962e-01   8.2838884e-03
   5.4960000e+03   4.6832504e-01  -8.8404438e-02
   5.5040000e+03   4.9321308e-01   4.6627879e-02
   5.5120000e+03   4.8998193e-01   4.6759706e-03
   5.5200000e+03   5.9710813e-01  -3.1054449e-02
   5.5280000e+03   4.8448850e-01  -2.3190759e-02
   5.5360000e+03   5.0666642e-01  -9.1791931e-03
   5.5440000e+03   5.1337898e-01   2.1766117e-03
   5.5520000e+03   4.8998377e-01  -2.0074168e-02
   5.5600000e+03   4.5955444e-01   3.9170826e-03
   5.5680000e+03   5.4575064e-01   6.5242048e-02
   5.5760000e+03   5.0867943e-01   9.2233000e-02
   5.5840000e+03   4.7260864e-01  -1.2650858e-03
   5.5920000e+03   5.7205551e-01  -7.2894459e-02
   5.6000000e+03   5.6121341e-01   2.3366722e-02
   5.6080000e+03   4.5352758e-01  -1.7504617e-02
   5.6160000e+03   5.9107440e-01   8.2460646e-02
   5.6240000e+03   5.2340195e-01   6.9782047e-02
   5.6320000e+03   4.5564039e-01   6.2657280e-02
   5.6400000e+03   5.1792462e-01  -2.0432765e-02
   5.6480000e+03   5.1874164e-01   6.0221456e-02
   5.6560000e+03   5.2160368e-01   3.4021615e-02
   5.6640000e+03   4.9629805e-01  -9.6035375e-03
   5.6720000e+03   5.2548055e-01   7.5094243e-02
   5.6800000e+03   5.3440998e-01   9.7953833e-02
   5.6880000e+03   4.8808420e-01  -6.5789627e-02
   5.6960000e+03   4.3940782e-01  -5.2995205e-02
   5.7040000e+03   4.5556687e-01   2.2372772e-03
   5.7120000e+03   5.6742267e-01  -5.5580708e-02
   5.7200000e+03   5.0191153e-01   3.9746581e-03
   5.7280000e+03   4.9636351e-01  -6.6887612e-02
   5.7360000e+03   5.3113629e-01   7.7877291e-04
   5.7440000e+03   5.4317959e-01   4.1645320e-03
   5.7520000e+03   5.4631891e-01   6.3158186e-02
   5.7600000e+03   5.2925344e-01  -2.6950122e-04
   5.7680000e+03   4.7332318e-01   2.9800433e-02
   5.7760000e+03   5.4439537e-01   2.3358062e-02
   5.7840000e+03   6.1264898e-01   8.4762663e-02
   5.7920000e+03   4.7728549e-01  -1.1321355e-02
   5.8000000e+03   5.2476352e-01  -4.4936191e-02
   5.8080000e+03   5.0175787e-01  -3.9793864e-02
   5.8160000e+03   4.7511376e-01   5.4694648e-02
   5.8240000e+03   5.2410298e-01   1.6066226e-02
   5.8320000e+03   5.0636275e-01   7.1606888e-02
   5.8400000e+03   4.6468717e-01   8.5454574e-03
   5.8480000e+03   4.3506052e-01  -1.3497532e-02
   5.8560000e+03   4.4386887e-01   8.6695923e-04
   5.8640000e+03   4.2348784e-01  -9.3006302e-02
   5.8720000e+03   4.4639721e-01  -1.0127387e-02
   5.8800000e+03   4.8883548e-01   9.0418201e-02
   5.8880000e+03   5.2266077e-01   5.7828488e-02
   5.8960000e+03   4.6147942e-01   1.2933550e-02
   5.9040000e+03   4.5545573e-01  -3.2981088e-02
   5.9120000e+03   5.1487877e-01  -6.5339806e-02
   5.9200000e+03   4.0366565e-01   3.5887958e-04
   5.9280000e+03   5.2918924e-01   1.2076585e-01
   5.9360000e+03   4.6717880e-01  -8.5881496e-03
   5.9440000e+03   4.8955191e-01  -6.0533483e-02
   5.9520000e+03   4.4645972e-01  -1.9611700e-02
   5.9600000e+03   5.3361929e-01   7.9977039e-02
   5.9680000e+03   5.3637495e-01   9.7072469e-02
   5.9760000e+03   5.5328105e-01  -1.0328853e-02
   5.9840000e+03   4.4146668e-01  -7.8280446e-02
   5.9920000e+03   5.1103289e-01  -1.9123195e-02
   6.0000000e+03   5.0302416e-01   5.1149560e-03
   6.0080000e+03   4.4450664e-01  -1.1308007e-02
   6.0160000e+03   5.2341975e-01  -4.4655426e-02
   6.0240000e+03   5.1845201e-01   2.1036464e-02
   6.0320000e+03   5.5350871e-01   4.3455702e-02
   6.0400000e+03   5.2622819e-01   2.4616245e-02
   6.0480000e+03   3.9931858e-01  -6.0460282e-02
   6.0560000e+03   4.2489418e-01   1.0149792e-01
   6.0640000e+03   4.3096445e-01  -2.3348540e-02
   6.0720000e+03   6.0745108e-01  -5.1620736e-03
   6.0800000e+03   5.8367230e-01   4.6998681e-02
   6.0880000e+03   4.9898466e-01  -1.8905676e-02
   6.0960000e+03   5.4859251e-01   4.1775002e-02
   6.1040000e+03   4.9742850e-01   5.0151842e-02
   6.1120000e+03   4.8126183e-01   9.3001202e-02
   6.1200000e+03   4.6365380e-01  -1.3322052e-02
   6.1280000e+03   6.0588359e-01   1.6605380e-02
   6.1360000e+03   4.8349896e-01  -3.4363279e-02
   6.1440000e+03   4.6437875e-01   1.0204331e-01
   6.1520000e+03   4.8248435e-01  -1.4921395e-02
   6.1600000e+03   5.2720318e-01  -2.1384266e-02
   6.1680000e+03   4.9743961e-01  -3.5663948e-02
   6.1760000e+03   4.3445143e-01   2.9657035e-02
   6.1840000e+03   4.9825099e-01  -4.8831638e-02
   6.1920000e+03   4.6759573e-01  -2.0792481e-02
   6.2000000e+03   4.9286983e-01   3.5540471e-02
   6.2080000e+03   5.6088103e-01  -1.0764686e-01
   6.2160000e+03   5.4166371e-01  -1.5097641e-02
   6.2240000e+03   4.8854911e-01   1.9349421e-02
   6.2320000e+03   5.4221239e-01  -5.6692067e-03
   6.2400000e+03   4.3048373e-01  -5.6455877e-03
   6.2480000e+03   5.4070586e-01   3.8675404e-02
   6.2560000e+03   5.6760753e-01   4.6001076e-02
   6.2640000e+03   4.8696343e-01   3.2186352e-02
   6.2720000e+03   5.0844532e-01   5.4617233e-02
   6.2800000e+03   5.2395307e-01  -1.1825153e-02
   6.2880000e+03   4.8626098e-01   3.3628518e-03
   6.2960000e+03   4.4802350e-01  -2.6015749e-02
   6.3040000e+03   5.1256788e-01  -7.2892804e-03
   6.3120000e+03   4.7538856e-01   6.2016590e-02
   6.3200000e+03   5.0426293e-01   2.6734490e-02
   6.3280000e+03   4.0661100e-01  -8.5958573e-03
   6.3360000e+03   4.5965795e-01   2.0672745e-02
   6.3440000e+03   5.3933881e-01  -6.3602529e-02
   6.3520000e+03   4.8061344e-01  -3.1235327e-02
   6.3600000e+03   5.3073720e-01  -8.5445979e-02
   6.3680000e+03   5.6246816e-01   6.3671678e-02
   6.3760000e+03   4.5232939e-01  -7.2030779e-02
   6.3840000e+03   4.8501002e-01  -2.8316605e-02
   6.3920000e+03   4.1625452e-01   8.7191069e-02
   6.4000000e+03   5.8411070e-01   2.8164901e-02
   6.4080000e+03   4.8905378e-01  -9.3524315e-02
   6.4160000e+03   5.5146476e-01  -2.2520767e-02
   6.4240000e+03   4.1366547e-01  -9.3284193e-03
   6.4320000e+03   4.4822876e-01   3.0175257e-02
   6.4400000e+03   4.5018092e-01  -2.6016611e-02
   6.4480000e+03   4.9658499e-01   1.6367515e-02
   6.4560000e+03   5.1438675e-01   7.6746726e-02
   6.4640000e+03   4.2825073e-01  -2.6203084e-02
   6.4720000e+03   4.9620482e-01   1.3529375e-02
   6.4800000e+03   4.6133571e-01  -7.7636277e-02
   6.4880000e+03   5.8728514e-01  -1.7708199e-02
   6.4960000e+03   5.0609578e-01  -3.0668418e-02
   6.5040000e+03   5.1468827e-01  -7.2270110e-02
   6.5120000e+03   4.9183001e-01  -3.0321426e-02
   6.5200000e+03   5.1252038e-01   3.4994103e-02
   6.5280000e+03   4.4404993e-01  -1.5373062e-03
   6.5360000e+03   5.7336867e-01  -1.0172191e-02
   6.5440000e+03   4.0519521e-01  -8.5182284e-02
   6.5520000e+03   4.7706053e-01  -4.4411696e-02
   6.5600000e+03   3.5811514e-01   7.2986848e-02
   6.5680000e+03   4.8878527e-01   9.8627515e-02
   6.5760000e+03   6.0124067e-01  -3.4824083e-02
   6.5840000e+03   4.8584856e-01  -1.1890076e-01
   6.5920000e+03   4.1629112e-01  -4.0654749e-03
   6.6000000e+03   4.5111123e-01   5.2031668e-02
   6.6080000e+03   4.1494972e-01  -5.9345906e-02
   6.6160000e+03   4.3915136e-01   2.0038844e-02
   6.6240000e+03   4.8662442e-01   5.0699206e-02
   6.6320000e+03   5.6090859e-01  -3.2848235e-02
   6.6400000e+03   4.6926858e-01   5.8924010e-02
   6.6480000e+03   5.2601036e-01   1.3161136e-02
   6.6560000e+03   4.4790949e-01   2.6327176e-02
   6.6640000e+03   5.2866265e-01   1.7855576e-02
   6.6720000e+03   5.2123211e-01  -3.4221265e-02
   6.6800000e+03   4.0637503e-01   2.6419742e-03
   6.6880000e+03   4.1506834e-01   1.8126909e-02
   6.6960000e+03   4.9646142e-01  -3.5365457e-02
   6.7040000e+03   3.9661503e-01   1.8093096e-02
   6.7120000e+03   5.3284957e-01  -4.1453157e-02
   6.7200000e+03   3.7217503e-01   2.5876176e-02
   6.7280000e+03   5.1807119e-01  -4.6047568e-02
   6.7360000e+03   4.8424664e-01   5.4731167e-02
   6.7440000e+03   5.1898671e-01   1.0964012e-02
   6.7520000e+03   5.3566040e-01   5.9801628e-02
   6.7600000e+03   5.1620273e-01   2.7299636e-02
   6.7680000e+03   4.6151158e-01  -4.5372299e-02
   6.7760000e+03   4.6546579e-01  -6.3714390e-04
   6.7840000e+03   5.9189275e-01  -1.0310098e-01
   6.7920000e+03   4.9319627e-01  -1.4647758e-02
   6.8000000e+03   5.0949631e-01   4.2205726e-02
   6.8080000e+03   4.5024183e-01   2.5030534e-02
   6.8160000e+03   4.3713278e-01   3.4547939e-02
   6.8240000e+03   5.1299186e-01  -1.1244663e-01
   6.8320000e+03   5.4975899e-01   1.9830564e-02
   6.8400000e+03   4.4035132e-01   4.4449534e-02
   6.8480000e+03   4.3676449e-01   6.9555302e-02
   6.8560000e+03   4.9754264e-01   9.3231545e-03
   6.8640000e+03   4.8630329e-01   4.4206808e-02
   6.8720000e+03   4.4586594e-01  -1.2830789e-01
   6.8800000e+03   3.7793448e-01   5.8275092e-02
   6.8880000e+03   5.1507757e-01  -2.1974087e-02
   6.8960000e+03   5.1542943e-01   3.5417867e-02
   6.9040000e+03   4.8506454e-01   1.2530155e-02
   6.9120000e+03   6.1429378e-01  -4.5262418e-02
   6.9200000e+03   4.3114893e-01   6.4353184e-02
   6.9280000e+03   5.0212268e-01  -8.4749556e-03
   6.9360000e+03   5.2281096e-01  -3.3600656e-02
   6.9440000e+03   5.0016834e-01   9.6299810e-02
   6.9520000e+03   5.2923384e-01  -8.8208013e-03
   6.9600000e+03   4.4636234e-01  -1.1668942e-02
   6.9680000e+03   4.4019363e-01   2.2075507e-02
   6.9760000e+03   4.4350611e-01   1.6870103e-03
   6.9840000e+03   4.8123007e-01  -4.3635273e-02
   6.9920000e+03   5.0348706e-01  -7.0506764e-02
   7.0000000e+03   4.3355053e-01   4.2022132e-02
   7.0080000e+03   4.9806163e-01   7.4995218e-02
   7.0160000e+03   5.0204053e-01  -1.0626502e-02
   7.0240000e+03   4.9311320e-01  -4.6450255e-02
   7.0320000e+03   4.7723975e-01  -7.6081064e-02
   7.0400000e+03   4.8265993e-01  -5.5763997e-02
   7.0480000e+03   5.2712409e-01  -5.6676565e-02
   7.0560000e+03   3.6940503e-01   1.5951712e-02
   7.0640000e+03   4.2421285e-01  -2.1902017e-02
   7.0720000e+03   4.8546907e-01   1.0058868e-01
   7.0800000e+03   4.8906447e-01  -8.2965153e-02
   7.0880000e+03   4.7445765e-01   1.4928995e-02
   7.0960000e+03   3.9520150e-01   2.4194850e-02
   7.1040000e+03   5.2566828e-01  -1.8338412e-02
   7.1120000e+03   4.9555814e-01  -7.9029302e-03
   7.1200000e+03   4.6207360e-01   6.0956158e-02
   7.1280000e+03   4.4498294e-01   1.0662185e-02
   7.1360000e+03   4.8848664e-01   1.6157211e-02
   7.1440000e+03   4.8722054e-01  -1.5062094e-02
   7.1520000e+03   4.4777748e-01  -7.7454064e-02
   7.1600000e+03   5.8092631e-01  -2.8575613e-02
   7.1680000e+03   4.4463576e-01   6.1528007e-02
   7.1760000e+03   4.5239221e-01   1.4562517e-02
   7.1840000e+03   5.0818430e-01  -4.7355509e-02
   7.1920000e+03   4.1438574e-01   5.3396182e-02
   7.2000000e+03   4.5247530e-01  -2.4349360e-02
   7.2080000e+03   5.0354784e-01   1.5253958e-02
   7.2160000e+03   4.8297995e-01   4.4119727e-02
   7.2240000e+03   5.5068996e-01   7.3069223e-04
   7.2320000e+03   5.2711825e-01  -4.1326981e-02
   7.2400000e+03   4.2164951e-01   2.8552264e-02
   7.2480000e+03   3.9830754e-01   4.2875588e-02
   7.2560000e+03   5.1354733e-01   2.5491932e-02
   7.2640000e+03   5.1291382e-01  -3.8603746e-02
   7.2720000e+03   4.8377504e-01   1.4289762e-02
   7.2800000e+03   5.2630847e-01  -9.4137703e-02
   7.2880000e+03   4.4149771e-01   4.2481196e-02
   7.2960000e+03   3.9983833e-01   2.0128417e-02
   7.3040000e+03   5.0107265e-01  -8.9391400e-03
   7.3120000e+03   4.2299185e-01  -4.9045651e-03
   7.3200000e+03   5.1032690e-01  -1.0569580e-02
   7.3280000e+03   4.9874461e-01   4.3997542e-02
   7.3360000e+03   5.4917099e-01   2.5221152e-02
   7.3440000e+03   5.1846599e-01  -6.3111979e-02
   7.3520000e+03   5.0798340e-01   1.3201962e-01
   7.3600000e+03   4.6989673e-01   5.2575345e-02
   7.3680000e+03   5.2552129e-01  -4.2208369e-02
   7.3760000e+03   3.9302320e-01  -4.3146589e-02
   7.3840000e+03   5.2370673e-01   1.9569561e-02
   7.3920000e+03   4.9447902e-01  -2.0478081e-02
   7.4000000e+03   5.0520843e-01   4.9749200e-03
   7.4080000e+03   4.5467919e-01   1.5559516e-02
   7.4160000e+03   3.9460829e-01   3.0486438e-02
   7.4240000e+03   4.7038346e-01  -1.4481386e-02
   7.4320000e+03   4.7392233e-01  -7.4628584e-03
   7.4400000e+03   5.0393929e-01   8.3029601e-02
   7.4480000e+03   4.6717812e-01  -1.1740210e-01
   7.4560000e+03   4.2948582e-01  -6.0083280e-02
   7.4640000e+03   5.1835167e-01   2.0405347e-02
   7.4720000e+03   4.8770910e-01  -2.8936495e-02
   7.4800000e+03   4.6776851e-01   1.3964448e-02
   7.4880000e+03   4.5849064e-01   7.6777845e-02
   7.4960000e+03   4.8160449e-01   2.1871413e-02
   7.5040000e+03   4.6907883e-01   2.1473947e-02
   7.5120000e+03   5.0787634e-01   1.0541579e-02
   7.5200000e+03   4.6798621e-01  -5.9086298e-02
   7.5280000e+03   4.9531456e-01   7.8863725e-02
   7.5360000e+03   5.5290288e-01  -4.9781730e-02
   7.5440000e+03   4.4603165e-01   2.9774570e-02
   7.5520000e+03   4.9664781e-01   7.2496688e-02
   7.5600000e+03   5.5441307e-01  -7.5122569e-02
   7.5680000e+03   5.2667703e-01  -2.0959564e-02
   7.5760000e+03   4.7909957e-01   1.8861566e-02
   7.5840000e+03   4.3530246e-01   5.8689921e-03
   7.5920000e+03   4.8915539e-01  -6.7630398e-03
   7.6000000e+03   4.2956217e-01   9.8123367e-02
   7.6080000e+03   5.1151841e-01  -3.7253234e-02
   7.6160000e+03   4.9255978e-01   7.5366566e-02
   7.6240000e+03   4.7920030e-01  -1.6898042e-01
   7.6320000e+03   4.9786727e-01  -2.5055494e-02
   7.6400000e+03   5.5278214e-01   2.8577208e-02
   7.6480000e+03   4.3540580e-01  -2.4461794e-02
   7.6560000e+03   5.1016451e-01   5.2010296e-02
   7.6640000e+03   4.6113502e-01  -3.6325906e-02
   7.6720000e+03   4.9730706e-01  -1.1717825e-02
   7.6800000e+03   4.4683375e-01   2.5436969e-02
   7.6880000e+03   4.8784395e-01   1.4806573e-02
   7.6960000e+03   3.9003879e-01  -3.1640798e-02
   7.7040000e+03   5.1141480e-01   3.9213195e-02
   7.7120000e+03   4.7351712e-01  -7.3132925e-02
   7.7200000e+03   4.6473103e-01  -1.4769052e-03
   7.7280000e+03   4.8473807e-01  -2.3135895e-02
   7.7360000e+03   5.3376024e-01  -8.5829738e-02
   7.7440000e+03   5.0356726e-01  -1.4570661e-02
   7.7520000e+03   5.1769298e-01   5.5214494e-02
   7.7600000e+03   4.4965734e-01  -1.8028500e-02
   7.7680000e+03   5.3460550e-01   3.2080944e-02
   7.7760000e+03   5.3193263e-01  -3.3073199e-02
   7.7840000e+03   4.7284834e-01   8.0110539e-03
   7.7920000e+03   4.5332305e-01  -2.4824788e-02
   7.8000000e+03   4.3781509e-01  -2.4232000e-02
   7.8080000e+03   4.8720995e-01  -2.6088886e-02
   7.8160000e+03   5.3512189e-01   3.8644096e-02
   7.8240000e+03   4.9220729e-01   2.4222664e-02
   7.8320000e+03   5.1412476e-01  -1.7548501e-02
   7.8400000e+03   4.7480683e-01   1.4045415e-02
   7.8480000e+03   4.5640013e-01   4.4414232e-02
   7.8560000e+03   5.2256444e-01   4.1646127e-02
   7.8640000e+03   5.0400224e-01   1.5940579e-02
   7.8720000e+03   5.3397277e-01   3.1720634e-02
   7.8800000e+03   5.2405150e-01  -7.4031214e-02
   7.8880000e+03   4.7302872e-01   3.0781328e-02
   7.8960000e+03   4.8852142e-01  -8.6638495e-02
   7.9040000e+03   4.8400062e-01  -5.1697070e-02
   7.9120000e+03   4.6356034e-01   2.5190908e-02
   7.9200000e+03   4.6085291e-01  -5.1671595e-02
   7.9280000e+03   3.8515560e-01  -1.1975094e-02
   7.9360000e+03   4.5797718e-01  -6.2682043e-02
   7.9440000e+03   4.2158296e-01   7.4799912e-02
   7.9520000e+03   4.4072524e-01  -5.0274993e-02
   7.9600000e+03   5.2964876e-01  -1.7825555e-02
   7.9680000e+03   4.9341785e-01  -2.4536945e-02
   7.9760000e+03   5.4065648e-01   8.2326476e-02
   7.9840000e+03   4.7360289e-01  -8.9357311e-02
   7.9920000e+03   5.1692235e-01   4.2900033e-02
   8.0000000e+03   4.4724551e-01   2.6639245e-02
   8.0080000e+03   3.6248550e-01  -3.3376250e-03
   8.0160000e+03   4.3428710e-01   8.5686300e-02
   8.0240000e+03   3.8013428e-01   1.9183573e-02
   8.0320000e+03   5.5508546e-01   1.4746603e-01
   8.0400000e+03   4.0478825e-01  -7.7042985e-03
   8.0480000e+03   5.0191464e-01   7.1377998e-02
   8.0560000e+03   5.1812238e-01  -4.9365190e-02
   8.0640000e+03   4.4471402e-01  -1.9841546e-02
   8.0720000e+03   4.5454470e-01  -3.3524334e-02
   8.0800000e+03   4.9891829e-01  -3.6752085e-02
   8.0880000e+03   4.4626468e-01  -1.3524713e-03
   8.0960000e+03   4.6077660e-01   7.6702300e-03
   8.1040000e+03   4.8698531e-01   1.2229433e-02
   8.1120000e+03   5.3459820e-01   3.1757956e-02
   8.1200000e+03   4.8254325e-01   1.5073196e-02
   8.1280000e+03   5.2950059e-01  -6.7750404e-02
   8.1360000e+03   4.1849492e-01  -2.2359041e-02
   8.1440000e+03   5.2046137e-01   3.9788808e-02
   8.1520000e+03   5.1208210e-01   1.6753883e-02
   8.1600000e+03   4.5394204e-01  -7.3585851e-02
   8.1680000e+03   4.6568097e-01  -7.1366377e-02
   8.1760000e+03   5.0695913e-01   8.5044818e-03
   8.1840000e+03   5.7237517e-01  -1.0048138e-01
   8.1920000e+03   4.1699266e-01  -4.9054735e-02
   8.2000000e+03   4.6984386e-01   1.2287434e-02
   8.2080000e+03   4.4839064e-01  -3.2438802e-02
   8.2160000e+03   4.8845704e-01   6.5851258e-03
   8.2240000e+03   4.4449590e-01   2.0283493e-02
   8.2320000e+03   4.0132387e-01   1.8772088e-02
   8.2400000e+03   4.6672913e-01  -5.9816860e-02
   8.2480000e+03   4.7364107e-01   1.4237561e-02
   8.2560000e+03   4.5597874e-01  -3.5111798e-02
   8.2640000e+03   4.6531825e-01   2.6186797e-02
   8.2720000e+03   4.7958305e-01   5.1342128e-02
   8.2800000e+03   4.5853767e-01  -7.8989052e-02
   8.2880000e+03   5.0962211e-01  -2.4438942e-02
   8.2960000e+03   4.9676478e-01   2.1489104e-02
