   0.0000000e+00   8.8524126e-01   5.3478369e-03
   8.0000000e+00   9.0791782e-01  -1.0963823e-02
   1.6000000e+01   9.2070451e-01   5.9987005e-03
   2.4000000e+01   9.3362528e-01   9.7512243e-03
   3.2000000e+01   9.3968465e-01   2.2768270e-02
   4.0000000e+01   9.3521992e-01   5.2302631e-03
   4.8000000e+01   9.5734593e-01   3.4139557e-02
   5.6000000e+01   9.4908181e-01   2.5741735e-03
   6.4000000e+01   9.8347685e-01  -1.3113112e-02
   7.2000000e+01   9.8571984e-01  -1.6008485e-02
   8.0000000e+01   1.0033449e+00   1.1915274e-03
   8.8000000e+01   9.8987346e-01   1.8258108e-02
   9.6000000e+01   9.8280857e-01  -1.2728960e-02
   1.0400000e+02   1.0316642e+00  -8.1008126e-03
   1.1200000e+02   9.8112093e-01   1.8792479e-03
   1.2000000e+02   1.0085094e+00   1.1554797e-02
   1.2800000e+02   9.9391107e-01   1.6025011e-02
   1.3600000e+02   9.8623784e-01  -2.3086315e-02
   1.4400000e+02   9.8163890e-01   4.4702921e-03
   1.5200000e+02   9.7974285e-01   9.4773925e-03
   1.6000000e+02   9.7889141e-01   1.3502858e-02
   1.6800000e+02   9.6353578e-01  -8.7775011e-03
   1.7600000e+02   9.4476140e-01   2.4517928e-02
   1.8400000e+02   9.5314431e-01  -1.7120337e-02
   1.9200000e+02   9.2210743e-01   1.0331324e-02
   2.0000000e+02   9.3324760e-01   8.4603447e-03
   2.0800000e+02   9.0865177e-01   3.1166667e-02
   2.1600000e+02   9.1040035e-01  -1.4448392e-03
   2.2400000e+02   8.7818667e-01  -1.0825317e-02
   2.3200000e+02   9.0275509e-01   1.2343103e-03
   2.4000000e+02   8.9007092e-01   1.0819595e-03
   2.4800000e+02   8.8237869e-01  -1.9167057e-02
   2.5600000e+02   8.4886208e-01   1.6832815e-02
   2.6400000e+02   8.4277098e-01  -1.1721010e-02
   2.7200000e+02   8.4138055e-01  -1.5686950e-02
   2.8000000e+02   8.6400180e-01  -3.8316439e-03
   2.8800000e+02   8.2839238e-01   2.6083691e-03
   2.9600000e+02   8.0544991e-01   2.8497818e-02
   3.0400000e+02   8.1145604e-01  -7.2266610e-03
   3.1200000e+02   8.0067885e-01  -1.1984948e-04
   3.2000000e+02   8.0341071e-01  -6.6983831e-03
   3.2800000e+02   7.9590640e-01  -1.2209574e-02
   3.3600000e+02   7.9190328e-01   1.4214199e-02
   3.4400000e+02   8.0730302e-01   2.3982429e-02
   3.5200000e+02   7.7452452e-01  -1.2735498e-02
   3.6000000e+02   7.7844483e-01   5.3758689e-03
   3.6800000e+02   7.7307116e-01  -1.3296428e-02
   3.7600000e+02   7.6696617e-01   1.4543062e-03
   3.8400000e+02   7.4514557e-01   2.3508682e-03
   3.9200000e+02   7.6858912e-01  -9.4839740e-04
   4.0000000e+02   7.7562135e-01  -2.5796372e-03
   4.0800000e+02   7.5700641e-01   1.0325732e-02
   4.1600000e+02   7.4219279e-01   3.7500388e-03
   4.2400000e+02   7.3198315e-01  -2.3857317e-02
   4.3200000e+02   7.3909885e-01  -1.0278039e-02
   4.4000000e+02   7.5439886e-01  -9.5284624e-03
   4.4800000e+02   7.3431679e-01   6.2706443e-03
   4.5600000e+02   7.3290981e-01   2.1916928e-03
   4.6400000e+02   7.3564253e-01  -8.9314429e-03
   4.7200000e+02   7.6069665e-01  -2.1597222e-02
   4.8000000e+02   7.1987458e-01   1.4775403e-02
   4.8800000e+02   7.4816456e-01  -2.2173812e-02
   4.9600000e+02   7.4556629e-01  -5.2299120e-03
   5.0400000e+02   7.4480226e-01  -5.5914450e-03
   5.1200000e+02   7.2273665e-01   1.3891866e-02
   5.2000000e+02   7.5180361e-01   5.8220683e-03
   5.2800000e+02   7.2791523e-01   6.8848090e-03
   5.3600000e+02   7.3554157e-01   1.0441512e-02
   5.4400000e+02   7.1527659e-01   1.4565259e-02
   5.5200000e+02   7.3188617e-01   9.6268037e-03
   5.6000000e+02   7.4302322e-01   1.3019827e-02
   5.6800000e+02   7.2716557e-01   8.6485353e-03
   5.7600000e+02   7.3371689e-01   3.4383917e-03
   5.8400000e+02   7.2609764e-01   4.2951696e-03
   5.9200000e+02   7.5736389e-01   1.6585626e-02
   6.0000000e+02   7.1456276e-01   4.3265325e-03
   6.0800000e+02   7.3351050e-01   2.0752479e-06
   6.1600000e+02   7.5215173e-01   8.6127422e-03
   6.2400000e+02   7.3257774e-01   9.3168628e-04
   6.3200000e+02   7.1697883e-01   6.2521259e-03
   6.4000000e+02   7.1663744e-01   2.9525792e-02
   6.4800000e+02   7.1928538e-01  -1.0334176e-02
   6.5600000e+02   7.3602587e-01   1.4865537e-02
   6.6400000e+02   7.1606444e-01  -6.1606725e-03
   6.7200000e+02   7.2495351e-01  -1.3738976e-02
   6.8000000e+02   7.3763205e-01   1.2095322e-02
   6.8800000e+02   7.2853833e-01   1.0793957e-02
   6.9600000e+02   7.4585909e-01   2.3790297e-02
   7.0400000e+02   7.2734607e-01   1.4317613e-02
   7.1200000e+02   7.2936118e-01   1.4635230e-02
   7.2000000e+02   7.1400348e-01  -4.3850670e-03
   7.2800000e+02   7.1966942e-01   1.1600024e-02
   7.3600000e+02   7.3505126e-01  -2.1889467e-02
   7.4400000e+02   7.3328251e-01   6.9156827e-03
   7.5200000e+02   7.0175871e-01   2.3269632e-03
   7.6000000e+02   7.1457961e-01  -1.1415408e-02
   7.6800000e+02   7.1831527e-01   9.3324601e-03
   7.7600000e+02   7.3299242e-01  -2.5488334e-02
   7.8400000e+02   7.0700021e-01  -2.1450660e-02
   7.9200000e+02   7.0681921e-01   3.5357196e-03
   8.0000000e+02   7.2974624e-01   1.6531274e-02
   8.0800000e+02   7.0444876e-01  -9.2277752e-03
   8.1600000e+02   6.9607769e-01   5.1510697e-04
   8.2400000e+02   7.1795270e-01   1.2544944e-02
   8.3200000e+02   7.2584842e-01   4.4629527e-04
   8.4000000e+02   7.1253333e-01   1.3603501e-03
   8.4800000e+02   7.0816531e-01  -5.5221060e-03
   8.5600000e+02   6.8444208e-01   1.1550239e-02
   8.6400000e+02   6.9203302e-01  -2.4925796e-02
   8.7200000e+02   7.0809555e-01   2.8768084e-03
   8.8000000e+02   7.1522215e-01   1.4554853e-02
   8.8800000e+02   6.9963260e-01   2.3712899e-03
   8.9600000e+02   6.7428932e-01   2.3093869e-02
   9.0400000e+02   6.8217355e-01  -3.1607912e-03
   9.1200000e+02   6.7165191e-01  -1.6069748e-03
   9.2000000e+02   7.0310093e-01  -5.7269237e-03
   9.2800000e+02   6.9423952e-01  -2.3457767e-03
   9.3600000e+02   6.7985153e-01   2.0022240e-02
   9.4400000e+02   6.7651866e-01   6.6122331e-03
   9.5200000e+02   6.7036921e-01   1.1806623e-02
   9.6000000e+02   6.7863506e-01  -3.6184171e-03
   9.6800000e+02   6.7333211e-01  -1.2019534e-02
   9.7600000e+02   6.7033858e-01   7.8671018e-03
   9.8400000e+02   6.6750682e-01   6.4899753e-03
   9.9200000e+02   6.5601584e-01   4.1758011e-04
   1.0000000e+03   6.5480993e-01   1.4673922e-02
   1.0080000e+03   6.7245203e-01  -1.4006962e-02
   1.0160000e+03   6.5692649e-01  -4.3235369e-03
   1.0240000e+03   6.4854040e-01   2.6955980e-03
   1.0320000e+03   6.7127188e-01   2.3796842e-02
   1.0400000e+03   6.5703175e-01   6.5009131e-03
   1.0480000e+03   6.5193523e-01   1.1274276e-02
   1.0560000e+03   6.4338352e-01   6.3192854e-03
   1.0640000e+03   6.4188369e-01   1.8960370e-02
   1.0720000e+03   6.5739970e-01   3.0116331e-02
   1.0800000e+03   6.3675703e-01  -1.7336163e-02
   1.0880000e+03   6.3280742e-01   5.5975508e-03
   1.0960000e+03   6.3169639e-01  -2.5672551e-03
   1.1040000e+03   6.1332557e-01  -1.1674458e-02
   1.1120000e+03   6.3098982e-01  -4.5484007e-03
   1.1200000e+03   6.4477955e-01   3.6464397e-03
   1.1280000e+03   6.3696480e-01  -2.2433187e-03
   1.1360000e+03   6.3485317e-01  -1.4005065e-02
   1.1440000e+03   6.4588201e-01   5.4351114e-03
   1.1520000e+03   6.1964129e-01  -1.0911916e-02
   1.1600000e+03   6.2726709e-01   1.7995042e-02
   1.1680000e+03   6.3221355e-01   2.9733452e-03
   1.1760000e+03   6.2832928e-01   2.9912741e-03
   1.1840000e+03   6.3743086e-01   1.1514350e-02
   1.1920000e+03   6.1415573e-01   2.7676843e-03
   1.2000000e+03   6.2941988e-01   2.4584631e-03
   1.2080000e+03   6.0003544e-01  -1.2311225e-02
   1.2160000e+03   6.1979914e-01   4.9744237e-03
   1.2240000e+03   6.2372776e-01  -1.4410860e-02
   1.2320000e+03   6.0690345e-01  -9.3623496e-03
   1.2400000e+03   6.1914687e-01   2.6618423e-02
   1.2480000e+03   6.3107921e-01   2.5007028e-02
   1.2560000e+03   6.2526206e-01   5.5581007e-03
   1.2640000e+03   6.1439010e-01   1.9868060e-02
   1.2720000e+03   6.1263739e-01   1.1343489e-02
   1.2800000e+03   6.0305834e-01  -3.8439348e-03
   1.2880000e+03   5.8382443e-01   8.2224860e-03
   1.2960000e+03   6.2314380e-01  -2.0617575e-02
   1.3040000e+03   6.0665527e-01   1.6630887e-02
   1.3120000e+03   5.9662981e-01   2.2763453e-03
   1.3200000e+03   6.2016396e-01  -1.0579524e-02
   1.3280000e+03   5.8907642e-01  -1.3557152e-02
   1.3360000e+03   5.9776289e-01   1.8352828e-03
   1.3440000e+03   6.1094962e-01   1.1125754e-02
   1.3520000e+03   6.0204789e-01   5.7699113e-04
   1.3600000e+03   6.1388573e-01   1.5585002e-02
   1.3680000e+03   5.9950535e-01   2.5239814e-02
   1.3760000e+03   6.0894863e-01  -1.5632006e-02
   1.3840000e+03   5.9293054e-01  -1.4337366e-02
   1.3920000e+03   6.1715392e-01   1.1025095e-02
   1.4000000e+03   5.7454000e-01   3.0376699e-03
   1.4080000e+03   5.8173812e-01   1.5832769e-02
   1.4160000e+03   5.8773873e-01   4.7708417e-03
   1.4240000e+03   5.8461175e-01   4.1113498e-03
   1.4320000e+03   5.8164716e-01   8.0287134e-03
   1.4400000e+03   5.9922595e-01  -6.6581341e-03
   1.4480000e+03   5.9080873e-01   1.3034861e-02
   1.4560000e+03   6.0076177e-01  -6.4120208e-03
   1.4640000e+03   5.9920171e-01   6.2994678e-03
   1.4720000e+03   5.9097408e-01   1.5662228e-02
   1.4800000e+03   5.8811857e-01   1.2521707e-02
   1.4880000e+03   5.8709086e-01  -3.3305414e-03
   1.4960000e+03   5.7350666e-01  -6.7518721e-03
   1.5040000e+03   5.6226925e-01  -8.2285215e-03
   1.5120000e+03   5.7950925e-01   1.1001317e-02
   1.5200000e+03   5.8369452e-01   6.9855907e-03
   1.5280000e+03   5.6697419e-01   7.7094355e-03
   1.5360000e+03   5.7508175e-01  -2.7352985e-03
   1.5440000e+03   5.6299149e-01  -6.1211622e-03
   1.5520000e+03   5.6632003e-01  -5.8999560e-03
   1.5600000e+03   5.6564341e-01  -1.4805937e-03
   1.5680000e+03   5.7616239e-01   7.6119402e-03
   1.5760000e+03   5.6748340e-01  -1.3671316e-02
   1.5840000e+03   5.8200882e-01   1.0874429e-04
   1.5920000e+03   5.8695109e-01  -1.3939026e-02
   1.6000000e+03   5.7102651e-01   3.8581328e-02
   1.6080000e+03   5.7714950e-01  -4.7905289e-03
   1.6160000e+03   5.6822777e-01   2.6302656e-02
   1.6240000e+03   5.6690732e-01   2.2850061e-02
   1.6320000e+03   5.6910437e-01  -2.1355597e-02
   1.6400000e+03   5.8380580e-01   2.4347816e-02
   1.6480000e+03   5.5330058e-01   8.6788660e-03
   1.6560000e+03   5.6343111e-01  -4.3516577e-03
   1.6640000e+03   5.5368933e-01   8.4347443e-03
   1.6720000e+03   5.5657662e-01  -3.8469967e-03
   1.6800000e+03   5.9006395e-01  -1.8815006e-02
   1.6880000e+03   5.4792844e-01  -1.0754805e-02
   1.6960000e+03   5.7477886e-01  -2.0604609e-03
   1.7040000e+03   5.8176663e-01  -1.1697255e-02
   1.7120000e+03   5.5328449e-01  -1.3920697e-02
   1.7200000e+03   5.3741454e-01  -5.5283367e-03
   1.7280000e+03   5.4634554e-01  -2.1605866e-02
   1.7360000e+03   5.6465425e-01  -1.1647551e-02
   1.7440000e+03   5.6063672e-01  -6.6924944e-03
   1.7520000e+03   5.9481165e-01   1.8168410e-02
   1.7600000e+03   5.6457570e-01  -8.3418393e-03
   1.7680000e+03   5.5268690e-01   3.7295985e-03
   1.7760000e+03   5.6475889e-01  -2.4332272e-03
   1.7840000e+03   5.3266783e-01   1.9995960e-02
   1.7920000e+03   5.6072860e-01  -2.2087228e-02
   1.8000000e+03   5.2618263e-01   1.2101925e-02
   1.8080000e+03   5.4407051e-01   1.8777115e-04
   1.8160000e+03   5.3621948e-01   1.6477602e-03
   1.8240000e+03   5.5992308e-01   1.0593756e-02
   1.8320000e+03   5.6073969e-01   7.3385824e-03
   1.8400000e+03   5.6706003e-01  -9.9781188e-03
   1.8480000e+03   5.5095975e-01  -7.1179805e-03
   1.8560000e+03   5.6080289e-01   3.0124455e-03
   1.8640000e+03   5.6444536e-01  -2.3733161e-02
   1.8720000e+03   5.4274123e-01  -2.4857560e-04
   1.8800000e+03   5.5114311e-01  -2.0324786e-02
   1.8880000e+03   5.4671067e-01   1.8497309e-02
   1.8960000e+03   5.4880379e-01   3.6998486e-03
   1.9040000e+03   5.6860255e-01  -1.5098418e-02
   1.9120000e+03   5.6197580e-01  -7.0323301e-04
   1.9200000e+03   5.4820360e-01   2.7506519e-03
   1.9280000e+03   5.3868507e-01  -9.5536407e-03
   1.9360000e+03   5.5700457e-01   7.9307172e-03
   1.9440000e+03   5.4701907e-01   4.1494281e-03
   1.9520000e+03   5.3810777e-01  -1.2946030e-03
   1.9600000e+03   5.4427598e-01   1.4865507e-02
   1.9680000e+03   5.3455934e-01  -2.8949759e-03
   1.9760000e+03   5.4633933e-01  -1.9254765e-02
   1.9840000e+03   5.4006929e-01  -1.0557622e-02
   1.9920000e+03   5.4513166e-01  -2.2083976e-03
   2.0000000e+03   5.1503180e-01   2.5237944e-03
   2.0080000e+03   5.5677702e-01  -7.8145507e-03
   2.0160000e+03   5.2830969e-01   1.5674540e-02
   2.0240000e+03   5.3651424e-01  -1.1526109e-02
   2.0320000e+03   5.4402517e-01  -6.0008687e-03
   2.0400000e+03   5.3395979e-01  -1.5661249e-02
   2.0480000e+03   5.2051044e-01  -6.4099789e-03
   2.0560000e+03   5.4262969e-01   1.2296366e-02
   2.0640000e+03   5.4154806e-01   2.1514911e-03
   2.0720000e+03   5.2793435e-01   6.1939980e-03
   2.0800000e+03   5.4805558e-01  -5.3539596e-03
   2.0880000e+03   5.3761431e-01  -3.1699842e-02
   2.0960000e+03   5.1314427e-01  -1.3988955e-03
   2.1040000e+03   5.3852734e-01   8.5488268e-03
   2.1120000e+03   5.3559075e-01  -1.3881652e-03
   2.1200000e+03   5.6189362e-01   7.5041240e-03
   2.1280000e+03   5.3340477e-01  -2.4458775e-03
   2.1360000e+03   5.3619209e-01  -3.2804609e-03
   2.1440000e+03   5.3920782e-01   4.7757917e-03
   2.1520000e+03   5.3348903e-01  -1.6042551e-02
   2.1600000e+03   5.2657330e-01  -1.0472159e-02
   2.1680000e+03   5.3211023e-01  -1.0852700e-02
   2.1760000e+03   5.1478835e-01   5.9350361e-03
   2.1840000e+03   5.4248119e-01   3.5369531e-03
   2.1920000e+03   5.4434990e-01   8.9366958e-03
   2.2000000e+03   5.4482127e-01   1.1252495e-02
   2.2080000e+03   5.0978562e-01   1.1620484e-02
   2.2160000e+03   5.5408114e-01  -2.4227998e-02
   2.2240000e+03   5.4727723e-01  -7.3070496e-03
   2.2320000e+03   5.3998079e-01   8.9258614e-03
   2.2400000e+03   5.6407840e-01   1.1446667e-02
   2.2480000e+03   5.1797999e-01  -1.1073919e-02
   2.2560000e+03   5.5793235e-01  -7.9566121e-03
   2.2640000e+03   5.2934708e-01  -6.1541745e-03
   2.2720000e+03   5.3435917e-01  -4.8865237e-03
   2.2800000e+03   5.2961936e-01   3.1547239e-04
   2.2880000e+03   5.3581740e-01   5.5914506e-03
   2.2960000e+03   5.3369647e-01   1.8309765e-02
   2.3040000e+03   5.2870600e-01  -3.9751065e-03
   2.3120000e+03   5.3632520e-01   1.3798231e-02
   2.3200000e+03   5.3039702e-01   1.5240283e-02
   2.3280000e+03   5.4189441e-01   2.1212569e-02
   2.3360000e+03   5.2098761e-01   1.8082821e-03
   2.3440000e+03   5.3216037e-01   2.2683296e-02
   2.3520000e+03   5.4343478e-01  -1.2823129e-02
   2.3600000e+03   5.3147895e-01   1.7525887e-04
   2.3680000e+03   5.2217366e-01  -1.2581356e-02
   2.3760000e+03   5.2724570e-01   1.1191363e-02
   2.3840000e+03   5.3613834e-01   1.6088796e-02
   2.3920000e+03   5.5030653e-01  -1.5150442e-02
   2.4000000e+03   5.3174921e-01   5.5853484e-03
   2.4080000e+03   5.5654091e-01   8.2367286e-03
   2.4160000e+03   5.4681978e-01  -5.6753697e-03
   2.4240000e+03   5.1357595e-01  -7.8850030e-03
   2.4320000e+03   5.3025302e-01  -3.1233087e-03
   2.4400000e+03   5.5049743e-01   1.4482075e-03
   2.4480000e+03   5.3991708e-01   1.7129175e-02
   2.4560000e+03   5.3297630e-01   6.3532899e-03
   2.4640000e+03   5.3203921e-01  -7.0923435e-03
   2.4720000e+03   5.5057735e-01  -1.1270068e-02
   2.4800000e+03   5.3423490e-01  -1.2217856e-02
   2.4880000e+03   5.5512531e-01   6.5180735e-03
   2.4960000e+03   5.4034379e-01   2.1590810e-02
   2.5040000e+03   5.4886263e-01  -9.2017922e-03
   2.5120000e+03   5.3192839e-01  -2.6864179e-03
   2.5200000e+03   5.4610381e-01   1.0668768e-03
   2.5280000e+03   5.3721863e-01   1.5623525e-02
   2.5360000e+03   5.2707142e-01  -2.3883299e-02
   2.5440000e+03   5.3424041e-01  -9.2025466e-03
   2.5520000e+03   5.1648091e-01  -1.6109023e-02
   2.5600000e+03   5.5184982e-01   3.0214768e-03
   2.5680000e+03   5.4837145e-01  -1.3539619e-02
   2.5760000e+03   5.3851510e-01  -3.2398499e-04
   2.5840000e+03   5.2408678e-01   1.8406264e-02
   2.5920000e+03   5.3979106e-01  -6.7908521e-03
   2.6000000e+03   5.4997128e-01   1.4478381e-03
   2.6080000e+03   5.3119249e-01   6.3755605e-03
   2.6160000e+03   5.2824556e-01   2.0904434e-03
   2.6240000e+03   5.4150041e-01   3.5811041e-03
   2.6320000e+03   5.4062625e-01   8.9684827e-04
   2.6400000e+03   5.3719781e-01   3.2783354e-02
   2.6480000e+03   5.3663554e-01  -5.2368553e-03
   2.6560000e+03   5.3640477e-01  -5.7289621e-03
   2.6640000e+03   5.4293585e-01   1.3217023e-02
   2.6720000e+03   5.3417651e-01   4.1865268e-03
   2.6800000e+03   5.2973940e-01   1.0961782e-02
   2.6880000e+03   5.3716361e-01  -4.7462589e-03
   2.6960000e+03   5.5159768e-01  -1.9331089e-02
   2.7040000e+03   5.3051151e-01   7.1597995e-03
   2.7120000e+03   5.2876325e-01   1.0816541e-02
   2.7200000e+03   5.3224519e-01   3.0468329e-03
   2.7280000e+03   5.3439116e-01  -1.2955837e-02
   2.7360000e+03   5.2772277e-01   8.5540670e-03
   2.7440000e+03   5.2541703e-01   1.6594462e-02
   2.7520000e+03   5.3602114e-01   4.7034274e-04
   2.7600000e+03   5.4383787e-01  -1.2192528e-02
   2.7680000e+03   5.3785280e-01   2.5488365e-03
   2.7760000e+03   5.2432523e-01   1.0789309e-02
   2.7840000e+03   5.1849376e-01   8.1547176e-03
   2.7920000e+03   5.1877966e-01   3.9832985e-03
   2.8000000e+03   5.3467300e-01   1.6539064e-02
   2.8080000e+03   5.3933964e-01  -7.0237735e-03
   2.8160000e+03   5.1719695e-01  -1.2061370e-02
   2.8240000e+03   5.4603232e-01  -4.6937905e-03
   2.8320000e+03   5.3084573e-01   2.6562881e-02
   2.8400000e+03   5.3884041e-01   3.8825026e-03
   2.8480000e+03   5.4366911e-01  -2.5529905e-02
   2.8560000e+03   5.2897465e-01  -2.6625824e-03
   2.8640000e+03   5.4025800e-01  -1.4974107e-02
   2.8720000e+03   5.3749501e-01   1.3000308e-03
   2.8800000e+03   5.4172295e-01  -1.0785362e-02
   2.8880000e+03   5.3854845e-01   1.7709667e-03
   2.8960000e+03   5.1497154e-01  -8.0878954e-03
   2.9040000e+03   5.3412614e-01   2.9646276e-03
   2.9120000e+03   5.3554879e-01  -1.5098553e-03
   2.9200000e+03   5.2595190e-01  -1.9127157e-02
   2.9280000e+03   5.5066693e-01   5.3378946e-03
   2.9360000e+03   5.4837682e-01   2.7483975e-03
   2.9440000e+03   5.2962271e-01  -7.4938440e-03
   2.9520000e+03   5.4407030e-01   5.5108802e-03
   2.9600000e+03   5.5069966e-01   1.8497656e-02
   2.9680000e+03   5.2842711e-01   1.1929904e-02
   2.9760000e+03   5.5250638e-01  -3.0065179e-03
   2.9840000e+03   5.2459865e-01   3.2342044e-03
   2.9920000e+03   5.3472880e-01  -2.5147930e-02
   3.0000000e+03   5.3938168e-01   9.8493341e-03
   3.0080000e+03   5.3280638e-01  -8.5311378e-03
   3.0160000e+03   5.4642698e-01  -1.8580970e-02
   3.0240000e+03   5.3866153e-01   1.8356422e-02
   3.0320000e+03   5.5055087e-01  -2.5396739e-03
   3.0400000e+03   5.3515305e-01  -1.9867803e-02
   3.0480000e+03   5.4585160e-01   2.2558100e-02
   3.0560000e+03   5.4587145e-01   8.0554786e-03
   3.0640000e+03   5.4193127e-01   4.7119843e-04
   3.0720000e+03   5.3541239e-01  -8.4101013e-03
   3.0800000e+03   5.4413657e-01   4.2574594e-03
   3.0880000e+03   5.3486991e-01   5.1312483e-03
   3.0960000e+03   5.2949971e-01  -1.2133807e-02
   3.1040000e+03   5.3748668e-01   7.8496888e-03
   3.1120000e+03   5.7408061e-01   1.3980283e-02
   3.1200000e+03   5.4094333e-01  -2.9793606e-03
   3.1280000e+03   5.5279149e-01   8.7352926e-03
   3.1360000e+03   5.3152430e-01  -2.3437513e-02
   3.1440000e+03   5.2745692e-01  -1.0215339e-02
   3.1520000e+03   5.3376581e-01  -1.5446276e-02
   3.1600000e+03   5.3640045e-01  -8.3877831e-03
   3.1680000e+03   5.4519912e-01  -1.3192153e-03
   3.1760000e+03   5.3455461e-01  -8.5736743e-03
   3.1840000e+03   5.2778123e-01   7.8834986e-04
   3.1920000e+03   5.1779127e-01  -1.0032152e-02
   3.2000000e+03   5.4118741e-01   5.0862644e-03
   3.2080000e+03   5.3917017e-01   2.3133058e-03
   3.2160000e+03   5.3514751e-01   1.4413489e-02
   3.2240000e+03   5.3428188e-01   8.2210987e-03
   3.2320000e+03   5.5649569e-01   2.0637484e-02
   3.2400000e+03   5.6147140e-01  -4.4253570e-03
   3.2480000e+03   5.5181078e-01  -4.7625662e-03
   3.2560000e+03   5.6216812e-01   1.5729131e-02
   3.2640000e+03   5.3013010e-01  -4.6795785e-03
   3.2720000e+03   5.4470707e-01   1.2738608e-02
   3.2800000e+03   5.4888648e-01  -1.9736615e-02
   3.2880000e+03   5.3716720e-01   8.8868446e-03
   3.2960000e+03   5.4515806e-01   1.4228706e-02
   3.3040000e+03   5.2370270e-01   5.9534171e-03
   3.3120000e+03   5.3571760e-01  -1.4553149e-03
   3.3200000e+03   5.4246228e-01  -1.5459578e-02
   3.3280000e+03   5.3004972e-01   2.5266673e-04
   3.3360000e+03   5.5541318e-01   6.1600179e-03
   3.3440000e+03   5.4572395e-01  -1.1504203e-02
   3.3520000e+03   5.4484828e-01   7.5699190e-03
   3.3600000e+03   5.4454869e-01   3.3056190e-03
   3.3680000e+03   5.4984980e-01  -1.0623953e-02
   3.3760000e+03   5.2729071e-01  -4.1601671e-05
   3.3840000e+03   5.3952990e-01   9.0468277e-03
   3.3920000e+03   5.4880851e-01  -1.4408108e-03
   3.4000000e+03   5.4718390e-01  -5.2999249e-03
   3.4080000e+03   5.6020466e-01  -1.7235226e-02
   3.4160000e+03   5.3950426e-01   1.2664562e-03
   3.4240000e+03   5.4686139e-01  -4.9226062e-03
   3.4320000e+03   5.6131128e-01   9.4559888e-04
   3.4400000e+03   5.4573289e-01  -8.4925242e-04
   3.4480000e+03   5.6242273e-01   2.8831538e-02
   3.4560000e+03   5.4152391e-01  -9.5317429e-04
   3.4640000e+03   5.5078329e-01   8.9786723e-03
   3.4720000e+03   5.4838036e-01   1.2460942e-02
   3.4800000e+03   5.3743552e-01   2.9885202e-03
   3.4880000e+03   5.2952814e-01  -1.3440302e-02
   3.4960000e+03   5.4401824e-01   1.7905226e-02
   3.5040000e+03   5.3969051e-01   5.9647233e-03
   3.5120000e+03   5.2828942e-01  -8.5657865e-03
   3.5200000e+03   5.4231183e-01   6.4809722e-03
   3.5280000e+03   5.3366469e-01  -1.7276509e-02
   3.5360000e+03   5.3404664e-01  -5.0188985e-03
   3.5440000e+03   5.4442996e-01  -2.1333218e-03
   3.5520000e+03   5.3169723e-01  -4.7510768e-03
   3.5600000e+03   5.5418340e-01   1.1714682e-02
   3.5680000e+03   5.3493129e-01   5.8990405e-03
   3.5760000e+03   5.4966000e-01  -2.4066673e-02
   3.5840000e+03   5.3338208e-01   3.3387988e-03
   3.5920000e+03   5.3896212e-01  -6.6777174e-03
   3.6000000e+03   5.6133878e-01  -7.9950268e-03
   3.6080000e+03   5.5124164e-01   8.5903957e-03
   3.6160000e+03   5.4847748e-01  -1.4563449e-02
   3.6240000e+03   5.5150621e-01   9.9511369e-03
   3.6320000e+03   5.5484595e-01   1.0348145e-02
   3.6400000e+03   5.4382986e-01  -1.3246768e-03
   3.6480000e+03   5.5982680e-01  -2.6753196e-03
   3.6560000e+03   5.5176415e-01  -1.2323698e-02
   3.6640000e+03   5.7081697e-01  -1.6843509e-02
   3.6720000e+03   5.4428094e-01  -3.4185759e-03
   3.6800000e+03   5.2393214e-01   6.3876256e-03
   3.6880000e+03   5.3639247e-01   1.0289261e-02
   3.6960000e+03   5.4215118e-01  -8.7697668e-03
   3.7040000e+03   5.5104057e-01  -1.9068938e-03
   3.7120000e+03   5.3785148e-01  -4.5933527e-03
   3.7200000e+03   5.3446964e-01  -1.1433044e-03
   3.7280000e+03   5.6182239e-01   3.6695819e-03
   3.7360000e+03   5.3055189e-01   2.0041228e-02
   3.7440000e+03   5.6231083e-01   1.0460509e-02
   3.7520000e+03   5.4406162e-01  -8.8511860e-04
   3.7600000e+03   5.4241409e-01  -5.5053339e-03
   3.7680000e+03   5.2885596e-01  -9.0604426e-03
   3.7760000e+03   5.5521028e-01   2.1599642e-03
   3.7840000e+03   5.4486832e-01  -3.8304934e-03
   3.7920000e+03   5.4558163e-01  -1.3929957e-02
   3.8000000e+03   5.4169064e-01  -1.9655288e-03
   3.8080000e+03   5.6566292e-01  -2.9818938e-03
   3.8160000e+03   5.6194439e-01   9.5364242e-03
   3.8240000e+03   5.2564300e-01  -1.0918402e-02
   3.8320000e+03   5.4416942e-01  -2.0874938e-03
   3.8400000e+03   5.5607271e-01  -1.9513235e-04
   3.8480000e+03   5.5919643e-01   1.7177246e-02
   3.8560000e+03   5.6164834e-01   1.6997365e-02
   3.8640000e+03   5.5653437e-01  -3.4960647e-03
   3.8720000e+03   5.5581845e-01   1.0682128e-02
   3.8800000e+03   5.6824809e-01  -8.2920119e-04
   3.8880000e+03   5.7166492e-01   1.5870858e-02
   3.8960000e+03   5.6134791e-01   8.0910295e-03
   3.9040000e+03   5.5908735e-01  -7.3260544e-03
   3.9120000e+03   5.5589381e-01   1.3845555e-02
   3.9200000e+03   5.3018544e-01  -8.6428258e-03
   3.9280000e+03   5.8371616e-01   1.9470465e-02
   3.9360000e+03   5.3806946e-01  -9.4665801e-03
   3.9440000e+03   5.5567504e-01   3.5155030e-03
   3.9520000e+03   5.4237802e-01  -1.0383447e-02
   3.9600000e+03   5.3602969e-01  -1.0715911e-02
   3.9680000e+03   5.6108078e-01  -2.0362849e-02
   3.9760000e+03   5.2581762e-01   2.7950910e-03
   3.9840000e+03   5.4685900e-01   8.9323879e-03
   3.9920000e+03   5.4559557e-01   1.2399363e-02
   4.0000000e+03   5.2913026e-01  -8.6303138e-03
   4.0080000e+03   5.6859327e-01   3.8891102e-03
   4.0160000e+03   5.4259934e-01  -1.4313131e-03
   4.0240000e+03   5.4993784e-01  -5.5401871e-03
   4.0320000e+03   5.4914562e-01   1.6633030e-02
   4.0400000e+03   5.5323055e-01   2.9592313e-02
   4.0480000e+03   5.6449242e-01   5.9238055e-04
   4.0560000e+03   5.5134933e-01  -5.6416002e-03
   4.0640000e+03   5.3429369e-01  -1.6159024e-02
   4.0720000e+03   5.6384359e-01   5.8102123e-03
   4.0800000e+03   5.6628835e-01   1.0352077e-02
   4.0880000e+03   5.5190690e-01   3.8208586e-02
   4.0960000e+03   5.4179881e-01   6.4737432e-03
   4.1040000e+03   5.6513417e-01  -1.5528504e-02
   4.1120000e+03   5.6056786e-01   1.1855409e-02
   4.1200000e+03   5.3345962e-01  -1.2826174e-02
   4.1280000e+03   5.3812492e-01   6.4306038e-03
   4.1360000e+03   5.4883464e-01   1.4687812e-03
   4.1440000e+03   5.3193696e-01  -3.3525912e-03
   4.1520000e+03   5.3145449e-01   1.0500957e-02
   4.1600000e+03   5.4639496e-01   1.9923579e-02
   4.1680000e+03   5.4661209e-01   7.3161309e-03
   4.1760000e+03   5.5437484e-01  -9.3432540e-03
   4.1840000e+03   5.2252423e-01   2.0007799e-03
   4.1920000e+03   5.5760791e-01  -3.8262620e-02
   4.2000000e+03   5.4201396e-01  -1.9495475e-03
   4.2080000e+03   5.5853988e-01   1.1062013e-03
   4.2160000e+03   5.4366626e-01   9.7258265e-03
   4.2240000e+03   5.3388487e-01  -2.4294731e-02
   4.2320000e+03   5.5867657e-01   3.6495489e-04
   4.2400000e+03   5.5566060e-01  -1.4275619e-02
   4.2480000e+03   5.4704437e-01   1.0868386e-02
   4.2560000e+03   5.2894079e-01   3.3941845e-03
   4.2640000e+03   5.5505488e-01  -7.7579444e-03
   4.2720000e+03   5.4190581e-01   1.7464295e-02
   4.2800000e+03   5.4741618e-01   7.1069585e-03
   4.2880000e+03   5.5225495e-01   6.8252470e-03
   4.2960000e+03   5.5614246e-01   1.7429210e-02
   4.3040000e+03   5.2817337e-01   1.3571148e-02
   4.3120000e+03   5.5015789e-01   3.8452176e-03
   4.3200000e+03   5.6045711e-01   8.1897244e-03
   4.3280000e+03   5.3407527e-01   1.2130941e-02
   4.3360000e+03   5.5221261e-01   1.5820549e-02
   4.3440000e+03   5.3969086e-01  -1.9379804e-02
   4.3520000e+03   5.3886908e-01  -1.7087076e-02
   4.3600000e+03   5.5304910e-01   1.5482381e-02
   4.3680000e+03   5.2782708e-01   7.7938484e-04
   4.3760000e+03   5.4979121e-01  -5.9830317e-03
   4.3840000e+03   5.1278307e-01  -1.1262416e-02
   4.3920000e+03   5.5288250e-01  -3.3692728e-03
   4.4000000e+03   5.4443125e-01   1.9555157e-03
   4.4080000e+03   5.5272468e-01   1.2038417e-02
   4.4160000e+03   5.4543776e-01  -1.4838651e-02
   4.4240000e+03   5.3744343e-01   1.8166343e-02
   4.4320000e+03   5.3451986e-01  -1.4246157e-02
   4.4400000e+03   5.5059427e-01  -6.2327099e-03
   4.4480000e+03   5.4414496e-01  -2.2156022e-02
   4.4560000e+03   5.4190778e-01   1.1532778e-02
   4.4640000e+03   5.3747983e-01  -4.5550073e-03
   4.4720000e+03   5.5260329e-01  -4.2238000e-03
   4.4800000e+03   5.4004502e-01  -9.3266918e-03
   4.4880000e+03   5.3762888e-01  -1.5645112e-02
   4.4960000e+03   5.6166127e-01  -1.0735761e-02
   4.5040000e+03   5.5328916e-01   4.1102106e-03
   4.5120000e+03   5.2065652e-01  -2.6222306e-02
   4.5200000e+03   5.4879179e-01  -1.7226335e-02
   4.5280000e+03   5.3390310e-01  -3.1829825e-03
   4.5360000e+03   5.4874050e-01   1.4616789e-02
   4.5440000e+03   5.3920579e-01  -1.3271745e-02
   4.5520000e+03   5.5763756e-01  -1.4058609e-02
   4.5600000e+03   5.2697517e-01  -2.0426793e-02
   4.5680000e+03   5.2619897e-01   1.1853055e-02
   4.5760000e+03   5.3122963e-01  -1.2367812e-04
   4.5840000e+03   5.5152483e-01   1.3994212e-02
   4.5920000e+03   5.2430229e-01  -7.2641334e-03
   4.6000000e+03   5.4148440e-01  -1.0999826e-02
   4.6080000e+03   5.2090583e-01  -1.0396472e-02
   4.6160000e+03   5.3810876e-01   5.3443492e-04
   4.6240000e+03   5.2521056e-01  -1.2125303e-02
   4.6320000e+03   5.3557537e-01   8.1357389e-03
   4.6400000e+03   5.5920203e-01   1.3144670e-02
   4.6480000e+03   5.3101624e-01  -6.3811291e-03
   4.6560000e+03   5.5821318e-01  -3.0766915e-03
   4.6640000e+03   5.3718303e-01  -4.9634112e-04
   4.6720000e+03   5.2561842e-01   1.3769679e-02
   4.6800000e+03   5.2645668e-01  -4.7469210e-03
   4.6880000e+03   5.2206968e-01  -2.9568894e-03
   4.6960000e+03   5.1277645e-01   8.7374675e-03
   4.7040000e+03   5.4381880e-01  -1.4923041e-02
   4.7120000e+03   5.1678927e-01   2.5766023e-02
   4.7200000e+03   5.3971671e-01  -1.1852987e-02
   4.7280000e+03   5.1016863e-01   1.6545359e-02
   4.7360000e+03   5.2395982e-01   5.7343968e-03
   4.7440000e+03   5.2404470e-01  -1.1117396e-02
   4.7520000e+03   5.3345389e-01   3.0596811e-03
   4.7600000e+03   5.3548117e-01  -1.1964337e-04
   4.7680000e+03   5.4026084e-01  -7.2413060e-03
   4.7760000e+03   5.3960505e-01   4.1372860e-04
   4.7840000e+03   5.3736602e-01   1.1914757e-02
   4.7920000e+03   5.4564866e-01  -1.3096762e-02
   4.8000000e+03   5.0779738e-01  -2.2211757e-02
   4.8080000e+03   5.2200449e-01  -2.1340922e-04
   4.8160000e+03   5.3674892e-01   1.6627709e-03
   4.8240000e+03   5.3940503e-01   6.2037117e-04
   4.8320000e+03   5.2746843e-01   3.3294873e-03
   4.8400000e+03   5.2010682e-01  -3.4429873e-03
   4.8480000e+03   5.4596038e-01   3.4043313e-03
   4.8560000e+03   5.3049237e-01   1.1266448e-02
   4.8640000e+03   4.9353616e-01   1.4344096e-02
   4.8720000e+03   5.2038626e-01  -4.3914473e-03
   4.8800000e+03   5.2873895e-01  -7.8659735e-03
   4.8880000e+03   5.0455591e-01  -3.3647344e-03
   4.8960000e+03   5.2712856e-01  -7.9359514e-03
   4.9040000e+03   5.2211903e-01   2.0723889e-04
   4.9120000e+03   5.3295582e-01  -1.0849212e-02
   4.9200000e+03   5.2730906e-01  -7.1591371e-04
   4.9280000e+03   5.3758555e-01   1.6147645e-02
   4.9360000e+03   5.4409950e-01  -1.7305836e-02
   4.9440000e+03   5.0816777e-01   1.6368067e-02
   4.9520000e+03   5.0169130e-01  -1.6584728e-02
   4.9600000e+03   5.1995853e-01  -1.2863219e-02
   4.9680000e+03   5.3700761e-01   4.1217963e-03
   4.9760000e+03   5.2197375e-01  -4.9984011e-03
   4.9840000e+03   5.2200074e-01   7.8940187e-03
   4.9920000e+03   5.2467374e-01   1.0147634e-02
   5.0000000e+03   5.2234889e-01   5.8505763e-03
   5.0080000e+03   5.3170394e-01  -6.2687435e-03
   5.0160000e+03   5.2268503e-01   8.9622770e-03
   5.0240000e+03   5.2590582e-01   1.7573795e-02
   5.0320000e+03   5.0659172e-01  -6.7334983e-03
   5.0400000e+03   5.1978834e-01  -2.6268237e-04
   5.0480000e+03   5.0819013e-01   2.7757982e-02
   5.0560000e+03   5.3316401e-01  -9.1217348e-04
   5.0640000e+03   4.9599536e-01   1.6878221e-02
   5.0720000e+03   4.9738334e-01  -6.2241322e-04
   5.0800000e+03   5.3360317e-01   2.3559958e-03
   5.0880000e+03   5.0891864e-01  -6.5240443e-03
   5.0960000e+03   5.3792862e-01   8.8249112e-03
   5.1040000e+03   5.2051071e-01   1.5020311e-02
   5.1120000e+03   5.1700212e-01  -2.3021965e-03
   5.1200000e+03   5.1829455e-01  -1.7292851e-02
   5.1280000e+03   5.1741048e-01   6.2583197e-03
   5.1360000e+03   5.3534826e-01   1.4228052e-02
   5.1440000e+03   5.0111459e-01  -4.7815441e-03
   5.1520000e+03   5.1276400e-01  -1.2111445e-02
   5.1600000e+03   5.2721269e-01   7.2778705e-03
   5.1680000e+03   5.0899021e-01   2.1015937e-03
   5.1760000e+03   5.1392239e-01  -2.9191526e-03
   5.1840000e+03   5.2021282e-01  -2.2477734e-02
   5.1920000e+03   4.9258975e-01   2.7027471e-02
   5.2000000e+03   5.1264968e-01  -4.0129573e-03
   5.2080000e+03   5.1316095e-01  -1.0639664e-04
   5.2160000e+03   5.0329861e-01   3.0846596e-04
   5.2240000e+03   5.0006544e-01  -1.7277492e-02
   5.2320000e+03   5.2102461e-01   2.1066159e-03
   5.2400000e+03   5.1006178e-01  -1.3681883e-02
   5.2480000e+03   5.0906427e-01   1.2011444e-02
   5.2560000e+03   5.1279647e-01  -1.1626696e-02
   5.2640000e+03   4.9532442e-01  -3.2363019e-03
   5.2720000e+03   4.7998623e-01  -1.4606410e-03
   5.2800000e+03   5.0055770e-01   5.6207605e-03
   5.2880000e+03   5.0663515e-01  -1.1291775e-02
   5.2960000e+03   4.8556309e-01  -1.3692745e-03
   5.3040000e+03   5.1682919e-01   1.6796995e-02
   5.3120000e+03   4.8502495e-01  -1.0000884e-02
   5.3200000e+03   5.2355764e-01   2.8414792e-02
   5.3280000e+03   4.9750630e-01  -1.9575383e-03
   5.3360000e+03   5.0721275e-01   1.6716046e-03
   5.3440000e+03   4.8847684e-01  -5.5949106e-04
   5.3520000e+03   5.1598770e-01  -9.1439826e-03
   5.3600000e+03   5.0047155e-01   1.5657904e-02
   5.3680000e+03   5.0942385e-01  -6.9386552e-03
   5.3760000e+03   5.0842444e-01  -8.5387018e-03
   5.3840000e+03   5.0076540e-01  -3.7392430e-03
   5.3920000e+03   5.0756658e-01  -5.4814586e-03
   5.4000000e+03   5.1343760e-01   1.4642257e-02
   5.4080000e+03   5.0957605e-01   2.8375189e-04
   5.4160000e+03   5.0192164e-01   5.8257628e-03
   5.4240000e+03   5.1067511e-01  -6.9597782e-03
   5.4320000e+03   4.9916618e-01   1.7073008e-02
   5.4400000e+03   4.9822108e-01   1.2777377e-02
   5.4480000e+03   5.2554040e-01  -1.3594683e-02
   5.4560000e+03   5.1435704e-01   9.3878582e-03
   5.4640000e+03   5.0189055e-01   5.5639039e-03
   5.4720000e+03   5.0347922e-01  -9.8422094e-03
   5.4800000e+03   4.9725882e-01   1.8061322e-02
   5.4880000e+03   5.0746412e-01   1.2019255e-02
   5.4960000e+03   4.9230514e-01   1.3680850e-02
   5.5040000e+03   5.0908363e-01  -1.0015949e-02
   5.5120000e+03   4.9659517e-01   3.1347851e-03
   5.5200000e+03   4.9069609e-01   1.3672794e-02
   5.5280000e+03   5.1745582e-01  -4.4638333e-03
   5.5360000e+03   4.9691868e-01  -7.8087737e-03
   5.5440000e+03   4.9526503e-01  -3.6084887e-03
   5.5520000e+03   4.9743853e-01  -6.3654944e-03
   5.5600000e+03   5.2391071e-01  -1.8895551e-03
   5.5680000e+03   5.1671541e-01   1.5557372e-02
   5.5760000e+03   5.1942746e-01  -2.3471355e-03
   5.5840000e+03   4.9204739e-01  -1.9657906e-03
   5.5920000e+03   4.9666802e-01   2.6500012e-02
   5.6000000e+03   4.7341373e-01   2.2744884e-02
   5.6080000e+03   4.8768455e-01   1.6734897e-02
   5.6160000e+03   4.6870074e-01   4.2718262e-03
   5.6240000e+03   4.9370800e-01   1.2205919e-03
   5.6320000e+03   5.0721277e-01   6.1233286e-03
   5.6400000e+03   5.1138113e-01  -1.0134759e-02
   5.6480000e+03   5.0299023e-01   1.4957810e-02
   5.6560000e+03   4.9573024e-01   7.0849052e-03
   5.6640000e+03   4.9652316e-01   1.1247978e-02
   5.6720000e+03   4.9731837e-01  -7.2679990e-03
   5.6800000e+03   4.7988087e-01  -5.4503518e-03
   5.6880000e+03   4.9798976e-01   7.7303128e-03
