   0.0000000e+00   8.6113535e-01  -2.6788373e-03
   8.0000000e+00   8.6970544e-01  -1.1104485e-02
   1.6000000e+01   8.8173577e-01   2.5786406e-03
   2.4000000e+01   8.8568315e-01   1.9451193e-03
   3.2000000e+01   9.0610548e-01   5.7651387e-04
   4.0000000e+01   9.0595396e-01  -5.6280871e-03
   4.8000000e+01   9.1572328e-01  -1.8966885e-03
   5.6000000e+01   9.1870780e-01  -4.3540698e-03
   6.4000000e+01   9.2397361e-01  -4.6434107e-04
   7.2000000e+01   9.4759555e-01  -6.9811556e-03
   8.0000000e+01   9.6486284e-01  -8.2227395e-03
   8.8000000e+01   9.6514175e-01   3.3836856e-03
   9.6000000e+01   9.8416164e-01  -3.1760349e-03
   1.0400000e+02   1.0025819e+00   8.6427285e-03
   1.1200000e+02   1.0102683e+00   1.2115051e-03
   1.2000000e+02   1.0022551e+00   1.2645638e-04
   1.2800000e+02   9.7155295e-01   3.2857571e-03
   1.3600000e+02   9.6583795e-01  -7.6162740e-03
   1.4400000e+02   9.5030152e-01   9.0680394e-04
   1.5200000e+02   9.4518667e-01  -8.5602059e-04
   1.6000000e+02   9.1623901e-01  -2.5613706e-03
   1.6800000e+02   9.2174547e-01   7.4217890e-03
   1.7600000e+02   9.0882117e-01  -5.6067709e-03
   1.8400000e+02   8.9793629e-01   5.9110320e-03
   1.9200000e+02   9.0408677e-01  -3.5116642e-03
   2.0000000e+02   8.8095136e-01  -6.6197830e-03
   2.0800000e+02   8.8198664e-01  -1.8137040e-03
   2.1600000e+02   8.7133610e-01  -1.1600120e-02
   2.2400000e+02   8.7608358e-01  -8.8622666e-03
   2.3200000e+02   8.6478679e-01   3.7517128e-03
   2.4000000e+02   8.5795922e-01   4.5535771e-03
   2.4800000e+02   8.5552740e-01  -6.3871063e-05
   2.5600000e+02   8.5490404e-01   1.3765873e-03
   2.6400000e+02   8.4401312e-01  -7.4909781e-03
   2.7200000e+02   8.2834234e-01   2.9852269e-03
   2.8000000e+02   8.2963621e-01  -9.1587711e-03
   2.8800000e+02   8.2735233e-01  -1.1659594e-02
   2.9600000e+02   8.2729890e-01   3.6007961e-03
   3.0400000e+02   8.2702071e-01   7.3529508e-03
   3.1200000e+02   8.2228283e-01  -2.7721086e-03
   3.2000000e+02   8.1673636e-01   5.0098899e-03
   3.2800000e+02   8.1696307e-01   6.6474468e-04
   3.3600000e+02   8.0740015e-01   3.5575087e-03
   3.4400000e+02   8.0217190e-01  -4.1014183e-04
   3.5200000e+02   8.0371662e-01   8.5966268e-03
   3.6000000e+02   8.0118207e-01   6.6703254e-04
   3.6800000e+02   7.9037747e-01   5.9315370e-03
   3.7600000e+02   7.9100695e-01   4.0311774e-03
   3.8400000e+02   7.9167637e-01  -3.4176091e-04
   3.9200000e+02   7.8507922e-01   7.5553171e-03
   4.0000000e+02   7.8325055e-01   4.2404224e-03
   4.0800000e+02   7.8212135e-01  -3.1726915e-03
   4.1600000e+02   7.8038771e-01  -2.8650280e-03
   4.2400000e+02   7.7091033e-01  -1.3676254e-02
   4.3200000e+02   7.8036840e-01  -7.2041857e-03
   4.4000000e+02   7.7515183e-01   1.7540937e-03
   4.4800000e+02   7.8155378e-01  -7.7931075e-03
   4.5600000e+02   7.6934716e-01  -5.8217285e-03
   4.6400000e+02   7.6282337e-01  -3.5821980e-03
   4.7200000e+02   7.6937583e-01  -7.9623681e-03
   4.8000000e+02   7.6454712e-01  -3.1324770e-03
   4.8800000e+02   7.7006937e-01  -3.6454091e-03
   4.9600000e+02   7.4907695e-01  -1.6803928e-03
   5.0400000e+02   7.6182926e-01  -8.2630499e-03
   5.1200000e+02   7.5296142e-01  -8.0762663e-03
   5.2000000e+02   7.4478187e-01  -1.0182070e-02
   5.2800000e+02   7.4285289e-01  -8.3523867e-03
   5.3600000e+02   7.4360301e-01   5.9269611e-03
   5.4400000e+02   7.3950277e-01  -1.4975969e-02
   5.5200000e+02   7.4683409e-01   3.8820456e-03
   5.6000000e+02   7.4585803e-01   1.6920866e-03
   5.6800000e+02   7.3475994e-01   1.6729216e-03
   5.7600000e+02   7.3531720e-01   8.2238183e-03
   5.8400000e+02   7.4075844e-01   4.1553412e-03
   5.9200000e+02   7.3764879e-01  -8.2142599e-03
   6.0000000e+02   7.3385638e-01   1.6021353e-03
   6.0800000e+02   7.2758588e-01   1.1247107e-02
   6.1600000e+02   7.2860816e-01   4.5503027e-03
   6.2400000e+02   7.2750803e-01  -6.5729199e-03
   6.3200000e+02   7.1953553e-01   2.5653617e-04
   6.4000000e+02   7.3602378e-01  -5.4728043e-03
   6.4800000e+02   7.3108643e-01  -7.5436263e-03
   6.5600000e+02   7.1584181e-01   2.7924057e-03
   6.6400000e+02   7.2015390e-01   4.6127882e-03
   6.7200000e+02   7.2142143e-01  -5.8285057e-04
   6.8000000e+02   7.1330217e-01   5.4019188e-03
   6.8800000e+02   7.1740308e-01  -4.0691093e-03
   6.9600000e+02   7.2287488e-01  -4.7150853e-03
   7.0400000e+02   7.0539541e-01   1.4662744e-04
   7.1200000e+02   7.1466895e-01   4.2894320e-04
   7.2000000e+02   7.1610043e-01   1.2792080e-02
   7.2800000e+02   7.0667943e-01   8.0824231e-03
   7.3600000e+02   7.1142713e-01  -9.2795921e-05
   7.4400000e+02   7.1698825e-01   7.7498500e-04
   7.5200000e+02   7.1399789e-01   1.0110422e-03
   7.6000000e+02   7.0128662e-01   2.9069229e-03
   7.6800000e+02   6.9336618e-01  -3.2252575e-04
   7.7600000e+02   6.9904672e-01  -4.3109485e-03
   7.8400000e+02   7.0769245e-01   4.0770507e-04
   7.9200000e+02   6.9545057e-01   1.9057780e-03
   8.0000000e+02   7.0154133e-01  -4.6974298e-03
   8.0800000e+02   7.0789893e-01  -9.2026366e-06
   8.1600000e+02   6.8521520e-01  -4.6791744e-03
   8.2400000e+02   6.9873588e-01   6.1497318e-03
   8.3200000e+02   6.9416701e-01   7.4948375e-03
   8.4000000e+02   6.9533708e-01   6.7910044e-03
   8.4800000e+02   6.8602389e-01   6.4566976e-03
   8.5600000e+02   6.9244637e-01   1.1226519e-03
   8.6400000e+02   6.8000109e-01   5.9110681e-03
   8.7200000e+02   6.8850074e-01  -1.0294919e-03
   8.8000000e+02   6.9449456e-01   9.8468965e-04
   8.8800000e+02   6.8585024e-01   5.9749795e-04
   8.9600000e+02   6.7987308e-01  -3.1925547e-03
   9.0400000e+02   6.8471968e-01  -1.1183159e-02
   9.1200000e+02   6.8786682e-01   5.9147473e-04
   9.2000000e+02   6.7189585e-01  -2.1689097e-03
   9.2800000e+02   6.7843005e-01   3.1984679e-03
   9.3600000e+02   6.7652019e-01   7.6377226e-03
   9.4400000e+02   6.7863957e-01   2.0124691e-03
   9.5200000e+02   6.9042684e-01  -6.8457550e-03
   9.6000000e+02   6.7080961e-01   4.9017306e-03
   9.6800000e+02   6.7472478e-01   6.9918938e-04
   9.7600000e+02   6.8360777e-01   6.0529304e-03
   9.8400000e+02   6.6979545e-01  -2.4478265e-03
   9.9200000e+02   6.6983820e-01   3.4495080e-03
   1.0000000e+03   6.6867281e-01   7.8001983e-03
   1.0080000e+03   6.7268344e-01  -4.5673598e-03
   1.0160000e+03   6.7504664e-01   4.6344083e-03
   1.0240000e+03   6.7348527e-01  -5.8615226e-03
   1.0320000e+03   6.6793999e-01  -4.8114913e-04
   1.0400000e+03   6.7251029e-01  -1.2135828e-03
   1.0480000e+03   6.6484594e-01  -2.8602753e-03
   1.0560000e+03   6.6357872e-01   2.2573037e-03
   1.0640000e+03   6.6523798e-01  -3.9134290e-03
   1.0720000e+03   6.6316512e-01   5.0269183e-03
   1.0800000e+03   6.5033250e-01   1.3199902e-02
   1.0880000e+03   6.5748628e-01  -9.1475447e-03
   1.0960000e+03   6.5736002e-01  -6.4606560e-04
   1.1040000e+03   6.6760307e-01  -4.6915426e-03
   1.1120000e+03   6.5912576e-01  -3.9930093e-03
   1.1200000e+03   6.5777051e-01   4.1847750e-04
   1.1280000e+03   6.6401186e-01  -8.6819699e-03
   1.1360000e+03   6.5648155e-01   1.0098644e-02
   1.1440000e+03   6.5771564e-01   1.0960683e-06
   1.1520000e+03   6.5088812e-01  -2.5536619e-03
   1.1600000e+03   6.4430309e-01   1.2103712e-03
   1.1680000e+03   6.5906416e-01   8.9149898e-03
   1.1760000e+03   6.5140474e-01  -3.4184599e-04
   1.1840000e+03   6.5018062e-01   5.3250276e-03
   1.1920000e+03   6.4599413e-01   2.6921122e-03
   1.2000000e+03   6.4485761e-01   6.0361675e-03
   1.2080000e+03   6.4757823e-01  -6.3965672e-03
   1.2160000e+03   6.3743171e-01   2.9822122e-03
   1.2240000e+03   6.4106934e-01  -7.4638215e-03
   1.2320000e+03   6.5148119e-01   3.8813630e-03
   1.2400000e+03   6.4324345e-01  -7.0876695e-04
   1.2480000e+03   6.4553229e-01   1.0168548e-02
   1.2560000e+03   6.4194583e-01   4.3873558e-03
   1.2640000e+03   6.3550859e-01   4.0339200e-03
   1.2720000e+03   6.3635982e-01  -5.7278208e-03
   1.2800000e+03   6.5183087e-01  -3.8796340e-03
   1.2880000e+03   6.3623783e-01  -9.0457330e-03
   1.2960000e+03   6.4878047e-01  -5.7404960e-03
   1.3040000e+03   6.3633057e-01  -7.8020676e-03
   1.3120000e+03   6.3403923e-01  -5.6765497e-03
   1.3200000e+03   6.4613821e-01  -8.0740354e-03
   1.3280000e+03   6.4067025e-01  -4.0267442e-03
   1.3360000e+03   6.3670263e-01   4.5524333e-03
   1.3440000e+03   6.3760562e-01   9.2790663e-04
   1.3520000e+03   6.4151888e-01   4.0862944e-03
   1.3600000e+03   6.3141791e-01  -1.6212162e-03
   1.3680000e+03   6.2294292e-01  -5.0257221e-04
   1.3760000e+03   6.2901397e-01  -6.4359343e-03
   1.3840000e+03   6.2911733e-01   7.6609346e-03
   1.3920000e+03   6.3398145e-01   5.5570528e-03
   1.4000000e+03   6.3636780e-01  -6.8157382e-03
   1.4080000e+03   6.2274779e-01  -6.8698154e-03
   1.4160000e+03   6.3445077e-01  -2.9287411e-03
   1.4240000e+03   6.2989242e-01  -9.5550776e-03
   1.4320000e+03   6.3131297e-01   7.9295432e-05
   1.4400000e+03   6.2566024e-01  -6.0022498e-03
   1.4480000e+03   6.2549635e-01  -1.3770144e-02
   1.4560000e+03   6.2300791e-01  -7.9178967e-03
   1.4640000e+03   6.3016012e-01   4.2842963e-03
   1.4720000e+03   6.1250036e-01   9.8373131e-04
   1.4800000e+03   6.2280909e-01   1.3055283e-02
   1.4880000e+03   6.1887827e-01  -8.7047223e-03
   1.4960000e+03   6.1408542e-01   4.5697183e-03
   1.5040000e+03   6.3084692e-01  -2.1920928e-03
   1.5120000e+03   6.1959447e-01  -5.7108164e-03
   1.5200000e+03   6.1428674e-01   8.5389766e-03
   1.5280000e+03   6.2637273e-01  -2.1346448e-03
   1.5360000e+03   6.1514540e-01   4.4557251e-03
   1.5440000e+03   6.1715323e-01   5.7454362e-03
   1.5520000e+03   6.1512478e-01   2.4017162e-03
   1.5600000e+03   6.2294008e-01   1.9660441e-03
   1.5680000e+03   6.2260437e-01   5.3023360e-03
   1.5760000e+03   6.1781369e-01   2.6287782e-03
   1.5840000e+03   6.1139551e-01   6.8631830e-03
   1.5920000e+03   6.2093132e-01  -9.9290848e-03
   1.6000000e+03   6.1450705e-01  -8.2531386e-04
   1.6080000e+03   6.1829535e-01   2.8791254e-03
   1.6160000e+03   6.0647783e-01   4.7367774e-03
   1.6240000e+03   6.0610689e-01   6.3694553e-04
   1.6320000e+03   6.0546965e-01  -2.1098170e-03
   1.6400000e+03   6.0515482e-01  -2.9048905e-03
   1.6480000e+03   6.0804817e-01  -1.2487469e-02
   1.6560000e+03   6.0980356e-01  -7.6800112e-03
   1.6640000e+03   6.1158709e-01  -1.3579557e-03
   1.6720000e+03   6.1077461e-01  -2.5305491e-03
   1.6800000e+03   6.2309290e-01  -2.5865267e-03
   1.6880000e+03   6.1344254e-01   1.8179232e-02
   1.6960000e+03   6.1907881e-01   1.3530043e-02
   1.7040000e+03   6.1123185e-01  -1.3443972e-03
   1.7120000e+03   6.1456572e-01   5.4698116e-03
   1.7200000e+03   6.1104530e-01   4.3988869e-03
   1.7280000e+03   6.0539288e-01  -3.9874006e-03
   1.7360000e+03   5.9292979e-01  -1.9272259e-03
   1.7440000e+03   6.0414456e-01  -1.0025159e-03
   1.7520000e+03   6.0797520e-01  -1.8256749e-03
   1.7600000e+03   5.9742080e-01   4.7716730e-03
   1.7680000e+03   6.1008445e-01  -3.5675938e-04
   1.7760000e+03   6.1440804e-01  -2.2826052e-03
   1.7840000e+03   5.9313888e-01  -4.5072406e-03
   1.7920000e+03   5.8324810e-01  -5.8850795e-03
   1.8000000e+03   6.0137870e-01   7.4485491e-03
   1.8080000e+03   6.0161515e-01   8.8803302e-03
   1.8160000e+03   5.9785492e-01  -3.3735655e-04
   1.8240000e+03   5.8751138e-01   9.0730588e-03
   1.8320000e+03   6.0818165e-01   1.6529914e-03
   1.8400000e+03   6.0111259e-01   2.4293848e-04
   1.8480000e+03   6.0480904e-01  -2.3480572e-03
   1.8560000e+03   6.0250778e-01  -3.6949302e-03
   1.8640000e+03   5.9555717e-01   4.2465275e-03
   1.8720000e+03   6.0203081e-01   1.9233535e-03
   1.8800000e+03   5.9855364e-01  -6.7003511e-03
   1.8880000e+03   5.8881688e-01  -3.4162681e-04
   1.8960000e+03   5.9781938e-01  -5.1857080e-03
   1.9040000e+03   5.8956486e-01   9.9978306e-03
   1.9120000e+03   5.9463049e-01   8.2842007e-03
   1.9200000e+03   5.9566290e-01   7.6893913e-03
   1.9280000e+03   5.8596261e-01  -8.0256330e-03
   1.9360000e+03   5.9846772e-01  -5.4030135e-03
   1.9440000e+03   5.8740258e-01  -3.9175710e-04
   1.9520000e+03   5.9806866e-01   2.5685500e-03
   1.9600000e+03   5.9160388e-01  -2.8034615e-03
   1.9680000e+03   5.9970421e-01   9.1443636e-03
   1.9760000e+03   5.8580068e-01  -6.3400259e-03
   1.9840000e+03   5.8116966e-01   9.6631800e-03
   1.9920000e+03   5.8313291e-01  -8.9819809e-03
   2.0000000e+03   5.9144651e-01   8.3708876e-03
   2.0080000e+03   5.8451659e-01   5.5136050e-03
   2.0160000e+03   5.8067611e-01  -1.2069299e-02
   2.0240000e+03   5.8298759e-01  -3.7689797e-03
   2.0320000e+03   5.7888540e-01   2.4735577e-05
   2.0400000e+03   5.8406213e-01   5.8093042e-03
   2.0480000e+03   5.8923083e-01  -1.1668198e-02
   2.0560000e+03   5.8827384e-01  -4.5007818e-05
   2.0640000e+03   5.8370771e-01   4.4147171e-03
   2.0720000e+03   5.7644945e-01  -6.3810203e-03
   2.0800000e+03   5.8233587e-01   2.5997378e-03
   2.0880000e+03   5.8193294e-01   3.6569363e-03
   2.0960000e+03   5.8157405e-01   7.2048978e-04
   2.1040000e+03   5.8018817e-01   3.3958157e-03
   2.1120000e+03   5.7615993e-01   1.2685850e-03
   2.1200000e+03   5.7806722e-01   9.9064213e-04
   2.1280000e+03   5.8298165e-01   6.0516179e-03
   2.1360000e+03   5.7189099e-01  -3.6309213e-03
   2.1440000e+03   5.7118215e-01   1.0954367e-02
   2.1520000e+03   5.8533782e-01   7.3324195e-03
   2.1600000e+03   5.7741026e-01  -5.9351558e-03
   2.1680000e+03   5.7650997e-01   1.4741157e-03
   2.1760000e+03   5.7899122e-01  -1.7175155e-03
   2.1840000e+03   5.8856457e-01   2.7750747e-03
   2.1920000e+03   5.8445292e-01   2.2624619e-03
   2.2000000e+03   5.7035364e-01  -6.5819290e-03
   2.2080000e+03   5.7866156e-01  -8.2387112e-03
   2.2160000e+03   5.7921690e-01  -8.7879533e-04
   2.2240000e+03   5.6502397e-01  -1.5000211e-03
   2.2320000e+03   5.7860948e-01  -3.0858142e-03
   2.2400000e+03   5.7551651e-01   5.0031035e-04
   2.2480000e+03   5.7709921e-01  -5.1347979e-03
   2.2560000e+03   5.7674506e-01  -1.0158216e-02
   2.2640000e+03   5.6538731e-01   6.8651632e-03
   2.2720000e+03   5.6950758e-01  -6.3200168e-04
   2.2800000e+03   5.6511766e-01  -6.4873052e-03
   2.2880000e+03   5.7117070e-01   4.4852300e-03
   2.2960000e+03   5.7154358e-01   5.7429308e-03
   2.3040000e+03   5.7537904e-01  -4.0324819e-03
   2.3120000e+03   5.6840836e-01   6.6471847e-03
   2.3200000e+03   5.6540250e-01  -1.0976876e-02
   2.3280000e+03   5.7237081e-01  -7.3128624e-03
   2.3360000e+03   5.7752116e-01   8.0137417e-03
   2.3440000e+03   5.6352746e-01  -1.0579639e-03
   2.3520000e+03   5.7322320e-01   1.1696950e-03
   2.3600000e+03   5.7108840e-01   1.7819276e-03
   2.3680000e+03   5.6655129e-01   2.6793954e-04
   2.3760000e+03   5.7166379e-01   7.2952177e-03
   2.3840000e+03   5.6212234e-01  -8.2624056e-04
   2.3920000e+03   5.6919631e-01   6.3527487e-03
   2.4000000e+03   5.6695062e-01  -8.3658685e-03
   2.4080000e+03   5.6590042e-01  -1.1259959e-03
   2.4160000e+03   5.6894142e-01   5.2707899e-03
   2.4240000e+03   5.6173480e-01   3.0328925e-03
   2.4320000e+03   5.6566267e-01   1.0678284e-03
   2.4400000e+03   5.6578174e-01   1.2661594e-02
   2.4480000e+03   5.6921695e-01  -4.8812952e-03
   2.4560000e+03   5.6254350e-01  -2.5409005e-03
   2.4640000e+03   5.7442227e-01   3.9988842e-03
   2.4720000e+03   5.7352438e-01   5.4662633e-03
   2.4800000e+03   5.6942848e-01  -1.7560791e-03
   2.4880000e+03   5.7081151e-01  -4.0327269e-03
   2.4960000e+03   5.8118629e-01   7.3272205e-03
   2.5040000e+03   5.7061357e-01  -5.4291999e-03
   2.5120000e+03   5.6726934e-01  -4.6445557e-03
   2.5200000e+03   5.5435989e-01   3.1991136e-03
   2.5280000e+03   5.5996186e-01   2.6998983e-03
   2.5360000e+03   5.5982518e-01   6.7327075e-04
   2.5440000e+03   5.6381268e-01  -2.4898474e-03
   2.5520000e+03   5.5665554e-01   4.9785857e-03
   2.5600000e+03   5.6212069e-01   1.6475716e-03
   2.5680000e+03   5.5923635e-01  -1.3711718e-02
   2.5760000e+03   5.4881115e-01  -5.9808987e-03
   2.5840000e+03   5.7030429e-01  -5.1986431e-03
   2.5920000e+03   5.7071436e-01  -9.4800913e-03
   2.6000000e+03   5.6944744e-01   4.3554429e-03
   2.6080000e+03   5.4900400e-01   1.2716534e-02
   2.6160000e+03   5.6355490e-01  -3.9119663e-03
   2.6240000e+03   5.5431093e-01  -3.8878503e-04
   2.6320000e+03   5.6657012e-01   3.4949681e-03
   2.6400000e+03   5.4812473e-01  -1.6313644e-03
   2.6480000e+03   5.5218298e-01   7.3390844e-03
   2.6560000e+03   5.6938670e-01   2.6229032e-05
   2.6640000e+03   5.5737332e-01  -4.3795351e-03
   2.6720000e+03   5.6850141e-01  -2.0222177e-03
   2.6800000e+03   5.5744097e-01  -2.5556601e-03
   2.6880000e+03   5.5567905e-01  -1.0851790e-03
   2.6960000e+03   5.5843323e-01   2.8079472e-03
   2.7040000e+03   5.4189490e-01   1.7088034e-03
   2.7120000e+03   5.6246577e-01   1.9015430e-03
   2.7200000e+03   5.5427117e-01  -1.0828585e-02
   2.7280000e+03   5.5102236e-01   2.3140636e-03
   2.7360000e+03   5.4505622e-01   2.8807435e-03
   2.7440000e+03   5.6578567e-01   5.7420119e-04
   2.7520000e+03   5.4318783e-01   3.8714510e-03
   2.7600000e+03   5.4075749e-01  -3.0352631e-03
   2.7680000e+03   5.5072125e-01  -4.5041959e-03
   2.7760000e+03   5.5672572e-01   5.9413449e-03
   2.7840000e+03   5.6096199e-01  -3.9514228e-03
   2.7920000e+03   5.5866139e-01  -7.5457445e-03
   2.8000000e+03   5.5473727e-01  -6.3423091e-03
   2.8080000e+03   5.4938631e-01  -7.1974078e-03
   2.8160000e+03   5.5375481e-01  -2.9513771e-03
   2.8240000e+03   5.4096866e-01  -6.7302942e-03
   2.8320000e+03   5.5223247e-01  -7.7371011e-03
   2.8400000e+03   5.5408801e-01   3.8861923e-03
   2.8480000e+03   5.5280269e-01  -3.8156571e-03
   2.8560000e+03   5.4798378e-01   4.9686601e-03
   2.8640000e+03   5.5455701e-01  -1.6590670e-03
   2.8720000e+03   5.4950208e-01  -6.2609759e-03
   2.8800000e+03   5.5383914e-01  -2.5219010e-03
   2.8880000e+03   5.4802555e-01   4.5795351e-03
   2.8960000e+03   5.5333718e-01  -6.4864286e-03
   2.9040000e+03   5.4068195e-01   5.0793881e-04
   2.9120000e+03   5.5599235e-01  -5.8320950e-03
   2.9200000e+03   5.4251476e-01  -1.5063499e-03
   2.9280000e+03   5.4644665e-01  -2.9197848e-03
   2.9360000e+03   5.4725320e-01   3.4062256e-03
   2.9440000e+03   5.4252967e-01  -2.9729617e-03
   2.9520000e+03   5.4676581e-01   5.5812251e-04
   2.9600000e+03   5.5461997e-01   6.9028053e-05
   2.9680000e+03   5.4698457e-01   3.4777219e-03
   2.9760000e+03   5.4805277e-01   7.1261043e-03
   2.9840000e+03   5.5666731e-01  -9.7345307e-05
   2.9920000e+03   5.3963133e-01   5.3825436e-03
   3.0000000e+03   5.4090495e-01   6.9895079e-03
   3.0080000e+03   5.3704135e-01  -1.0272162e-02
   3.0160000e+03   5.4545645e-01   8.2385716e-03
   3.0240000e+03   5.4500014e-01  -8.7408024e-03
   3.0320000e+03   5.3092737e-01  -2.2025511e-03
   3.0400000e+03   5.4170238e-01   9.3258217e-03
   3.0480000e+03   5.4222417e-01  -7.2272543e-03
   3.0560000e+03   5.3555559e-01  -3.7344287e-03
   3.0640000e+03   5.5088200e-01  -3.6420927e-03
   3.0720000e+03   5.5383603e-01   5.8976669e-03
   3.0800000e+03   5.4081503e-01   3.2544516e-03
   3.0880000e+03   5.4083622e-01   6.8731785e-03
   3.0960000e+03   5.2927836e-01   5.4778876e-03
   3.1040000e+03   5.4622980e-01  -5.7451067e-04
   3.1120000e+03   5.2949995e-01  -6.5360414e-03
   3.1200000e+03   5.3348404e-01  -4.3949929e-03
   3.1280000e+03   5.5057019e-01  -9.5841557e-03
   3.1360000e+03   5.4611237e-01  -6.3890185e-03
   3.1440000e+03   5.3482890e-01   1.8751533e-03
   3.1520000e+03   5.3187136e-01  -7.3368123e-03
   3.1600000e+03   5.3583746e-01   3.3543611e-03
   3.1680000e+03   5.3642562e-01  -2.0891628e-03
   3.1760000e+03   5.4469355e-01   3.2449556e-03
   3.1840000e+03   5.4209717e-01  -9.4987201e-03
   3.1920000e+03   5.3366480e-01   3.7274715e-03
   3.2000000e+03   5.4079469e-01   2.2346676e-03
   3.2080000e+03   5.3684235e-01  -5.4398993e-03
   3.2160000e+03   5.3104129e-01   4.4334208e-03
   3.2240000e+03   5.3509277e-01   2.0308880e-03
   3.2320000e+03   5.3637164e-01  -5.7971418e-03
   3.2400000e+03   5.4402662e-01  -1.9295026e-03
   3.2480000e+03   5.3727320e-01   3.6140709e-03
   3.2560000e+03   5.2644090e-01  -2.4070413e-03
   3.2640000e+03   5.2542964e-01  -3.8509898e-04
   3.2720000e+03   5.3988460e-01   3.1337055e-03
   3.2800000e+03   5.3330167e-01   1.7007003e-03
   3.2880000e+03   5.4387907e-01   1.4656039e-02
   3.2960000e+03   5.3834167e-01  -3.0871787e-03
   3.3040000e+03   5.3187832e-01   1.3540512e-02
   3.3120000e+03   5.4276942e-01  -1.0595321e-04
   3.3200000e+03   5.3845265e-01  -5.9153383e-03
   3.3280000e+03   5.3876019e-01  -9.7947411e-04
   3.3360000e+03   5.4169651e-01  -2.8882954e-04
   3.3440000e+03   5.3039586e-01   3.5057181e-03
   3.3520000e+03   5.3609615e-01   4.0621593e-03
   3.3600000e+03   5.3112102e-01   7.2925497e-03
   3.3680000e+03   5.4154357e-01  -3.8293112e-03
   3.3760000e+03   5.2069004e-01   9.4216916e-03
   3.3840000e+03   5.3147676e-01  -3.6344162e-03
   3.3920000e+03   5.3945361e-01  -1.5230317e-03
   3.4000000e+03   5.3148978e-01  -2.6961168e-04
   3.4080000e+03   5.2841583e-01  -3.6756797e-03
   3.4160000e+03   5.3885169e-01   7.5004503e-03
   3.4240000e+03   5.2285122e-01   1.3252172e-03
   3.4320000e+03   5.2573251e-01  -1.4969221e-02
   3.4400000e+03   5.3281428e-01   9.2665905e-03
   3.4480000e+03   5.3465566e-01   1.3590975e-03
   3.4560000e+03   5.3432267e-01  -6.6935874e-04
   3.4640000e+03   5.3015304e-01  -2.2327797e-03
   3.4720000e+03   5.2387907e-01  -3.0017704e-03
   3.4800000e+03   5.2327939e-01   2.4083066e-04
   3.4880000e+03   5.3100295e-01  -8.3844048e-03
   3.4960000e+03   5.3097222e-01  -1.4288129e-03
   3.5040000e+03   5.3174858e-01  -2.7079773e-04
   3.5120000e+03   5.2498950e-01  -4.1962204e-03
   3.5200000e+03   5.3316934e-01   9.3464040e-04
   3.5280000e+03   5.2377771e-01   1.5864979e-03
   3.5360000e+03   5.3358113e-01   5.7632846e-03
   3.5440000e+03   5.3015266e-01   3.1774959e-05
   3.5520000e+03   5.2973259e-01   3.7851653e-03
   3.5600000e+03   5.1739700e-01   3.6514760e-03
   3.5680000e+03   5.3322621e-01  -4.7075736e-03
   3.5760000e+03   5.3211250e-01   2.2729900e-03
   3.5840000e+03   5.2010687e-01  -3.2132288e-03
   3.5920000e+03   5.3434967e-01  -1.3714563e-02
   3.6000000e+03   5.2290139e-01   1.5928551e-03
   3.6080000e+03   5.2494003e-01  -8.8231222e-04
   3.6160000e+03   5.1941977e-01   6.4520888e-03
   3.6240000e+03   5.1597751e-01   3.0615673e-03
   3.6320000e+03   5.2563530e-01  -4.6941953e-03
   3.6400000e+03   5.2850890e-01  -3.2141025e-03
   3.6480000e+03   5.1902383e-01   8.1788472e-03
   3.6560000e+03   5.2719667e-01  -9.2736277e-03
   3.6640000e+03   5.2862071e-01  -9.8635484e-03
   3.6720000e+03   5.2782236e-01   3.6596362e-03
   3.6800000e+03   5.3706373e-01  -3.2435527e-03
   3.6880000e+03   5.2545262e-01  -4.4681108e-03
   3.6960000e+03   5.3324064e-01  -6.2088572e-03
   3.7040000e+03   5.2856489e-01  -3.4751934e-03
   3.7120000e+03   5.1850110e-01   4.7233130e-03
   3.7200000e+03   5.1379711e-01  -1.0384713e-03
   3.7280000e+03   5.2704171e-01  -1.0882318e-02
   3.7360000e+03   5.1762385e-01   6.0923530e-03
   3.7440000e+03   5.2319026e-01   9.8552583e-03
   3.7520000e+03   5.2196087e-01   1.0246269e-03
   3.7600000e+03   5.1543255e-01   9.1453636e-04
   3.7680000e+03   5.1984253e-01  -1.3103353e-03
   3.7760000e+03   5.2128183e-01  -5.8932576e-03
   3.7840000e+03   5.1590746e-01   3.1127319e-03
   3.7920000e+03   5.1967682e-01  -8.9472313e-04
   3.8000000e+03   5.3206857e-01   9.1294027e-04
   3.8080000e+03   5.2003647e-01  -6.3409611e-04
   3.8160000e+03   5.2509058e-01   3.9406159e-03
   3.8240000e+03   5.2162871e-01   3.1466926e-03
   3.8320000e+03   5.1641917e-01   4.6917781e-03
   3.8400000e+03   5.1565941e-01   5.2010157e-03
   3.8480000e+03   5.1593783e-01  -2.1417009e-03
   3.8560000e+03   5.1543574e-01   6.0598599e-03
   3.8640000e+03   5.2493574e-01  -1.7681995e-03
   3.8720000e+03   5.0894305e-01   3.1590420e-03
   3.8800000e+03   5.1572309e-01  -8.2587178e-03
   3.8880000e+03   5.1424849e-01   1.5265945e-02
   3.8960000e+03   5.1422868e-01   1.0370790e-03
   3.9040000e+03   5.1895145e-01  -5.5264364e-03
   3.9120000e+03   5.0914947e-01   1.1863292e-02
   3.9200000e+03   5.1440803e-01   1.8848759e-04
   3.9280000e+03   5.0962296e-01  -9.2537021e-03
   3.9360000e+03   5.0289858e-01   8.4809475e-03
   3.9440000e+03   5.0125607e-01  -5.2421481e-03
   3.9520000e+03   5.1596822e-01   3.6021573e-03
   3.9600000e+03   5.1157497e-01  -4.0590161e-04
   3.9680000e+03   5.0870321e-01  -2.9910882e-03
   3.9760000e+03   5.0854458e-01   2.9609290e-03
   3.9840000e+03   5.1859829e-01  -4.0603329e-03
   3.9920000e+03   5.0742828e-01   3.9603277e-03
   4.0000000e+03   5.1948290e-01   8.5913770e-03
   4.0080000e+03   5.1620957e-01  -1.9961350e-03
   4.0160000e+03   5.1534798e-01   2.9326879e-03
   4.0240000e+03   5.1275280e-01   3.6518915e-03
   4.0320000e+03   5.1847467e-01  -3.7710484e-03
   4.0400000e+03   5.1286106e-01   9.9288665e-04
   4.0480000e+03   5.1438526e-01   3.5214347e-03
   4.0560000e+03   5.0833864e-01   2.5746253e-03
   4.0640000e+03   5.1533042e-01   3.6758992e-03
   4.0720000e+03   5.0663636e-01   4.0135160e-03
   4.0800000e+03   5.2362889e-01  -4.2099995e-04
   4.0880000e+03   5.0424255e-01  -7.5848870e-03
   4.0960000e+03   5.0673978e-01  -3.1852646e-03
   4.1040000e+03   5.0302911e-01   7.5730646e-03
   4.1120000e+03   5.0360640e-01   5.5836216e-03
   4.1200000e+03   5.0706829e-01   1.5630298e-03
   4.1280000e+03   5.1745571e-01  -3.1477876e-03
   4.1360000e+03   5.1854575e-01   1.7267789e-03
   4.1440000e+03   5.0425445e-01   2.3452417e-04
   4.1520000e+03   5.0385805e-01  -2.0687186e-03
   4.1600000e+03   5.1235161e-01   2.8522247e-03
   4.1680000e+03   5.1454853e-01   2.1980603e-03
   4.1760000e+03   5.0031741e-01   5.3018408e-03
   4.1840000e+03   5.1177170e-01   5.8251083e-03
   4.1920000e+03   5.0947644e-01   3.9494233e-03
   4.2000000e+03   5.1501689e-01  -1.6771196e-03
   4.2080000e+03   5.1380985e-01  -7.4089369e-03
   4.2160000e+03   4.9371859e-01   3.2324721e-03
   4.2240000e+03   5.0703333e-01  -1.7534703e-02
   4.2320000e+03   5.0224487e-01  -9.0262150e-03
   4.2400000e+03   5.0833163e-01   3.6920987e-03
   4.2480000e+03   5.0228454e-01  -3.1150841e-03
   4.2560000e+03   5.0194423e-01   9.0393245e-04
   4.2640000e+03   5.0551608e-01  -8.1691020e-04
   4.2720000e+03   5.1070163e-01   9.1186815e-03
   4.2800000e+03   4.9714253e-01   2.0228161e-03
   4.2880000e+03   5.1368489e-01  -3.4676243e-03
   4.2960000e+03   5.0257221e-01   2.6366663e-04
   4.3040000e+03   5.0056365e-01   1.6720183e-03
   4.3120000e+03   4.9871680e-01  -1.3433272e-04
   4.3200000e+03   5.1078627e-01  -1.8104752e-03
   4.3280000e+03   4.9779934e-01  -3.9928345e-03
   4.3360000e+03   5.0075722e-01   2.1783967e-03
   4.3440000e+03   4.9895128e-01   8.4157933e-03
   4.3520000e+03   5.0513184e-01   1.3504089e-02
   4.3600000e+03   5.0268751e-01   9.9810832e-04
   4.3680000e+03   4.9324412e-01   1.3269137e-02
   4.3760000e+03   4.9788279e-01  -3.0525384e-03
   4.3840000e+03   5.1109579e-01  -2.6633220e-03
   4.3920000e+03   4.9760865e-01  -1.4396205e-03
   4.4000000e+03   5.0202311e-01  -3.8181744e-03
   4.4080000e+03   4.9392378e-01   4.0054441e-03
   4.4160000e+03   4.9398575e-01  -9.2408033e-03
   4.4240000e+03   5.0364210e-01   7.4360044e-03
   4.4320000e+03   4.9093472e-01   1.2992838e-02
   4.4400000e+03   5.0544305e-01  -5.1573035e-03
   4.4480000e+03   5.0268393e-01   1.6091010e-03
   4.4560000e+03   5.0753682e-01   6.8724051e-03
   4.4640000e+03   4.9787725e-01   9.1401348e-04
   4.4720000e+03   5.0195947e-01  -8.2433446e-03
   4.4800000e+03   4.9406251e-01   5.1946099e-03
   4.4880000e+03   4.9675849e-01   7.0090265e-04
   4.4960000e+03   4.9822337e-01   6.9284126e-03
   4.5040000e+03   5.0376493e-01   1.0525720e-02
   4.5120000e+03   4.8727894e-01   4.2432641e-03
   4.5200000e+03   5.0736394e-01   3.4814371e-03
   4.5280000e+03   4.9505819e-01  -6.9442589e-03
   4.5360000e+03   5.0553928e-01  -8.7157046e-04
   4.5440000e+03   4.9618997e-01   3.4540062e-03
   4.5520000e+03   5.1547381e-01   2.9937420e-03
   4.5600000e+03   4.8766929e-01  -5.7693842e-03
   4.5680000e+03   5.0216288e-01  -9.4878714e-04
   4.5760000e+03   4.8810870e-01   5.8354377e-03
   4.5840000e+03   4.9772101e-01  -8.7806659e-03
   4.5920000e+03   4.9332055e-01  -1.6253655e-03
   4.6000000e+03   4.9888418e-01   3.6095840e-03
   4.6080000e+03   4.9842480e-01  -6.8753047e-03
   4.6160000e+03   4.9123705e-01  -2.3951692e-03
   4.6240000e+03   4.9337033e-01   9.8553366e-04
   4.6320000e+03   5.0381725e-01   4.9027238e-03
   4.6400000e+03   5.0397249e-01   2.1298833e-03
   4.6480000e+03   4.9087427e-01   2.2186728e-03
   4.6560000e+03   4.8728097e-01  -1.2663890e-02
   4.6640000e+03   5.0649455e-01   1.8590203e-03
   4.6720000e+03   4.9556663e-01   3.8768416e-03
   4.6800000e+03   4.9101408e-01   1.5888414e-03
   4.6880000e+03   5.0289777e-01   9.2736356e-03
   4.6960000e+03   5.0322109e-01   5.0070825e-03
   4.7040000e+03   4.9642067e-01   8.8260852e-03
   4.7120000e+03   4.9328467e-01   3.7219563e-03
   4.7200000e+03   4.9793389e-01  -3.8941577e-03
   4.7280000e+03   4.8587002e-01   1.0644588e-02
   4.7360000e+03   4.9861201e-01  -7.2839219e-04
   4.7440000e+03   4.9392252e-01   7.5174214e-03
   4.7520000e+03   4.9017402e-01   3.9927378e-03
   4.7600000e+03   4.9456550e-01   1.2884652e-03
   4.7680000e+03   4.9291038e-01   8.3735541e-04
   4.7760000e+03   4.8119564e-01  -2.1314098e-03
   4.7840000e+03   4.8794475e-01  -6.0264023e-03
   4.7920000e+03   4.8615579e-01   1.0016626e-03
   4.8000000e+03   4.8816196e-01  -2.3648815e-03
   4.8080000e+03   4.8421777e-01   4.2529028e-05
   4.8160000e+03   4.8683453e-01   8.4208627e-04
   4.8240000e+03   4.9852442e-01  -2.0002336e-03
   4.8320000e+03   4.9144266e-01  -5.6817707e-03
   4.8400000e+03   4.9184068e-01   3.1800793e-03
   4.8480000e+03   4.8963573e-01   4.8364539e-03
   4.8560000e+03   4.9473764e-01  -5.7009522e-03
   4.8640000e+03   4.9632970e-01  -6.8119186e-03
   4.8720000e+03   4.8434227e-01   3.1146999e-03
   4.8800000e+03   4.9479742e-01   5.7343881e-03
   4.8880000e+03   5.0182102e-01   6.9615798e-03
   4.8960000e+03   4.8549451e-01   1.9845407e-03
   4.9040000e+03   4.8221456e-01  -1.1686125e-02
   4.9120000e+03   4.9147624e-01   6.0642483e-04
   4.9200000e+03   4.8347192e-01   1.4687708e-03
   4.9280000e+03   4.9232699e-01  -5.1153295e-03
   4.9360000e+03   4.9009093e-01   1.5050020e-03
   4.9440000e+03   4.9547591e-01  -7.6725413e-03
   4.9520000e+03   4.8729746e-01  -1.2541988e-02
   4.9600000e+03   4.9529504e-01  -1.5223866e-04
   4.9680000e+03   4.9932310e-01   2.1970285e-03
   4.9760000e+03   4.9219716e-01   8.5161560e-03
   4.9840000e+03   4.9764990e-01   1.6494020e-03
   4.9920000e+03   4.8841835e-01   6.7777570e-03
   5.0000000e+03   4.8339964e-01  -5.1199430e-03
   5.0080000e+03   4.8809484e-01  -6.6874676e-03
   5.0160000e+03   4.8692571e-01   4.7142022e-04
   5.0240000e+03   4.9484182e-01  -4.7345742e-03
   5.0320000e+03   4.9109461e-01   2.1241858e-03
   5.0400000e+03   4.8137952e-01   4.5949415e-03
   5.0480000e+03   5.0018929e-01  -4.4294020e-03
   5.0560000e+03   4.8597864e-01  -3.3448389e-03
   5.0640000e+03   4.7855511e-01   1.1431629e-02
   5.0720000e+03   4.8676172e-01  -5.8397318e-04
   5.0800000e+03   4.8493677e-01  -3.7024429e-03
   5.0880000e+03   4.9469168e-01   2.6909456e-05
   5.0960000e+03   4.8987341e-01  -1.7591061e-03
   5.1040000e+03   4.9642864e-01   1.5318361e-03
   5.1120000e+03   4.8878411e-01   3.2735048e-03
   5.1200000e+03   4.8387398e-01   1.1840263e-03
   5.1280000e+03   4.7359958e-01  -9.4465919e-03
   5.1360000e+03   4.8676671e-01   3.4085790e-03
   5.1440000e+03   4.8972697e-01   2.3198601e-03
   5.1520000e+03   4.8314485e-01  -2.7873967e-04
   5.1600000e+03   4.8131260e-01  -5.4502713e-03
   5.1680000e+03   4.8316892e-01   1.9494230e-03
   5.1760000e+03   4.8106729e-01  -4.3310803e-03
   5.1840000e+03   4.8407748e-01   9.4732649e-04
   5.1920000e+03   4.7755438e-01   8.1477411e-03
   5.2000000e+03   4.8585622e-01   7.0712542e-03
   5.2080000e+03   4.8682995e-01   4.7329659e-03
   5.2160000e+03   4.9166937e-01   6.3397979e-03
   5.2240000e+03   4.8254245e-01  -4.7434940e-03
   5.2320000e+03   4.8519192e-01   5.0639062e-03
   5.2400000e+03   4.9345072e-01  -1.0570385e-03
   5.2480000e+03   4.8570331e-01  -3.6834203e-03
   5.2560000e+03   4.7332399e-01  -7.7393260e-03
   5.2640000e+03   4.7872682e-01   3.6476982e-03
   5.2720000e+03   4.8829196e-01  -1.0010600e-02
   5.2800000e+03   4.8127019e-01  -8.7643036e-03
   5.2880000e+03   4.7397103e-01  -1.6309539e-05
   5.2960000e+03   4.8002175e-01  -6.5842979e-04
   5.3040000e+03   4.6836532e-01  -5.7926629e-04
   5.3120000e+03   4.7942420e-01   2.3851246e-03
   5.3200000e+03   4.7179710e-01  -8.1984650e-03
   5.3280000e+03   4.7741649e-01  -6.4894049e-03
   5.3360000e+03   4.8422164e-01   2.5675225e-03
   5.3440000e+03   4.7147683e-01  -1.5844158e-03
   5.3520000e+03   4.6669172e-01   4.5639554e-03
   5.3600000e+03   4.7749943e-01   1.2442899e-02
   5.3680000e+03   4.7402523e-01   8.5255712e-03
   5.3760000e+03   4.8888681e-01   8.4781414e-03
   5.3840000e+03   4.7707962e-01   6.2556056e-03
   5.3920000e+03   4.7186661e-01  -1.2197284e-02
   5.4000000e+03   4.7664432e-01  -1.4014933e-03
   5.4080000e+03   4.8423737e-01   6.5074094e-04
   5.4160000e+03   4.7734010e-01  -6.4460071e-03
   5.4240000e+03   4.8094785e-01   1.6605704e-03
   5.4320000e+03   4.7259753e-01   7.7287313e-03
   5.4400000e+03   4.8611273e-01   4.9525197e-04
   5.4480000e+03   4.7963745e-01   2.0817380e-03
   5.4560000e+03   4.7719293e-01  -5.2539435e-03
   5.4640000e+03   4.7094511e-01   7.1573374e-03
   5.4720000e+03   4.8519019e-01  -7.4456422e-03
   5.4800000e+03   4.7934038e-01  -5.2699105e-03
   5.4880000e+03   4.7489287e-01   4.0232237e-03
   5.4960000e+03   4.7579833e-01  -3.8038906e-03
   5.5040000e+03   4.7104391e-01  -2.3997058e-04
   5.5120000e+03   4.6767491e-01  -3.7094171e-03
   5.5200000e+03   4.7815449e-01   1.1137865e-03
   5.5280000e+03   4.7942834e-01   7.3197436e-04
   5.5360000e+03   4.7364744e-01  -7.2680848e-03
   5.5440000e+03   4.7530891e-01   7.9171425e-03
   5.5520000e+03   4.7208380e-01   3.9426211e-03
   5.5600000e+03   4.6732977e-01   2.4864657e-03
   5.5680000e+03   4.7870107e-01  -5.8393424e-04
   5.5760000e+03   4.8290821e-01  -7.2620131e-03
   5.5840000e+03   4.7496942e-01  -7.2110218e-04
   5.5920000e+03   4.7306845e-01  -1.8200471e-03
   5.6000000e+03   4.7812922e-01  -4.2716913e-03
   5.6080000e+03   4.7505718e-01   6.3717505e-03
   5.6160000e+03   4.6340225e-01   7.5959652e-03
   5.6240000e+03   4.7013952e-01  -1.5618335e-03
   5.6320000e+03   4.7354132e-01   5.3962587e-03
   5.6400000e+03   4.7807493e-01  -1.0832527e-03
   5.6480000e+03   4.7993558e-01  -1.2595830e-04
   5.6560000e+03   4.7460578e-01  -5.7235767e-03
   5.6640000e+03   4.7149148e-01   9.8367653e-03
   5.6720000e+03   4.7884798e-01  -1.4940201e-03
   5.6800000e+03   4.7269238e-01  -3.3123810e-04
   5.6880000e+03   4.7389854e-01  -1.8536613e-03
   5.6960000e+03   4.6731712e-01   4.3150803e-03
   5.7040000e+03   4.6999526e-01  -3.9537138e-03
   5.7120000e+03   4.6839834e-01  -1.3029973e-02
   5.7200000e+03   4.6928227e-01  -8.0965410e-03
   5.7280000e+03   4.6007882e-01  -4.3505604e-03
   5.7360000e+03   4.5836282e-01  -5.8622960e-03
   5.7440000e+03   4.6497081e-01  -1.4858406e-03
   5.7520000e+03   4.7161377e-01  -8.4417922e-03
   5.7600000e+03   4.6925319e-01   1.0238744e-02
   5.7680000e+03   4.7130639e-01  -7.4012505e-03
   5.7760000e+03   4.7608955e-01  -1.6476655e-03
   5.7840000e+03   4.7059972e-01  -4.3871408e-03
   5.7920000e+03   4.7547778e-01   4.8277503e-03
   5.8000000e+03   4.7578756e-01   5.6828697e-03
   5.8080000e+03   4.6082664e-01   1.5688493e-03
   5.8160000e+03   4.7103435e-01   8.1332040e-03
   5.8240000e+03   4.6401982e-01   1.3124768e-02
   5.8320000e+03   4.7291448e-01   7.2175763e-04
   5.8400000e+03   4.6896666e-01  -2.8392337e-03
   5.8480000e+03   4.6865725e-01  -8.6246629e-04
   5.8560000e+03   4.8038483e-01   4.7711218e-03
   5.8640000e+03   4.7001015e-01   1.0855040e-03
   5.8720000e+03   4.5924678e-01   1.8674182e-03
   5.8800000e+03   4.6813421e-01  -5.9648532e-03
   5.8880000e+03   4.6581558e-01  -4.6498943e-03
   5.8960000e+03   4.5762472e-01  -3.8552362e-03
   5.9040000e+03   4.6883496e-01   1.7365560e-03
   5.9120000e+03   4.5880325e-01  -2.9882645e-03
   5.9200000e+03   4.8065710e-01   7.8663322e-03
   5.9280000e+03   4.7232814e-01   1.5069755e-03
   5.9360000e+03   4.5707136e-01   9.7266384e-03
   5.9440000e+03   4.6954711e-01  -3.3375270e-03
   5.9520000e+03   4.5611807e-01  -1.9874727e-03
   5.9600000e+03   4.7108915e-01   1.8712692e-03
   5.9680000e+03   4.6495367e-01  -4.5960234e-03
   5.9760000e+03   4.6795517e-01   2.9423474e-03
   5.9840000e+03   4.6860435e-01   4.5005953e-03
   5.9920000e+03   4.6535391e-01  -4.4404231e-03
   6.0000000e+03   4.5597281e-01   1.1210529e-02
   6.0080000e+03   4.5593858e-01  -1.5209885e-03
   6.0160000e+03   4.6530593e-01   4.5953982e-03
   6.0240000e+03   4.6095504e-01  -7.0924266e-03
   6.0320000e+03   4.5757596e-01  -6.0670880e-04
   6.0400000e+03   4.6500341e-01   2.0207120e-03
   6.0480000e+03   4.6076886e-01   5.5615485e-03
   6.0560000e+03   4.5737147e-01   3.4611774e-03
   6.0640000e+03   4.6687441e-01   1.7790522e-03
   6.0720000e+03   4.5670152e-01   3.5623126e-03
   6.0800000e+03   4.6589138e-01   7.0073730e-03
   6.0880000e+03   4.5940535e-01  -1.4089643e-03
   6.0960000e+03   4.5440078e-01   6.6873519e-03
   6.1040000e+03   4.6225712e-01  -7.8448519e-03
   6.1120000e+03   4.5801464e-01   3.7100799e-03
   6.1200000e+03   4.5502622e-01   2.2047046e-03
   6.1280000e+03   4.6044029e-01   1.9256549e-03
   6.1360000e+03   4.4815481e-01   8.3786730e-03
   6.1440000e+03   4.5481610e-01   3.6039709e-03
   6.1520000e+03   4.6325506e-01   2.7602306e-03
   6.1600000e+03   4.5954175e-01   4.8265845e-03
   6.1680000e+03   4.5908856e-01  -6.1098963e-03
   6.1760000e+03   4.6495954e-01  -5.4286053e-05
   6.1840000e+03   4.5991057e-01   8.2509271e-03
   6.1920000e+03   4.5709135e-01  -3.6844186e-03
   6.2000000e+03   4.6565200e-01  -4.0973063e-03
   6.2080000e+03   4.6578456e-01   2.7646366e-03
   6.2160000e+03   4.5823258e-01  -3.9401507e-03
   6.2240000e+03   4.6398692e-01   1.7234343e-03
   6.2320000e+03   4.5748817e-01   1.5835187e-03
   6.2400000e+03   4.5901890e-01   6.8726683e-03
   6.2480000e+03   4.4324774e-01   1.1718931e-02
   6.2560000e+03   4.5504583e-01  -3.4982929e-03
   6.2640000e+03   4.6631197e-01   1.2626709e-02
   6.2720000e+03   4.7114424e-01  -3.7892919e-03
   6.2800000e+03   4.5538380e-01  -8.9921078e-04
   6.2880000e+03   4.5909223e-01   1.1724040e-02
   6.2960000e+03   4.6189237e-01   2.7129135e-04
   6.3040000e+03   4.6060833e-01  -3.0653817e-03
   6.3120000e+03   4.6468031e-01  -1.4263859e-02
   6.3200000e+03   4.6150143e-01   4.7694416e-03
   6.3280000e+03   4.6016454e-01  -3.8532222e-03
   6.3360000e+03   4.5434754e-01   8.0584518e-03
   6.3440000e+03   4.5443205e-01  -3.9820088e-04
   6.3520000e+03   4.5454751e-01  -6.0024855e-03
   6.3600000e+03   4.6031027e-01  -1.1441744e-02
   6.3680000e+03   4.5700896e-01  -1.1596599e-02
   6.3760000e+03   4.5988122e-01  -9.8003437e-05
   6.3840000e+03   4.6114858e-01   7.1141424e-03
   6.3920000e+03   4.6877617e-01  -3.5980069e-03
   6.4000000e+03   4.4590227e-01   7.2275336e-03
   6.4080000e+03   4.6086329e-01   2.6860883e-03
   6.4160000e+03   4.6711577e-01  -6.7716996e-03
   6.4240000e+03   4.5275967e-01  -4.3741515e-03
   6.4320000e+03   4.6598288e-01  -5.3722503e-03
   6.4400000e+03   4.4154466e-01  -7.3108214e-04
   6.4480000e+03   4.6190618e-01   1.0843512e-03
   6.4560000e+03   4.4708210e-01  -2.1685707e-03
   6.4640000e+03   4.6373711e-01   8.0637716e-03
   6.4720000e+03   4.5684452e-01   1.2229448e-03
   6.4800000e+03   4.5341800e-01   2.8657283e-03
   6.4880000e+03   4.6180828e-01  -1.0922415e-03
   6.4960000e+03   4.6250542e-01  -3.8347744e-03
   6.5040000e+03   4.6397040e-01  -4.0518080e-03
   6.5120000e+03   4.5309370e-01   6.1269873e-03
   6.5200000e+03   4.5725110e-01  -2.3174301e-03
   6.5280000e+03   4.5376274e-01  -2.4018331e-03
   6.5360000e+03   4.6915535e-01   9.3035774e-03
   6.5440000e+03   4.5473956e-01  -1.8294747e-03
   6.5520000e+03   4.5274984e-01   3.9717096e-03
   6.5600000e+03   4.6175885e-01  -5.4041652e-03
   6.5680000e+03   4.5000680e-01  -8.6459276e-04
   6.5760000e+03   4.6104112e-01  -3.7862905e-03
   6.5840000e+03   4.5895657e-01   2.5447779e-03
   6.5920000e+03   4.5778646e-01  -9.1017085e-03
   6.6000000e+03   4.4373210e-01   6.8877709e-04
   6.6080000e+03   4.5749549e-01   2.1499781e-04
   6.6160000e+03   4.5021548e-01   9.1707373e-04
   6.6240000e+03   4.6367190e-01  -3.9504103e-03
   6.6320000e+03   4.5833098e-01   3.1679533e-04
   6.6400000e+03   4.5590493e-01   6.4104472e-03
   6.6480000e+03   4.5010898e-01   3.1044937e-03
   6.6560000e+03   4.4426268e-01  -1.6964379e-03
   6.6640000e+03   4.5384955e-01  -2.1459791e-03
   6.6720000e+03   4.4645725e-01   6.9932632e-03
   6.6800000e+03   4.4494971e-01  -3.7007397e-03
   6.6880000e+03   4.5535756e-01   3.8181966e-03
   6.6960000e+03   4.5814736e-01   1.2894877e-03
   6.7040000e+03   4.5034887e-01  -1.2322712e-04
   6.7120000e+03   4.5840949e-01   6.9727002e-03
   6.7200000e+03   4.6007522e-01  -8.1604681e-03
   6.7280000e+03   4.5204793e-01  -2.7431358e-03
   6.7360000e+03   4.5286970e-01   8.4308835e-03
   6.7440000e+03   4.5172718e-01   5.2223395e-03
   6.7520000e+03   4.4653081e-01   9.1862547e-03
   6.7600000e+03   4.5354361e-01  -4.9970757e-03
   6.7680000e+03   4.4479837e-01   6.4579802e-03
   6.7760000e+03   4.5599694e-01   2.7637297e-04
   6.7840000e+03   4.4329291e-01  -1.6801587e-03
   6.7920000e+03   4.5711741e-01   7.9942729e-04
   6.8000000e+03   4.5582361e-01  -2.2915850e-03
   6.8080000e+03   4.5312660e-01   3.8608209e-03
   6.8160000e+03   4.4920074e-01  -7.7055491e-04
   6.8240000e+03   4.4538344e-01   2.6360627e-03
   6.8320000e+03   4.5510954e-01  -7.6883350e-03
   6.8400000e+03   4.4440382e-01   9.0590886e-03
   6.8480000e+03   4.4795194e-01   9.3939869e-03
   6.8560000e+03   4.4413656e-01  -5.9493572e-03
   6.8640000e+03   4.4607041e-01   2.8185990e-03
   6.8720000e+03   4.5041317e-01   1.0368501e-02
   6.8800000e+03   4.4592469e-01  -3.4243582e-03
   6.8880000e+03   4.5303373e-01   8.4284869e-04
   6.8960000e+03   4.4537147e-01  -6.9695755e-03
   6.9040000e+03   4.4488408e-01  -3.9763377e-03
   6.9120000e+03   4.5257304e-01  -7.6152194e-04
   6.9200000e+03   4.5335814e-01   1.2318923e-03
   6.9280000e+03   4.5245597e-01   3.9217998e-03
   6.9360000e+03   4.4503520e-01  -2.8576166e-03
   6.9440000e+03   4.5332944e-01  -6.7060926e-04
   6.9520000e+03   4.4823719e-01   3.4032649e-03
   6.9600000e+03   4.4934266e-01   3.8856463e-03
   6.9680000e+03   4.4112263e-01   5.1232390e-03
   6.9760000e+03   4.4814717e-01  -3.8630091e-04
   6.9840000e+03   4.4617001e-01  -4.3539158e-03
   6.9920000e+03   4.3754426e-01  -1.0223824e-03
   7.0000000e+03   4.5087854e-01   4.4355492e-03
   7.0080000e+03   4.4209574e-01   1.4161145e-03
   7.0160000e+03   4.4570605e-01  -1.3770725e-02
   7.0240000e+03   4.4762759e-01  -5.2563736e-03
   7.0320000e+03   4.4578745e-01  -5.9925850e-03
   7.0400000e+03   4.4112277e-01  -3.0325369e-03
   7.0480000e+03   4.3961617e-01   1.6787056e-03
   7.0560000e+03   4.5266903e-01   1.1568345e-02
   7.0640000e+03   4.4060637e-01   3.3942732e-03
   7.0720000e+03   4.4589497e-01  -1.3389763e-04
   7.0800000e+03   4.4159290e-01  -3.1748947e-03
   7.0880000e+03   4.4821115e-01  -1.8564954e-04
   7.0960000e+03   4.4494340e-01  -6.6980961e-04
   7.1040000e+03   4.4697891e-01  -4.6692034e-04
   7.1120000e+03   4.4275058e-01  -8.9736044e-03
   7.1200000e+03   4.3792335e-01  -2.6834372e-03
   7.1280000e+03   4.4156062e-01   3.6084979e-03
