   0.0000000e+00   9.1463235e-01   3.2379059e-02
   8.0000000e+00   8.7686349e-01   3.6245319e-02
   1.6000000e+01   9.0739626e-01  -3.0476515e-02
   2.4000000e+01   8.8386633e-01  -1.6834193e-02
   3.2000000e+01   9.1866051e-01  -9.3746489e-03
   4.0000000e+01   9.4515207e-01   7.7270578e-02
   4.8000000e+01   9.0036399e-01   1.4076253e-03
   5.6000000e+01   9.5152882e-01   3.7160231e-02
   6.4000000e+01   9.8631382e-01   5.3165529e-02
   7.2000000e+01   9.4257521e-01   7.2927026e-03
   8.0000000e+01   1.0355353e+00   1.5414520e-02
   8.8000000e+01   9.8563838e-01   1.8742123e-02
   9.6000000e+01   1.0193083e+00   4.9187565e-02
   1.0400000e+02   9.7740008e-01  -3.0138862e-02
   1.1200000e+02   1.0324098e+00   5.8257111e-02
   1.2000000e+02   1.0502998e+00   4.9599782e-02
   1.2800000e+02   9.4168498e-01  -5.3531842e-02
   1.3600000e+02   9.5180269e-01   1.8604993e-02
   1.4400000e+02   1.0037332e+00   3.2105056e-02
   1.5200000e+02   1.0156499e+00  -2.6103048e-02
   1.6000000e+02   9.6040277e-01  -3.6645803e-02
   1.6800000e+02   9.8519038e-01   8.0538856e-03
   1.7600000e+02   9.8149524e-01   9.0821070e-02
   1.8400000e+02   8.4342434e-01  -8.3743412e-03
   1.9200000e+02   9.1112269e-01  -5.2914426e-02
   2.0000000e+02   9.4485714e-01   2.6364760e-03
   2.0800000e+02   9.1255728e-01  -6.3176391e-04
   2.1600000e+02   8.6143405e-01   5.4837682e-02
   2.2400000e+02   9.4417891e-01  -3.4110131e-02
   2.3200000e+02   8.5440771e-01  -1.5040840e-02
   2.4000000e+02   8.7305389e-01   2.8163351e-02
   2.4800000e+02   8.5719532e-01   1.1482439e-02
   2.5600000e+02   8.2139474e-01  -3.3459385e-03
   2.6400000e+02   8.1860759e-01  -9.0230106e-03
   2.7200000e+02   8.5817743e-01  -1.4784607e-02
   2.8000000e+02   8.8343632e-01   1.7191421e-02
   2.8800000e+02   8.3667496e-01  -1.2585481e-01
   2.9600000e+02   8.7181888e-01  -2.5923975e-02
   3.0400000e+02   8.6806806e-01  -4.3610087e-02
   3.1200000e+02   8.6029091e-01  -9.7212975e-03
   3.2000000e+02   8.5402809e-01  -1.3360554e-02
   3.2800000e+02   8.2144204e-01  -2.8613828e-02
   3.3600000e+02   7.9452538e-01   2.5776186e-02
   3.4400000e+02   8.4541342e-01   1.3410221e-02
   3.5200000e+02   8.1818942e-01  -1.9859985e-02
   3.6000000e+02   8.0691906e-01   7.9541990e-02
   3.6800000e+02   7.8585977e-01   2.9291039e-02
   3.7600000e+02   7.8900514e-01  -7.7476014e-02
   3.8400000e+02   7.5304428e-01  -3.8543865e-02
   3.9200000e+02   8.3681305e-01  -8.2096228e-03
   4.0000000e+02   7.7314934e-01  -9.3392337e-03
   4.0800000e+02   7.2148511e-01  -3.1349796e-02
   4.1600000e+02   8.1311147e-01  -5.5540926e-02
   4.2400000e+02   7.8990329e-01  -1.1654195e-02
   4.3200000e+02   7.5120016e-01  -5.7519452e-02
   4.4000000e+02   7.8963785e-01  -5.1662776e-02
   4.4800000e+02   7.3104658e-01   3.9346394e-02
   4.5600000e+02   7.6991310e-01   2.0740767e-03
   4.6400000e+02   8.2145555e-01   3.6772415e-02
   4.7200000e+02   7.7980341e-01  -3.2440130e-02
   4.8000000e+02   7.5472280e-01  -4.2358605e-02
   4.8800000e+02   7.9458429e-01   4.7360630e-02
   4.9600000e+02   7.1640517e-01  -3.6955095e-03
   5.0400000e+02   8.3336462e-01   1.4340804e-02
   5.1200000e+02   8.0245336e-01   7.2549018e-02
   5.2000000e+02   7.1267755e-01   4.4705085e-02
   5.2800000e+02   8.1206919e-01   1.3520436e-02
   5.3600000e+02   7.0968798e-01   1.2140334e-02
   5.4400000e+02   7.5101911e-01   1.7970587e-02
   5.5200000e+02   7.3033216e-01  -4.9760052e-03
   5.6000000e+02   8.1056541e-01   5.6912541e-02
   5.6800000e+02   8.6680470e-01   2.4045539e-02
   5.7600000e+02   6.9879367e-01  -9.6923627e-02
   5.8400000e+02   7.3241725e-01  -2.0484555e-02
   5.9200000e+02   7.1985301e-01   1.1507859e-02
   6.0000000e+02   6.6973345e-01   6.9288007e-02
   6.0800000e+02   7.7135993e-01   3.4005487e-02
   6.1600000e+02   8.4336584e-01   5.6387143e-02
   6.2400000e+02   7.5955567e-01  -7.5929530e-03
   6.3200000e+02   7.3187853e-01  -3.3882179e-02
   6.4000000e+02   7.9379899e-01   2.2584646e-02
   6.4800000e+02   7.9374018e-01   5.2507032e-03
   6.5600000e+02   7.6181910e-01  -3.2112696e-02
   6.6400000e+02   7.3387140e-01   2.5211787e-02
   6.7200000e+02   8.1185728e-01  -4.6958737e-03
   6.8000000e+02   7.3744637e-01  -1.1052658e-02
   6.8800000e+02   7.4061425e-01  -6.0768757e-02
   6.9600000e+02   7.4187852e-01  -6.4218917e-02
   7.0400000e+02   6.8197227e-01  -7.2385268e-03
   7.1200000e+02   8.1717974e-01   2.0554403e-02
   7.2000000e+02   7.7503471e-01  -2.1640311e-02
   7.2800000e+02   7.3871548e-01  -3.0048694e-02
   7.3600000e+02   7.0927376e-01   7.0158162e-03
   7.4400000e+02   6.8899601e-01   4.0712389e-02
   7.5200000e+02   7.8840041e-01  -2.2234679e-02
   7.6000000e+02   7.3191664e-01   1.2322795e-02
   7.6800000e+02   7.5682616e-01  -1.8576600e-02
   7.7600000e+02   7.3180828e-01  -3.3883324e-02
   7.8400000e+02   6.6042756e-01   3.5641014e-02
   7.9200000e+02   7.2291771e-01   4.3763397e-02
   8.0000000e+02   7.4997980e-01  -2.9326232e-02
   8.0800000e+02   8.3354929e-01   9.1851470e-02
   8.1600000e+02   7.9274488e-01   2.3563676e-02
   8.2400000e+02   6.9902349e-01   2.1674244e-02
   8.3200000e+02   8.3446589e-01   2.0260899e-03
   8.4000000e+02   7.6323554e-01   1.7275290e-02
   8.4800000e+02   7.2638116e-01  -4.1967182e-02
   8.5600000e+02   7.4593294e-01  -5.8905129e-02
   8.6400000e+02   7.5791330e-01   1.8119701e-02
   8.7200000e+02   7.0018507e-01  -2.9324205e-03
   8.8000000e+02   7.4646083e-01  -2.4684871e-03
   8.8800000e+02   7.8359716e-01  -2.3033822e-02
   8.9600000e+02   7.9145050e-01   2.9032418e-02
   9.0400000e+02   7.7844193e-01   4.2172038e-02
   9.1200000e+02   8.1057990e-01  -6.6488458e-02
   9.2000000e+02   7.5135852e-01  -2.8738567e-02
   9.2800000e+02   7.8953045e-01   9.3190157e-02
   9.3600000e+02   7.2668341e-01  -3.6329063e-02
   9.4400000e+02   6.8501886e-01   6.0354856e-02
   9.5200000e+02   6.7941670e-01  -3.4738146e-02
   9.6000000e+02   7.2207414e-01   2.3084724e-02
   9.6800000e+02   7.2414244e-01  -1.2518620e-02
   9.7600000e+02   7.5315034e-01  -2.7956712e-03
   9.8400000e+02   7.1030192e-01  -2.5902428e-04
   9.9200000e+02   7.7797307e-01   2.8380283e-02
   1.0000000e+03   7.4048380e-01   2.4216794e-02
   1.0080000e+03   6.6712791e-01  -7.9070089e-03
   1.0160000e+03   7.1159591e-01   1.2824448e-03
   1.0240000e+03   7.0490713e-01   2.0843414e-02
   1.0320000e+03   6.4087365e-01   2.5818105e-02
   1.0400000e+03   7.8369735e-01   1.0130230e-01
   1.0480000e+03   7.0958000e-01  -5.5428543e-02
   1.0560000e+03   6.8514576e-01   7.9557901e-03
   1.0640000e+03   7.0275599e-01   1.0351165e-01
   1.0720000e+03   7.2801617e-01  -4.6909601e-02
   1.0800000e+03   6.2005741e-01  -3.1168355e-02
   1.0880000e+03   6.2563863e-01  -5.2401404e-02
   1.0960000e+03   6.5028041e-01  -1.1960890e-02
   1.1040000e+03   6.8695888e-01   1.8674864e-03
   1.1120000e+03   6.2369134e-01   9.3311721e-03
   1.1200000e+03   7.1728185e-01   4.3777300e-02
   1.1280000e+03   7.4344656e-01   2.4069598e-02
   1.1360000e+03   7.1752062e-01   2.2988448e-02
   1.1440000e+03   6.5798308e-01   5.5468462e-02
   1.1520000e+03   7.3798060e-01   1.6953967e-03
   1.1600000e+03   6.6331735e-01  -9.3743006e-04
   1.1680000e+03   6.8413583e-01  -2.4862386e-03
   1.1760000e+03   6.9021883e-01   3.5546976e-02
   1.1840000e+03   7.2295950e-01   4.1065908e-02
   1.1920000e+03   6.9713263e-01  -1.1376848e-02
   1.2000000e+03   5.6066530e-01  -4.3436723e-03
   1.2080000e+03   6.8958674e-01   1.9044826e-02
   1.2160000e+03   6.4519078e-01   4.8601837e-02
   1.2240000e+03   6.7704335e-01   7.1335405e-02
   1.2320000e+03   7.1680651e-01  -2.4716470e-03
   1.2400000e+03   6.4457620e-01  -7.2916694e-02
   1.2480000e+03   6.7988369e-01   1.8987741e-02
   1.2560000e+03   6.1241033e-01   3.3606333e-04
   1.2640000e+03   6.6756418e-01   3.1967187e-02
   1.2720000e+03   6.4677569e-01  -2.1913520e-02
   1.2800000e+03   6.7054727e-01   2.5327386e-02
   1.2880000e+03   6.6694188e-01  -3.1337224e-02
   1.2960000e+03   5.7522088e-01   2.7633263e-02
   1.3040000e+03   6.8351564e-01  -6.5430050e-02
   1.3120000e+03   6.5910853e-01  -1.7460767e-02
   1.3200000e+03   6.7544173e-01  -3.4592117e-02
   1.3280000e+03   6.5169982e-01   9.8341385e-02
   1.3360000e+03   6.3270804e-01  -3.0860168e-02
   1.3440000e+03   6.5091033e-01  -5.2274815e-02
   1.3520000e+03   6.1926216e-01   7.6130005e-02
   1.3600000e+03   6.2955115e-01  -5.1146999e-02
   1.3680000e+03   6.6066581e-01   3.5908077e-02
   1.3760000e+03   6.6116342e-01  -2.4156870e-02
   1.3840000e+03   6.3769100e-01   1.3885602e-03
   1.3920000e+03   6.5849820e-01  -2.9675225e-02
   1.4000000e+03   6.1342734e-01  -6.8666212e-02
   1.4080000e+03   5.8520694e-01  -4.7943781e-02
   1.4160000e+03   6.4320030e-01  -5.8675355e-02
   1.4240000e+03   5.7029648e-01   1.5520219e-02
   1.4320000e+03   6.2182894e-01   4.6187335e-02
   1.4400000e+03   6.9450329e-01   2.7605507e-02
   1.4480000e+03   6.8768491e-01  -1.2900113e-02
   1.4560000e+03   6.3111541e-01   4.4882455e-02
   1.4640000e+03   6.8742792e-01  -9.7110622e-02
   1.4720000e+03   7.1134280e-01   5.4049256e-02
   1.4800000e+03   5.9841235e-01   5.5990608e-02
   1.4880000e+03   6.3928755e-01   2.8098175e-03
   1.4960000e+03   6.3827631e-01   4.9285039e-02
   1.5040000e+03   6.5896447e-01   2.7226542e-02
   1.5120000e+03   6.8671406e-01   2.4710822e-02
   1.5200000e+03   6.1418234e-01  -2.4818687e-02
   1.5280000e+03   6.9427128e-01  -2.8050149e-03
   1.5360000e+03   5.8081232e-01   2.3708328e-02
   1.5440000e+03   6.3275502e-01   1.9010785e-03
   1.5520000e+03   6.5213266e-01   1.0039359e-02
   1.5600000e+03   5.7472067e-01  -5.9700470e-02
   1.5680000e+03   6.1681083e-01  -2.2499211e-02
   1.5760000e+03   6.4739776e-01   1.4427698e-02
   1.5840000e+03   5.8519492e-01   1.0065500e-01
   1.5920000e+03   6.5685626e-01   7.7217192e-02
   1.6000000e+03   5.6859178e-01  -5.9187506e-02
   1.6080000e+03   6.1492435e-01   7.8627712e-03
   1.6160000e+03   7.0300585e-01   6.9444619e-02
   1.6240000e+03   6.0064917e-01  -1.2271946e-02
   1.6320000e+03   6.1092375e-01  -1.2708625e-02
   1.6400000e+03   6.4900889e-01  -1.0960732e-02
   1.6480000e+03   5.6199700e-01   2.6555099e-02
   1.6560000e+03   6.6662305e-01   1.6680308e-02
   1.6640000e+03   6.6440744e-01  -6.6913814e-03
   1.6720000e+03   5.9190232e-01  -2.8936925e-02
   1.6800000e+03   6.0438489e-01  -2.2235642e-02
   1.6880000e+03   6.6847814e-01  -6.6409539e-04
   1.6960000e+03   6.3228080e-01  -9.3938269e-02
   1.7040000e+03   6.1060035e-01   2.7888140e-02
   1.7120000e+03   5.7847177e-01  -5.0401411e-02
   1.7200000e+03   5.7634459e-01  -2.7074801e-02
   1.7280000e+03   6.0223582e-01   2.1562050e-02
   1.7360000e+03   6.5118944e-01   7.2955528e-03
   1.7440000e+03   6.0925682e-01  -5.4170724e-02
   1.7520000e+03   6.0951214e-01  -3.1551548e-02
   1.7600000e+03   5.7950216e-01   6.1609617e-02
   1.7680000e+03   7.0945611e-01  -8.1638076e-02
   1.7760000e+03   6.5026461e-01   4.5457934e-02
   1.7840000e+03   6.5622542e-01  -2.5981070e-02
   1.7920000e+03   6.3677175e-01   2.5109724e-02
   1.8000000e+03   6.3022064e-01   5.3868791e-02
   1.8080000e+03   6.2404843e-01   4.1139323e-02
   1.8160000e+03   6.2432831e-01  -3.8293160e-02
   1.8240000e+03   5.4352073e-01  -1.8436396e-02
   1.8320000e+03   6.3066112e-01  -5.0098410e-02
   1.8400000e+03   6.1053727e-01  -2.1368786e-02
   1.8480000e+03   6.4585844e-01  -2.3128070e-02
   1.8560000e+03   6.0785076e-01  -5.3057727e-02
   1.8640000e+03   6.1028779e-01   8.6921500e-05
   1.8720000e+03   6.1873642e-01  -1.3767310e-02
   1.8800000e+03   5.8891281e-01  -6.9383533e-03
   1.8880000e+03   6.7633159e-01  -6.9760311e-05
   1.8960000e+03   6.4782347e-01  -1.3798196e-02
   1.9040000e+03   6.7869696e-01  -4.4432924e-02
   1.9120000e+03   6.2023501e-01   6.7881364e-02
   1.9200000e+03   5.9362640e-01   8.9361077e-02
   1.9280000e+03   5.5079401e-01  -4.6449794e-02
   1.9360000e+03   5.8803683e-01  -8.0113345e-03
   1.9440000e+03   5.7791259e-01   2.4444751e-03
   1.9520000e+03   5.7948223e-01   5.8733529e-02
   1.9600000e+03   5.0752103e-01  -4.1728394e-02
   1.9680000e+03   6.4158467e-01  -2.2976525e-02
   1.9760000e+03   5.7658513e-01  -6.8189772e-02
   1.9840000e+03   4.9257772e-01  -1.6605494e-03
   1.9920000e+03   5.5969384e-01   2.4358667e-03
   2.0000000e+03   5.7781427e-01  -7.5905846e-03
   2.0080000e+03   5.7377018e-01   2.7586365e-02
   2.0160000e+03   6.8201904e-01   5.2144786e-03
   2.0240000e+03   6.2021195e-01  -9.1467615e-03
   2.0320000e+03   5.3946190e-01  -7.9169678e-03
   2.0400000e+03   6.4394243e-01  -1.3431548e-02
   2.0480000e+03   5.6780119e-01   3.7243173e-02
   2.0560000e+03   5.7808073e-01  -1.1070966e-01
   2.0640000e+03   6.1841093e-01  -1.3934309e-02
   2.0720000e+03   5.6344154e-01  -7.4954177e-02
   2.0800000e+03   5.5289293e-01  -8.6226601e-03
   2.0880000e+03   6.5408756e-01  -2.8990390e-02
   2.0960000e+03   6.0875352e-01  -1.2553245e-02
   2.1040000e+03   6.7377230e-01   4.0356346e-02
   2.1120000e+03   5.5878797e-01  -5.7886815e-02
   2.1200000e+03   6.0844812e-01   5.2657828e-02
   2.1280000e+03   6.0065398e-01   4.5873514e-02
   2.1360000e+03   5.6070498e-01  -1.8803076e-02
   2.1440000e+03   5.4250014e-01  -7.0055504e-03
   2.1520000e+03   5.8974488e-01  -2.8750285e-02
   2.1600000e+03   5.6766866e-01  -7.5050411e-02
   2.1680000e+03   5.8081005e-01   1.9318664e-02
   2.1760000e+03   6.0524637e-01  -3.8387958e-02
   2.1840000e+03   6.3830165e-01   4.2616481e-02
   2.1920000e+03   6.4598411e-01   1.0984389e-02
   2.2000000e+03   5.8079822e-01  -5.3757122e-02
   2.2080000e+03   5.7335183e-01   1.4768424e-02
   2.2160000e+03   5.9669604e-01  -4.7926414e-02
   2.2240000e+03   5.6245483e-01  -2.5562532e-02
   2.2320000e+03   5.1805790e-01   8.8593310e-02
   2.2400000e+03   5.5149420e-01   1.4202519e-02
   2.2480000e+03   5.7913333e-01  -6.6702422e-02
   2.2560000e+03   6.1194468e-01  -4.0399350e-02
   2.2640000e+03   6.2792424e-01  -3.9845964e-02
   2.2720000e+03   5.6512769e-01   8.6595277e-04
   2.2800000e+03   6.0786747e-01   3.8594327e-02
   2.2880000e+03   6.2821749e-01   2.2118273e-02
   2.2960000e+03   6.2717487e-01   2.5746219e-02
   2.3040000e+03   5.8292229e-01  -2.8506017e-02
   2.3120000e+03   6.3902511e-01   1.2301150e-02
   2.3200000e+03   6.2149624e-01  -4.8789231e-03
   2.3280000e+03   6.3553515e-01  -5.6369876e-02
   2.3360000e+03   5.9703519e-01  -4.6989094e-02
   2.3440000e+03   5.5192478e-01  -1.1534886e-02
   2.3520000e+03   5.4926674e-01   1.1124403e-02
   2.3600000e+03   5.6326464e-01   4.5945557e-02
   2.3680000e+03   6.8348805e-01  -2.9328231e-02
   2.3760000e+03   5.9862261e-01   7.1325161e-03
   2.3840000e+03   6.8562698e-01  -3.8568844e-02
   2.3920000e+03   5.3361425e-01   1.1016764e-02
   2.4000000e+03   5.8587509e-01  -1.0307116e-02
   2.4080000e+03   6.1306036e-01   6.4521526e-03
   2.4160000e+03   6.4052393e-01  -4.3719485e-02
   2.4240000e+03   5.3563150e-01   1.6221060e-03
   2.4320000e+03   5.4838578e-01   3.0901457e-02
   2.4400000e+03   6.2832256e-01  -4.1131645e-02
   2.4480000e+03   5.7617493e-01  -1.9163257e-02
   2.4560000e+03   5.6050597e-01   8.0301643e-03
   2.4640000e+03   5.2145679e-01  -7.3475118e-02
   2.4720000e+03   5.3092576e-01  -2.7002936e-02
   2.4800000e+03   5.5780429e-01  -3.8357237e-03
   2.4880000e+03   6.1302635e-01   7.1628555e-02
   2.4960000e+03   6.2620084e-01  -7.9903910e-03
   2.5040000e+03   5.7604931e-01   8.7116341e-02
   2.5120000e+03   6.1934324e-01   9.9378207e-03
   2.5200000e+03   5.9440919e-01   8.2763891e-02
   2.5280000e+03   5.5961994e-01   3.6513085e-02
   2.5360000e+03   5.4386413e-01   3.2912955e-02
   2.5440000e+03   5.8650255e-01   4.8177503e-02
   2.5520000e+03   5.1772225e-01   1.0148065e-02
   2.5600000e+03   6.2855197e-01  -3.7941495e-02
   2.5680000e+03   6.6032325e-01   1.5125418e-02
   2.5760000e+03   5.6242172e-01  -2.7161677e-02
   2.5840000e+03   5.9736233e-01   4.4865026e-03
   2.5920000e+03   6.1770048e-01   6.2261706e-02
   2.6000000e+03   5.3239925e-01  -1.1148252e-02
   2.6080000e+03   5.7842182e-01  -1.9638554e-02
   2.6160000e+03   5.5630723e-01  -1.2361721e-02
   2.6240000e+03   6.2881799e-01   2.7726638e-02
   2.6320000e+03   5.7365108e-01   9.1769640e-02
   2.6400000e+03   5.9712423e-01  -4.8530574e-04
   2.6480000e+03   5.2163639e-01   7.5477626e-02
   2.6560000e+03   6.0404810e-01   2.2266234e-02
   2.6640000e+03   6.0384090e-01   8.1877626e-02
   2.6720000e+03   5.8541639e-01   2.9799999e-02
   2.6800000e+03   5.8139381e-01   3.2867068e-04
   2.6880000e+03   6.0206798e-01   6.3962482e-02
   2.6960000e+03   6.2171546e-01   2.5794729e-02
   2.7040000e+03   5.7305927e-01   6.2951306e-02
   2.7120000e+03   4.8013836e-01  -2.3050044e-02
   2.7200000e+03   5.4321140e-01   1.9406144e-03
   2.7280000e+03   5.3948185e-01   3.6457831e-02
   2.7360000e+03   5.4070985e-01  -1.5708972e-02
   2.7440000e+03   5.1888110e-01   2.0517684e-02
   2.7520000e+03   5.3114259e-01  -3.1359512e-02
   2.7600000e+03   5.0829402e-01  -2.5573599e-02
   2.7680000e+03   5.3277843e-01   4.7033912e-03
   2.7760000e+03   5.7250884e-01  -1.2130185e-03
   2.7840000e+03   6.6474779e-01  -7.0283850e-02
   2.7920000e+03   4.9626094e-01   1.7915862e-02
   2.8000000e+03   5.7316438e-01  -8.6230841e-02
   2.8080000e+03   6.0192508e-01   6.7004103e-03
   2.8160000e+03   6.0741994e-01  -3.8229334e-03
   2.8240000e+03   5.0787763e-01   2.9391264e-02
   2.8320000e+03   5.9547852e-01   2.6965648e-03
   2.8400000e+03   5.2281543e-01   7.1140471e-03
   2.8480000e+03   6.0742291e-01   7.8660437e-02
   2.8560000e+03   6.5075625e-01  -1.2787524e-02
   2.8640000e+03   5.7111799e-01   7.7891752e-03
   2.8720000e+03   4.9634565e-01  -2.5224484e-02
   2.8800000e+03   6.1071106e-01  -3.4990735e-03
   2.8880000e+03   5.2837553e-01  -2.3114994e-02
   2.8960000e+03   5.9662384e-01  -8.0651202e-02
   2.9040000e+03   6.2337561e-01  -1.8234290e-02
   2.9120000e+03   5.9110574e-01   9.1147658e-03
   2.9200000e+03   5.5777610e-01   4.0495394e-02
   2.9280000e+03   5.9479802e-01  -2.3520125e-02
   2.9360000e+03   5.8980355e-01   1.0106626e-02
   2.9440000e+03   5.7030261e-01   2.5619224e-02
   2.9520000e+03   5.8603308e-01  -1.7481971e-02
   2.9600000e+03   5.6680891e-01  -2.3288236e-02
   2.9680000e+03   5.1657086e-01   8.5704007e-03
   2.9760000e+03   4.7280043e-01  -2.5033673e-03
   2.9840000e+03   6.1243138e-01  -4.0982043e-02
   2.9920000e+03   5.7554647e-01   4.0305914e-02
   3.0000000e+03   6.0135354e-01   3.0593436e-02
   3.0080000e+03   5.7558301e-01  -7.2748176e-02
   3.0160000e+03   5.9310769e-01   6.0274695e-02
   3.0240000e+03   5.4848678e-01   7.6964999e-04
   3.0320000e+03   5.9959387e-01   4.8600596e-02
   3.0400000e+03   6.0871958e-01   5.4280537e-02
   3.0480000e+03   6.2956977e-01   5.0820201e-02
   3.0560000e+03   5.3797623e-01   8.4093514e-03
   3.0640000e+03   5.6598231e-01   5.1828173e-02
   3.0720000e+03   6.1127488e-01  -4.2080167e-02
   3.0800000e+03   5.7659881e-01   2.7498860e-02
   3.0880000e+03   6.3677895e-01  -4.8251991e-02
   3.0960000e+03   5.8236523e-01  -8.4919352e-02
   3.1040000e+03   5.5730914e-01   5.7753304e-02
   3.1120000e+03   5.4292709e-01   4.5539426e-02
   3.1200000e+03   5.9699946e-01  -2.1848234e-02
   3.1280000e+03   6.0911738e-01  -7.8412061e-02
   3.1360000e+03   6.1346726e-01  -1.8260896e-02
   3.1440000e+03   6.2802758e-01   1.1976426e-02
   3.1520000e+03   5.6388126e-01   6.9242891e-02
   3.1600000e+03   5.6835912e-01   2.0123600e-02
   3.1680000e+03   6.2549248e-01   4.0829225e-02
   3.1760000e+03   5.5038419e-01  -2.8614625e-02
   3.1840000e+03   5.3159006e-01   1.1030138e-02
   3.1920000e+03   5.2771844e-01   1.0671235e-03
   3.2000000e+03   5.2785899e-01  -1.0999649e-02
   3.2080000e+03   5.8203968e-01  -2.5164078e-02
   3.2160000e+03   5.6844513e-01  -6.9653279e-04
   3.2240000e+03   5.5298278e-01   2.4478514e-02
   3.2320000e+03   6.1866600e-01   3.9097399e-03
   3.2400000e+03   5.7751880e-01  -4.2062578e-02
   3.2480000e+03   5.4357658e-01   1.4968463e-02
   3.2560000e+03   5.7476685e-01  -3.4563550e-03
   3.2640000e+03   5.5870057e-01   2.0817332e-02
   3.2720000e+03   5.8372849e-01  -1.7881603e-04
   3.2800000e+03   6.1719053e-01  -2.0312938e-03
   3.2880000e+03   5.3311873e-01  -1.6886796e-03
   3.2960000e+03   5.5561905e-01  -5.6129838e-02
   3.3040000e+03   5.8487508e-01  -4.9600092e-03
   3.3120000e+03   6.3785359e-01   4.6863963e-02
   3.3200000e+03   6.7231139e-01   4.0492750e-02
   3.3280000e+03   5.6027542e-01   7.0753003e-03
   3.3360000e+03   6.4260501e-01  -3.1910403e-02
   3.3440000e+03   6.1545529e-01  -3.0044543e-02
   3.3520000e+03   4.9359886e-01  -2.2296544e-03
   3.3600000e+03   6.2507037e-01  -2.9525222e-03
   3.3680000e+03   6.0887337e-01   1.8071710e-02
   3.3760000e+03   6.3885462e-01   3.1621613e-02
   3.3840000e+03   5.3355098e-01   1.9884812e-02
   3.3920000e+03   5.8362954e-01  -5.7060026e-02
   3.4000000e+03   5.9072030e-01   7.2522910e-03
   3.4080000e+03   5.6850016e-01  -7.7049104e-02
   3.4160000e+03   6.7375557e-01  -3.7002216e-02
   3.4240000e+03   5.5291944e-01  -4.5491473e-02
   3.4320000e+03   5.6819368e-01  -4.7916856e-02
   3.4400000e+03   6.1374215e-01   8.7033238e-04
   3.4480000e+03   5.6445662e-01  -2.5747471e-03
   3.4560000e+03   5.4627571e-01  -3.2982111e-02
   3.4640000e+03   6.6014537e-01   9.9913826e-05
   3.4720000e+03   6.1708058e-01   5.7760712e-03
   3.4800000e+03   5.6803901e-01   4.9602302e-02
   3.4880000e+03   5.7972087e-01   2.3744086e-02
   3.4960000e+03   5.7206334e-01  -1.0381590e-02
   3.5040000e+03   5.8850685e-01  -2.0052471e-02
   3.5120000e+03   6.1881361e-01   5.2897435e-02
   3.5200000e+03   5.6254524e-01   2.7177767e-02
   3.5280000e+03   5.7823888e-01   2.1165561e-02
   3.5360000e+03   5.5468002e-01  -1.6297967e-02
   3.5440000e+03   6.4987741e-01  -3.3424297e-02
   3.5520000e+03   6.5260939e-01  -3.5736343e-02
   3.5600000e+03   5.7332025e-01   7.3050078e-02
   3.5680000e+03   6.1229339e-01  -3.8826351e-02
   3.5760000e+03   5.4101993e-01  -3.4059253e-02
   3.5840000e+03   5.5156452e-01  -6.1791826e-03
   3.5920000e+03   6.0231949e-01   1.3498536e-02
   3.6000000e+03   6.0886777e-01   9.0699695e-03
   3.6080000e+03   6.1648237e-01  -4.0810119e-02
   3.6160000e+03   5.7188274e-01  -1.8425411e-02
   3.6240000e+03   5.3600031e-01   5.3170515e-02
   3.6320000e+03   5.1940675e-01   4.9134924e-02
   3.6400000e+03   5.6461951e-01  -8.8752493e-03
   3.6480000e+03   5.6519173e-01   1.0314333e-02
   3.6560000e+03   6.3178270e-01  -2.2422853e-02
   3.6640000e+03   5.1025268e-01  -4.9777381e-03
   3.6720000e+03   6.2569660e-01  -7.1923960e-02
   3.6800000e+03   6.2645802e-01  -3.7201987e-03
   3.6880000e+03   5.1048475e-01   3.8024933e-02
   3.6960000e+03   5.8516683e-01  -1.4466528e-02
   3.7040000e+03   5.5089814e-01   5.1168171e-02
   3.7120000e+03   5.3183946e-01   1.0599656e-01
   3.7200000e+03   6.0151460e-01   7.1201047e-02
   3.7280000e+03   6.1842708e-01   1.5230684e-02
   3.7360000e+03   5.9240597e-01   1.3367455e-02
   3.7440000e+03   6.0620156e-01  -1.5065027e-02
   3.7520000e+03   5.9820375e-01   3.3192707e-03
   3.7600000e+03   6.1594851e-01  -3.1394716e-02
   3.7680000e+03   5.6416430e-01  -2.9083012e-02
   3.7760000e+03   5.6931009e-01   5.8118475e-02
   3.7840000e+03   5.6563805e-01   2.7830614e-02
   3.7920000e+03   5.9169156e-01  -8.0807709e-04
   3.8000000e+03   6.5215510e-01   1.5219925e-02
   3.8080000e+03   5.8443306e-01   6.1960054e-03
   3.8160000e+03   5.9275121e-01  -1.4941536e-02
   3.8240000e+03   6.2536104e-01   3.8778070e-02
   3.8320000e+03   5.4326109e-01  -2.0021500e-02
   3.8400000e+03   5.5540659e-01  -1.1400202e-02
   3.8480000e+03   4.8552350e-01   1.4841427e-02
   3.8560000e+03   5.7481482e-01   4.7447951e-02
   3.8640000e+03   5.8005495e-01   2.3238113e-02
   3.8720000e+03   5.3867775e-01   4.9467445e-03
   3.8800000e+03   5.3073892e-01  -2.0679691e-02
   3.8880000e+03   6.5405198e-01   4.9788576e-03
   3.8960000e+03   5.3382222e-01  -5.4588716e-04
   3.9040000e+03   6.5361963e-01   4.2949239e-02
   3.9120000e+03   6.4745309e-01  -2.8172779e-02
   3.9200000e+03   5.7485862e-01   1.8683537e-02
   3.9280000e+03   5.6484372e-01  -6.2575708e-02
   3.9360000e+03   5.6603541e-01   4.9663619e-02
   3.9440000e+03   5.8809095e-01  -2.9232990e-02
   3.9520000e+03   6.3460994e-01   7.2180260e-03
   3.9600000e+03   5.5159902e-01  -3.4126186e-02
   3.9680000e+03   6.2904648e-01  -4.7723508e-02
   3.9760000e+03   6.1215588e-01  -1.9138676e-02
   3.9840000e+03   5.8791942e-01  -8.8377362e-03
   3.9920000e+03   6.4644727e-01  -2.1867922e-02
   4.0000000e+03   6.5977209e-01   3.2040990e-02
   4.0080000e+03   6.1556146e-01   5.4565519e-02
   4.0160000e+03   6.2475512e-01  -4.4844114e-02
   4.0240000e+03   5.8038964e-01  -9.5289050e-02
   4.0320000e+03   6.1081830e-01   6.3060826e-02
   4.0400000e+03   6.3017423e-01  -2.4772120e-02
   4.0480000e+03   6.0825107e-01  -1.0553390e-01
   4.0560000e+03   6.5459949e-01  -1.8133139e-02
   4.0640000e+03   6.0546719e-01   5.0427199e-02
   4.0720000e+03   5.4815168e-01  -4.1017337e-02
   4.0800000e+03   6.3373180e-01   2.9178425e-03
   4.0880000e+03   6.7542008e-01   1.5318659e-03
   4.0960000e+03   5.6844955e-01  -3.7737038e-02
   4.1040000e+03   6.6002498e-01  -3.1928999e-02
   4.1120000e+03   5.6000086e-01  -9.5558229e-03
   4.1200000e+03   5.9535018e-01  -5.0095527e-02
   4.1280000e+03   5.7646462e-01   6.9112566e-03
   4.1360000e+03   6.2798759e-01   3.3752379e-02
   4.1440000e+03   5.0582153e-01  -3.7317061e-02
   4.1520000e+03   5.5086318e-01   1.4649749e-02
   4.1600000e+03   5.6768133e-01  -4.1198935e-02
   4.1680000e+03   5.9081148e-01   1.7129067e-02
   4.1760000e+03   6.2791254e-01  -3.1732617e-02
   4.1840000e+03   6.1323020e-01   6.7101383e-02
   4.1920000e+03   5.5751324e-01   3.5722482e-03
   4.2000000e+03   5.8277218e-01   3.2607827e-02
   4.2080000e+03   5.9809564e-01  -4.4208868e-02
   4.2160000e+03   5.8567237e-01   2.4521326e-02
   4.2240000e+03   5.2758525e-01   4.1582751e-02
   4.2320000e+03   5.8732700e-01  -3.2130729e-02
   4.2400000e+03   5.8711226e-01  -2.0045333e-02
   4.2480000e+03   6.0850810e-01  -2.0339007e-02
   4.2560000e+03   5.5922005e-01  -6.4840813e-02
   4.2640000e+03   6.0522099e-01  -1.7443939e-02
   4.2720000e+03   5.9440588e-01   6.8346748e-02
   4.2800000e+03   6.0758407e-01  -1.1277469e-02
   4.2880000e+03   6.1140880e-01   1.5928357e-02
   4.2960000e+03   5.4000546e-01   1.6366595e-03
   4.3040000e+03   5.9706003e-01   3.2072472e-02
   4.3120000e+03   6.1706925e-01   2.3019029e-02
   4.3200000e+03   5.7569431e-01   3.1831246e-03
   4.3280000e+03   6.2709829e-01   1.7674547e-02
   4.3360000e+03   5.7562657e-01  -4.1469679e-02
   4.3440000e+03   5.4478910e-01   3.8530403e-02
   4.3520000e+03   5.5374738e-01  -3.5367536e-02
   4.3600000e+03   5.5845446e-01  -3.6282993e-02
   4.3680000e+03   5.5011510e-01  -4.9194522e-02
   4.3760000e+03   5.9305384e-01   1.9626735e-02
   4.3840000e+03   5.8005690e-01   1.2899324e-02
   4.3920000e+03   5.6345329e-01  -1.7379644e-04
   4.4000000e+03   6.1823545e-01  -5.7816137e-02
   4.4080000e+03   6.4628709e-01  -5.6112521e-02
   4.4160000e+03   5.0814076e-01   2.2058361e-02
   4.4240000e+03   6.5169714e-01   3.7463882e-02
   4.4320000e+03   5.6175481e-01   6.9834635e-02
   4.4400000e+03   6.5514873e-01   5.7318640e-02
   4.4480000e+03   5.3796403e-01  -6.8408646e-02
   4.4560000e+03   6.1939375e-01  -8.4049983e-02
   4.4640000e+03   5.8394216e-01  -4.0555570e-02
   4.4720000e+03   5.4724589e-01   1.4599351e-02
   4.4800000e+03   6.0689983e-01   4.2331834e-02
   4.4880000e+03   5.7502947e-01   4.3375956e-02
   4.4960000e+03   5.4099436e-01   2.1634390e-02
   4.5040000e+03   6.5747734e-01   6.8238774e-02
   4.5120000e+03   6.2003600e-01  -2.4679074e-02
   4.5200000e+03   4.8675835e-01  -4.0909747e-02
   4.5280000e+03   4.9465026e-01  -4.4803702e-03
   4.5360000e+03   5.6308941e-01   1.8039779e-02
   4.5440000e+03   5.8024562e-01   2.9314372e-02
   4.5520000e+03   4.6833415e-01   1.6439057e-02
   4.5600000e+03   6.0145553e-01   1.7060038e-02
   4.5680000e+03   6.3545492e-01  -2.1856883e-02
   4.5760000e+03   5.3663138e-01   8.0054501e-02
   4.5840000e+03   5.8847253e-01   1.8122410e-02
   4.5920000e+03   4.9600585e-01   9.0161906e-03
   4.6000000e+03   5.4124969e-01  -2.5735233e-02
   4.6080000e+03   4.7657081e-01   1.6909525e-02
   4.6160000e+03   5.1147478e-01   5.8992154e-02
   4.6240000e+03   5.9172209e-01   9.5757169e-03
   4.6320000e+03   5.8124884e-01  -1.4657680e-02
   4.6400000e+03   6.2744928e-01   4.0247310e-02
   4.6480000e+03   6.0155548e-01  -2.0759856e-02
   4.6560000e+03   5.2091230e-01  -1.4642205e-02
   4.6640000e+03   5.1496808e-01  -1.2357641e-02
   4.6720000e+03   6.0122319e-01   1.9134104e-02
   4.6800000e+03   6.0221805e-01  -4.4493167e-03
   4.6880000e+03   6.4934142e-01   4.7331534e-02
   4.6960000e+03   5.9205744e-01  -4.8637978e-02
   4.7040000e+03   5.5655304e-01  -1.7236673e-02
   4.7120000e+03   6.6833655e-01   1.5575609e-02
   4.7200000e+03   5.8842421e-01   4.5385480e-02
   4.7280000e+03   6.4624989e-01   1.7939844e-02
   4.7360000e+03   5.7657803e-01   7.3055602e-02
   4.7440000e+03   5.9083969e-01  -3.1597716e-02
   4.7520000e+03   5.6950256e-01  -2.5936466e-02
   4.7600000e+03   5.9972100e-01   1.7790262e-02
   4.7680000e+03   5.5529972e-01   9.2826769e-02
   4.7760000e+03   5.4540950e-01  -1.9976254e-02
   4.7840000e+03   5.4304237e-01  -7.8470845e-02
   4.7920000e+03   4.9912385e-01  -1.7170473e-02
   4.8000000e+03   5.6118604e-01   2.6195620e-02
   4.8080000e+03   6.5613880e-01   1.4602909e-02
   4.8160000e+03   5.2293547e-01  -2.5089682e-02
   4.8240000e+03   5.4346179e-01   2.6284055e-02
   4.8320000e+03   5.9175945e-01   6.4240065e-02
   4.8400000e+03   5.3277475e-01  -3.6530194e-02
   4.8480000e+03   4.9861517e-01  -3.1985705e-02
   4.8560000e+03   5.8748604e-01  -1.8791985e-03
   4.8640000e+03   6.1302538e-01  -3.3936385e-02
   4.8720000e+03   5.6812563e-01   1.0288988e-02
   4.8800000e+03   5.7400517e-01  -8.1157378e-02
   4.8880000e+03   6.0171134e-01  -2.9920841e-02
   4.8960000e+03   5.9568993e-01   6.8359730e-02
   4.9040000e+03   5.2136049e-01  -6.5661653e-02
   4.9120000e+03   6.3067195e-01   3.2154810e-02
   4.9200000e+03   6.3000120e-01  -5.1772030e-03
   4.9280000e+03   5.2468750e-01  -9.1370362e-04
   4.9360000e+03   5.8385821e-01   5.4445175e-02
   4.9440000e+03   5.6819553e-01   4.2959267e-02
   4.9520000e+03   6.1955856e-01   3.3203053e-02
   4.9600000e+03   6.1982883e-01   5.0341047e-02
   4.9680000e+03   5.4017036e-01   5.5411231e-02
   4.9760000e+03   5.5805507e-01  -1.6862474e-03
   4.9840000e+03   5.8650032e-01   5.6312809e-02
   4.9920000e+03   5.4015166e-01  -5.0955594e-02
   5.0000000e+03   5.3531166e-01  -1.0337705e-02
   5.0080000e+03   5.7518858e-01   4.1234121e-03
   5.0160000e+03   5.2135593e-01   2.2411846e-03
   5.0240000e+03   5.3362269e-01  -3.4901531e-03
   5.0320000e+03   5.1302932e-01  -6.4061738e-02
   5.0400000e+03   5.1205927e-01  -2.0793825e-02
   5.0480000e+03   6.0091970e-01  -4.5821694e-02
   5.0560000e+03   6.1850100e-01  -3.7560872e-02
   5.0640000e+03   5.0084193e-01   5.7306695e-02
   5.0720000e+03   5.3234342e-01  -1.2422556e-02
   5.0800000e+03   5.2132641e-01  -3.0539794e-02
   5.0880000e+03   5.9118906e-01   2.5975216e-02
   5.0960000e+03   5.7165939e-01   3.6586735e-02
   5.1040000e+03   5.1074075e-01   3.5700073e-02
   5.1120000e+03   5.1561071e-01  -2.8615260e-02
   5.1200000e+03   5.7210799e-01   4.4654383e-02
   5.1280000e+03   5.6437696e-01   4.6829519e-02
   5.1360000e+03   5.4266236e-01  -1.7165402e-02
   5.1440000e+03   6.0016447e-01   8.1073737e-03
   5.1520000e+03   5.5231363e-01   1.8635526e-02
   5.1600000e+03   6.2626208e-01   3.5470136e-02
   5.1680000e+03   5.1835024e-01  -3.4307767e-03
   5.1760000e+03   5.2436004e-01  -1.6429141e-02
   5.1840000e+03   5.2641210e-01   2.6123361e-02
   5.1920000e+03   5.8667913e-01   4.8197527e-02
   5.2000000e+03   4.9608320e-01  -3.0122171e-03
   5.2080000e+03   5.8103701e-01  -2.2495225e-02
   5.2160000e+03   5.6140459e-01   9.1103928e-02
   5.2240000e+03   5.5631632e-01  -4.5932175e-02
   5.2320000e+03   4.8849596e-01   4.7839442e-02
   5.2400000e+03   5.4031907e-01  -1.2308189e-02
   5.2480000e+03   5.0615990e-01   6.8144538e-03
   5.2560000e+03   5.1901296e-01  -1.4856261e-02
   5.2640000e+03   6.2511241e-01  -3.3852792e-02
   5.2720000e+03   5.4764245e-01   1.6295728e-02
   5.2800000e+03   5.5874768e-01   3.5797825e-02
   5.2880000e+03   5.2724146e-01  -4.8959585e-02
   5.2960000e+03   5.6883240e-01  -1.5451520e-03
   5.3040000e+03   5.5691237e-01  -4.2417238e-02
   5.3120000e+03   6.0108838e-01  -5.7047240e-02
   5.3200000e+03   5.4713716e-01  -1.5943182e-02
   5.3280000e+03   5.0631575e-01  -1.2044845e-02
   5.3360000e+03   5.3359610e-01   2.6843562e-02
   5.3440000e+03   5.0721732e-01   1.0460504e-02
   5.3520000e+03   5.4529170e-01  -8.8087783e-03
   5.3600000e+03   5.0173067e-01  -5.7479126e-03
   5.3680000e+03   5.3904887e-01  -2.8947326e-02
   5.3760000e+03   5.8587260e-01  -1.4871982e-01
   5.3840000e+03   5.4061842e-01   9.8127116e-02
   5.3920000e+03   4.8584116e-01   4.0377003e-02
   5.4000000e+03   5.5947380e-01  -5.0021564e-03
   5.4080000e+03   4.5972573e-01   1.2835420e-02
   5.4160000e+03   5.0302829e-01  -1.1620546e-01
   5.4240000e+03   5.5553765e-01   1.7787054e-02
   5.4320000e+03   5.2419822e-01  -2.3301593e-02
   5.4400000e+03   5.1045433e-01   6.7439655e-02
