   0.0000000e+00   7.8658891e-01  -2.0866951e-02
   8.0000000e+00   7.9119301e-01  -1.0529158e-02
   1.6000000e+01   8.2322232e-01   2.7755411e-02
   2.4000000e+01   8.1449475e-01  -6.8566555e-02
   3.2000000e+01   8.5167258e-01  -3.3019139e-02
   4.0000000e+01   8.7276523e-01   2.7637930e-02
   4.8000000e+01   8.5525860e-01   1.6466082e-02
   5.6000000e+01   9.3697870e-01   5.2853878e-02
   6.4000000e+01   9.3083481e-01  -7.0962952e-02
   7.2000000e+01   9.0995158e-01   2.6671989e-02
   8.0000000e+01   9.2055409e-01  -8.4865596e-03
   8.8000000e+01   1.0174062e+00  -8.7262330e-03
   9.6000000e+01   9.7037036e-01  -1.8106756e-02
   1.0400000e+02   1.0696533e+00  -1.9409162e-03
   1.1200000e+02   1.0378465e+00   3.1420611e-02
   1.2000000e+02   9.9935973e-01  -1.8539806e-03
   1.2800000e+02   1.1074217e+00  -2.2827136e-02
   1.3600000e+02   8.7981415e-01   1.0594150e-02
   1.4400000e+02   9.4165531e-01   7.1906143e-02
   1.5200000e+02   8.7605618e-01   4.1240986e-03
   1.6000000e+02   8.6315777e-01   1.2205193e-02
   1.6800000e+02   8.4648203e-01   5.2138828e-02
   1.7600000e+02   8.5089734e-01  -1.2943996e-02
   1.8400000e+02   8.5743842e-01  -5.8131060e-02
   1.9200000e+02   8.6048298e-01   2.8371235e-02
   2.0000000e+02   8.8167428e-01   4.4792361e-02
   2.0800000e+02   8.4132168e-01   2.3202319e-02
   2.1600000e+02   8.8080988e-01  -6.8110314e-02
   2.2400000e+02   7.8774158e-01  -7.9220467e-02
   2.3200000e+02   8.0045697e-01   1.9484735e-03
   2.4000000e+02   8.2979997e-01  -4.5125817e-02
   2.4800000e+02   7.8278196e-01   2.9587457e-03
   2.5600000e+02   7.7609802e-01  -5.0361230e-02
   2.6400000e+02   8.0435297e-01   3.9927076e-02
   2.7200000e+02   8.7895068e-01  -2.3235440e-02
   2.8000000e+02   7.8524074e-01  -5.2256097e-02
   2.8800000e+02   8.2893337e-01  -6.1443830e-02
   2.9600000e+02   7.2392695e-01  -3.3110017e-02
   3.0400000e+02   7.4333466e-01   8.0161932e-02
   3.1200000e+02   7.3720413e-01   8.3851617e-03
   3.2000000e+02   7.7565551e-01   1.6746011e-02
   3.2800000e+02   7.8081748e-01  -4.9935261e-02
   3.3600000e+02   7.4672150e-01  -4.5507016e-02
   3.4400000e+02   6.3961445e-01  -1.8617348e-02
   3.5200000e+02   7.7739190e-01   1.3066739e-02
   3.6000000e+02   7.2316844e-01  -2.9979538e-02
   3.6800000e+02   7.2027125e-01   5.1513704e-02
   3.7600000e+02   7.3965354e-01   2.3468502e-02
   3.8400000e+02   7.1522989e-01  -8.0573111e-02
   3.9200000e+02   7.4815089e-01   3.4838522e-03
   4.0000000e+02   6.4715206e-01  -3.4697964e-02
   4.0800000e+02   7.6741029e-01  -5.3042744e-03
   4.1600000e+02   6.2418839e-01  -6.1131789e-03
   4.2400000e+02   6.7938793e-01   1.9488756e-02
   4.3200000e+02   7.2076448e-01   1.8578093e-02
   4.4000000e+02   7.1775711e-01  -3.2849941e-02
   4.4800000e+02   7.2657339e-01  -1.4588127e-02
   4.5600000e+02   7.2472647e-01  -1.5262024e-02
   4.6400000e+02   6.6698002e-01  -5.5884541e-03
   4.7200000e+02   7.1373175e-01   2.5152085e-02
   4.8000000e+02   7.5088236e-01   3.1878660e-02
   4.8800000e+02   7.3673324e-01   4.4377494e-02
   4.9600000e+02   7.7978002e-01   7.3368747e-02
   5.0400000e+02   7.0373864e-01   2.5377918e-03
   5.1200000e+02   6.7998718e-01   1.2688230e-02
   5.2000000e+02   7.0265220e-01   6.3703336e-02
   5.2800000e+02   6.9485601e-01   6.1229120e-02
   5.3600000e+02   6.1443160e-01  -6.7677229e-02
   5.4400000e+02   7.1846631e-01  -2.7976692e-02
   5.5200000e+02   6.5528393e-01   4.1024046e-02
   5.6000000e+02   6.8997564e-01   2.4175894e-02
   5.6800000e+02   6.9331883e-01   4.2158025e-03
   5.7600000e+02   6.7810185e-01   3.8675549e-02
   5.8400000e+02   6.6236957e-01  -4.1985183e-02
   5.9200000e+02   7.1763716e-01  -2.8904129e-02
   6.0000000e+02   6.6431078e-01   3.1023906e-03
   6.0800000e+02   7.6553505e-01   4.1931409e-02
   6.1600000e+02   6.7461461e-01  -3.1278562e-02
   6.2400000e+02   6.9897766e-01  -4.4092726e-02
   6.3200000e+02   7.2317736e-01  -6.2592556e-02
   6.4000000e+02   7.9449712e-01  -1.7743808e-02
   6.4800000e+02   6.7750834e-01   8.0494668e-02
   6.5600000e+02   6.9213982e-01   3.9291858e-02
   6.6400000e+02   7.2036181e-01   1.5168496e-02
   6.7200000e+02   6.7124649e-01   3.2184669e-02
   6.8000000e+02   7.3179521e-01  -3.3533469e-02
   6.8800000e+02   6.7561827e-01  -2.5947406e-02
   6.9600000e+02   6.4489341e-01   3.8314554e-03
   7.0400000e+02   6.1075249e-01   5.0304283e-02
   7.1200000e+02   6.8086800e-01  -3.9529136e-02
   7.2000000e+02   7.3761820e-01   3.8884274e-03
   7.2800000e+02   6.6515842e-01  -1.6848648e-02
   7.3600000e+02   7.0009302e-01  -7.5298086e-02
   7.4400000e+02   6.7104911e-01   1.8688023e-02
   7.5200000e+02   6.9672783e-01  -4.7522999e-02
   7.6000000e+02   6.1823038e-01  -8.0015301e-02
   7.6800000e+02   7.4114229e-01  -5.5152725e-02
   7.7600000e+02   6.9988361e-01  -1.0753859e-02
   7.8400000e+02   7.2354633e-01   5.0234849e-02
   7.9200000e+02   7.0059688e-01   1.2336271e-02
   8.0000000e+02   6.8121061e-01  -1.8611987e-02
   8.0800000e+02   6.1600958e-01   2.6737095e-02
   8.1600000e+02   6.6304389e-01   3.3378587e-02
   8.2400000e+02   6.4893494e-01  -7.0073520e-03
   8.3200000e+02   6.8955751e-01  -5.3473389e-02
   8.4000000e+02   6.4456733e-01  -4.7434634e-02
   8.4800000e+02   5.9194030e-01   2.3554009e-02
   8.5600000e+02   6.6299875e-01  -1.8765345e-02
   8.6400000e+02   7.5975008e-01  -8.7978831e-03
   8.7200000e+02   6.5394980e-01  -2.9233134e-02
   8.8000000e+02   6.3767458e-01  -4.2469388e-02
   8.8800000e+02   6.2301295e-01  -1.7285756e-02
   8.9600000e+02   6.7684023e-01  -6.1040198e-02
   9.0400000e+02   6.2001646e-01   3.7361543e-02
   9.1200000e+02   6.5350893e-01  -3.2128137e-04
   9.2000000e+02   6.5604517e-01   6.5234974e-03
   9.2800000e+02   6.3553567e-01   2.0980259e-02
   9.3600000e+02   6.4466993e-01   7.7285411e-02
   9.4400000e+02   5.6851237e-01   5.5150306e-03
   9.5200000e+02   7.0175708e-01  -9.0732645e-02
   9.6000000e+02   6.8330503e-01   1.7896108e-02
   9.6800000e+02   6.6091582e-01   7.2300094e-03
   9.7600000e+02   7.0935588e-01   3.1006992e-02
   9.8400000e+02   6.2297519e-01  -6.4049797e-02
   9.9200000e+02   6.5770940e-01  -1.9957157e-02
   1.0000000e+03   6.1102286e-01  -3.3883960e-02
   1.0080000e+03   6.6761292e-01   2.3024236e-02
   1.0160000e+03   6.5706160e-01   2.8429454e-02
   1.0240000e+03   6.9048940e-01   3.4885272e-03
   1.0320000e+03   5.9295078e-01   1.6304520e-03
   1.0400000e+03   5.1322191e-01   1.2441809e-01
   1.0480000e+03   6.5892106e-01   2.5639934e-02
   1.0560000e+03   6.5667776e-01  -1.4855781e-02
   1.0640000e+03   6.4543063e-01   5.8261795e-02
   1.0720000e+03   6.2264142e-01  -4.4296749e-02
   1.0800000e+03   5.6012761e-01  -3.2791230e-04
   1.0880000e+03   6.2524509e-01  -3.1239408e-02
   1.0960000e+03   6.5641995e-01   7.0427298e-02
   1.1040000e+03   5.7569574e-01   3.3259044e-02
   1.1120000e+03   6.3818840e-01  -1.4493932e-02
   1.1200000e+03   6.3720290e-01   4.0681820e-02
   1.1280000e+03   6.6142772e-01  -8.2885591e-03
   1.1360000e+03   6.5896496e-01  -1.4824769e-02
   1.1440000e+03   6.4908391e-01   6.0819935e-02
   1.1520000e+03   5.9796593e-01  -5.3644893e-03
   1.1600000e+03   6.8914078e-01   5.7935706e-02
   1.1680000e+03   5.4529129e-01   3.1115754e-02
   1.1760000e+03   5.9962514e-01  -2.7296392e-02
   1.1840000e+03   6.4203358e-01  -1.8128515e-02
   1.1920000e+03   5.8862638e-01   6.6165611e-03
   1.2000000e+03   5.7303704e-01   2.4535196e-02
   1.2080000e+03   6.2699007e-01   6.1133868e-03
   1.2160000e+03   5.9349523e-01   1.3206473e-03
   1.2240000e+03   6.3987456e-01  -3.0571343e-02
   1.2320000e+03   6.3594498e-01   2.2595623e-02
   1.2400000e+03   7.3740632e-01   3.8493872e-02
   1.2480000e+03   6.8090991e-01   2.2465039e-02
   1.2560000e+03   5.9730215e-01   1.6115862e-02
   1.2640000e+03   6.4059409e-01  -9.3891945e-03
   1.2720000e+03   6.1069409e-01  -1.7700992e-02
   1.2800000e+03   6.0639634e-01   3.7327527e-02
   1.2880000e+03   6.4530435e-01   1.2016010e-02
   1.2960000e+03   5.5516046e-01  -8.3080442e-03
   1.3040000e+03   6.3128022e-01  -6.9191077e-03
   1.3120000e+03   6.5719946e-01   2.3367246e-02
   1.3200000e+03   6.5843761e-01  -1.6043186e-02
   1.3280000e+03   6.3651468e-01   4.5000613e-02
   1.3360000e+03   5.9807511e-01  -4.7187795e-02
   1.3440000e+03   5.7124522e-01  -1.1870860e-02
   1.3520000e+03   6.4631992e-01   3.8091449e-03
   1.3600000e+03   6.0919643e-01   6.5459155e-02
   1.3680000e+03   5.7144376e-01  -5.0698820e-02
   1.3760000e+03   6.9087490e-01   2.7530909e-02
   1.3840000e+03   5.9847560e-01   1.4556193e-02
   1.3920000e+03   5.8882314e-01  -3.2696578e-02
   1.4000000e+03   6.7324195e-01  -5.4110101e-02
   1.4080000e+03   5.8895037e-01  -2.7228667e-02
   1.4160000e+03   6.1492438e-01   5.5786263e-02
   1.4240000e+03   5.8466855e-01  -2.3041554e-02
   1.4320000e+03   6.1486490e-01  -6.0300882e-03
   1.4400000e+03   6.1724988e-01   1.0280683e-02
   1.4480000e+03   5.6853882e-01   8.5457369e-03
   1.4560000e+03   7.1230793e-01   2.8694449e-03
   1.4640000e+03   6.4560062e-01  -3.4021574e-03
   1.4720000e+03   6.9064595e-01   7.5654448e-02
   1.4800000e+03   6.2539018e-01  -4.8631776e-02
   1.4880000e+03   6.4594734e-01  -4.2162581e-03
   1.4960000e+03   5.8294407e-01  -1.2567272e-02
   1.5040000e+03   6.7230534e-01  -7.5366326e-02
   1.5120000e+03   5.7200784e-01  -4.1665614e-02
   1.5200000e+03   6.2182602e-01  -5.3361822e-02
   1.5280000e+03   5.4640811e-01   4.1159185e-02
   1.5360000e+03   6.5209522e-01   5.4872464e-02
   1.5440000e+03   5.7045205e-01  -1.8184444e-04
   1.5520000e+03   6.1210576e-01   1.4681356e-02
   1.5600000e+03   5.1011361e-01  -3.1100984e-02
   1.5680000e+03   5.9106112e-01   2.9448004e-02
   1.5760000e+03   6.0435372e-01   2.2029515e-02
   1.5840000e+03   6.1845657e-01   4.5787224e-02
   1.5920000e+03   7.0734214e-01   6.1970828e-03
   1.6000000e+03   6.3055745e-01  -5.9467165e-02
   1.6080000e+03   5.9155795e-01   5.4323746e-03
   1.6160000e+03   6.4539960e-01  -3.0240450e-02
   1.6240000e+03   5.5030035e-01  -3.9732567e-02
   1.6320000e+03   6.3644386e-01   3.4328547e-02
   1.6400000e+03   6.3872543e-01  -4.2086842e-04
   1.6480000e+03   6.5815952e-01  -9.1988246e-03
   1.6560000e+03   6.6181491e-01   1.7103147e-03
   1.6640000e+03   6.6350074e-01  -1.0315630e-01
   1.6720000e+03   5.9714867e-01  -1.2871882e-02
   1.6800000e+03   6.3581439e-01   1.1595536e-01
   1.6880000e+03   5.7704047e-01   8.1390762e-03
   1.6960000e+03   5.2491948e-01   2.5284422e-02
   1.7040000e+03   6.1365859e-01   4.0190087e-02
   1.7120000e+03   6.8312483e-01   4.9288641e-02
   1.7200000e+03   6.9302848e-01   1.1433157e-02
   1.7280000e+03   5.9162844e-01  -1.3235879e-02
   1.7360000e+03   6.0450504e-01  -4.5518853e-03
   1.7440000e+03   5.8947093e-01   6.7588556e-02
   1.7520000e+03   5.9131084e-01   3.2453827e-02
   1.7600000e+03   5.6268958e-01  -6.0408266e-02
   1.7680000e+03   5.8122118e-01   4.8148353e-02
   1.7760000e+03   6.4358781e-01  -2.1051174e-02
   1.7840000e+03   6.1560189e-01   2.9383014e-02
   1.7920000e+03   6.3222516e-01  -9.3970553e-02
   1.8000000e+03   6.2305895e-01  -1.7302942e-02
   1.8080000e+03   6.4010455e-01   5.1919862e-03
   1.8160000e+03   5.9773331e-01   1.0674077e-03
   1.8240000e+03   5.8899288e-01   3.2979139e-02
   1.8320000e+03   5.9817014e-01  -3.7689671e-02
   1.8400000e+03   6.2770900e-01  -8.4234545e-02
   1.8480000e+03   6.2514054e-01  -2.7252677e-03
   1.8560000e+03   6.2173796e-01   2.4391978e-02
   1.8640000e+03   5.8842309e-01  -4.2229236e-02
   1.8720000e+03   6.2725301e-01  -2.6701821e-03
   1.8800000e+03   7.2621105e-01   4.2727712e-02
   1.8880000e+03   6.2961953e-01   1.9476870e-02
   1.8960000e+03   5.4808532e-01  -4.4902493e-02
   1.9040000e+03   6.1420939e-01   1.6583838e-02
   1.9120000e+03   6.1439616e-01  -1.8989841e-02
   1.9200000e+03   6.4135275e-01  -4.5643055e-02
   1.9280000e+03   6.2836751e-01   5.8358792e-02
   1.9360000e+03   6.1361545e-01  -4.3749587e-02
   1.9440000e+03   6.7026944e-01  -6.9133414e-03
   1.9520000e+03   6.0621782e-01  -2.3980248e-02
   1.9600000e+03   5.9182613e-01   3.4609867e-02
   1.9680000e+03   5.3738691e-01  -4.2219656e-02
   1.9760000e+03   6.1428484e-01   4.6657221e-02
   1.9840000e+03   5.3374691e-01   1.5556643e-02
   1.9920000e+03   6.6828117e-01   6.5807829e-02
   2.0000000e+03   6.7579865e-01   9.0123901e-03
   2.0080000e+03   6.2733534e-01   1.3197351e-02
   2.0160000e+03   6.0980796e-01  -2.7435838e-02
   2.0240000e+03   6.1321476e-01  -1.7825819e-02
   2.0320000e+03   6.1127651e-01  -8.0198157e-03
   2.0400000e+03   5.8218823e-01   3.5113902e-02
   2.0480000e+03   6.0528837e-01   7.0833334e-02
   2.0560000e+03   5.7697966e-01  -2.7288127e-02
   2.0640000e+03   6.0456396e-01  -1.2559368e-03
   2.0720000e+03   6.0509481e-01  -1.2884495e-02
   2.0800000e+03   6.4267616e-01   3.2042399e-02
   2.0880000e+03   5.7988549e-01  -2.2302981e-02
   2.0960000e+03   6.2711460e-01  -8.6278348e-03
   2.1040000e+03   5.8618824e-01   3.4509162e-02
   2.1120000e+03   6.0147175e-01  -1.6670612e-02
   2.1200000e+03   6.2178586e-01   5.3115405e-02
   2.1280000e+03   5.8643344e-01  -3.6067937e-02
   2.1360000e+03   6.0009781e-01   6.4119182e-03
   2.1440000e+03   6.2235186e-01  -1.4625024e-02
   2.1520000e+03   5.8189834e-01   6.6221613e-02
   2.1600000e+03   5.5326985e-01  -5.5371314e-02
   2.1680000e+03   6.4938392e-01   2.6338006e-03
   2.1760000e+03   5.9887697e-01  -1.6541823e-02
   2.1840000e+03   6.3186737e-01  -3.9126372e-02
   2.1920000e+03   5.6658608e-01   3.9337571e-02
   2.2000000e+03   5.9354188e-01   3.1949898e-02
   2.2080000e+03   5.8480456e-01  -2.9010449e-02
   2.2160000e+03   6.1869108e-01  -3.7574355e-02
   2.2240000e+03   6.0712050e-01  -7.7915509e-03
   2.2320000e+03   5.6491576e-01   4.4112391e-02
   2.2400000e+03   5.7413346e-01  -1.6843775e-03
   2.2480000e+03   6.5032659e-01  -7.3663536e-03
   2.2560000e+03   6.4479500e-01  -2.0129617e-02
   2.2640000e+03   5.9686931e-01   3.2865761e-02
   2.2720000e+03   5.6712474e-01  -4.2723808e-02
   2.2800000e+03   6.0201162e-01  -1.1430985e-02
   2.2880000e+03   5.7225667e-01   1.3933618e-02
   2.2960000e+03   5.5731591e-01  -4.5812553e-02
   2.3040000e+03   5.8486217e-01  -2.1205182e-02
   2.3120000e+03   5.4579230e-01  -3.2928598e-02
   2.3200000e+03   5.7295623e-01  -9.8539334e-03
   2.3280000e+03   6.0640735e-01   3.9649038e-02
   2.3360000e+03   5.0628893e-01   6.3236756e-02
   2.3440000e+03   6.0305757e-01  -1.8029620e-02
   2.3520000e+03   6.0786009e-01   1.4783307e-03
   2.3600000e+03   6.5563347e-01   1.5629094e-03
   2.3680000e+03   6.0357465e-01   6.6285841e-04
   2.3760000e+03   6.1262407e-01   1.0573609e-02
   2.3840000e+03   5.9071844e-01  -2.3283839e-02
   2.3920000e+03   5.5435774e-01  -6.8583147e-02
   2.4000000e+03   6.0917335e-01  -1.9881038e-02
   2.4080000e+03   5.5825387e-01   3.4299912e-03
   2.4160000e+03   6.1819605e-01  -1.9264580e-02
   2.4240000e+03   5.7977592e-01   3.8380862e-03
   2.4320000e+03   6.8583229e-01  -1.3964245e-02
   2.4400000e+03   6.1559925e-01   7.3968668e-02
   2.4480000e+03   5.2558987e-01  -4.0214111e-03
   2.4560000e+03   5.7055166e-01   2.6751469e-02
   2.4640000e+03   5.6350459e-01  -1.9172903e-02
   2.4720000e+03   6.0410598e-01   4.9132631e-02
   2.4800000e+03   5.7295681e-01  -2.5133974e-02
   2.4880000e+03   6.3228828e-01   5.3922203e-02
   2.4960000e+03   5.8609621e-01   1.9678158e-02
   2.5040000e+03   5.0971663e-01  -1.4810153e-02
   2.5120000e+03   5.9228875e-01   6.6568926e-03
   2.5200000e+03   6.1166767e-01  -3.9581439e-02
   2.5280000e+03   5.1019623e-01   2.2543128e-03
   2.5360000e+03   5.9444807e-01   1.8914820e-02
   2.5440000e+03   6.0475876e-01  -3.5888181e-02
   2.5520000e+03   5.9218634e-01   6.3672237e-02
   2.5600000e+03   5.6440964e-01  -3.6281364e-03
   2.5680000e+03   5.9406525e-01  -1.0326373e-01
   2.5760000e+03   5.7608223e-01   2.7087940e-02
   2.5840000e+03   5.3932314e-01   1.2924208e-02
   2.5920000e+03   6.3028436e-01   6.5524453e-02
   2.6000000e+03   7.0651501e-01  -4.7752373e-02
   2.6080000e+03   6.2405049e-01  -7.9351443e-03
   2.6160000e+03   5.8486660e-01  -5.1048247e-02
   2.6240000e+03   6.0856689e-01   7.2354674e-02
   2.6320000e+03   5.8771306e-01  -3.2194125e-03
   2.6400000e+03   5.8776526e-01   6.1597129e-03
   2.6480000e+03   5.6062759e-01  -4.1693578e-02
   2.6560000e+03   5.7745166e-01  -8.3271270e-04
   2.6640000e+03   5.6480269e-01   3.4899289e-02
   2.6720000e+03   5.9047089e-01   1.1983757e-02
   2.6800000e+03   6.0932395e-01   8.7954650e-03
   2.6880000e+03   6.0997307e-01  -4.1507364e-02
   2.6960000e+03   5.3124801e-01  -2.8854103e-02
   2.7040000e+03   6.1762462e-01  -2.3888508e-02
   2.7120000e+03   5.5230950e-01  -5.8477276e-03
   2.7200000e+03   6.1825553e-01   1.2148553e-02
   2.7280000e+03   6.0919101e-01  -5.4353618e-03
   2.7360000e+03   6.1891884e-01   5.8324249e-04
   2.7440000e+03   6.5744150e-01  -4.9793453e-02
   2.7520000e+03   5.5648740e-01   1.1118481e-02
   2.7600000e+03   5.8885891e-01   5.8597993e-02
   2.7680000e+03   5.8788415e-01   3.3974307e-02
   2.7760000e+03   5.3739173e-01   8.3596234e-02
   2.7840000e+03   6.3981281e-01  -7.1458144e-02
   2.7920000e+03   5.8523054e-01   1.3325427e-03
   2.8000000e+03   5.6205389e-01   9.8525724e-02
   2.8080000e+03   5.9114774e-01   5.7595003e-02
   2.8160000e+03   6.4360197e-01   2.0209301e-02
   2.8240000e+03   6.4387845e-01  -6.7671668e-02
   2.8320000e+03   6.2472608e-01  -7.0606690e-02
   2.8400000e+03   6.2986951e-01   2.0377082e-02
   2.8480000e+03   6.2542800e-01  -3.5960621e-02
   2.8560000e+03   5.9186619e-01   1.4984517e-03
   2.8640000e+03   5.9636288e-01   1.5697376e-02
   2.8720000e+03   5.7105972e-01   1.5185750e-02
   2.8800000e+03   5.9974645e-01  -2.9034134e-03
   2.8880000e+03   5.2765105e-01   3.4076509e-02
   2.8960000e+03   6.1687800e-01   1.0229270e-02
   2.9040000e+03   5.4497895e-01   4.2325015e-02
   2.9120000e+03   6.6342798e-01   1.4731654e-03
   2.9200000e+03   5.6766845e-01   9.9295498e-03
   2.9280000e+03   5.4519827e-01   1.0253860e-02
   2.9360000e+03   5.6534057e-01   1.1387402e-02
   2.9440000e+03   5.9718826e-01   5.1545482e-03
   2.9520000e+03   6.2862315e-01   1.1504323e-02
   2.9600000e+03   6.2954602e-01   1.6056237e-02
   2.9680000e+03   5.7912929e-01   7.5579590e-02
   2.9760000e+03   5.0835343e-01  -4.8760746e-02
   2.9840000e+03   6.1620643e-01  -2.2008985e-02
   2.9920000e+03   6.3291637e-01  -2.9022448e-02
   3.0000000e+03   5.0057650e-01  -2.4451605e-02
   3.0080000e+03   5.8309807e-01  -1.2604787e-03
   3.0160000e+03   5.3312022e-01   1.1005444e-02
   3.0240000e+03   6.0574967e-01  -5.2517432e-02
   3.0320000e+03   6.4628306e-01   1.5272345e-02
   3.0400000e+03   5.8177392e-01   1.3154387e-02
   3.0480000e+03   5.5964775e-01   2.4137107e-02
   3.0560000e+03   5.9639545e-01   9.6888454e-03
   3.0640000e+03   5.7307145e-01   3.6304941e-02
   3.0720000e+03   6.5302633e-01   1.4378016e-03
   3.0800000e+03   5.5736816e-01  -2.6380876e-02
   3.0880000e+03   5.8770700e-01  -1.6010307e-02
   3.0960000e+03   5.7779508e-01   2.7551060e-02
   3.1040000e+03   5.7316305e-01   2.3944996e-02
   3.1120000e+03   5.0490895e-01  -1.2483159e-02
   3.1200000e+03   6.5801883e-01  -1.8026528e-02
   3.1280000e+03   6.1952906e-01   3.4269709e-02
   3.1360000e+03   5.8212532e-01  -2.7110615e-02
   3.1440000e+03   6.0274048e-01  -8.4191015e-02
   3.1520000e+03   5.7099018e-01   3.9590648e-02
   3.1600000e+03   6.1255660e-01   1.9899893e-03
   3.1680000e+03   5.9244301e-01   4.0812654e-02
   3.1760000e+03   5.3025614e-01  -8.8165107e-02
   3.1840000e+03   6.0709422e-01  -3.5862106e-02
   3.1920000e+03   6.1903268e-01   2.2589521e-02
   3.2000000e+03   6.1992507e-01   1.4262693e-03
   3.2080000e+03   5.9190896e-01  -2.0934500e-02
   3.2160000e+03   5.4914955e-01  -2.7694474e-03
   3.2240000e+03   5.8484313e-01   3.4100803e-02
   3.2320000e+03   6.6687983e-01  -8.6813133e-02
   3.2400000e+03   5.8417787e-01   3.5820120e-03
   3.2480000e+03   5.3508647e-01  -2.6242003e-02
   3.2560000e+03   5.4230981e-01   1.0525150e-02
   3.2640000e+03   5.6330716e-01   1.0159421e-02
   3.2720000e+03   5.7132182e-01  -1.6697336e-03
   3.2800000e+03   5.2603562e-01  -1.0525511e-02
   3.2880000e+03   5.1075305e-01  -1.0186230e-02
   3.2960000e+03   6.1375224e-01   2.1525712e-02
   3.3040000e+03   5.7169551e-01   7.1798705e-02
   3.3120000e+03   5.7917215e-01  -1.3695210e-02
   3.3200000e+03   5.9001902e-01  -3.8438511e-02
   3.3280000e+03   5.6244716e-01  -1.9071632e-02
   3.3360000e+03   5.1576240e-01   4.5140844e-02
   3.3440000e+03   5.9042115e-01  -4.9908851e-02
   3.3520000e+03   5.6404015e-01  -3.5558687e-02
   3.3600000e+03   5.7717328e-01   5.4498589e-02
   3.3680000e+03   5.4252567e-01   9.9067100e-03
   3.3760000e+03   5.4190691e-01   1.2651674e-02
   3.3840000e+03   6.5558885e-01   1.1258877e-01
   3.3920000e+03   5.9245463e-01  -9.9852310e-03
   3.4000000e+03   6.4411484e-01  -2.0904499e-02
   3.4080000e+03   5.0590853e-01  -3.4875244e-02
   3.4160000e+03   6.0656409e-01   2.3466720e-03
   3.4240000e+03   5.2691824e-01   1.1720709e-02
   3.4320000e+03   5.2073070e-01   2.9217708e-02
   3.4400000e+03   5.2882635e-01  -3.3434930e-02
   3.4480000e+03   6.4039522e-01   1.6278945e-03
   3.4560000e+03   6.0809703e-01   3.9595265e-02
   3.4640000e+03   5.3023406e-01   7.6595767e-02
   3.4720000e+03   5.9564070e-01  -4.3913023e-02
   3.4800000e+03   5.6785988e-01  -2.4524270e-02
   3.4880000e+03   4.8395741e-01   4.0969253e-03
   3.4960000e+03   6.1058557e-01   4.7188796e-02
   3.5040000e+03   5.7299929e-01   4.2471684e-02
   3.5120000e+03   4.9348704e-01   6.3931302e-02
   3.5200000e+03   6.0396270e-01  -1.4093036e-03
   3.5280000e+03   5.3995814e-01  -3.2903054e-03
   3.5360000e+03   5.4869822e-01   7.9775571e-02
   3.5440000e+03   5.2217667e-01  -6.9145107e-04
   3.5520000e+03   4.9405941e-01  -7.6986075e-02
   3.5600000e+03   4.6029436e-01   2.8400595e-02
   3.5680000e+03   5.4546117e-01   3.1095168e-02
   3.5760000e+03   5.3388670e-01  -2.9440446e-02
   3.5840000e+03   6.2743666e-01   2.2271398e-02
   3.5920000e+03   5.6986066e-01  -3.3062537e-02
   3.6000000e+03   5.1038091e-01  -7.4769644e-02
   3.6080000e+03   5.2466009e-01  -4.9774895e-02
   3.6160000e+03   5.5833671e-01  -5.6632979e-02
   3.6240000e+03   6.3530045e-01  -3.0875858e-02
   3.6320000e+03   5.2091113e-01  -1.8485915e-02
   3.6400000e+03   5.3405689e-01   2.1865239e-02
   3.6480000e+03   5.9299429e-01  -1.3836961e-02
   3.6560000e+03   5.8875035e-01   3.8938965e-02
   3.6640000e+03   5.9377280e-01   3.7104761e-02
   3.6720000e+03   5.3694056e-01  -1.7941994e-02
   3.6800000e+03   5.5548356e-01   3.2727252e-02
   3.6880000e+03   5.8087871e-01   4.0894819e-02
   3.6960000e+03   5.3354267e-01   6.3533008e-04
   3.7040000e+03   5.7373797e-01   1.5927356e-02
   3.7120000e+03   5.2339252e-01   1.7778580e-02
   3.7200000e+03   5.7590570e-01  -5.9189776e-02
   3.7280000e+03   5.8373054e-01   2.5312688e-02
   3.7360000e+03   5.8000788e-01  -3.9202187e-02
   3.7440000e+03   5.2962754e-01  -2.0789360e-02
   3.7520000e+03   5.6901529e-01  -2.1504562e-02
   3.7600000e+03   5.3210008e-01   1.0071361e-02
   3.7680000e+03   5.2819872e-01   2.8698816e-02
   3.7760000e+03   5.4335781e-01   5.9608783e-03
   3.7840000e+03   5.6269614e-01  -3.7981377e-02
   3.7920000e+03   5.9395861e-01  -3.4821472e-02
   3.8000000e+03   5.6146950e-01  -3.0195677e-02
   3.8080000e+03   5.4540787e-01   8.1355835e-04
   3.8160000e+03   5.2656993e-01   6.7641083e-02
   3.8240000e+03   5.5209341e-01  -5.5535933e-02
   3.8320000e+03   5.1634731e-01  -5.6870340e-02
   3.8400000e+03   5.2994521e-01  -2.2493811e-02
   3.8480000e+03   4.4703803e-01  -1.1156159e-02
   3.8560000e+03   4.9110720e-01  -1.8695039e-02
   3.8640000e+03   4.6296178e-01   7.5120531e-02
   3.8720000e+03   5.2255329e-01  -2.3943103e-02
   3.8800000e+03   4.8839285e-01   1.8774655e-02
   3.8880000e+03   6.3090431e-01  -3.5680775e-03
   3.8960000e+03   6.0169601e-01  -4.2663240e-02
   3.9040000e+03   5.8346939e-01  -1.9884214e-02
   3.9120000e+03   5.5536790e-01   1.2846177e-03
   3.9200000e+03   5.3455829e-01  -3.6261255e-02
   3.9280000e+03   5.8201997e-01   4.1769579e-02
   3.9360000e+03   5.0814745e-01  -2.0470490e-02
   3.9440000e+03   5.2055819e-01  -3.2515344e-02
   3.9520000e+03   6.0400987e-01  -6.0099337e-02
   3.9600000e+03   5.6733154e-01  -9.5220729e-03
   3.9680000e+03   5.1357316e-01   1.3124919e-02
   3.9760000e+03   6.3223962e-01   4.9844766e-03
   3.9840000e+03   6.1019445e-01  -1.7407193e-02
   3.9920000e+03   5.0148976e-01   1.0979905e-03
   4.0000000e+03   6.1867732e-01  -7.8017314e-02
   4.0080000e+03   5.7616307e-01  -1.2687155e-02
   4.0160000e+03   5.3415813e-01   1.1681714e-02
   4.0240000e+03   4.9434364e-01  -1.6877475e-02
   4.0320000e+03   5.7132614e-01  -5.7999760e-02
   4.0400000e+03   4.5270370e-01  -1.8241038e-02
   4.0480000e+03   5.8311330e-01   4.1346748e-02
   4.0560000e+03   5.1224909e-01  -2.2234748e-02
   4.0640000e+03   5.4934239e-01   2.6074791e-02
   4.0720000e+03   4.9074086e-01   6.1324360e-02
   4.0800000e+03   6.1135700e-01   7.2942743e-02
   4.0880000e+03   5.6038598e-01   3.9278488e-02
   4.0960000e+03   4.6836299e-01   6.7931748e-02
   4.1040000e+03   5.2367602e-01   1.0615589e-02
   4.1120000e+03   5.2129530e-01   3.8502320e-02
   4.1200000e+03   4.7926378e-01   5.1049128e-02
   4.1280000e+03   5.7972223e-01   3.2943275e-02
   4.1360000e+03   5.9345209e-01  -1.0134627e-01
   4.1440000e+03   4.9939834e-01   6.4714634e-02
   4.1520000e+03   5.3923916e-01   3.8508793e-02
   4.1600000e+03   4.8788455e-01   5.5707359e-02
   4.1680000e+03   5.2038562e-01   1.8952150e-02
   4.1760000e+03   5.8440487e-01   2.2017556e-03
   4.1840000e+03   6.0116731e-01  -1.4607515e-02
   4.1920000e+03   5.8688810e-01  -5.0946372e-02
   4.2000000e+03   5.7934307e-01  -4.3086098e-02
   4.2080000e+03   5.3200465e-01  -4.3101032e-02
   4.2160000e+03   5.4061815e-01  -2.4275027e-02
   4.2240000e+03   5.3942013e-01  -9.6446965e-03
   4.2320000e+03   5.5532036e-01  -2.0305936e-02
   4.2400000e+03   5.1718699e-01   2.1500331e-02
   4.2480000e+03   5.1574166e-01   2.7693517e-02
   4.2560000e+03   5.8223691e-01  -3.9384487e-02
   4.2640000e+03   4.9718248e-01  -5.7063882e-02
   4.2720000e+03   5.6535650e-01  -9.5579358e-03
   4.2800000e+03   5.1414841e-01  -2.0230083e-03
   4.2880000e+03   5.2042609e-01  -3.7632597e-02
   4.2960000e+03   5.8352324e-01  -4.3767013e-02
   4.3040000e+03   5.3120481e-01   2.0378735e-02
   4.3120000e+03   5.7346211e-01   3.2277039e-03
   4.3200000e+03   6.1519967e-01   1.7219379e-02
   4.3280000e+03   5.2393450e-01  -2.7425345e-02
   4.3360000e+03   4.7561515e-01   2.7035353e-02
   4.3440000e+03   5.4235152e-01  -1.1092031e-01
   4.3520000e+03   5.6582497e-01  -4.9062574e-02
   4.3600000e+03   4.3071417e-01   7.3959792e-02
   4.3680000e+03   4.9662551e-01   2.1554617e-02
   4.3760000e+03   5.6329867e-01  -9.5407841e-03
   4.3840000e+03   5.7448408e-01   3.7533506e-02
   4.3920000e+03   5.7624031e-01  -4.2447949e-02
   4.4000000e+03   5.3573079e-01  -9.5117661e-03
   4.4080000e+03   5.4699021e-01  -5.1907567e-02
   4.4160000e+03   5.3088786e-01   3.3667617e-02
   4.4240000e+03   5.2977163e-01   3.0291111e-02
   4.4320000e+03   4.7161624e-01   3.4534879e-04
   4.4400000e+03   5.2825337e-01  -1.2944566e-02
   4.4480000e+03   5.4875065e-01   1.3407950e-02
   4.4560000e+03   5.0964599e-01  -5.8055484e-02
   4.4640000e+03   5.3399153e-01   4.1671110e-02
   4.4720000e+03   4.9300307e-01   1.9612972e-02
   4.4800000e+03   5.1808791e-01   2.6278972e-02
   4.4880000e+03   5.6689253e-01  -3.9804247e-02
   4.4960000e+03   4.6858896e-01   3.3404681e-02
   4.5040000e+03   5.4972548e-01  -9.6300112e-03
   4.5120000e+03   5.5388525e-01   4.6531436e-02
   4.5200000e+03   5.0473659e-01   9.6962356e-04
   4.5280000e+03   5.3418143e-01   5.2744769e-03
   4.5360000e+03   5.4723790e-01  -6.1120883e-02
   4.5440000e+03   5.2646772e-01   1.0472672e-01
   4.5520000e+03   5.3055992e-01  -8.6354299e-03
   4.5600000e+03   6.0330742e-01   5.2735347e-02
   4.5680000e+03   5.2427780e-01  -3.0094459e-02
   4.5760000e+03   5.1303723e-01  -9.4932642e-03
   4.5840000e+03   5.5600290e-01   3.6817952e-02
   4.5920000e+03   4.8639418e-01  -5.1378682e-02
   4.6000000e+03   4.5668170e-01  -5.2852737e-02
   4.6080000e+03   4.9422915e-01   4.8532813e-02
   4.6160000e+03   5.6993275e-01  -1.4859839e-02
   4.6240000e+03   5.6838248e-01   4.5316196e-02
   4.6320000e+03   5.0769291e-01   2.0652228e-02
   4.6400000e+03   5.6911024e-01   2.1141598e-02
   4.6480000e+03   5.5365567e-01   6.1632619e-02
   4.6560000e+03   5.0219198e-01  -1.1819500e-02
   4.6640000e+03   5.5727794e-01   5.0423488e-02
   4.6720000e+03   5.0466649e-01  -5.8169661e-02
   4.6800000e+03   5.3585189e-01  -2.1640496e-02
   4.6880000e+03   5.3920595e-01   2.8705572e-02
   4.6960000e+03   5.8632869e-01   2.7385583e-02
   4.7040000e+03   4.9856905e-01  -1.3412291e-02
   4.7120000e+03   5.3259093e-01   1.3189194e-02
   4.7200000e+03   5.2062374e-01  -1.0616378e-02
   4.7280000e+03   5.3242189e-01   6.1535741e-03
   4.7360000e+03   5.2064324e-01   5.3814006e-02
   4.7440000e+03   5.0392409e-01   2.8318570e-02
   4.7520000e+03   5.0321137e-01   1.7605792e-02
   4.7600000e+03   5.2836374e-01   1.1630119e-02
   4.7680000e+03   5.1871045e-01  -8.0736506e-02
   4.7760000e+03   5.1311262e-01  -6.2243549e-02
   4.7840000e+03   5.3346854e-01   1.8316075e-02
   4.7920000e+03   5.3099232e-01   1.6000832e-02
   4.8000000e+03   5.4615038e-01  -5.4169968e-03
   4.8080000e+03   5.6474008e-01   1.9342584e-02
   4.8160000e+03   4.8335538e-01   1.7659050e-03
   4.8240000e+03   4.7704565e-01   1.8216960e-02
   4.8320000e+03   5.7411936e-01   1.5104973e-03
   4.8400000e+03   5.0155471e-01  -4.3809540e-02
   4.8480000e+03   5.5983450e-01  -2.2180428e-02
   4.8560000e+03   6.1387242e-01   1.0607083e-01
   4.8640000e+03   4.7825661e-01   2.8596073e-02
   4.8720000e+03   5.4450654e-01   2.0548448e-02
   4.8800000e+03   4.7317978e-01  -1.9897831e-02
   4.8880000e+03   5.6179469e-01  -1.4162301e-02
   4.8960000e+03   4.6376726e-01  -4.6646475e-03
   4.9040000e+03   5.9632374e-01   3.9256666e-03
   4.9120000e+03   5.7453097e-01  -2.0225480e-02
   4.9200000e+03   5.7472149e-01   1.9573150e-02
   4.9280000e+03   4.9755014e-01   4.5863816e-02
   4.9360000e+03   4.7609440e-01   1.8016148e-02
   4.9440000e+03   5.4073382e-01   1.2663276e-02
   4.9520000e+03   4.7511989e-01  -3.1666758e-02
   4.9600000e+03   5.6762499e-01  -4.8061733e-02
   4.9680000e+03   5.3788617e-01  -3.3303154e-02
   4.9760000e+03   4.8635133e-01   2.0213813e-02
   4.9840000e+03   4.6775967e-01  -3.1753779e-02
   4.9920000e+03   5.3198969e-01   3.2068944e-02
   5.0000000e+03   5.3387840e-01   2.0623730e-02
   5.0080000e+03   5.6994319e-01   2.6825839e-02
   5.0160000e+03   5.1607873e-01  -2.5340993e-02
   5.0240000e+03   5.5636508e-01   1.5133408e-02
   5.0320000e+03   5.4130212e-01   2.1054528e-02
   5.0400000e+03   5.9129018e-01  -3.6880383e-03
   5.0480000e+03   4.7231039e-01  -1.9494014e-03
   5.0560000e+03   5.2449759e-01   4.5982619e-02
   5.0640000e+03   5.1263426e-01   2.9453727e-03
   5.0720000e+03   5.5757120e-01  -2.3215312e-02
   5.0800000e+03   4.9525780e-01   3.6143170e-02
   5.0880000e+03   4.7863752e-01   3.2278418e-03
   5.0960000e+03   6.2363581e-01   2.9899564e-03
   5.1040000e+03   5.5297284e-01   8.3088943e-02
   5.1120000e+03   5.0465463e-01  -1.5574664e-02
   5.1200000e+03   5.2911368e-01   3.9634394e-02
   5.1280000e+03   5.4690673e-01   2.0202260e-02
   5.1360000e+03   4.7986463e-01   1.0353523e-02
   5.1440000e+03   5.8133005e-01   3.1640628e-02
   5.1520000e+03   5.4577820e-01   2.8968258e-04
   5.1600000e+03   5.3021830e-01  -8.2635181e-03
   5.1680000e+03   4.7534946e-01  -5.2602147e-03
   5.1760000e+03   4.6356896e-01   2.8518308e-02
   5.1840000e+03   5.6496920e-01   5.3918365e-02
   5.1920000e+03   5.1367678e-01   2.0980250e-02
   5.2000000e+03   4.6378896e-01   1.5346783e-02
   5.2080000e+03   5.0921366e-01   3.5203523e-02
   5.2160000e+03   5.1537355e-01   7.5119355e-02
   5.2240000e+03   4.7964233e-01   3.9351141e-02
   5.2320000e+03   5.5352984e-01  -4.4295626e-02
   5.2400000e+03   5.7561624e-01   2.1962486e-02
   5.2480000e+03   5.0826716e-01   4.3857010e-03
   5.2560000e+03   5.2860374e-01  -5.9187463e-02
   5.2640000e+03   4.9016966e-01   1.5367218e-02
   5.2720000e+03   4.9375217e-01  -2.2878091e-02
   5.2800000e+03   5.0630676e-01  -5.4948480e-02
   5.2880000e+03   5.4164297e-01   4.1499758e-02
   5.2960000e+03   4.9046489e-01  -2.6667424e-02
   5.3040000e+03   4.8757554e-01  -5.4549211e-04
   5.3120000e+03   4.4714746e-01   9.7022938e-02
   5.3200000e+03   4.8727884e-01  -1.6744268e-02
   5.3280000e+03   5.7608528e-01   1.6157152e-02
   5.3360000e+03   5.2572435e-01   5.6760065e-02
   5.3440000e+03   4.9594779e-01  -9.0922343e-03
   5.3520000e+03   5.0384676e-01   4.3008905e-02
   5.3600000e+03   4.7052642e-01  -3.5895577e-02
   5.3680000e+03   4.9708187e-01  -9.3559198e-03
   5.3760000e+03   5.2724671e-01  -1.1164880e-02
   5.3840000e+03   5.0498089e-01  -1.5628898e-02
   5.3920000e+03   5.5739617e-01  -7.8793145e-02
   5.4000000e+03   4.7158511e-01  -1.2036646e-01
   5.4080000e+03   4.7098794e-01   8.0590612e-03
   5.4160000e+03   4.8998118e-01  -1.4703999e-02
   5.4240000e+03   5.7821419e-01   1.5321820e-02
   5.4320000e+03   5.3176833e-01   7.2240393e-02
   5.4400000e+03   5.5313340e-01   4.2969621e-02
   5.4480000e+03   5.4712515e-01   2.8717282e-02
   5.4560000e+03   4.9909563e-01   7.8454557e-02
   5.4640000e+03   5.1651333e-01   1.9028369e-02
   5.4720000e+03   4.5536465e-01   2.0847870e-04
   5.4800000e+03   4.8742404e-01  -7.6022210e-03
   5.4880000e+03   5.1786042e-01   1.1034843e-02
   5.4960000e+03   5.4950060e-01  -2.8973795e-02
   5.5040000e+03   5.6485186e-01   1.3311232e-02
   5.5120000e+03   5.0666259e-01   6.9661508e-02
   5.5200000e+03   5.5389192e-01  -2.2147585e-02
   5.5280000e+03   5.5720494e-01  -5.5714215e-02
   5.5360000e+03   4.7556695e-01  -3.0067137e-03
   5.5440000e+03   4.6968047e-01  -2.5106594e-02
   5.5520000e+03   4.6534224e-01   1.9344099e-02
   5.5600000e+03   5.4280397e-01   5.8154287e-02
   5.5680000e+03   5.9371724e-01  -1.3879493e-02
   5.5760000e+03   5.8309092e-01  -1.9311904e-02
   5.5840000e+03   5.0549708e-01   2.8855291e-02
   5.5920000e+03   4.8385213e-01   3.8867435e-02
   5.6000000e+03   5.3941388e-01   4.6412230e-04
   5.6080000e+03   4.6489616e-01   5.5696537e-02
   5.6160000e+03   4.8262024e-01  -1.2535081e-02
   5.6240000e+03   4.7333490e-01   5.1492113e-02
   5.6320000e+03   5.9644155e-01  -4.8846805e-02
   5.6400000e+03   4.7575029e-01  -4.5196486e-02
   5.6480000e+03   5.3989990e-01   2.2515361e-02
   5.6560000e+03   4.5783819e-01  -1.1710247e-02
   5.6640000e+03   5.5667882e-01  -8.1148960e-02
   5.6720000e+03   6.0495629e-01  -2.4191481e-02
   5.6800000e+03   5.1167853e-01  -8.3423706e-02
   5.6880000e+03   5.0700143e-01   4.8294497e-02
   5.6960000e+03   4.8857892e-01   9.8650136e-03
   5.7040000e+03   5.8961406e-01   4.0347622e-02
   5.7120000e+03   4.3460864e-01  -5.5097429e-02
   5.7200000e+03   5.0537285e-01   2.8621701e-02
   5.7280000e+03   4.8335497e-01  -9.6320058e-02
   5.7360000e+03   4.8206215e-01  -5.9516287e-02
   5.7440000e+03   4.7120034e-01  -1.8798958e-02
   5.7520000e+03   5.1009008e-01  -1.5640021e-02
   5.7600000e+03   5.2677354e-01  -1.8905187e-02
   5.7680000e+03   5.1368223e-01   3.5972983e-03
   5.7760000e+03   4.9845190e-01  -1.9900533e-02
   5.7840000e+03   4.8147556e-01  -4.9483005e-02
   5.7920000e+03   5.6923403e-01  -3.3607702e-02
   5.8000000e+03   4.9551445e-01  -3.2001366e-02
   5.8080000e+03   5.2388625e-01   1.3007652e-02
   5.8160000e+03   5.0637257e-01  -4.0832953e-02
   5.8240000e+03   5.2157532e-01   1.3324001e-02
   5.8320000e+03   5.0771205e-01  -2.8231738e-02
   5.8400000e+03   5.0156197e-01   3.5529156e-02
   5.8480000e+03   5.2888061e-01   2.7002601e-02
   5.8560000e+03   4.9470573e-01  -8.5373815e-03
   5.8640000e+03   5.2202591e-01  -9.9340249e-02
   5.8720000e+03   5.4427696e-01   3.7332209e-02
   5.8800000e+03   5.6777425e-01  -2.2937065e-02
   5.8880000e+03   4.9301725e-01   2.6199128e-02
   5.8960000e+03   5.2083163e-01  -3.0795134e-02
   5.9040000e+03   4.7206319e-01  -1.5443456e-02
   5.9120000e+03   5.0167247e-01   2.5318582e-02
   5.9200000e+03   4.3010725e-01  -2.2481829e-02
   5.9280000e+03   5.1157114e-01   5.8815038e-03
   5.9360000e+03   4.9287504e-01   5.5527918e-02
   5.9440000e+03   5.1863181e-01   5.3219698e-02
   5.9520000e+03   5.1255723e-01   4.4278377e-02
   5.9600000e+03   5.3776600e-01  -2.4467267e-03
   5.9680000e+03   4.7533382e-01   3.9102346e-02
   5.9760000e+03   4.5356423e-01  -2.8513263e-03
   5.9840000e+03   5.6062526e-01  -2.3718192e-02
   5.9920000e+03   5.3919766e-01  -1.7987202e-02
   6.0000000e+03   4.9835525e-01   2.9027562e-02
   6.0080000e+03   5.7886778e-01   2.8006843e-03
   6.0160000e+03   5.4300004e-01  -2.3939533e-02
   6.0240000e+03   4.6811021e-01  -4.7520026e-02
   6.0320000e+03   4.9544347e-01  -2.6367299e-02
   6.0400000e+03   5.1082523e-01   9.7307210e-03
   6.0480000e+03   5.4822255e-01  -4.6879853e-03
   6.0560000e+03   5.1644845e-01  -2.5941318e-02
   6.0640000e+03   5.5533012e-01   1.7926713e-03
   6.0720000e+03   5.3052299e-01   1.8572050e-02
   6.0800000e+03   5.2693382e-01   2.2503193e-02
   6.0880000e+03   5.7342802e-01  -2.3497803e-02
   6.0960000e+03   5.0962815e-01   2.5684017e-03
   6.1040000e+03   5.6900056e-01  -3.7993330e-03
   6.1120000e+03   5.3165934e-01  -3.6354326e-03
   6.1200000e+03   4.3373838e-01  -2.4004583e-02
   6.1280000e+03   4.8075307e-01  -3.4444349e-02
   6.1360000e+03   4.8144318e-01  -2.6218083e-02
   6.1440000e+03   4.9297918e-01   1.8210223e-02
   6.1520000e+03   5.2163231e-01  -2.3805981e-02
   6.1600000e+03   4.5568462e-01   3.0258821e-02
   6.1680000e+03   4.6258143e-01   6.5598881e-02
   6.1760000e+03   4.9073446e-01   3.3090734e-02
   6.1840000e+03   4.8738237e-01  -1.2172982e-02
   6.1920000e+03   4.9201875e-01  -2.7409946e-02
   6.2000000e+03   5.0319802e-01   2.7412351e-02
   6.2080000e+03   4.3752828e-01  -5.5884452e-02
   6.2160000e+03   5.0611073e-01  -5.2840363e-02
   6.2240000e+03   5.4248090e-01  -3.9302881e-02
   6.2320000e+03   4.8576668e-01   8.2290228e-02
   6.2400000e+03   5.4440146e-01  -2.0969728e-02
   6.2480000e+03   4.8030845e-01   3.9061389e-02
   6.2560000e+03   5.3802371e-01  -1.7529784e-02
   6.2640000e+03   5.1494534e-01   6.6563489e-03
   6.2720000e+03   4.8440274e-01   9.6030793e-03
   6.2800000e+03   5.2302621e-01   2.2411725e-02
