   0.0000000e+00   9.4846292e-01   1.4585012e-03
   1.6000000e+01   9.6705409e-01   2.8074524e-03
   3.2000000e+01   9.5812355e-01  -7.9273928e-03
   4.8000000e+01   9.6566107e-01  -2.2409533e-03
   6.4000000e+01   9.6922852e-01  -5.2705630e-03
   8.0000000e+01   9.7505953e-01  -8.3458428e-03
   9.6000000e+01   9.8837332e-01   2.2155874e-03
   1.1200000e+02   9.8920656e-01   1.2815779e-03
   1.2800000e+02   9.8464331e-01  -4.7944942e-03
   1.4400000e+02   9.9203858e-01  -5.9777754e-03
   1.6000000e+02   9.9539290e-01  -7.7605788e-03
   1.7600000e+02   9.9323477e-01  -1.2423513e-02
   1.9200000e+02   9.9835741e-01  -2.6129343e-03
   2.0800000e+02   9.9122193e-01  -2.0686475e-02
   2.2400000e+02   1.0115153e+00  -2.8848488e-03
   2.4000000e+02   1.0021274e+00   1.9371068e-03
   2.5600000e+02   9.9776621e-01   8.1309773e-03
   2.7200000e+02   1.0050796e+00  -7.3915363e-03
   2.8800000e+02   9.9956308e-01  -2.3789789e-03
   3.0400000e+02   9.8748068e-01  -2.3426020e-03
   3.2000000e+02   1.0048484e+00  -1.8472508e-03
   3.3600000e+02   9.9744075e-01  -8.6791235e-04
   3.5200000e+02   9.9250333e-01  -1.2389749e-02
   3.6800000e+02   9.8134753e-01   3.7531969e-03
   3.8400000e+02   9.7601364e-01   1.1670361e-03
   4.0000000e+02   9.7885893e-01  -7.5214969e-03
   4.1600000e+02   9.7618230e-01   9.4058227e-03
   4.3200000e+02   9.8982969e-01  -1.3012848e-02
   4.4800000e+02   9.6463048e-01  -2.2428216e-03
   4.6400000e+02   9.6506915e-01  -1.9672381e-03
   4.8000000e+02   9.5763546e-01  -5.7711123e-03
   4.9600000e+02   9.4835530e-01  -2.7327343e-03
   5.1200000e+02   9.6230038e-01   9.2889167e-03
   5.2800000e+02   9.4685844e-01  -1.1027448e-03
   5.4400000e+02   9.4518832e-01   2.1212781e-03
   5.6000000e+02   9.4529445e-01   3.0504699e-03
   5.7600000e+02   9.3084083e-01  -9.4453724e-03
   5.9200000e+02   9.2535701e-01   3.4146108e-03
   6.0800000e+02   9.2538665e-01  -5.2117477e-04
   6.2400000e+02   9.2394914e-01  -8.5947097e-03
   6.4000000e+02   9.1381084e-01   1.6347252e-03
   6.5600000e+02   9.0300402e-01   6.5305124e-04
   6.7200000e+02   8.9669331e-01  -7.1785684e-03
   6.8800000e+02   8.9373250e-01   8.0600333e-04
   7.0400000e+02   8.9763758e-01  -3.0485740e-03
   7.2000000e+02   8.8643097e-01  -3.5003133e-04
   7.3600000e+02   8.8988531e-01  -1.1344593e-02
   7.5200000e+02   8.7763647e-01  -8.2593285e-03
   7.6800000e+02   8.6477859e-01  -1.4477631e-04
   7.8400000e+02   8.8059289e-01   6.3037472e-03
   8.0000000e+02   8.6434421e-01  -4.4754787e-03
   8.1600000e+02   8.6384185e-01  -3.5175476e-03
   8.3200000e+02   8.4749615e-01   7.7543270e-04
   8.4800000e+02   8.4798370e-01   3.0639114e-03
   8.6400000e+02   8.5028062e-01   5.7117808e-03
   8.8000000e+02   8.3736511e-01   8.4045427e-03
   8.9600000e+02   8.2424339e-01   1.2918459e-02
   9.1200000e+02   8.2643161e-01  -6.4811254e-03
   9.2800000e+02   8.1501129e-01   9.6375988e-03
   9.4400000e+02   8.2113016e-01   3.5981006e-03
   9.6000000e+02   8.1140792e-01   1.0391630e-02
   9.7600000e+02   8.0721137e-01  -2.1419797e-04
   9.9200000e+02   8.0430333e-01  -5.8046006e-03
   1.0080000e+03   7.8737884e-01   4.0095036e-03
   1.0240000e+03   8.0090097e-01  -3.0256383e-03
   1.0400000e+03   7.7675499e-01  -4.8358094e-03
   1.0560000e+03   7.8845464e-01   1.0500432e-02
   1.0720000e+03   7.8647367e-01  -4.8645166e-03
   1.0880000e+03   7.7477628e-01  -4.3149183e-03
   1.1040000e+03   7.8721846e-01  -9.2864184e-03
   1.1200000e+03   7.7715481e-01  -8.0823284e-03
   1.1360000e+03   7.6024746e-01  -1.8409128e-03
   1.1520000e+03   7.4968392e-01   7.9063930e-05
   1.1680000e+03   7.6358778e-01  -1.4219828e-03
   1.1840000e+03   7.6625749e-01   9.5144780e-03
   1.2000000e+03   7.5399990e-01   1.3275495e-02
   1.2160000e+03   7.5660821e-01   3.5269452e-03
   1.2320000e+03   7.3735740e-01   9.2011245e-04
   1.2480000e+03   7.3797879e-01   9.5032870e-03
   1.2640000e+03   7.4316705e-01   8.8528011e-03
   1.2800000e+03   7.3933721e-01   2.7559034e-03
   1.2960000e+03   7.2986138e-01   2.0993574e-03
   1.3120000e+03   7.3050756e-01   4.5412695e-03
   1.3280000e+03   7.2114243e-01  -2.8565719e-03
   1.3440000e+03   7.2834406e-01   7.9380157e-03
   1.3600000e+03   7.2914593e-01   4.5942875e-03
   1.3760000e+03   7.0308236e-01  -5.3636519e-04
   1.3920000e+03   7.1889250e-01   2.0169341e-03
   1.4080000e+03   6.9808094e-01  -3.9531621e-03
   1.4240000e+03   6.9933515e-01  -8.4753280e-03
   1.4400000e+03   7.0915523e-01  -5.0967445e-03
   1.4560000e+03   7.0312459e-01  -2.7753251e-03
   1.4720000e+03   6.9490801e-01   1.1471698e-03
   1.4880000e+03   6.9849464e-01  -5.5723462e-03
   1.5040000e+03   7.1125237e-01  -7.6336664e-03
   1.5200000e+03   7.0035230e-01  -1.3180064e-02
   1.5360000e+03   7.0271536e-01  -5.7680812e-04
   1.5520000e+03   6.9521084e-01   2.3710023e-03
   1.5680000e+03   6.8157781e-01  -4.8496520e-03
   1.5840000e+03   6.7814575e-01   1.1885317e-03
   1.6000000e+03   6.7180397e-01  -4.5565946e-03
   1.6160000e+03   6.6498075e-01   1.0449839e-02
   1.6320000e+03   6.9157367e-01  -9.8880395e-03
   1.6480000e+03   6.7409243e-01   6.0584811e-03
   1.6640000e+03   6.7191210e-01   8.0265347e-04
   1.6800000e+03   6.7376961e-01  -1.8832096e-03
   1.6960000e+03   6.8119760e-01  -1.2508865e-03
   1.7120000e+03   6.7336476e-01   5.3871353e-03
   1.7280000e+03   6.7955013e-01  -9.4296103e-03
   1.7440000e+03   6.7312827e-01   6.5908089e-04
   1.7600000e+03   6.6310323e-01  -5.0499447e-05
   1.7760000e+03   6.7457892e-01   1.9232605e-02
   1.7920000e+03   6.6649527e-01  -9.3404427e-03
   1.8080000e+03   6.5550552e-01  -2.7225409e-03
   1.8240000e+03   6.6382385e-01   7.9688765e-04
   1.8400000e+03   6.6340971e-01  -4.5527082e-03
   1.8560000e+03   6.5605440e-01  -1.9834459e-03
   1.8720000e+03   6.6346075e-01   1.1395195e-02
   1.8880000e+03   6.5744701e-01  -3.0587909e-03
   1.9040000e+03   6.5324304e-01   9.7455695e-03
   1.9200000e+03   6.3784913e-01   4.5874041e-04
   1.9360000e+03   6.5288689e-01  -9.2761921e-03
   1.9520000e+03   6.5449959e-01  -9.7230585e-03
   1.9680000e+03   6.4042407e-01  -3.1873639e-03
   1.9840000e+03   6.6016310e-01  -8.0580192e-03
   2.0000000e+03   6.4720066e-01  -5.2975331e-03
   2.0160000e+03   6.5328927e-01  -6.5533307e-03
   2.0320000e+03   6.5370254e-01  -4.3100765e-03
   2.0480000e+03   6.4429305e-01  -5.1720784e-03
   2.0640000e+03   6.3994447e-01  -5.9487172e-03
   2.0800000e+03   6.5263979e-01   6.0199661e-03
   2.0960000e+03   6.2549625e-01  -2.8217595e-03
   2.1120000e+03   6.3759937e-01  -4.0385399e-03
   2.1280000e+03   6.4396851e-01  -1.0583093e-03
   2.1440000e+03   6.4202282e-01   5.1910969e-03
   2.1600000e+03   6.4860815e-01   8.0616075e-03
   2.1760000e+03   6.3273096e-01   1.2554419e-02
   2.1920000e+03   6.3807581e-01  -3.4799076e-04
   2.2080000e+03   6.4945898e-01  -2.0772371e-03
   2.2240000e+03   6.2343112e-01   8.6212765e-03
   2.2400000e+03   6.2953800e-01  -7.2330439e-03
   2.2560000e+03   6.2710822e-01   5.6476392e-03
   2.2720000e+03   6.3882251e-01  -1.2179125e-02
   2.2880000e+03   6.3616098e-01  -5.4304772e-03
   2.3040000e+03   6.2110257e-01  -7.0994961e-04
   2.3200000e+03   6.3194287e-01  -1.1058282e-02
   2.3360000e+03   6.1950377e-01  -8.7376677e-04
   2.3520000e+03   6.3650532e-01  -5.1717062e-03
   2.3680000e+03   6.2735081e-01   1.2838745e-02
   2.3840000e+03   6.2510019e-01  -1.1204895e-03
   2.4000000e+03   6.2328341e-01   5.4310934e-03
   2.4160000e+03   6.2230951e-01  -4.0160993e-03
   2.4320000e+03   6.1905239e-01   6.3632773e-03
   2.4480000e+03   6.2114173e-01   1.7022717e-03
   2.4640000e+03   6.2602084e-01  -4.9351875e-03
   2.4800000e+03   6.2184127e-01   9.3944766e-04
   2.4960000e+03   6.1828550e-01  -1.0534138e-02
   2.5120000e+03   6.1401934e-01   5.5892237e-03
   2.5280000e+03   6.1688363e-01  -1.2787488e-04
   2.5440000e+03   6.1290721e-01  -1.3323753e-03
   2.5600000e+03   6.2429181e-01  -6.7098636e-03
   2.5760000e+03   6.2108121e-01  -5.2956063e-03
   2.5920000e+03   6.1386494e-01  -1.4847387e-03
   2.6080000e+03   6.2401031e-01   1.1639387e-02
   2.6240000e+03   6.1188687e-01  -7.0462388e-03
   2.6400000e+03   6.0344326e-01   1.5685460e-03
   2.6560000e+03   6.0837087e-01   8.5915380e-03
   2.6720000e+03   6.0377105e-01   1.2197360e-02
   2.6880000e+03   6.1024791e-01  -8.1800521e-03
   2.7040000e+03   6.1038247e-01   8.0661337e-03
   2.7200000e+03   6.0122775e-01  -2.6685797e-03
   2.7360000e+03   6.1359984e-01  -6.7147134e-03
   2.7520000e+03   6.2114556e-01  -4.8223995e-03
   2.7680000e+03   6.1253189e-01   5.0423213e-03
   2.7840000e+03   5.9841415e-01  -1.3886087e-04
   2.8000000e+03   6.0590077e-01  -6.5614043e-03
   2.8160000e+03   6.0301605e-01   9.6678543e-03
   2.8320000e+03   5.9922862e-01  -1.2960234e-02
   2.8480000e+03   5.9702970e-01   1.9601232e-03
   2.8640000e+03   6.1263068e-01  -1.7069676e-02
   2.8800000e+03   6.0067298e-01   1.5647517e-03
   2.8960000e+03   5.9672033e-01  -1.1058183e-02
   2.9120000e+03   6.0051387e-01  -1.3356273e-02
   2.9280000e+03   5.9428401e-01   1.4115758e-03
   2.9440000e+03   6.0841397e-01   9.2663444e-03
   2.9600000e+03   5.9968414e-01  -1.3229661e-04
   2.9760000e+03   5.9491387e-01   4.7511040e-03
   2.9920000e+03   5.8678088e-01  -5.8522618e-03
   3.0080000e+03   5.9197040e-01   1.5044808e-03
   3.0240000e+03   5.9421615e-01   1.1482180e-02
   3.0400000e+03   5.8938644e-01  -9.9910408e-03
   3.0560000e+03   5.9254732e-01  -1.5292235e-03
   3.0720000e+03   5.9571958e-01  -1.5193648e-03
   3.0880000e+03   5.9640764e-01  -1.3690052e-03
   3.1040000e+03   5.9063257e-01  -4.9809880e-03
   3.1200000e+03   5.9376296e-01   1.0453830e-02
   3.1360000e+03   5.8933290e-01  -6.9529137e-03
   3.1520000e+03   5.8666026e-01  -1.1824210e-03
   3.1680000e+03   5.8271762e-01   5.1861647e-03
   3.1840000e+03   5.8730655e-01  -2.1931434e-03
   3.2000000e+03   5.9697859e-01   5.2905558e-04
   3.2160000e+03   5.9418964e-01  -4.0207492e-03
   3.2320000e+03   5.7982826e-01   6.7937713e-03
   3.2480000e+03   5.7256682e-01  -5.1868274e-03
   3.2640000e+03   5.9002488e-01  -8.1206744e-03
   3.2800000e+03   5.8250376e-01   9.2791502e-03
   3.2960000e+03   5.8508614e-01  -4.8707125e-03
   3.3120000e+03   5.8298997e-01   4.6615722e-03
   3.3280000e+03   5.8219745e-01   1.1587773e-02
   3.3440000e+03   5.7520514e-01   3.4767801e-03
   3.3600000e+03   5.7660011e-01   9.9508957e-03
   3.3760000e+03   5.6580374e-01  -7.1503380e-03
   3.3920000e+03   5.8429529e-01   1.4198718e-05
   3.4080000e+03   5.7899988e-01  -4.7617453e-03
   3.4240000e+03   5.7785918e-01  -2.3056948e-03
   3.4400000e+03   5.8109477e-01   3.8076368e-03
   3.4560000e+03   5.7640326e-01  -1.8009462e-03
   3.4720000e+03   5.6936604e-01   2.1251647e-03
   3.4880000e+03   5.7549059e-01   2.5374436e-03
   3.5040000e+03   5.8200370e-01  -4.9018370e-03
   3.5200000e+03   5.6428973e-01   6.0169946e-03
   3.5360000e+03   5.7404447e-01  -3.5529403e-04
   3.5520000e+03   5.7022225e-01   5.1867935e-03
   3.5680000e+03   5.7432688e-01  -7.7767606e-03
   3.5840000e+03   5.6714484e-01   9.7095815e-03
   3.6000000e+03   5.6704874e-01  -1.6298689e-04
   3.6160000e+03   5.6694216e-01   2.2892427e-03
   3.6320000e+03   5.6715365e-01  -6.3290862e-03
   3.6480000e+03   5.7547059e-01   3.2143870e-03
   3.6640000e+03   5.6720038e-01   1.3009746e-02
   3.6800000e+03   5.6882666e-01   2.4751626e-03
   3.6960000e+03   5.7375556e-01  -6.0897891e-03
   3.7120000e+03   5.7251674e-01   3.2398064e-04
   3.7280000e+03   5.6122727e-01   1.7077526e-03
   3.7440000e+03   5.6145697e-01  -5.4913582e-03
   3.7600000e+03   5.6714752e-01   9.6996194e-04
   3.7760000e+03   5.5972011e-01  -3.1688083e-03
   3.7920000e+03   5.5688381e-01  -7.9884784e-03
   3.8080000e+03   5.6332595e-01   8.7724105e-03
   3.8240000e+03   5.7767784e-01   7.9498427e-03
   3.8400000e+03   5.6837537e-01   2.5767200e-03
   3.8560000e+03   5.6688149e-01  -7.9118475e-03
   3.8720000e+03   5.6339492e-01   8.0313700e-04
   3.8880000e+03   5.6242344e-01   1.0589858e-02
   3.9040000e+03   5.6277854e-01  -1.5103340e-03
   3.9200000e+03   5.6158779e-01  -1.9699193e-03
   3.9360000e+03   5.6097255e-01   2.7649071e-03
   3.9520000e+03   5.5987818e-01   6.2049752e-03
   3.9680000e+03   5.5977552e-01   3.1999463e-03
   3.9840000e+03   5.5720364e-01  -7.8804904e-03
   4.0000000e+03   5.5128579e-01   6.3679902e-03
   4.0160000e+03   5.6741583e-01  -7.7121737e-03
   4.0320000e+03   5.6260396e-01   1.0912292e-02
   4.0480000e+03   5.6325683e-01   6.7059086e-04
   4.0640000e+03   5.5682100e-01   5.2095590e-03
   4.0800000e+03   5.5618715e-01  -4.1214165e-03
   4.0960000e+03   5.6841764e-01   3.4179432e-04
   4.1120000e+03   5.5858395e-01   1.2249115e-02
   4.1280000e+03   5.5707284e-01  -2.3580473e-03
   4.1440000e+03   5.6206397e-01   1.6087791e-02
   4.1600000e+03   5.6024701e-01  -2.0720130e-03
   4.1760000e+03   5.4855795e-01   2.5157427e-04
   4.1920000e+03   5.4905511e-01  -8.3988621e-03
   4.2080000e+03   5.5561935e-01  -5.9108726e-03
   4.2240000e+03   5.5403505e-01   4.1718790e-03
   4.2400000e+03   5.6531359e-01   1.0538169e-02
   4.2560000e+03   5.6155465e-01  -1.0471941e-02
   4.2720000e+03   5.4516334e-01  -3.2041573e-03
   4.2880000e+03   5.4010095e-01   1.9232324e-03
   4.3040000e+03   5.4482751e-01   7.5192408e-03
   4.3200000e+03   5.4661317e-01  -6.4114146e-03
   4.3360000e+03   5.5423704e-01   1.4576655e-03
   4.3520000e+03   5.5689946e-01   4.7135109e-03
   4.3680000e+03   5.5439007e-01  -1.2083795e-02
   4.3840000e+03   5.3771974e-01  -2.6009382e-03
   4.4000000e+03   5.5349241e-01   1.0538614e-02
   4.4160000e+03   5.5132488e-01   5.1441188e-03
   4.4320000e+03   5.5478794e-01  -4.6131451e-04
   4.4480000e+03   5.5949044e-01   2.7155490e-03
   4.4640000e+03   5.5062057e-01  -1.8189552e-03
   4.4800000e+03   5.4159437e-01   9.7507236e-03
   4.4960000e+03   5.4278181e-01   1.9116742e-03
   4.5120000e+03   5.4162574e-01  -7.2966295e-04
   4.5280000e+03   5.5039188e-01  -1.4891554e-03
   4.5440000e+03   5.4502215e-01   2.9403360e-03
   4.5600000e+03   5.5039275e-01  -1.5188090e-03
   4.5760000e+03   5.5592326e-01   1.3057800e-03
   4.5920000e+03   5.5198833e-01   6.2735487e-03
   4.6080000e+03   5.5165434e-01   3.1249600e-03
   4.6240000e+03   5.5043977e-01   3.9127454e-03
   4.6400000e+03   5.4942516e-01   5.6012351e-03
   4.6560000e+03   5.5144801e-01  -2.3427380e-03
   4.6720000e+03   5.5180242e-01   1.0683365e-03
   4.6880000e+03   5.4629777e-01  -2.0050916e-03
   4.7040000e+03   5.6008432e-01  -5.6971303e-03
   4.7200000e+03   5.3822292e-01   2.0363770e-03
   4.7360000e+03   5.4081773e-01   4.8993339e-03
   4.7520000e+03   5.4090932e-01  -1.1276562e-02
   4.7680000e+03   5.4757185e-01  -1.0691094e-02
   4.7840000e+03   5.4867040e-01   3.7078570e-05
   4.8000000e+03   5.4412868e-01   3.3649530e-03
   4.8160000e+03   5.3753123e-01  -7.9943968e-03
   4.8320000e+03   5.5281799e-01  -5.2926810e-03
   4.8480000e+03   5.3898358e-01  -6.1877158e-03
   4.8640000e+03   5.5452436e-01  -4.7029235e-04
   4.8800000e+03   5.4436748e-01   3.4320081e-03
   4.8960000e+03   5.4280148e-01  -9.7315458e-05
   4.9120000e+03   5.3846749e-01  -9.0641475e-03
   4.9280000e+03   5.3482942e-01  -6.5238937e-03
   4.9440000e+03   5.4044279e-01  -1.0010800e-03
   4.9600000e+03   5.4276896e-01   3.4884280e-03
   4.9760000e+03   5.4720421e-01  -3.9594284e-03
   4.9920000e+03   5.4284424e-01  -4.4605269e-03
   5.0080000e+03   5.4691758e-01   8.3800905e-03
   5.0240000e+03   5.4022900e-01  -5.9349551e-03
   5.0400000e+03   5.5359715e-01   1.0020604e-02
   5.0560000e+03   5.2878125e-01  -8.3067515e-03
   5.0720000e+03   5.4851148e-01   5.6445242e-03
   5.0880000e+03   5.4139100e-01   6.9082171e-03
   5.1040000e+03   5.3706439e-01   3.4248009e-03
   5.1200000e+03   5.4817496e-01  -6.9070060e-03
   5.1360000e+03   5.3917732e-01  -4.4788563e-03
   5.1520000e+03   5.4007015e-01   2.9851444e-03
   5.1680000e+03   5.4484672e-01   7.6850095e-03
   5.1840000e+03   5.3703507e-01   3.0110690e-03
   5.2000000e+03   5.2930821e-01  -7.9720969e-03
   5.2160000e+03   5.3580300e-01  -5.3564421e-04
   5.2320000e+03   5.2850020e-01   2.9137053e-03
   5.2480000e+03   5.4296427e-01   4.0618372e-03
   5.2640000e+03   5.4810609e-01   3.8449026e-03
   5.2800000e+03   5.3327666e-01   4.9981524e-03
   5.2960000e+03   5.3068537e-01   9.6237884e-03
   5.3120000e+03   5.2977193e-01   1.1724467e-02
   5.3280000e+03   5.4720443e-01  -7.2674130e-03
   5.3440000e+03   5.3283382e-01   9.9501548e-03
   5.3600000e+03   5.2896341e-01  -2.8217344e-03
   5.3760000e+03   5.3955520e-01  -8.3305812e-04
   5.3920000e+03   5.3546272e-01  -1.5631824e-03
   5.4080000e+03   5.3791742e-01  -5.4692043e-03
   5.4240000e+03   5.3748528e-01  -4.3603380e-03
   5.4400000e+03   5.3074886e-01   3.0504184e-03
   5.4560000e+03   5.4919876e-01  -3.7586219e-03
   5.4720000e+03   5.2945239e-01  -2.9150489e-03
   5.4880000e+03   5.3838879e-01  -8.5105530e-03
   5.5040000e+03   5.2774323e-01  -1.1667775e-02
   5.5200000e+03   5.3075494e-01  -3.8598125e-03
   5.5360000e+03   5.3010996e-01  -4.2296564e-04
   5.5520000e+03   5.2265872e-01  -3.8654315e-03
   5.5680000e+03   5.4380349e-01   9.1793265e-03
   5.5840000e+03   5.2797816e-01   1.3341385e-03
   5.6000000e+03   5.3706833e-01   4.6139787e-04
   5.6160000e+03   5.2328737e-01  -2.1481297e-03
   5.6320000e+03   5.3140777e-01   1.3748079e-03
   5.6480000e+03   5.3583650e-01   3.0455768e-03
   5.6640000e+03   5.3512305e-01   1.5443896e-02
   5.6800000e+03   5.2319863e-01   4.6939830e-03
   5.6960000e+03   5.4878425e-01  -2.6401492e-03
   5.7120000e+03   5.2956360e-01  -4.7595619e-03
   5.7280000e+03   5.3146815e-01   1.0045643e-02
   5.7440000e+03   5.3920950e-01   8.0032142e-04
   5.7600000e+03   5.2400488e-01   6.0142553e-03
   5.7760000e+03   5.3737309e-01  -1.5696816e-03
   5.7920000e+03   5.3211925e-01  -3.2414130e-03
   5.8080000e+03   5.2991704e-01   1.8032316e-02
   5.8240000e+03   5.3263739e-01  -9.1000850e-03
   5.8400000e+03   5.3920107e-01  -5.8032365e-03
   5.8560000e+03   5.4249752e-01  -6.9308624e-04
   5.8720000e+03   5.3323555e-01  -1.8177386e-03
   5.8880000e+03   5.4060645e-01  -1.1716577e-02
   5.9040000e+03   5.4357729e-01   1.1954271e-02
   5.9200000e+03   5.2683285e-01  -2.9578119e-03
   5.9360000e+03   5.3418619e-01   6.4296429e-03
   5.9520000e+03   5.2569780e-01   3.9182844e-04
   5.9680000e+03   5.3298948e-01  -4.6648202e-03
   5.9840000e+03   5.4897271e-01  -6.2056559e-03
   6.0000000e+03   5.2561121e-01  -1.1918926e-02
   6.0160000e+03   5.2924845e-01   2.2112825e-04
   6.0320000e+03   5.3303870e-01  -4.0061731e-03
   6.0480000e+03   5.2282700e-01   3.7316817e-04
   6.0640000e+03   5.3680524e-01   1.1262569e-02
   6.0800000e+03   5.2714650e-01   2.3587563e-03
   6.0960000e+03   5.3560733e-01  -7.0047170e-03
   6.1120000e+03   5.4290414e-01   4.3017093e-03
   6.1280000e+03   5.3936678e-01  -3.5246959e-03
   6.1440000e+03   5.1915162e-01   1.6515571e-03
   6.1600000e+03   5.2932638e-01   1.1713196e-02
   6.1760000e+03   5.2813876e-01   3.6764341e-03
   6.1920000e+03   5.3095797e-01   6.9543396e-03
   6.2080000e+03   5.2700025e-01   1.2146159e-02
   6.2240000e+03   5.1779718e-01   4.9783790e-03
   6.2400000e+03   5.3111270e-01   3.5916656e-03
   6.2560000e+03   5.1530013e-01  -6.4454943e-03
   6.2720000e+03   5.2566876e-01   1.5267856e-02
   6.2880000e+03   5.2748225e-01   9.1185245e-03
   6.3040000e+03   5.3252625e-01   1.3842520e-03
   6.3200000e+03   5.2882702e-01  -7.8358676e-03
   6.3360000e+03   5.2200475e-01   6.2664902e-03
   6.3520000e+03   5.2016195e-01   1.4864603e-02
   6.3680000e+03   5.2535862e-01   2.0172315e-03
   6.3840000e+03   5.2173385e-01  -1.3792737e-03
   6.4000000e+03   5.1815834e-01   4.8084114e-03
   6.4160000e+03   5.2641719e-01   5.8673498e-03
   6.4320000e+03   5.3152021e-01  -3.3561552e-03
   6.4480000e+03   5.1343707e-01  -1.6300019e-02
   6.4640000e+03   5.2654964e-01   3.9464149e-03
   6.4800000e+03   5.2184010e-01   5.3214264e-03
   6.4960000e+03   5.2475317e-01   1.2153764e-03
   6.5120000e+03   5.1207647e-01  -8.7436661e-04
   6.5280000e+03   5.1369025e-01  -1.1044692e-02
   6.5440000e+03   5.2025827e-01   2.6161803e-03
   6.5600000e+03   5.3680595e-01  -2.5856498e-03
   6.5760000e+03   5.2387597e-01   1.0790871e-02
   6.5920000e+03   5.2454707e-01  -4.0474127e-03
   6.6080000e+03   5.2640248e-01  -3.7272849e-03
   6.6240000e+03   5.2559515e-01  -1.4939963e-03
   6.6400000e+03   5.1417764e-01   5.0395113e-03
   6.6560000e+03   5.1826071e-01   6.6240529e-03
   6.6720000e+03   5.1660367e-01   4.9782771e-03
   6.6880000e+03   5.2612310e-01  -3.2624496e-03
   6.7040000e+03   5.2069120e-01   8.3298184e-04
   6.7200000e+03   5.2584741e-01   5.5324936e-03
   6.7360000e+03   5.2794554e-01   3.3049205e-03
   6.7520000e+03   5.1960099e-01  -1.4134704e-02
   6.7680000e+03   5.2092084e-01   1.1529629e-02
   6.7840000e+03   5.1715050e-01   1.0895600e-02
   6.8000000e+03   5.2251139e-01   3.3629480e-04
   6.8160000e+03   5.1712670e-01  -9.9632315e-03
   6.8320000e+03   5.0205151e-01  -2.6318859e-03
   6.8480000e+03   5.1550530e-01   8.9981570e-03
   6.8640000e+03   5.2361097e-01  -3.0140139e-03
   6.8800000e+03   5.2405679e-01   9.1762420e-03
   6.8960000e+03   5.1123678e-01  -8.2540853e-03
   6.9120000e+03   5.1762213e-01   1.0785971e-02
   6.9280000e+03   5.1805788e-01  -8.1089667e-03
   6.9440000e+03   5.1535792e-01  -9.2411097e-03
   6.9600000e+03   5.2410636e-01   4.1912043e-03
   6.9760000e+03   5.1540694e-01  -1.0077519e-03
   6.9920000e+03   5.2186568e-01   5.3890640e-03
   7.0080000e+03   5.1502174e-01  -5.6025851e-04
   7.0240000e+03   5.1159101e-01   1.3403355e-02
   7.0400000e+03   5.2261266e-01   8.6197363e-03
   7.0560000e+03   5.1928920e-01  -8.0276198e-03
   7.0720000e+03   5.1905535e-01  -3.7725733e-03
   7.0880000e+03   5.1804229e-01  -1.6014360e-03
   7.1040000e+03   5.2257784e-01   4.6764646e-03
   7.1200000e+03   5.1966669e-01  -1.1764245e-02
   7.1360000e+03   5.2201924e-01  -3.4364495e-03
   7.1520000e+03   5.0901548e-01   1.3790326e-02
   7.1680000e+03   5.2350229e-01  -1.5195446e-02
   7.1840000e+03   5.2377679e-01   2.5187454e-05
   7.2000000e+03   5.0793458e-01  -8.4851232e-04
   7.2160000e+03   5.1098004e-01   3.1595183e-03
   7.2320000e+03   5.2125836e-01   4.2485049e-04
   7.2480000e+03   5.1331753e-01  -7.4853716e-03
   7.2640000e+03   5.0548880e-01  -1.6958809e-02
   7.2800000e+03   5.1025023e-01  -4.7180514e-03
   7.2960000e+03   5.1879251e-01  -6.4517873e-03
   7.3120000e+03   5.1240569e-01   1.5919590e-03
   7.3280000e+03   5.1082937e-01  -3.7232177e-03
   7.3440000e+03   5.1771037e-01   7.2526106e-04
   7.3600000e+03   5.0124369e-01  -6.1102735e-04
   7.3760000e+03   5.0516422e-01  -1.4014810e-02
   7.3920000e+03   4.9827886e-01  -3.3515034e-03
   7.4080000e+03   5.0855122e-01  -1.8357642e-04
   7.4240000e+03   5.0540188e-01   8.2558830e-03
   7.4400000e+03   5.1840783e-01  -6.1660582e-04
   7.4560000e+03   5.0315450e-01  -2.8337285e-03
   7.4720000e+03   5.2274607e-01   1.1930387e-03
   7.4880000e+03   5.1168154e-01  -2.7239265e-03
   7.5040000e+03   5.1594493e-01   4.4511974e-03
   7.5200000e+03   5.1052485e-01   1.4000268e-03
   7.5360000e+03   4.9247170e-01   1.3067809e-02
   7.5520000e+03   5.0713021e-01  -1.2281850e-03
   7.5680000e+03   5.0724180e-01  -2.9083006e-03
   7.5840000e+03   5.1185898e-01  -4.4616711e-03
   7.6000000e+03   5.2136405e-01   4.5584785e-03
   7.6160000e+03   5.1153169e-01  -3.8156401e-03
   7.6320000e+03   5.1283187e-01  -5.1877356e-03
   7.6480000e+03   5.1538508e-01   1.2056892e-03
   7.6640000e+03   5.1415882e-01  -4.7506915e-03
   7.6800000e+03   5.1658704e-01   2.7444621e-03
   7.6960000e+03   5.0771630e-01   6.2340286e-03
   7.7120000e+03   5.1989474e-01  -9.0017251e-03
   7.7280000e+03   5.1075512e-01   6.8307155e-03
   7.7440000e+03   5.1499760e-01  -8.9914053e-03
   7.7600000e+03   5.0335263e-01  -2.9292054e-03
   7.7760000e+03   5.1371073e-01  -4.3855784e-03
   7.7920000e+03   5.0625767e-01   3.2938077e-03
   7.8080000e+03   5.1435871e-01  -3.1518191e-03
   7.8240000e+03   5.1665664e-01  -8.8850457e-03
   7.8400000e+03   5.1083388e-01   7.2217448e-04
   7.8560000e+03   5.0179393e-01  -7.8393675e-03
   7.8720000e+03   5.1152178e-01  -1.3444709e-02
   7.8880000e+03   5.1330160e-01   8.5061221e-03
   7.9040000e+03   5.0413331e-01  -1.0782250e-02
   7.9200000e+03   5.0698873e-01   5.2421384e-03
   7.9360000e+03   4.9827513e-01   5.1527543e-03
   7.9520000e+03   4.9094226e-01  -3.8745923e-03
   7.9680000e+03   5.1151736e-01   2.4451636e-03
   7.9840000e+03   4.9300880e-01  -1.2917580e-02
   8.0000000e+03   5.1294720e-01   1.6682248e-03
   8.0160000e+03   5.0241368e-01   3.4224286e-03
   8.0320000e+03   5.1659980e-01   5.6780191e-03
   8.0480000e+03   5.0415955e-01   3.4792294e-03
   8.0640000e+03   5.0742355e-01   1.7214216e-03
   8.0800000e+03   5.0795518e-01  -7.9789895e-03
   8.0960000e+03   5.0293074e-01   6.0859968e-03
   8.1120000e+03   5.1327935e-01  -4.5482350e-03
   8.1280000e+03   4.9710234e-01  -8.7645858e-03
   8.1440000e+03   5.1056166e-01   1.3282261e-02
   8.1600000e+03   5.0505649e-01   1.2313111e-02
   8.1760000e+03   5.0505047e-01  -3.8933839e-04
   8.1920000e+03   5.0411042e-01   1.9819412e-04
   8.2080000e+03   5.0205711e-01  -3.1388860e-03
   8.2240000e+03   5.0033820e-01  -1.2717945e-04
   8.2400000e+03   5.0468281e-01  -4.4886717e-03
   8.2560000e+03   5.0817332e-01   4.1865612e-03
   8.2720000e+03   4.9890220e-01   3.9249496e-03
   8.2880000e+03   4.9822156e-01  -5.0135149e-03
   8.3040000e+03   4.9606622e-01   1.7773812e-03
   8.3200000e+03   5.0311970e-01   7.6623818e-03
   8.3360000e+03   4.9853815e-01  -2.1345705e-03
   8.3520000e+03   4.9496151e-01   2.9941360e-03
   8.3680000e+03   4.9441974e-01   4.0079692e-03
   8.3840000e+03   5.0699410e-01  -3.1136375e-03
   8.4000000e+03   5.0450043e-01  -1.7226970e-03
   8.4160000e+03   5.0309507e-01  -1.9792881e-03
   8.4320000e+03   4.8773089e-01   6.0134826e-03
   8.4480000e+03   4.9673534e-01   3.5440055e-03
   8.4640000e+03   4.9448156e-01  -6.1065833e-03
   8.4800000e+03   4.9289525e-01   2.2134786e-03
   8.4960000e+03   4.9537044e-01   4.6711183e-03
   8.5120000e+03   4.8832010e-01  -1.1875345e-02
   8.5280000e+03   4.9192420e-01   4.5562122e-03
   8.5440000e+03   4.9656694e-01  -6.7295618e-03
   8.5600000e+03   5.0990888e-01  -9.6184443e-03
   8.5760000e+03   5.0173129e-01   7.1422047e-03
   8.5920000e+03   4.9611386e-01   5.6804996e-03
   8.6080000e+03   4.9763640e-01  -4.8491371e-03
   8.6240000e+03   4.9948064e-01   1.1699872e-02
   8.6400000e+03   4.9515677e-01  -1.2315313e-03
   8.6560000e+03   4.8937931e-01   1.0113986e-02
   8.6720000e+03   4.9996689e-01   9.4297182e-03
   8.6880000e+03   4.8948180e-01   1.1138547e-02
   8.7040000e+03   4.9823885e-01  -6.9315926e-03
   8.7200000e+03   4.8613581e-01  -8.6733603e-04
   8.7360000e+03   4.9346215e-01  -3.7918993e-03
   8.7520000e+03   5.1190238e-01   2.6364668e-03
   8.7680000e+03   5.0012706e-01  -5.6472193e-03
   8.7840000e+03   5.0072648e-01   1.6021867e-03
   8.8000000e+03   4.9969994e-01  -4.1406407e-03
   8.8160000e+03   5.0080764e-01   7.6100643e-04
   8.8320000e+03   4.8933549e-01  -5.5751902e-04
   8.8480000e+03   5.0439039e-01  -1.8821834e-03
   8.8640000e+03   4.9200766e-01   1.8811430e-04
   8.8800000e+03   4.9505519e-01   3.8222448e-03
   8.8960000e+03   4.9245575e-01  -3.7250574e-03
   8.9120000e+03   4.8005186e-01  -4.4826661e-03
   8.9280000e+03   4.9116691e-01   2.5689891e-03
   8.9440000e+03   4.9611303e-01  -1.3381621e-02
   8.9600000e+03   4.8769692e-01   3.7043384e-03
   8.9760000e+03   4.9253183e-01  -1.5411289e-02
   8.9920000e+03   4.9762394e-01  -2.3350264e-03
   9.0080000e+03   4.9986931e-01   5.0738237e-03
   9.0240000e+03   4.8870553e-01   2.9347875e-03
   9.0400000e+03   4.8140140e-01   1.0288061e-02
   9.0560000e+03   5.0247708e-01   6.5789126e-04
   9.0720000e+03   4.9955117e-01  -3.4635073e-04
   9.0880000e+03   4.9555240e-01  -1.2884675e-03
   9.1040000e+03   4.9482184e-01   1.2381880e-03
   9.1200000e+03   4.8621071e-01  -2.6878902e-03
   9.1360000e+03   4.8149593e-01   9.1486762e-03
   9.1520000e+03   4.8242161e-01  -4.9665818e-03
   9.1680000e+03   4.8580469e-01  -4.7438449e-04
   9.1840000e+03   4.9001645e-01   5.9122220e-03
   9.2000000e+03   4.7464983e-01   6.1349127e-03
   9.2160000e+03   4.8838194e-01   4.1581972e-03
   9.2320000e+03   4.8711574e-01  -2.3898912e-04
   9.2480000e+03   4.8515670e-01  -2.3458545e-03
   9.2640000e+03   4.7653164e-01   6.3037293e-03
   9.2800000e+03   4.8270133e-01  -8.0028125e-03
   9.2960000e+03   4.9301151e-01   1.5998140e-02
   9.3120000e+03   4.8308971e-01  -2.0965063e-03
   9.3280000e+03   4.8708384e-01   8.5705930e-04
   9.3440000e+03   4.8246064e-01   1.3444922e-03
   9.3600000e+03   4.9634405e-01  -8.9738290e-03
   9.3760000e+03   4.8909132e-01  -3.4087912e-03
   9.3920000e+03   4.8577376e-01  -5.8107934e-03
   9.4080000e+03   4.8626295e-01  -1.8381129e-02
   9.4240000e+03   4.7559568e-01  -1.5578367e-03
   9.4400000e+03   4.8829957e-01  -9.9962344e-03
   9.4560000e+03   4.8244816e-01   8.9694927e-03
   9.4720000e+03   4.8203961e-01  -3.9506285e-03
   9.4880000e+03   4.8475654e-01   2.1430802e-03
   9.5040000e+03   4.9120281e-01  -4.0872862e-03
   9.5200000e+03   4.8087864e-01  -5.5685488e-03
   9.5360000e+03   4.9125149e-01  -1.2537160e-02
   9.5520000e+03   4.7738943e-01   4.5591949e-03
   9.5680000e+03   4.7801914e-01   6.6480362e-03
   9.5840000e+03   4.6725082e-01   4.9594086e-03
   9.6000000e+03   4.7880455e-01   1.7630270e-02
   9.6160000e+03   4.8666223e-01   5.7065118e-03
   9.6320000e+03   4.7883907e-01   1.2524419e-02
   9.6480000e+03   4.7102082e-01  -5.3903373e-03
   9.6640000e+03   4.8008933e-01  -2.1221517e-03
   9.6800000e+03   4.7379124e-01  -5.7051615e-03
   9.6960000e+03   4.8552277e-01   6.9794794e-03
   9.7120000e+03   4.7771294e-01   1.3928894e-02
   9.7280000e+03   4.7783114e-01   8.6120621e-03
   9.7440000e+03   4.7632080e-01  -5.9650269e-03
   9.7600000e+03   4.8063996e-01   5.1370323e-03
   9.7760000e+03   4.6582849e-01   7.7046877e-03
   9.7920000e+03   4.8065127e-01   9.6758001e-05
   9.8080000e+03   4.8934562e-01  -9.1902502e-03
   9.8240000e+03   4.8229638e-01   4.7205608e-03
   9.8400000e+03   4.8029538e-01  -5.2920000e-03
   9.8560000e+03   4.7687240e-01  -1.0785946e-02
   9.8720000e+03   4.6735546e-01   4.3122099e-03
   9.8880000e+03   4.7758861e-01  -6.2872096e-03
   9.9040000e+03   4.7505833e-01  -4.2523953e-03
   9.9200000e+03   4.7220638e-01   7.7769321e-03
   9.9360000e+03   4.6920621e-01  -1.0302651e-02
   9.9520000e+03   4.7210847e-01   1.6939771e-03
   9.9680000e+03   4.6886873e-01   5.3153086e-04
   9.9840000e+03   4.6877367e-01   7.8412827e-03
   1.0000000e+04   4.7233276e-01   3.8811779e-03
   1.0016000e+04   4.7890258e-01   9.8385852e-03
   1.0032000e+04   4.6990151e-01  -4.1482469e-03
   1.0048000e+04   4.7488886e-01   9.0873997e-04
   1.0064000e+04   4.6416725e-01   1.3394471e-02
   1.0080000e+04   4.5913196e-01  -2.2978838e-03
   1.0096000e+04   4.7067072e-01  -7.4535522e-03
   1.0112000e+04   4.7299784e-01   1.4098791e-02
   1.0128000e+04   4.7756222e-01   3.7743046e-03
   1.0144000e+04   4.6655619e-01   3.6781899e-03
   1.0160000e+04   4.8113361e-01   7.0972768e-03
   1.0176000e+04   4.7203094e-01   1.1213936e-02
   1.0192000e+04   4.5563268e-01  -5.5907914e-03
   1.0208000e+04   4.6929659e-01  -4.2358072e-03
   1.0224000e+04   4.7442140e-01   4.4657802e-03
   1.0240000e+04   4.6419560e-01   6.8904466e-03
   1.0256000e+04   4.6812647e-01   5.8791569e-03
   1.0272000e+04   4.6479296e-01   1.3807094e-02
   1.0288000e+04   4.6228136e-01  -9.0258702e-03
   1.0304000e+04   4.7243613e-01   1.2952250e-02
   1.0320000e+04   4.6140500e-01   1.6509348e-04
   1.0336000e+04   4.7514345e-01   9.1787167e-03
   1.0352000e+04   4.5500239e-01  -7.5595668e-03
   1.0368000e+04   4.7362790e-01   5.9620893e-03
   1.0384000e+04   4.7000540e-01  -5.9536856e-04
   1.0400000e+04   4.7058840e-01  -6.8953487e-03
   1.0416000e+04   4.5261206e-01  -1.1892815e-02
   1.0432000e+04   4.7845979e-01   8.2566342e-03
   1.0448000e+04   4.6482676e-01  -1.8384115e-03
   1.0464000e+04   4.7345939e-01   6.6942317e-03
   1.0480000e+04   4.6318247e-01   1.4964871e-02
   1.0496000e+04   4.5154097e-01  -1.7991263e-03
   1.0512000e+04   4.5799688e-01   6.0909904e-03
   1.0528000e+04   4.4854819e-01  -1.2488362e-03
   1.0544000e+04   4.6819086e-01   1.3182785e-03
   1.0560000e+04   4.5410724e-01   5.4672355e-03
   1.0576000e+04   4.6807207e-01   4.4431458e-03
   1.0592000e+04   4.5521844e-01  -2.7879598e-03
   1.0608000e+04   4.7389332e-01  -3.2352845e-03
   1.0624000e+04   4.6518493e-01  -8.5835337e-03
   1.0640000e+04   4.6245695e-01  -7.7654831e-03
   1.0656000e+04   4.6141670e-01   4.4560093e-03
   1.0672000e+04   4.7039700e-01  -9.3640207e-03
   1.0688000e+04   4.5938375e-01  -5.7262552e-03
   1.0704000e+04   4.5017340e-01  -6.7418805e-03
   1.0720000e+04   4.6061824e-01  -6.0478782e-03
   1.0736000e+04   4.6098384e-01  -2.2960670e-04
   1.0752000e+04   4.6420382e-01  -1.0984509e-02
   1.0768000e+04   4.6038340e-01   8.3788877e-03
   1.0784000e+04   4.5582997e-01   3.2325327e-03
   1.0800000e+04   4.6100637e-01  -7.8364057e-03
   1.0816000e+04   4.5895178e-01  -4.6300691e-03
   1.0832000e+04   4.5975034e-01   7.9361290e-03
   1.0848000e+04   4.5802613e-01   1.2193537e-02
   1.0864000e+04   4.5078549e-01  -2.6480012e-03
   1.0880000e+04   4.6040079e-01  -6.1803102e-03
   1.0896000e+04   4.6561715e-01  -6.4933267e-03
   1.0912000e+04   4.5928099e-01   6.5656299e-03
   1.0928000e+04   4.5016304e-01   2.0617948e-04
   1.0944000e+04   4.5380883e-01  -4.2665776e-03
   1.0960000e+04   4.5028508e-01  -7.5625045e-03
   1.0976000e+04   4.5767505e-01  -1.6160935e-03
   1.0992000e+04   4.5726269e-01  -4.3211239e-03
   1.1008000e+04   4.5975021e-01  -2.4361167e-03
   1.1024000e+04   4.5598687e-01   5.8283390e-03
   1.1040000e+04   4.5863725e-01  -3.7096154e-03
   1.1056000e+04   4.4900027e-01  -1.4457925e-02
   1.1072000e+04   4.4417051e-01  -1.2174990e-02
   1.1088000e+04   4.6099581e-01   1.1267439e-04
   1.1104000e+04   4.5616209e-01   1.4306348e-03
   1.1120000e+04   4.5975470e-01   3.6300004e-03
   1.1136000e+04   4.5489759e-01  -2.1782283e-03
   1.1152000e+04   4.5032878e-01  -4.0967274e-03
   1.1168000e+04   4.6529054e-01   4.2622056e-03
   1.1184000e+04   4.4980356e-01   1.9834419e-03
   1.1200000e+04   4.4873185e-01   9.2480503e-03
   1.1216000e+04   4.5359932e-01  -6.8837831e-03
   1.1232000e+04   4.5940795e-01   5.0130217e-03
   1.1248000e+04   4.5964255e-01  -3.4326585e-03
   1.1264000e+04   4.3717158e-01   3.9468322e-03
   1.1280000e+04   4.6043938e-01  -5.4082040e-03
   1.1296000e+04   4.4643664e-01   3.1043135e-03
   1.1312000e+04   4.4054521e-01  -1.7940428e-03
   1.1328000e+04   4.5646875e-01  -5.5815896e-03
   1.1344000e+04   4.5249758e-01   8.4417765e-03
   1.1360000e+04   4.3545266e-01  -2.1977725e-03
   1.1376000e+04   4.4106630e-01  -1.1078960e-02
   1.1392000e+04   4.5004936e-01  -1.8608900e-03
   1.1408000e+04   4.3819837e-01  -1.3905327e-04
   1.1424000e+04   4.5248004e-01   2.9303036e-03
   1.1440000e+04   4.5817991e-01  -6.5818340e-03
   1.1456000e+04   4.4418144e-01   1.4346199e-03
   1.1472000e+04   4.4781829e-01   4.7484897e-03
   1.1488000e+04   4.5537872e-01  -3.6759493e-03
   1.1504000e+04   4.5056648e-01  -8.8345115e-03
   1.1520000e+04   4.6203584e-01  -4.8947992e-03
   1.1536000e+04   4.4988032e-01  -3.1131742e-03
   1.1552000e+04   4.4741669e-01   8.2321819e-04
   1.1568000e+04   4.4757675e-01  -1.5055976e-03
   1.1584000e+04   4.5430772e-01   2.2668852e-02
   1.1600000e+04   4.3826639e-01  -4.7325095e-03
   1.1616000e+04   4.4708104e-01  -8.1218263e-03
   1.1632000e+04   4.4170292e-01  -2.4891698e-03
   1.1648000e+04   4.5128459e-01   1.8812905e-03
   1.1664000e+04   4.3565284e-01   3.7574497e-05
   1.1680000e+04   4.4026457e-01   1.9082171e-03
   1.1696000e+04   4.3717803e-01   9.9937915e-03
   1.1712000e+04   4.3111110e-01  -2.3695457e-03
   1.1728000e+04   4.4367397e-01  -3.3886133e-03
   1.1744000e+04   4.3666341e-01   2.8682756e-04
   1.1760000e+04   4.4171450e-01   2.3830361e-03
   1.1776000e+04   4.3534868e-01   6.7824348e-03
   1.1792000e+04   4.4640110e-01   1.1110104e-03
   1.1808000e+04   4.5166422e-01  -9.2341178e-03
   1.1824000e+04   4.4618621e-01  -1.0707950e-02
   1.1840000e+04   4.5106792e-01  -8.1634418e-04
   1.1856000e+04   4.5256449e-01   1.8304901e-03
   1.1872000e+04   4.3837004e-01  -3.4329585e-03
   1.1888000e+04   4.4161958e-01  -3.7825271e-03
   1.1904000e+04   4.3618546e-01  -8.5958148e-03
   1.1920000e+04   4.3775910e-01   4.6070868e-03
   1.1936000e+04   4.3609806e-01   5.7104744e-03
   1.1952000e+04   4.3222067e-01   4.4737835e-03
   1.1968000e+04   4.3354219e-01  -2.6011626e-03
   1.1984000e+04   4.4891249e-01   6.8235326e-03
   1.2000000e+04   4.3388387e-01   1.5574265e-02
   1.2016000e+04   4.3145145e-01  -6.0789811e-03
   1.2032000e+04   4.3203683e-01   7.3750550e-03
   1.2048000e+04   4.3525597e-01   7.2827931e-03
   1.2064000e+04   4.3542903e-01   2.3537943e-03
   1.2080000e+04   4.3970894e-01  -2.6492165e-03
   1.2096000e+04   4.4586647e-01  -3.2904447e-03
   1.2112000e+04   4.3441987e-01  -2.0326797e-03
   1.2128000e+04   4.4031329e-01   1.3207557e-03
   1.2144000e+04   4.3813286e-01  -6.6941986e-03
   1.2160000e+04   4.4451170e-01   3.1020477e-03
   1.2176000e+04   4.4096077e-01  -1.2388868e-02
   1.2192000e+04   4.2853863e-01  -3.1845076e-03
   1.2208000e+04   4.3656718e-01   6.9795128e-04
   1.2224000e+04   4.4027177e-01   2.5084787e-03
   1.2240000e+04   4.3432223e-01   5.7437059e-03
   1.2256000e+04   4.4064041e-01   1.1503220e-02
