   0.0000000e+00   7.6429997e-01   4.0655191e-03
   8.0000000e+00   7.8157498e-01  -3.7705909e-03
   1.6000000e+01   8.0246313e-01   6.8602507e-04
   2.4000000e+01   8.2791930e-01  -6.3881985e-03
   3.2000000e+01   8.3161902e-01  -1.1796183e-02
   4.0000000e+01   8.4736561e-01  -2.2536470e-03
   4.8000000e+01   8.7114509e-01  -3.6905749e-03
   5.6000000e+01   8.9034910e-01  -3.8993069e-03
   6.4000000e+01   9.0718770e-01  -2.1598173e-03
   7.2000000e+01   9.2851606e-01  -8.5999436e-03
   8.0000000e+01   9.4625850e-01   1.8058099e-03
   8.8000000e+01   9.7418967e-01   5.3303134e-04
   9.6000000e+01   9.9156525e-01  -2.7658444e-03
   1.0400000e+02   9.9587760e-01   3.4801644e-04
   1.1200000e+02   9.9867073e-01   9.2611793e-03
   1.2000000e+02   9.8197183e-01   3.7764759e-04
   1.2800000e+02   9.8575191e-01  -2.8268429e-03
   1.3600000e+02   9.7175347e-01  -2.1642340e-03
   1.4400000e+02   9.6064537e-01  -1.7239355e-03
   1.5200000e+02   9.4324593e-01  -1.0475979e-02
   1.6000000e+02   9.2370526e-01   4.2729625e-03
   1.6800000e+02   8.9979713e-01  -1.0894058e-03
   1.7600000e+02   8.8087534e-01  -1.5144522e-03
   1.8400000e+02   8.5318259e-01  -1.3093514e-02
   1.9200000e+02   8.3594655e-01  -6.1177619e-03
   2.0000000e+02   8.1444734e-01  -2.0992149e-03
   2.0800000e+02   8.0072590e-01  -5.0668079e-03
   2.1600000e+02   7.8963225e-01  -1.0861058e-02
   2.2400000e+02   7.8035518e-01   9.2165681e-03
   2.3200000e+02   7.5580668e-01  -6.0570704e-03
   2.4000000e+02   7.6142461e-01   7.3571501e-03
   2.4800000e+02   7.3616045e-01  -1.2750330e-02
   2.5600000e+02   7.4591868e-01  -1.4929326e-03
   2.6400000e+02   7.3342686e-01   5.6941049e-03
   2.7200000e+02   7.1958565e-01  -1.8720943e-03
   2.8000000e+02   7.3328892e-01  -9.3189911e-03
   2.8800000e+02   7.0594418e-01  -5.3963485e-03
   2.9600000e+02   7.0429138e-01   1.0020401e-03
   3.0400000e+02   7.2305072e-01   2.0696018e-02
   3.1200000e+02   7.0018797e-01   8.7094171e-03
   3.2000000e+02   7.0865542e-01   1.5902167e-02
   3.2800000e+02   6.7974015e-01   1.1138418e-03
   3.3600000e+02   6.8623322e-01   1.8802941e-02
   3.4400000e+02   6.8682165e-01  -4.3870837e-03
   3.5200000e+02   6.9240724e-01   4.5828412e-04
   3.6000000e+02   6.8421557e-01   1.5421081e-02
   3.6800000e+02   6.8578602e-01  -3.6386038e-03
   3.7600000e+02   6.7503195e-01  -2.9999847e-03
   3.8400000e+02   6.7777090e-01  -6.6071709e-03
   3.9200000e+02   6.6133623e-01   5.5006654e-03
   4.0000000e+02   6.7268613e-01   3.3304751e-03
   4.0800000e+02   6.8219904e-01   1.2019899e-02
   4.1600000e+02   6.6998789e-01  -1.8743819e-02
   4.2400000e+02   6.5566477e-01   1.1524814e-02
   4.3200000e+02   6.6090863e-01  -1.1061710e-02
   4.4000000e+02   6.6391514e-01   6.8414861e-03
   4.4800000e+02   6.4924397e-01   1.1775686e-02
   4.5600000e+02   6.6448798e-01  -6.0515669e-03
   4.6400000e+02   6.6239717e-01   3.9921830e-03
   4.7200000e+02   6.5211359e-01  -2.5981533e-05
   4.8000000e+02   6.4845636e-01   1.8466302e-04
   4.8800000e+02   6.3339510e-01  -1.2918187e-03
   4.9600000e+02   6.5730195e-01   2.0075933e-03
   5.0400000e+02   6.4670409e-01  -2.8591903e-03
   5.1200000e+02   6.3873027e-01   6.1065180e-03
   5.2000000e+02   6.3420948e-01   7.0625524e-03
   5.2800000e+02   6.2927081e-01   3.5169436e-03
   5.3600000e+02   6.4672448e-01  -2.8454719e-03
   5.4400000e+02   6.3980577e-01   1.7429456e-02
   5.5200000e+02   6.3453267e-01   1.5352471e-03
   5.6000000e+02   6.2590402e-01   9.5592254e-03
   5.6800000e+02   6.1739742e-01   1.1215290e-02
   5.7600000e+02   6.3004695e-01  -4.9849979e-03
   5.8400000e+02   6.1252492e-01  -6.5467898e-03
   5.9200000e+02   6.2319301e-01  -3.0085370e-03
   6.0000000e+02   6.2159881e-01   6.8484845e-03
   6.0800000e+02   6.2122787e-01  -3.7509050e-03
   6.1600000e+02   6.2018232e-01  -3.7218052e-03
   6.2400000e+02   6.0737664e-01  -2.4526069e-04
   6.3200000e+02   6.2071760e-01   1.1244726e-02
   6.4000000e+02   6.1390268e-01  -6.2840105e-04
   6.4800000e+02   6.1914782e-01  -6.7623700e-03
   6.5600000e+02   6.1471958e-01   4.7564078e-03
   6.6400000e+02   6.0972419e-01  -2.5022761e-03
   6.7200000e+02   6.0687875e-01  -1.1220469e-02
   6.8000000e+02   6.2733629e-01  -1.5705239e-03
   6.8800000e+02   6.1414936e-01   7.5871002e-04
   6.9600000e+02   5.9311312e-01  -6.5917669e-03
   7.0400000e+02   5.9634416e-01   1.1086892e-03
   7.1200000e+02   6.0497620e-01   5.9714184e-03
   7.2000000e+02   6.0203314e-01  -2.5542168e-03
   7.2800000e+02   6.1228027e-01   5.1926088e-03
   7.3600000e+02   6.1107108e-01   2.6949341e-03
   7.4400000e+02   6.0705178e-01  -3.2304075e-03
   7.5200000e+02   6.0951471e-01  -6.0136442e-03
   7.6000000e+02   6.0652163e-01  -4.5340268e-03
   7.6800000e+02   5.8849187e-01  -1.0699257e-02
   7.7600000e+02   6.0571405e-01   4.7114561e-03
   7.8400000e+02   5.9521636e-01   7.3470627e-03
   7.9200000e+02   5.9479929e-01   3.3019472e-03
   8.0000000e+02   5.9108245e-01   2.4153813e-03
   8.0800000e+02   5.9312602e-01  -2.1344409e-03
   8.1600000e+02   6.0493767e-01   9.4605791e-03
   8.2400000e+02   6.0554823e-01  -5.6619320e-03
   8.3200000e+02   6.0033490e-01  -9.4633644e-03
   8.4000000e+02   6.0281305e-01   1.0519300e-02
   8.4800000e+02   5.9660763e-01   7.7627519e-03
   8.5600000e+02   5.9094239e-01   1.6070553e-04
   8.6400000e+02   5.9626534e-01   1.1111309e-02
   8.7200000e+02   5.8776560e-01  -1.5369392e-03
   8.8000000e+02   5.9243687e-01  -2.0627546e-03
   8.8800000e+02   6.0043445e-01  -7.5308787e-03
   8.9600000e+02   5.8386299e-01   8.9988856e-03
   9.0400000e+02   5.9349538e-01  -6.0355149e-03
   9.1200000e+02   5.9511162e-01  -1.2988759e-02
   9.2000000e+02   5.9642908e-01   5.3508840e-03
   9.2800000e+02   5.8236878e-01   1.1253328e-02
   9.3600000e+02   5.9074465e-01  -1.0269038e-03
   9.4400000e+02   5.8984584e-01  -2.0695315e-03
   9.5200000e+02   6.0449210e-01  -1.8580295e-03
   9.6000000e+02   5.9355441e-01   5.8164222e-03
   9.6800000e+02   5.9532956e-01   5.6195473e-03
   9.7600000e+02   5.9634284e-01   9.9639279e-03
   9.8400000e+02   5.8590257e-01  -7.8466234e-03
   9.9200000e+02   5.9150241e-01   6.4384543e-03
   1.0000000e+03   5.8321160e-01   3.7302575e-03
   1.0080000e+03   5.7477946e-01   1.9867230e-02
   1.0160000e+03   5.9205460e-01  -2.6744027e-04
   1.0240000e+03   5.8601711e-01   3.4593548e-04
   1.0320000e+03   5.7517623e-01  -4.4702809e-03
   1.0400000e+03   5.8951908e-01   9.0850742e-03
   1.0480000e+03   5.8307181e-01   7.2921595e-03
   1.0560000e+03   5.9366053e-01   7.8430811e-03
   1.0640000e+03   5.9460245e-01   4.1111588e-03
   1.0720000e+03   5.8935645e-01  -1.0052460e-02
   1.0800000e+03   5.8402357e-01  -7.4902308e-03
   1.0880000e+03   5.9167020e-01   3.4738293e-03
   1.0960000e+03   5.8597082e-01   1.9674799e-03
   1.1040000e+03   5.7509038e-01  -1.6572297e-02
   1.1120000e+03   5.7933174e-01  -6.1800866e-03
   1.1200000e+03   5.8119488e-01  -6.1838551e-03
   1.1280000e+03   5.8246605e-01  -2.6574208e-03
   1.1360000e+03   5.9244917e-01  -3.5756879e-03
   1.1440000e+03   5.9032518e-01  -5.9667205e-03
   1.1520000e+03   5.8074367e-01  -2.9957968e-03
   1.1600000e+03   5.8388644e-01   9.5827413e-03
   1.1680000e+03   5.9839428e-01  -4.1289580e-03
   1.1760000e+03   5.7647786e-01   4.4713728e-04
   1.1840000e+03   5.8837323e-01  -7.5725542e-04
   1.1920000e+03   5.7921022e-01   1.7213695e-03
   1.2000000e+03   5.8075959e-01   6.3134902e-03
   1.2080000e+03   5.8725283e-01   5.0087928e-03
   1.2160000e+03   5.7810193e-01  -1.0572466e-02
   1.2240000e+03   5.6812895e-01   7.2194804e-03
   1.2320000e+03   5.7694443e-01   5.0291854e-03
   1.2400000e+03   5.8373950e-01   1.3645467e-02
   1.2480000e+03   5.8644348e-01  -4.3791898e-03
   1.2560000e+03   5.7631068e-01   1.2086930e-02
   1.2640000e+03   5.6480653e-01   1.3447134e-03
   1.2720000e+03   5.9784972e-01   3.7549921e-03
   1.2800000e+03   5.8957846e-01   1.9772489e-03
   1.2880000e+03   5.7680538e-01   1.9815621e-05
   1.2960000e+03   5.8773099e-01  -4.4368769e-03
   1.3040000e+03   5.7247474e-01   3.9272517e-03
   1.3120000e+03   5.7560119e-01  -1.3081295e-02
   1.3200000e+03   5.6160683e-01   2.1778271e-03
   1.3280000e+03   5.8572180e-01  -1.1417782e-03
   1.3360000e+03   5.8613520e-01   1.2885583e-02
   1.3440000e+03   5.7749341e-01  -1.1268239e-02
   1.3520000e+03   5.8514130e-01   1.0717049e-02
   1.3600000e+03   5.9498800e-01   1.2346262e-03
   1.3680000e+03   5.8390321e-01   6.7797324e-03
   1.3760000e+03   5.8158214e-01   4.5735525e-03
   1.3840000e+03   5.7617960e-01   6.2043773e-03
   1.3920000e+03   5.7391336e-01  -1.5061464e-02
   1.4000000e+03   5.7693243e-01   7.8425820e-03
   1.4080000e+03   5.8542547e-01  -3.0415739e-03
   1.4160000e+03   5.8106316e-01   4.5427296e-03
   1.4240000e+03   5.7022128e-01  -3.4431965e-03
   1.4320000e+03   5.7107797e-01  -7.7728611e-03
   1.4400000e+03   5.9018646e-01  -7.7668749e-04
   1.4480000e+03   5.7533019e-01  -2.8297362e-03
   1.4560000e+03   5.6582334e-01   1.0449933e-02
   1.4640000e+03   5.8462764e-01  -3.2770727e-03
   1.4720000e+03   5.8443974e-01   1.3290501e-02
   1.4800000e+03   5.8408714e-01   1.0507456e-03
   1.4880000e+03   5.7290728e-01  -7.4680068e-03
   1.4960000e+03   5.6987585e-01  -1.3652092e-02
   1.5040000e+03   5.8764179e-01   2.5722998e-03
   1.5120000e+03   5.7295272e-01  -1.4696644e-05
   1.5200000e+03   5.6828755e-01  -1.9459631e-03
   1.5280000e+03   5.6864523e-01  -1.0523353e-02
   1.5360000e+03   5.7252033e-01   3.7703597e-03
   1.5440000e+03   5.6895388e-01   5.9131969e-04
   1.5520000e+03   5.9179368e-01  -1.1666520e-03
   1.5600000e+03   5.7228692e-01  -1.8783187e-03
   1.5680000e+03   5.5388577e-01  -1.6816993e-02
   1.5760000e+03   5.7153303e-01   1.5325769e-02
   1.5840000e+03   5.6939922e-01   3.6568773e-04
   1.5920000e+03   5.6321956e-01   7.5092664e-04
   1.6000000e+03   5.7943237e-01  -9.4633456e-04
   1.6080000e+03   5.7419413e-01  -4.9908961e-03
   1.6160000e+03   5.7624590e-01   1.0658990e-02
   1.6240000e+03   5.6084254e-01  -1.3590474e-02
   1.6320000e+03   5.6432390e-01   5.7204225e-03
   1.6400000e+03   5.7732246e-01   1.0221661e-03
   1.6480000e+03   5.6627178e-01  -9.8734358e-03
   1.6560000e+03   5.7643895e-01  -1.0209709e-03
   1.6640000e+03   5.7069867e-01   6.7773943e-03
   1.6720000e+03   5.7242501e-01   9.6087066e-03
   1.6800000e+03   5.7692542e-01  -2.8950483e-03
   1.6880000e+03   5.6287975e-01  -4.4520717e-03
   1.6960000e+03   5.6188508e-01   6.9006247e-03
   1.7040000e+03   5.7245685e-01  -3.6717179e-04
   1.7120000e+03   5.6744525e-01   1.4099522e-02
   1.7200000e+03   5.7802344e-01   1.0544180e-02
   1.7280000e+03   5.6030200e-01  -1.9170144e-02
   1.7360000e+03   5.7219451e-01  -2.3830104e-03
   1.7440000e+03   5.6881711e-01  -1.6733107e-04
   1.7520000e+03   5.6340588e-01  -9.3307867e-03
   1.7600000e+03   5.7600938e-01   1.0405367e-02
   1.7680000e+03   5.7144007e-01   3.9759036e-03
   1.7760000e+03   5.6674911e-01   2.3315369e-03
   1.7840000e+03   5.7014315e-01   8.7927558e-04
   1.7920000e+03   5.5878948e-01  -1.0608161e-02
   1.8000000e+03   5.6954085e-01  -8.9171330e-03
   1.8080000e+03   5.6487298e-01   2.7825118e-03
   1.8160000e+03   5.5854756e-01  -2.1306515e-03
   1.8240000e+03   5.6458581e-01   1.6062113e-02
   1.8320000e+03   5.5407632e-01  -6.6386930e-03
   1.8400000e+03   5.4630627e-01  -8.5054892e-03
   1.8480000e+03   5.5668279e-01  -8.9644954e-03
   1.8560000e+03   5.6736250e-01   1.2939787e-03
   1.8640000e+03   5.6426662e-01   5.2846545e-03
   1.8720000e+03   5.6522677e-01   2.7095304e-03
   1.8800000e+03   5.5789836e-01   7.7518802e-04
   1.8880000e+03   5.6445764e-01  -1.6628015e-03
   1.8960000e+03   5.7080620e-01  -3.3208795e-03
   1.9040000e+03   5.6321954e-01   4.3855174e-03
   1.9120000e+03   5.6476006e-01   2.9839606e-04
   1.9200000e+03   5.6815835e-01   7.5118800e-03
   1.9280000e+03   5.5694793e-01  -6.6237389e-03
   1.9360000e+03   5.4804068e-01   7.7755839e-03
   1.9440000e+03   5.7599011e-01   8.8563637e-04
   1.9520000e+03   5.6942153e-01   6.8966326e-03
   1.9600000e+03   5.7102338e-01   2.9162269e-03
   1.9680000e+03   5.5151603e-01  -9.3142102e-03
   1.9760000e+03   5.6024386e-01  -5.5646735e-03
   1.9840000e+03   5.6015038e-01  -2.8957972e-03
   1.9920000e+03   5.6083909e-01  -2.6495402e-03
   2.0000000e+03   5.5865378e-01  -8.5842274e-03
   2.0080000e+03   5.5830826e-01   4.0699367e-03
   2.0160000e+03   5.5772352e-01   8.5911204e-03
   2.0240000e+03   5.4979743e-01  -9.5581479e-03
   2.0320000e+03   5.5084447e-01  -8.1232071e-03
   2.0400000e+03   5.5350696e-01  -6.3170704e-03
   2.0480000e+03   5.7006930e-01  -2.4618713e-02
   2.0560000e+03   5.5649534e-01  -4.7867548e-03
   2.0640000e+03   5.6874480e-01   4.4870280e-03
   2.0720000e+03   5.5678152e-01  -5.1265824e-03
   2.0800000e+03   5.4668635e-01  -9.8180320e-03
   2.0880000e+03   5.6319660e-01   7.1296381e-03
   2.0960000e+03   5.4942374e-01   1.5847716e-02
   2.1040000e+03   5.6208547e-01  -6.5006755e-03
   2.1120000e+03   5.6029116e-01   1.6033876e-02
   2.1200000e+03   5.6600983e-01  -3.9999855e-03
   2.1280000e+03   5.5156497e-01   8.9976951e-03
   2.1360000e+03   5.5049936e-01   1.8162492e-03
   2.1440000e+03   5.6802845e-01  -4.4617399e-04
   2.1520000e+03   5.6137348e-01  -3.9766937e-03
   2.1600000e+03   5.4368038e-01  -1.9100864e-02
   2.1680000e+03   5.6334447e-01   1.1839766e-03
   2.1760000e+03   5.4502970e-01  -8.3420361e-03
   2.1840000e+03   5.5631545e-01   1.7197518e-04
   2.1920000e+03   5.5508185e-01  -7.5915641e-03
   2.2000000e+03   5.4970126e-01   1.2868164e-02
   2.2080000e+03   5.6557452e-01  -9.3958739e-03
   2.2160000e+03   5.5543704e-01  -1.6929881e-04
   2.2240000e+03   5.5630465e-01   1.2608716e-03
   2.2320000e+03   5.5678188e-01  -1.2885217e-02
   2.2400000e+03   5.5725661e-01   1.3392235e-03
   2.2480000e+03   5.5871678e-01  -1.0288657e-03
   2.2560000e+03   5.5558871e-01   5.9275692e-03
   2.2640000e+03   5.5572230e-01  -9.7366449e-03
   2.2720000e+03   5.5097446e-01  -2.1708374e-02
   2.2800000e+03   5.5609749e-01   6.9177189e-05
   2.2880000e+03   5.4912167e-01  -3.6139015e-04
   2.2960000e+03   5.4592031e-01  -3.7703065e-03
   2.3040000e+03   5.2922532e-01   2.9343945e-03
   2.3120000e+03   5.5109580e-01  -1.0421344e-02
   2.3200000e+03   5.5328277e-01   9.6848644e-03
   2.3280000e+03   5.6391438e-01   4.2066578e-03
   2.3360000e+03   5.5527706e-01   1.0668130e-02
   2.3440000e+03   5.4834797e-01   4.7552037e-03
   2.3520000e+03   5.5395416e-01   1.0847949e-02
   2.3600000e+03   5.4216910e-01   1.3823644e-02
   2.3680000e+03   5.6343691e-01   1.3899708e-02
   2.3760000e+03   5.6807787e-01  -1.8922143e-02
   2.3840000e+03   5.5606363e-01  -7.1595623e-03
   2.3920000e+03   5.5715337e-01   2.4877017e-03
   2.4000000e+03   5.6755243e-01  -2.8251811e-03
   2.4080000e+03   5.5054096e-01   4.9777501e-03
   2.4160000e+03   5.5017475e-01   1.5114937e-02
   2.4240000e+03   5.6340231e-01  -6.9806703e-03
   2.4320000e+03   5.4535851e-01   8.3814360e-03
   2.4400000e+03   5.3507422e-01  -1.3750736e-02
   2.4480000e+03   5.4372632e-01   7.6239328e-03
   2.4560000e+03   5.4102167e-01   9.4507188e-03
   2.4640000e+03   5.5828797e-01  -4.5204673e-03
   2.4720000e+03   5.5499581e-01  -7.1128590e-03
   2.4800000e+03   5.4857660e-01   4.4119487e-03
   2.4880000e+03   5.5490527e-01   8.8853353e-04
   2.4960000e+03   5.5145488e-01   4.5058195e-03
   2.5040000e+03   5.3536390e-01   6.9522197e-03
   2.5120000e+03   5.5168369e-01   7.0748317e-03
   2.5200000e+03   5.4970947e-01   3.0528430e-03
   2.5280000e+03   5.5468424e-01  -3.5597746e-03
   2.5360000e+03   5.4707358e-01   2.9782048e-03
   2.5440000e+03   5.4851963e-01  -1.3769298e-03
   2.5520000e+03   5.4395491e-01   8.6391341e-03
   2.5600000e+03   5.5382571e-01   1.5192949e-02
   2.5680000e+03   5.5255129e-01  -6.4636936e-03
   2.5760000e+03   5.5833168e-01  -6.1518909e-04
   2.5840000e+03   5.4850838e-01   5.5631809e-03
   2.5920000e+03   5.5436717e-01   4.3241875e-03
   2.6000000e+03   5.4029976e-01   7.6418164e-04
   2.6080000e+03   5.4050211e-01  -4.5110054e-03
   2.6160000e+03   5.5474901e-01  -2.1750770e-03
   2.6240000e+03   5.4888561e-01   9.8343303e-03
   2.6320000e+03   5.5824063e-01   7.2884287e-03
   2.6400000e+03   5.4604151e-01   3.6203509e-03
   2.6480000e+03   5.5469142e-01   1.4161305e-03
   2.6560000e+03   5.3986639e-01  -7.1914551e-03
   2.6640000e+03   5.4616014e-01   5.1890935e-03
   2.6720000e+03   5.4544093e-01  -7.2135280e-03
   2.6800000e+03   5.4257254e-01   1.1483999e-02
   2.6880000e+03   5.5399206e-01  -2.0649573e-02
   2.6960000e+03   5.4811115e-01  -5.2031001e-03
   2.7040000e+03   5.7541376e-01   2.4835946e-03
   2.7120000e+03   5.3519579e-01  -6.1768953e-03
   2.7200000e+03   5.4124754e-01  -7.3738799e-03
   2.7280000e+03   5.5806906e-01  -7.7200996e-03
   2.7360000e+03   5.5086996e-01   2.4180042e-03
   2.7440000e+03   5.5415307e-01  -9.5769705e-04
   2.7520000e+03   5.4237896e-01   4.6466996e-03
   2.7600000e+03   5.5114147e-01  -2.1630106e-03
   2.7680000e+03   5.5153522e-01   4.4896536e-03
   2.7760000e+03   5.2692958e-01   7.7729539e-05
   2.7840000e+03   5.4439745e-01   3.6708305e-03
   2.7920000e+03   5.4760290e-01  -2.6245210e-03
   2.8000000e+03   5.4850246e-01   9.3351741e-03
   2.8080000e+03   5.5640991e-01  -3.4278802e-03
   2.8160000e+03   5.6884664e-01  -3.2279179e-03
   2.8240000e+03   5.3952039e-01   6.9631749e-04
   2.8320000e+03   5.5493473e-01   7.7519874e-04
   2.8400000e+03   5.4581622e-01   1.9166167e-03
   2.8480000e+03   5.3762352e-01  -1.7607548e-03
   2.8560000e+03   5.5094033e-01  -8.8930835e-03
   2.8640000e+03   5.4797487e-01   1.0472368e-02
   2.8720000e+03   5.4175491e-01  -6.6967447e-03
   2.8800000e+03   5.5870214e-01  -6.6985578e-03
   2.8880000e+03   5.6404653e-01   3.8183810e-03
   2.8960000e+03   5.5547573e-01   1.6144900e-03
   2.9040000e+03   5.4126993e-01   3.1239990e-03
   2.9120000e+03   5.6323983e-01   3.5558975e-03
   2.9200000e+03   5.5019489e-01   1.0789144e-02
   2.9280000e+03   5.4738016e-01  -1.0660207e-02
   2.9360000e+03   5.5363479e-01  -7.2126961e-03
   2.9440000e+03   5.5039366e-01  -5.0403944e-03
   2.9520000e+03   5.4662375e-01  -6.8453703e-03
   2.9600000e+03   5.5954574e-01   4.4624777e-03
   2.9680000e+03   5.3089272e-01   3.2205568e-03
   2.9760000e+03   5.4196381e-01  -5.8551385e-03
   2.9840000e+03   5.5327629e-01   7.5268581e-03
   2.9920000e+03   5.6121316e-01  -7.6827465e-03
   3.0000000e+03   5.4962692e-01  -1.2218969e-03
   3.0080000e+03   5.5409328e-01   8.5267482e-03
   3.0160000e+03   5.5121969e-01  -8.3791547e-03
   3.0240000e+03   5.4056191e-01  -1.0994184e-03
   3.0320000e+03   5.5514210e-01  -1.0669493e-02
   3.0400000e+03   5.5339703e-01  -9.8298948e-03
   3.0480000e+03   5.6224980e-01   1.4238515e-02
   3.0560000e+03   5.5085543e-01   1.1682219e-03
   3.0640000e+03   5.5925752e-01   3.4913479e-03
   3.0720000e+03   5.4719370e-01  -7.6044064e-03
   3.0800000e+03   5.4348370e-01  -1.1544027e-02
   3.0880000e+03   5.3754446e-01  -6.4018376e-03
   3.0960000e+03   5.4004937e-01  -8.0064973e-04
   3.1040000e+03   5.4543882e-01  -2.3883926e-03
   3.1120000e+03   5.4818934e-01  -1.4170647e-02
   3.1200000e+03   5.4226110e-01  -1.5403017e-03
   3.1280000e+03   5.4216419e-01  -8.0650019e-03
   3.1360000e+03   5.4599551e-01   1.1144343e-02
   3.1440000e+03   5.3691828e-01   4.1897620e-03
   3.1520000e+03   5.3748993e-01  -3.3401023e-03
   3.1600000e+03   5.4545773e-01   8.4843792e-03
   3.1680000e+03   5.3862040e-01  -1.3348567e-02
   3.1760000e+03   5.4838678e-01   1.9206965e-02
   3.1840000e+03   5.4584912e-01  -4.3028694e-03
   3.1920000e+03   5.4170899e-01   4.2630883e-03
   3.2000000e+03   5.4787327e-01  -1.5158992e-02
   3.2080000e+03   5.3050054e-01   7.3097609e-03
   3.2160000e+03   5.5274161e-01  -1.3438807e-02
   3.2240000e+03   5.4553972e-01  -8.5170011e-03
   3.2320000e+03   5.4504663e-01  -1.8472490e-02
   3.2400000e+03   5.4467718e-01   1.0227518e-02
   3.2480000e+03   5.1933992e-01   3.7246745e-03
   3.2560000e+03   5.4839169e-01   2.0597059e-03
   3.2640000e+03   5.4363412e-01  -1.6709500e-02
   3.2720000e+03   5.4849386e-01   8.6959329e-03
   3.2800000e+03   5.4641054e-01   1.7456558e-03
   3.2880000e+03   5.4560343e-01  -1.1284178e-02
   3.2960000e+03   5.3888057e-01  -7.5611764e-03
   3.3040000e+03   5.3432316e-01   3.2848571e-03
   3.3120000e+03   5.4684498e-01  -4.9631471e-03
   3.3200000e+03   5.2634824e-01   5.8498288e-03
   3.3280000e+03   5.3922131e-01  -1.6320650e-02
   3.3360000e+03   5.3424376e-01  -1.1584879e-02
   3.3440000e+03   5.3039619e-01  -1.1745476e-03
   3.3520000e+03   5.4614318e-01  -1.8904933e-02
   3.3600000e+03   5.4303039e-01  -3.5774997e-03
   3.3680000e+03   5.4037421e-01   6.4359389e-03
   3.3760000e+03   5.3647697e-01   5.0400576e-03
   3.3840000e+03   5.4691922e-01   5.8412732e-03
   3.3920000e+03   5.3886940e-01  -1.2992267e-02
   3.4000000e+03   5.4502615e-01   4.9247147e-04
   3.4080000e+03   5.4262716e-01  -3.4394729e-04
   3.4160000e+03   5.4461692e-01   1.3439801e-02
   3.4240000e+03   5.5243111e-01   1.6351849e-03
   3.4320000e+03   5.2727913e-01   7.1785743e-03
   3.4400000e+03   5.3089265e-01  -1.0968851e-02
   3.4480000e+03   5.4030489e-01   9.5992748e-03
   3.4560000e+03   5.3558105e-01   2.5808300e-03
   3.4640000e+03   5.4143828e-01   3.5992818e-03
   3.4720000e+03   5.3357229e-01  -3.6564456e-03
   3.4800000e+03   5.4724446e-01   1.0387837e-02
   3.4880000e+03   5.4737296e-01   5.1912379e-03
   3.4960000e+03   5.3759453e-01  -5.1562720e-03
   3.5040000e+03   5.3969182e-01   3.3976000e-03
   3.5120000e+03   5.5562263e-01  -2.6734296e-03
   3.5200000e+03   5.3664637e-01   6.8828328e-03
   3.5280000e+03   5.3459248e-01  -3.8220321e-03
   3.5360000e+03   5.4311346e-01   2.8184460e-03
   3.5440000e+03   5.3813269e-01   5.0132851e-03
   3.5520000e+03   5.4047164e-01  -3.1857066e-03
   3.5600000e+03   5.4128686e-01  -4.7685781e-03
   3.5680000e+03   5.2721403e-01   1.0153931e-02
   3.5760000e+03   5.3313301e-01  -8.9444117e-04
   3.5840000e+03   5.3518391e-01   6.7102838e-03
   3.5920000e+03   5.3387278e-01   3.5577744e-03
   3.6000000e+03   5.3420848e-01   1.2008219e-03
   3.6080000e+03   5.4943517e-01  -5.6834859e-03
   3.6160000e+03   5.2501937e-01   1.2132393e-03
   3.6240000e+03   5.3532802e-01  -1.1554246e-02
   3.6320000e+03   5.3606542e-01   1.0037212e-02
   3.6400000e+03   5.3825220e-01   1.3467600e-02
   3.6480000e+03   5.4277797e-01  -4.0854133e-03
   3.6560000e+03   5.3931088e-01   8.4806256e-05
   3.6640000e+03   5.3438097e-01   1.4742031e-03
   3.6720000e+03   5.5241415e-01   4.8572844e-03
   3.6800000e+03   5.3614206e-01   6.5539976e-04
   3.6880000e+03   5.3935384e-01  -9.7694830e-03
   3.6960000e+03   5.4308276e-01   1.2189041e-02
   3.7040000e+03   5.4193951e-01  -7.7932032e-04
   3.7120000e+03   5.4574749e-01   4.8220161e-03
   3.7200000e+03   5.2093173e-01   1.5116256e-02
   3.7280000e+03   5.3098954e-01  -1.3368633e-02
   3.7360000e+03   5.3253787e-01   7.8816360e-03
   3.7440000e+03   5.2973117e-01   4.4055089e-03
   3.7520000e+03   5.4066926e-01  -1.0321326e-02
   3.7600000e+03   5.3911314e-01   8.3828490e-03
   3.7680000e+03   5.3473186e-01  -1.3636768e-03
   3.7760000e+03   5.4099221e-01   1.1222477e-02
   3.7840000e+03   5.4014345e-01  -1.2870309e-02
   3.7920000e+03   5.3040761e-01  -8.0312245e-04
   3.8000000e+03   5.3658369e-01  -2.4811851e-03
   3.8080000e+03   5.4005620e-01  -8.6955890e-03
   3.8160000e+03   5.4438710e-01   1.5385589e-02
   3.8240000e+03   5.2969470e-01   2.9152338e-03
   3.8320000e+03   5.2479574e-01   3.7413948e-03
   3.8400000e+03   5.4059949e-01   5.9524388e-03
   3.8480000e+03   5.3311557e-01   1.1766165e-03
   3.8560000e+03   5.3324229e-01  -1.7025372e-02
   3.8640000e+03   5.3154945e-01  -6.3705332e-03
   3.8720000e+03   5.2192787e-01   1.5528132e-02
   3.8800000e+03   5.1813332e-01   1.1918223e-02
   3.8880000e+03   5.3337945e-01  -1.1537059e-02
   3.8960000e+03   5.2807935e-01   2.1559922e-03
   3.9040000e+03   5.2712045e-01  -1.5528195e-02
   3.9120000e+03   5.4065631e-01  -1.2333775e-03
   3.9200000e+03   5.4074617e-01  -2.1946960e-03
   3.9280000e+03   5.2865637e-01  -1.3754329e-02
   3.9360000e+03   5.2718745e-01   7.4942006e-03
   3.9440000e+03   5.1941736e-01   2.9821699e-03
   3.9520000e+03   5.3178974e-01  -5.0036567e-03
   3.9600000e+03   5.3810695e-01  -5.1677326e-03
   3.9680000e+03   5.3000729e-01  -6.2233069e-03
   3.9760000e+03   5.3949154e-01   4.8490336e-03
   3.9840000e+03   5.4878051e-01  -2.1010760e-03
   3.9920000e+03   5.2863735e-01   7.9714808e-03
   4.0000000e+03   5.3252699e-01   5.5971175e-03
   4.0080000e+03   5.1973146e-01  -1.0032088e-02
   4.0160000e+03   5.3501192e-01   9.5402397e-03
   4.0240000e+03   5.4143514e-01   1.5874438e-03
   4.0320000e+03   5.2107922e-01  -1.1705093e-02
   4.0400000e+03   5.3190877e-01   1.4134202e-02
   4.0480000e+03   5.2118585e-01   5.5034110e-03
   4.0560000e+03   5.3516447e-01  -6.6316597e-03
   4.0640000e+03   5.2967936e-01  -1.2063191e-03
   4.0720000e+03   5.3569013e-01  -2.9027848e-03
   4.0800000e+03   5.2589912e-01   1.9054246e-03
   4.0880000e+03   5.1027054e-01  -3.9084281e-03
   4.0960000e+03   5.2116166e-01  -2.6832832e-03
   4.1040000e+03   5.3194601e-01   1.5628205e-02
   4.1120000e+03   5.1733158e-01   4.2155420e-03
   4.1200000e+03   5.3904439e-01   9.0404609e-03
   4.1280000e+03   5.3257068e-01  -9.8762700e-03
   4.1360000e+03   5.3353266e-01  -1.9994761e-02
   4.1440000e+03   5.2990923e-01   3.9317406e-03
   4.1520000e+03   5.3119198e-01   6.2858888e-03
   4.1600000e+03   5.2174750e-01  -2.9758392e-03
   4.1680000e+03   5.2717342e-01   1.4986297e-02
   4.1760000e+03   5.1882578e-01  -3.9152264e-03
   4.1840000e+03   5.1007847e-01  -1.5156645e-02
   4.1920000e+03   5.2236744e-01  -9.1769735e-03
   4.2000000e+03   5.2468891e-01  -1.0462690e-02
   4.2080000e+03   5.2906664e-01  -1.0776958e-03
   4.2160000e+03   5.3497127e-01   3.5203853e-03
   4.2240000e+03   5.2603110e-01  -2.1304039e-03
   4.2320000e+03   5.2426559e-01  -1.1931512e-02
   4.2400000e+03   5.2576893e-01   6.7169332e-03
   4.2480000e+03   5.1814417e-01   5.0618906e-04
   4.2560000e+03   5.2534078e-01   7.3605854e-03
   4.2640000e+03   5.0056555e-01  -1.3679094e-02
   4.2720000e+03   5.1810244e-01  -1.0913140e-02
   4.2800000e+03   5.2633740e-01   3.2489990e-03
   4.2880000e+03   5.2003338e-01   1.0822240e-02
   4.2960000e+03   5.1914263e-01  -1.8491456e-03
   4.3040000e+03   5.1763182e-01  -1.8227333e-03
   4.3120000e+03   5.3232796e-01  -6.9717353e-03
   4.3200000e+03   5.1094547e-01   2.9998036e-03
   4.3280000e+03   5.1224243e-01  -3.6533670e-03
   4.3360000e+03   5.1801018e-01  -6.6748767e-03
   4.3440000e+03   5.2075073e-01  -1.8092548e-02
   4.3520000e+03   5.0565863e-01  -4.1485676e-03
   4.3600000e+03   5.1187509e-01   2.2727884e-03
   4.3680000e+03   5.1378887e-01  -8.6550147e-03
   4.3760000e+03   5.2415386e-01   8.5690683e-04
   4.3840000e+03   5.1025210e-01   1.7577473e-03
   4.3920000e+03   5.0668460e-01  -7.0118675e-04
   4.4000000e+03   5.0516725e-01  -4.2858321e-03
   4.4080000e+03   5.1971321e-01   2.7293394e-03
   4.4160000e+03   5.0743813e-01  -3.2736574e-03
   4.4240000e+03   5.1962070e-01   7.1993719e-03
   4.4320000e+03   5.1566950e-01   2.6891009e-03
   4.4400000e+03   5.1499704e-01   1.9804876e-03
   4.4480000e+03   5.1377163e-01  -7.5333164e-03
   4.4560000e+03   4.9790048e-01  -3.6451923e-03
   4.4640000e+03   5.0294415e-01   1.2034922e-02
   4.4720000e+03   5.0999957e-01  -1.6648240e-02
   4.4800000e+03   5.1247521e-01  -2.1235197e-03
   4.4880000e+03   5.2331139e-01   3.8894681e-03
   4.4960000e+03   5.0919919e-01   5.9085900e-03
   4.5040000e+03   5.1682097e-01  -3.5784915e-03
   4.5120000e+03   5.1200252e-01  -8.0097382e-03
   4.5200000e+03   5.0933501e-01   1.8374203e-03
   4.5280000e+03   5.1559959e-01   1.4263065e-03
   4.5360000e+03   5.1066427e-01   4.3034925e-03
   4.5440000e+03   5.0128591e-01  -5.2398507e-03
   4.5520000e+03   5.1318114e-01   5.1011651e-03
   4.5600000e+03   5.1280903e-01   2.7427857e-03
   4.5680000e+03   5.3198759e-01  -7.1067808e-03
   4.5760000e+03   4.8836852e-01   8.6699870e-03
   4.5840000e+03   5.1271494e-01   7.7217360e-03
   4.5920000e+03   5.1232903e-01  -1.4718220e-02
   4.6000000e+03   5.0251433e-01  -1.2841631e-02
   4.6080000e+03   4.9650035e-01  -1.3160486e-02
   4.6160000e+03   5.1354506e-01  -1.5212700e-04
   4.6240000e+03   5.0854909e-01  -5.8761816e-03
   4.6320000e+03   5.1192829e-01   7.7184764e-05
   4.6400000e+03   5.0552986e-01  -1.6435823e-03
   4.6480000e+03   5.0861649e-01   8.2920559e-04
   4.6560000e+03   4.9959056e-01   1.8496338e-03
   4.6640000e+03   5.0751409e-01   4.9012594e-03
   4.6720000e+03   5.1001050e-01   9.5431704e-03
   4.6800000e+03   5.0412454e-01   1.7321463e-02
   4.6880000e+03   5.1492460e-01  -7.2173913e-03
   4.6960000e+03   5.0782104e-01  -1.3184410e-02
   4.7040000e+03   5.1634612e-01  -1.5116202e-02
   4.7120000e+03   5.0616593e-01   4.3268820e-03
   4.7200000e+03   5.0869084e-01   5.9248401e-03
   4.7280000e+03   4.9128130e-01   3.0270848e-03
   4.7360000e+03   5.0603971e-01   5.6565392e-03
   4.7440000e+03   5.1317234e-01  -4.4121731e-03
   4.7520000e+03   5.0822711e-01  -7.5870760e-03
   4.7600000e+03   4.9854236e-01  -2.7650403e-03
   4.7680000e+03   5.0903003e-01   1.6449336e-02
   4.7760000e+03   4.9649897e-01  -1.2702700e-02
   4.7840000e+03   5.0315543e-01  -8.1622193e-03
   4.7920000e+03   5.0456269e-01   1.2142467e-02
   4.8000000e+03   5.0946496e-01  -1.8111302e-02
   4.8080000e+03   5.0541105e-01   1.2773051e-02
   4.8160000e+03   5.0591103e-01   3.7253600e-03
   4.8240000e+03   4.9927681e-01  -5.7103277e-03
   4.8320000e+03   5.1953354e-01   4.4379286e-04
   4.8400000e+03   5.0969644e-01  -1.1035889e-02
   4.8480000e+03   5.0750776e-01  -3.1146700e-03
   4.8560000e+03   5.0694191e-01  -5.2087740e-03
   4.8640000e+03   4.9355389e-01  -4.6653906e-03
   4.8720000e+03   4.9425770e-01   3.5620596e-03
   4.8800000e+03   4.9375602e-01   7.2520580e-03
   4.8880000e+03   5.0302594e-01  -2.5464521e-03
   4.8960000e+03   5.0706250e-01  -4.5412427e-03
   4.9040000e+03   5.0364154e-01   2.3419370e-03
   4.9120000e+03   5.0878254e-01   9.8903936e-03
   4.9200000e+03   5.0844385e-01  -3.6416776e-03
   4.9280000e+03   5.0032221e-01  -1.2557324e-02
   4.9360000e+03   4.9949745e-01  -1.0846450e-02
   4.9440000e+03   5.0506333e-01  -5.0836225e-03
   4.9520000e+03   5.0280162e-01   4.5002200e-03
   4.9600000e+03   4.9167510e-01   2.7791059e-03
   4.9680000e+03   5.0303239e-01   2.0319053e-03
   4.9760000e+03   5.0329289e-01   9.1071440e-03
   4.9840000e+03   5.0303732e-01   5.3015376e-03
   4.9920000e+03   4.9064360e-01  -7.2518953e-03
   5.0000000e+03   5.0996621e-01   8.3619804e-03
   5.0080000e+03   5.1791448e-01  -4.2607111e-03
   5.0160000e+03   4.9999846e-01   8.6285865e-03
   5.0240000e+03   5.0235460e-01   8.1006229e-03
   5.0320000e+03   5.0474443e-01   5.4227181e-03
   5.0400000e+03   5.0404311e-01   2.0665872e-03
   5.0480000e+03   4.9513122e-01   7.3391608e-03
   5.0560000e+03   5.0941042e-01  -5.1184351e-03
   5.0640000e+03   4.9003940e-01   8.1596032e-03
   5.0720000e+03   4.9756714e-01   2.7078078e-03
   5.0800000e+03   4.9837859e-01  -1.0246918e-02
   5.0880000e+03   4.9877983e-01  -3.7431659e-04
   5.0960000e+03   5.0000781e-01  -1.4868310e-02
   5.1040000e+03   5.0028426e-01  -2.9553323e-05
   5.1120000e+03   5.0152768e-01  -1.3464034e-03
   5.1200000e+03   4.9501028e-01   1.9212087e-03
   5.1280000e+03   5.0241755e-01   1.5050881e-03
   5.1360000e+03   4.9408971e-01   3.6920058e-03
   5.1440000e+03   4.9678423e-01  -1.0475102e-02
   5.1520000e+03   5.0600628e-01  -2.3504390e-03
   5.1600000e+03   4.9987839e-01  -6.4164525e-03
   5.1680000e+03   4.9378348e-01  -1.4153131e-02
   5.1760000e+03   5.0239634e-01  -7.3326025e-03
   5.1840000e+03   4.9534137e-01  -6.4542072e-03
   5.1920000e+03   4.9626455e-01  -2.2512519e-02
   5.2000000e+03   5.0040051e-01  -1.1215866e-02
   5.2080000e+03   5.0550229e-01   7.1964576e-03
   5.2160000e+03   4.9474235e-01  -6.0950079e-03
   5.2240000e+03   4.9799750e-01  -6.9377318e-03
   5.2320000e+03   4.9917685e-01  -4.7650101e-04
   5.2400000e+03   5.0004795e-01  -2.6588145e-03
   5.2480000e+03   5.0208208e-01   1.0419337e-02
   5.2560000e+03   4.9817483e-01  -3.3240066e-03
   5.2640000e+03   4.9866464e-01  -2.2402939e-03
   5.2720000e+03   4.8473095e-01  -3.7646464e-03
   5.2800000e+03   4.9800005e-01   2.5259523e-03
   5.2880000e+03   4.8546937e-01  -8.6979415e-03
   5.2960000e+03   4.9211947e-01  -2.2895451e-03
   5.3040000e+03   4.9072509e-01   1.0825774e-02
   5.3120000e+03   4.9758454e-01   9.6572824e-03
   5.3200000e+03   4.9414034e-01  -1.5449684e-02
   5.3280000e+03   5.0085987e-01  -2.0625030e-03
   5.3360000e+03   4.9237401e-01   6.8400450e-03
   5.3440000e+03   4.8418445e-01   4.1254522e-03
   5.3520000e+03   5.0233637e-01  -6.9760964e-03
   5.3600000e+03   5.0592346e-01   4.9668101e-03
   5.3680000e+03   4.8328803e-01   1.6438947e-02
   5.3760000e+03   4.9361622e-01   6.0950869e-03
   5.3840000e+03   4.8647339e-01   1.4324664e-02
   5.3920000e+03   4.8388373e-01   5.0343787e-03
   5.4000000e+03   4.9588828e-01   6.9156691e-03
   5.4080000e+03   4.8070644e-01   7.0171820e-03
   5.4160000e+03   4.8095222e-01  -4.1576818e-03
   5.4240000e+03   4.9386540e-01   1.6304701e-03
   5.4320000e+03   4.9420501e-01  -2.8800756e-03
   5.4400000e+03   4.8707641e-01   1.3828047e-02
   5.4480000e+03   5.0190820e-01  -7.2306961e-03
   5.4560000e+03   4.8746680e-01  -4.5120359e-03
   5.4640000e+03   4.9541307e-01  -5.1697710e-03
   5.4720000e+03   4.7556401e-01   1.4641222e-03
   5.4800000e+03   4.7341264e-01   4.5804103e-03
   5.4880000e+03   4.8495921e-01  -1.3336508e-02
   5.4960000e+03   5.0391610e-01  -1.7484369e-03
   5.5040000e+03   4.9256135e-01  -3.1945543e-03
   5.5120000e+03   4.8244089e-01   1.7224218e-02
   5.5200000e+03   4.8254667e-01  -7.0381154e-03
   5.5280000e+03   4.8873489e-01   1.2686039e-03
   5.5360000e+03   5.0513046e-01  -5.4555678e-03
   5.5440000e+03   4.8852233e-01   6.8549135e-03
   5.5520000e+03   4.9505163e-01  -1.9401905e-02
   5.5600000e+03   4.9428148e-01  -1.1018148e-02
   5.5680000e+03   4.9964980e-01   5.5319093e-03
   5.5760000e+03   4.9708060e-01  -1.8537129e-02
   5.5840000e+03   4.8596301e-01  -5.7121469e-03
   5.5920000e+03   4.8530027e-01  -1.5282514e-02
   5.6000000e+03   4.9790626e-01  -5.7192661e-03
   5.6080000e+03   4.8955860e-01   5.1909755e-04
   5.6160000e+03   4.9085348e-01   1.2814736e-03
   5.6240000e+03   4.9194476e-01   3.7858928e-03
   5.6320000e+03   4.9422129e-01  -3.1156641e-03
   5.6400000e+03   4.8492493e-01   1.8506255e-03
   5.6480000e+03   4.9135360e-01   6.7452464e-03
   5.6560000e+03   4.8554225e-01   3.8125733e-03
   5.6640000e+03   4.8389567e-01   4.1993007e-03
   5.6720000e+03   4.8752959e-01  -3.6776695e-03
   5.6800000e+03   4.9245005e-01   2.2342117e-03
   5.6880000e+03   4.9520394e-01   8.8321191e-03
   5.6960000e+03   4.9122828e-01  -1.3866340e-02
   5.7040000e+03   4.8766187e-01  -3.1585419e-03
   5.7120000e+03   4.8970744e-01   8.4629481e-03
   5.7200000e+03   4.8510828e-01   6.4634725e-04
   5.7280000e+03   4.8303909e-01  -5.9595484e-03
   5.7360000e+03   4.9181980e-01  -2.2414378e-03
   5.7440000e+03   4.9293443e-01   8.0959278e-03
   5.7520000e+03   4.9430699e-01   6.0657162e-03
   5.7600000e+03   4.7544348e-01  -2.3546475e-04
   5.7680000e+03   4.7761225e-01   3.7500685e-03
   5.7760000e+03   4.8859849e-01   7.8238435e-04
   5.7840000e+03   4.9045503e-01   2.3709933e-04
   5.7920000e+03   4.8177248e-01  -1.0556918e-02
   5.8000000e+03   4.8628884e-01  -8.7475122e-03
   5.8080000e+03   5.0194842e-01   1.3231779e-02
   5.8160000e+03   4.8753585e-01  -1.1975458e-02
   5.8240000e+03   4.8358531e-01   1.1328423e-02
   5.8320000e+03   4.8693707e-01   2.0901700e-03
   5.8400000e+03   4.7948189e-01   1.7283534e-03
   5.8480000e+03   4.8753635e-01  -8.9075085e-04
   5.8560000e+03   4.8745215e-01  -3.1646702e-03
   5.8640000e+03   4.8793784e-01   1.0829207e-02
   5.8720000e+03   4.8550240e-01   1.4744209e-04
   5.8800000e+03   4.9108489e-01   4.7912691e-03
   5.8880000e+03   4.9577097e-01  -1.1001533e-02
   5.8960000e+03   4.7640720e-01  -8.0229726e-03
   5.9040000e+03   4.7599097e-01  -2.4330359e-03
   5.9120000e+03   4.7479573e-01  -1.6966810e-02
   5.9200000e+03   4.9519424e-01   6.7067910e-03
   5.9280000e+03   4.8346535e-01   9.3726206e-03
   5.9360000e+03   4.7836845e-01   4.7853349e-03
   5.9440000e+03   4.8840391e-01  -2.0919218e-03
   5.9520000e+03   4.8525919e-01  -2.1931080e-03
   5.9600000e+03   4.9077127e-01   1.5276084e-03
   5.9680000e+03   4.7937658e-01   2.7683396e-04
   5.9760000e+03   4.9092998e-01   5.8522368e-03
   5.9840000e+03   4.9369280e-01   6.4997627e-03
   5.9920000e+03   4.8600242e-01  -3.5819241e-03
   6.0000000e+03   4.7502274e-01  -1.9096971e-03
   6.0080000e+03   4.7555462e-01   9.7977381e-03
   6.0160000e+03   4.8182419e-01  -2.5253653e-03
   6.0240000e+03   4.8264644e-01   1.1798947e-02
   6.0320000e+03   4.8055946e-01   1.6911092e-03
   6.0400000e+03   4.8339468e-01   3.4579215e-03
   6.0480000e+03   4.8036548e-01  -1.6238375e-04
   6.0560000e+03   4.8012572e-01   1.4495113e-02
   6.0640000e+03   4.8194133e-01  -2.1129705e-03
   6.0720000e+03   4.9116909e-01   1.4299618e-03
   6.0800000e+03   4.7149628e-01  -3.4447496e-03
   6.0880000e+03   4.8936742e-01   4.1499901e-03
   6.0960000e+03   4.8569356e-01  -8.1155879e-03
   6.1040000e+03   4.8197139e-01   5.3797934e-03
   6.1120000e+03   4.7585198e-01   1.0140359e-02
   6.1200000e+03   4.8681353e-01  -2.1028816e-04
   6.1280000e+03   4.8328298e-01  -5.0704913e-03
   6.1360000e+03   4.9310762e-01  -5.9632465e-03
   6.1440000e+03   4.8768600e-01  -1.6140992e-05
   6.1520000e+03   4.7969387e-01   1.5758408e-03
   6.1600000e+03   4.7895564e-01  -6.4824382e-03
   6.1680000e+03   4.8581470e-01  -2.0889719e-02
   6.1760000e+03   4.8066592e-01  -3.8789041e-03
   6.1840000e+03   4.7621813e-01  -6.4490888e-04
   6.1920000e+03   4.6578001e-01  -9.2461416e-03
   6.2000000e+03   4.8394799e-01  -1.6851492e-02
   6.2080000e+03   4.8370022e-01  -9.3390710e-03
   6.2160000e+03   4.7573894e-01  -1.1071500e-02
   6.2240000e+03   4.7152645e-01   4.4413144e-03
   6.2320000e+03   4.8263209e-01   2.2927640e-03
   6.2400000e+03   4.8190256e-01  -3.2910830e-03
   6.2480000e+03   4.8575824e-01   4.7079158e-03
   6.2560000e+03   4.7116285e-01   9.7760777e-03
   6.2640000e+03   4.6298765e-01  -4.7290753e-03
   6.2720000e+03   4.6946836e-01  -2.2898105e-04
   6.2800000e+03   4.7741715e-01  -3.9425992e-04
   6.2880000e+03   4.8133214e-01   1.6111618e-03
   6.2960000e+03   4.8585568e-01  -1.7537854e-04
   6.3040000e+03   4.7977739e-01   3.1466865e-04
   6.3120000e+03   4.8141079e-01  -8.7385241e-03
   6.3200000e+03   4.7504613e-01  -5.1554280e-04
   6.3280000e+03   4.8135389e-01  -1.2661941e-02
   6.3360000e+03   4.9039783e-01  -1.3101407e-03
   6.3440000e+03   4.7318030e-01   5.7784453e-03
   6.3520000e+03   4.6859501e-01   6.5791339e-03
   6.3600000e+03   4.7909422e-01  -5.1470389e-03
   6.3680000e+03   4.7172235e-01   1.1586429e-02
   6.3760000e+03   4.8128262e-01  -4.7641473e-03
   6.3840000e+03   4.7582476e-01   8.0302874e-03
   6.3920000e+03   4.7613595e-01   6.5061392e-03
   6.4000000e+03   4.8145899e-01  -7.9443424e-03
   6.4080000e+03   4.7217762e-01  -3.3841658e-03
   6.4160000e+03   4.7835643e-01  -8.4502256e-03
   6.4240000e+03   4.8240026e-01  -7.1807037e-04
   6.4320000e+03   4.6997433e-01   1.0952915e-03
   6.4400000e+03   4.8194122e-01  -8.5325227e-03
   6.4480000e+03   4.7456830e-01   1.2038422e-03
   6.4560000e+03   4.7256266e-01  -8.2209191e-03
   6.4640000e+03   4.6121660e-01   4.7153293e-03
   6.4720000e+03   4.8783317e-01   5.3797616e-03
   6.4800000e+03   4.6466075e-01   4.3196635e-03
   6.4880000e+03   4.8258001e-01  -5.1347781e-03
   6.4960000e+03   4.5897494e-01   5.3462938e-04
   6.5040000e+03   4.7291460e-01  -1.7735082e-02
   6.5120000e+03   4.7663200e-01   1.2454088e-02
   6.5200000e+03   4.8055858e-01  -8.1506061e-03
   6.5280000e+03   4.6396850e-01  -3.5920186e-03
   6.5360000e+03   4.6365032e-01   7.7130743e-03
   6.5440000e+03   4.7536617e-01   3.1439286e-03
   6.5520000e+03   4.8260355e-01  -3.6515238e-03
   6.5600000e+03   4.8041198e-01  -3.8965113e-03
   6.5680000e+03   4.7379616e-01  -8.3307577e-03
   6.5760000e+03   4.7485903e-01  -1.0882660e-03
   6.5840000e+03   4.7807648e-01   3.8343569e-03
   6.5920000e+03   4.6929499e-01  -5.4281015e-03
   6.6000000e+03   4.5902442e-01  -7.4116373e-04
