   0.0000000e+00   9.0390685e-01   1.6882158e-02
   1.6000000e+01   8.9319542e-01  -3.4573013e-02
   3.2000000e+01   9.0477506e-01  -1.9915898e-02
   4.8000000e+01   9.1099854e-01  -6.2846231e-03
   6.4000000e+01   9.1517106e-01   3.1269359e-02
   8.0000000e+01   9.1441623e-01  -2.8219644e-02
   9.6000000e+01   9.3813418e-01   2.0629143e-02
   1.1200000e+02   9.7615364e-01   7.1117703e-03
   1.2800000e+02   9.4352255e-01   2.1427777e-02
   1.4400000e+02   9.4383353e-01   1.8158748e-02
   1.6000000e+02   9.6384373e-01  -1.3587766e-02
   1.7600000e+02   9.7309843e-01   2.1687377e-02
   1.9200000e+02   1.0059921e+00   1.2717461e-02
   2.0800000e+02   1.0236715e+00  -1.0259545e-02
   2.2400000e+02   9.9301357e-01   3.5475057e-02
   2.4000000e+02   9.8492571e-01   1.7423436e-02
   2.5600000e+02   1.0018684e+00   1.2278771e-02
   2.7200000e+02   9.8172966e-01   1.2050182e-02
   2.8800000e+02   1.0315819e+00  -1.9700081e-02
   3.0400000e+02   1.0273817e+00  -2.0648962e-02
   3.2000000e+02   1.0063499e+00   1.1417658e-02
   3.3600000e+02   9.5645538e-01   1.2739521e-02
   3.5200000e+02   9.6854867e-01   5.3555624e-02
   3.6800000e+02   9.4038881e-01  -1.1330672e-02
   3.8400000e+02   9.5915573e-01   2.5194581e-02
   4.0000000e+02   9.4756057e-01   4.4821824e-02
   4.1600000e+02   9.5813594e-01   4.2731179e-02
   4.3200000e+02   9.4006005e-01  -2.5720326e-03
   4.4800000e+02   9.1943251e-01   4.3132047e-02
   4.6400000e+02   9.1485249e-01   3.1015082e-02
   4.8000000e+02   9.2514993e-01   4.6507019e-03
   4.9600000e+02   9.1813440e-01  -2.8054479e-02
   5.1200000e+02   8.9306261e-01  -1.5561926e-03
   5.2800000e+02   9.0600878e-01   1.7508141e-02
   5.4400000e+02   9.0185445e-01   3.2940129e-03
   5.6000000e+02   8.6323007e-01   5.5716515e-02
   5.7600000e+02   8.5221877e-01  -6.9004210e-03
   5.9200000e+02   8.7090734e-01   2.8410390e-02
   6.0800000e+02   8.5320033e-01  -5.0171523e-02
   6.2400000e+02   8.4890853e-01   3.6516879e-03
   6.4000000e+02   8.2221958e-01   4.7951721e-02
   6.5600000e+02   8.3231702e-01  -1.8223481e-02
   6.7200000e+02   8.2329291e-01   5.2029073e-03
   6.8800000e+02   8.2446060e-01   1.1108788e-02
   7.0400000e+02   8.3023423e-01  -2.4008349e-02
   7.2000000e+02   8.4555383e-01  -9.1046043e-03
   7.3600000e+02   8.4668268e-01  -2.4392717e-02
   7.5200000e+02   7.7050060e-01   1.2623259e-02
   7.6800000e+02   8.0001414e-01  -1.7292554e-03
   7.8400000e+02   8.2888840e-01  -4.1326447e-03
   8.0000000e+02   7.7060316e-01  -1.7786395e-02
   8.1600000e+02   8.0412665e-01   1.6621733e-02
   8.3200000e+02   8.1407922e-01  -9.7292037e-03
   8.4800000e+02   7.8502399e-01  -8.4708506e-03
   8.6400000e+02   7.7102175e-01  -3.5720559e-02
   8.8000000e+02   7.4604601e-01   1.7283305e-02
   8.9600000e+02   7.8762993e-01  -2.0358196e-02
   9.1200000e+02   8.0258796e-01  -4.1484063e-02
   9.2800000e+02   8.0408548e-01  -7.5959759e-03
   9.4400000e+02   7.8697012e-01   2.0466068e-02
   9.6000000e+02   8.0629690e-01   4.7747465e-02
   9.7600000e+02   7.7594142e-01   1.8128179e-02
   9.9200000e+02   8.1137643e-01  -2.3419891e-02
   1.0080000e+03   7.5015693e-01  -2.0056876e-02
   1.0240000e+03   7.1299385e-01   4.0068629e-02
   1.0400000e+03   7.7804810e-01  -2.6698412e-02
   1.0560000e+03   8.0623571e-01   2.5787303e-03
   1.0720000e+03   8.1265237e-01  -1.7705340e-02
   1.0880000e+03   8.0671423e-01   5.1417822e-02
   1.1040000e+03   7.9733818e-01   1.6809665e-02
   1.1200000e+03   7.3951325e-01   1.9386815e-02
   1.1360000e+03   8.0384249e-01   2.7282236e-02
   1.1520000e+03   7.5345145e-01  -2.5920375e-02
   1.1680000e+03   7.8585200e-01   7.4915131e-03
   1.1840000e+03   7.7861045e-01  -1.4427530e-03
   1.2000000e+03   7.3317044e-01   4.0946835e-03
   1.2160000e+03   7.5676125e-01  -3.8027073e-03
   1.2320000e+03   7.4012697e-01   1.6835697e-02
   1.2480000e+03   7.7318393e-01   2.5261520e-02
   1.2640000e+03   7.2200520e-01  -4.4959282e-02
   1.2800000e+03   7.4316772e-01  -1.1926424e-02
   1.2960000e+03   7.4479559e-01  -1.6390712e-03
   1.3120000e+03   7.8864567e-01   1.1059370e-02
   1.3280000e+03   7.7661207e-01   1.5119805e-02
   1.3440000e+03   7.6869964e-01  -1.1597462e-02
   1.3600000e+03   7.4063447e-01   7.3239812e-02
   1.3760000e+03   7.4447676e-01   4.4088570e-02
   1.3920000e+03   7.7023600e-01  -4.3516649e-03
   1.4080000e+03   7.4737162e-01   1.3230926e-02
   1.4240000e+03   7.4309504e-01  -1.7187750e-02
   1.4400000e+03   7.4832811e-01   8.7396012e-03
   1.4560000e+03   7.4829806e-01   3.5830190e-02
   1.4720000e+03   7.2338778e-01   7.6170377e-03
   1.4880000e+03   7.7472947e-01  -4.0496448e-02
   1.5040000e+03   7.1956199e-01  -1.6803826e-02
   1.5200000e+03   7.7495277e-01   7.5001022e-04
   1.5360000e+03   7.7415444e-01   2.1399187e-02
   1.5520000e+03   7.5280068e-01  -4.0958303e-02
   1.5680000e+03   7.4642124e-01   2.3623740e-02
   1.5840000e+03   7.8671487e-01   5.5806513e-03
   1.6000000e+03   7.2931809e-01   9.7616237e-03
   1.6160000e+03   7.4666224e-01   1.8607161e-02
   1.6320000e+03   7.3548268e-01   2.2333598e-03
   1.6480000e+03   7.3216930e-01   9.1138495e-03
   1.6640000e+03   7.0212264e-01   2.2235293e-02
   1.6800000e+03   7.1936289e-01  -2.7749744e-02
   1.6960000e+03   7.3133676e-01  -3.3575618e-02
   1.7120000e+03   6.7102278e-01  -2.0447898e-02
   1.7280000e+03   7.7766158e-01   1.4717279e-02
   1.7440000e+03   7.4937358e-01  -4.2970904e-03
   1.7600000e+03   7.6041907e-01   7.7953182e-04
   1.7760000e+03   7.1452587e-01   1.6805078e-02
   1.7920000e+03   7.5214499e-01   8.2133158e-03
   1.8080000e+03   7.0357376e-01   2.6172753e-02
   1.8240000e+03   7.4886757e-01  -3.3025732e-02
   1.8400000e+03   7.2044236e-01  -2.4156091e-02
   1.8560000e+03   7.4983259e-01  -1.6557474e-03
   1.8720000e+03   7.4812673e-01   2.7887170e-02
   1.8880000e+03   6.9094365e-01  -3.2651959e-02
   1.9040000e+03   7.4187499e-01  -2.2129756e-02
   1.9200000e+03   7.3710499e-01  -2.5691328e-02
   1.9360000e+03   7.5879249e-01  -1.8551681e-02
   1.9520000e+03   7.5307128e-01  -5.3825479e-02
   1.9680000e+03   6.8342109e-01   4.7593726e-03
   1.9840000e+03   7.2424947e-01   2.5764120e-02
   2.0000000e+03   6.6989555e-01  -1.2983442e-02
   2.0160000e+03   7.2894365e-01  -2.7101509e-02
   2.0320000e+03   7.0619087e-01   1.7639163e-02
   2.0480000e+03   6.9053120e-01   4.5119725e-03
   2.0640000e+03   7.9365520e-01  -1.5080184e-02
   2.0800000e+03   7.2212166e-01  -2.0710234e-02
   2.0960000e+03   6.9150724e-01   1.7795563e-02
   2.1120000e+03   6.9717541e-01  -4.1786818e-03
   2.1280000e+03   7.6134490e-01  -2.2780630e-02
   2.1440000e+03   7.4294383e-01   2.8666427e-02
   2.1600000e+03   7.5071615e-01   5.6038548e-03
   2.1760000e+03   7.0284156e-01  -2.5041201e-03
   2.1920000e+03   7.0224874e-01  -2.5349118e-02
   2.2080000e+03   6.8540208e-01  -5.1212506e-02
   2.2240000e+03   6.8377222e-01  -1.9378096e-02
   2.2400000e+03   7.2394834e-01  -2.1260529e-02
   2.2560000e+03   7.0490880e-01   2.0880794e-02
   2.2720000e+03   6.6911024e-01  -3.4734560e-02
   2.2880000e+03   6.7908239e-01  -3.4632345e-03
   2.3040000e+03   7.4375313e-01  -2.7955766e-02
   2.3200000e+03   6.8747375e-01   7.1406600e-03
   2.3360000e+03   6.6716206e-01   1.6818929e-02
   2.3520000e+03   6.9422990e-01  -3.8430591e-03
   2.3680000e+03   7.0625500e-01  -6.7061672e-03
   2.3840000e+03   6.9795992e-01  -4.0374596e-02
   2.4000000e+03   7.1440415e-01   9.1553388e-03
   2.4160000e+03   6.9738728e-01   1.3816963e-02
   2.4320000e+03   7.1665659e-01  -6.4546603e-03
   2.4480000e+03   6.4224684e-01  -6.1846502e-02
   2.4640000e+03   6.5875077e-01   2.0375805e-02
   2.4800000e+03   7.0081543e-01   2.3574047e-02
   2.4960000e+03   6.9505984e-01  -4.2799193e-02
   2.5120000e+03   6.6906492e-01  -7.1381654e-03
   2.5280000e+03   7.0879084e-01   1.5110080e-02
   2.5440000e+03   6.8285265e-01  -5.5055725e-03
   2.5600000e+03   6.8857800e-01  -4.2405089e-02
   2.5760000e+03   7.0702867e-01  -2.7847325e-02
   2.5920000e+03   7.0330807e-01  -8.2816742e-04
   2.6080000e+03   7.0722213e-01  -5.1184666e-02
   2.6240000e+03   6.7985214e-01   2.9866042e-02
   2.6400000e+03   6.7159339e-01   3.0861188e-03
   2.6560000e+03   6.9778981e-01  -1.7783904e-03
   2.6720000e+03   6.9411826e-01  -3.7902902e-02
   2.6880000e+03   6.8032558e-01   2.2285878e-02
   2.7040000e+03   6.8975685e-01   3.8894869e-03
   2.7200000e+03   6.9754233e-01  -1.9564826e-02
   2.7360000e+03   6.7912544e-01   1.8080067e-02
   2.7520000e+03   6.8514843e-01  -5.3070464e-02
   2.7680000e+03   7.0822383e-01  -1.3177783e-02
   2.7840000e+03   7.2566412e-01   3.3821010e-03
   2.8000000e+03   7.1534571e-01  -1.9279504e-02
   2.8160000e+03   6.9813004e-01  -8.4871576e-03
   2.8320000e+03   6.7437389e-01   3.6297620e-02
   2.8480000e+03   6.8562821e-01   4.5206703e-03
   2.8640000e+03   6.7940340e-01  -1.6088067e-02
   2.8800000e+03   6.8191459e-01   4.6661656e-02
   2.8960000e+03   6.9423160e-01  -3.7700189e-02
   2.9120000e+03   6.5389422e-01   1.0893236e-03
   2.9280000e+03   6.6553858e-01   1.6814800e-02
   2.9440000e+03   6.8612946e-01  -1.6738953e-02
   2.9600000e+03   6.6800265e-01  -1.2990656e-03
   2.9760000e+03   7.0701895e-01  -2.8456403e-02
   2.9920000e+03   6.4327406e-01  -1.4152279e-02
   3.0080000e+03   6.8192090e-01  -5.7175085e-02
   3.0240000e+03   6.4533016e-01  -1.1050058e-02
   3.0400000e+03   7.2450854e-01   3.6487575e-02
   3.0560000e+03   7.0076690e-01  -2.0566746e-02
   3.0720000e+03   6.8157632e-01   3.5178029e-02
   3.0880000e+03   6.9559607e-01   1.4201046e-02
   3.1040000e+03   6.9476031e-01   1.2334088e-02
   3.1200000e+03   6.8135678e-01  -7.9051211e-03
   3.1360000e+03   6.8920087e-01   9.7365563e-03
   3.1520000e+03   6.5442422e-01  -1.5495380e-02
   3.1680000e+03   7.0593610e-01   1.3107172e-02
   3.1840000e+03   6.7611637e-01  -5.6621615e-02
   3.2000000e+03   7.0687859e-01  -1.1479608e-02
   3.2160000e+03   6.7964769e-01   2.9044584e-02
   3.2320000e+03   6.6815498e-01   1.5863621e-03
   3.2480000e+03   7.1786947e-01  -4.2232299e-03
   3.2640000e+03   6.8388560e-01   1.9356739e-02
   3.2800000e+03   6.9800418e-01   8.3297200e-03
   3.2960000e+03   6.6605792e-01  -7.7335964e-03
   3.3120000e+03   6.2803903e-01  -2.5069310e-02
   3.3280000e+03   6.7178434e-01   4.5755206e-02
   3.3440000e+03   6.8552342e-01  -2.4993829e-02
   3.3600000e+03   6.6229301e-01  -1.2870957e-02
   3.3760000e+03   6.5993196e-01   3.5390543e-02
   3.3920000e+03   6.6612817e-01   1.4837485e-02
   3.4080000e+03   6.1138184e-01   3.0421039e-02
   3.4240000e+03   6.7275215e-01  -2.3325004e-02
   3.4400000e+03   6.4383957e-01  -4.5011271e-02
   3.4560000e+03   6.5355896e-01   3.0271410e-02
   3.4720000e+03   6.7641402e-01   9.3712394e-04
   3.4880000e+03   6.6737128e-01   5.2519443e-03
   3.5040000e+03   6.4164958e-01   1.3445872e-02
   3.5200000e+03   6.6837544e-01   1.1505032e-03
   3.5360000e+03   6.5596813e-01   3.3354961e-02
   3.5520000e+03   6.4415246e-01  -2.5968448e-02
   3.5680000e+03   6.4255508e-01   1.2724588e-02
   3.5840000e+03   6.6925150e-01   8.3333412e-03
   3.6000000e+03   6.6868740e-01  -4.1924418e-02
   3.6160000e+03   6.6391893e-01  -2.1848527e-02
   3.6320000e+03   6.6242458e-01  -2.2502841e-02
   3.6480000e+03   6.3592817e-01  -8.4427708e-03
   3.6640000e+03   6.6747480e-01  -2.1783683e-02
   3.6800000e+03   6.8565738e-01  -6.6212073e-03
   3.6960000e+03   6.8687255e-01   5.0241914e-03
   3.7120000e+03   6.0213131e-01  -1.9006843e-02
   3.7280000e+03   6.1827516e-01  -3.0179474e-02
   3.7440000e+03   6.7890492e-01  -1.1070147e-02
   3.7600000e+03   6.8175276e-01   1.5364497e-02
   3.7760000e+03   5.9955407e-01   3.8654728e-02
   3.7920000e+03   6.7695629e-01   4.9957702e-02
   3.8080000e+03   6.6885268e-01  -2.0654076e-02
   3.8240000e+03   7.1986960e-01  -4.6387889e-03
   3.8400000e+03   6.4427850e-01   6.4175978e-03
   3.8560000e+03   6.1166478e-01   3.1661740e-02
   3.8720000e+03   6.9130854e-01  -3.1093361e-02
   3.8880000e+03   6.1754026e-01  -1.5458125e-02
   3.9040000e+03   6.6043802e-01   3.1246297e-02
   3.9200000e+03   6.8301309e-01  -1.1936877e-03
   3.9360000e+03   6.4669903e-01  -5.8442410e-03
   3.9520000e+03   6.5587744e-01  -1.8554563e-02
   3.9680000e+03   7.0081896e-01  -2.9796900e-02
   3.9840000e+03   6.5822947e-01   1.8671040e-02
   4.0000000e+03   6.4644859e-01  -1.5439948e-02
   4.0160000e+03   6.3106247e-01   2.7279513e-02
   4.0320000e+03   6.2834433e-01  -2.0926335e-02
   4.0480000e+03   6.9454345e-01   3.8345692e-02
   4.0640000e+03   6.7731155e-01   1.0371209e-02
   4.0800000e+03   6.0941427e-01   4.2300148e-02
   4.0960000e+03   6.4992017e-01   1.7524408e-02
   4.1120000e+03   6.6118947e-01  -3.6359484e-02
   4.1280000e+03   6.4024289e-01  -4.3413381e-02
   4.1440000e+03   6.0807426e-01   1.9484159e-02
   4.1600000e+03   6.3729551e-01  -8.8784002e-03
   4.1760000e+03   6.2027978e-01   4.0199571e-02
   4.1920000e+03   6.3534568e-01   9.1671834e-03
   4.2080000e+03   6.7770572e-01  -1.7265550e-02
   4.2240000e+03   6.3930712e-01  -1.1489317e-02
   4.2400000e+03   6.4032140e-01  -2.1048792e-02
   4.2560000e+03   6.8464162e-01  -1.1752497e-02
   4.2720000e+03   6.5463832e-01   2.0455277e-03
   4.2880000e+03   6.3156351e-01   2.0141431e-02
   4.3040000e+03   6.6977338e-01   7.1482227e-02
   4.3200000e+03   6.8017598e-01  -1.0282846e-02
   4.3360000e+03   6.4194126e-01   3.1525937e-02
   4.3520000e+03   6.5141331e-01  -1.5728858e-02
   4.3680000e+03   6.6442889e-01  -1.6366193e-02
   4.3840000e+03   6.4869811e-01   9.2307448e-03
   4.4000000e+03   6.6226050e-01   2.2662074e-02
   4.4160000e+03   6.3157013e-01   1.3628226e-02
   4.4320000e+03   6.1877825e-01  -4.2970026e-02
   4.4480000e+03   6.3167277e-01  -5.5264487e-03
   4.4640000e+03   6.4624435e-01   9.6225923e-03
   4.4800000e+03   6.6264576e-01  -2.6691518e-02
   4.4960000e+03   6.2404501e-01  -1.9584010e-03
   4.5120000e+03   6.5940581e-01   2.6153225e-02
   4.5280000e+03   6.4342095e-01  -7.8317810e-03
   4.5440000e+03   6.3928123e-01   1.2696581e-02
   4.5600000e+03   6.2793136e-01  -2.6860779e-02
   4.5760000e+03   6.0753587e-01   3.1587837e-02
   4.5920000e+03   6.3277854e-01  -2.5310198e-02
   4.6080000e+03   6.5682782e-01   2.7069175e-02
   4.6240000e+03   6.2000971e-01   1.4141915e-03
   4.6400000e+03   6.2379207e-01  -7.5724731e-03
   4.6560000e+03   6.2219266e-01   1.3171976e-02
   4.6720000e+03   6.4224774e-01  -2.9520736e-02
   4.6880000e+03   6.3508588e-01  -1.3992175e-02
   4.7040000e+03   6.2299995e-01  -3.0689342e-03
   4.7200000e+03   6.1655490e-01   3.1224045e-02
   4.7360000e+03   6.4621610e-01   5.3166530e-03
   4.7520000e+03   6.0855925e-01  -6.5192653e-03
   4.7680000e+03   6.7464045e-01   1.1602777e-02
   4.7840000e+03   6.2617356e-01   4.6355435e-02
   4.8000000e+03   6.2903783e-01   6.6329457e-03
   4.8160000e+03   6.6349080e-01   1.7085309e-02
   4.8320000e+03   6.1825464e-01   1.2503741e-02
   4.8480000e+03   6.3301886e-01  -3.9584233e-03
   4.8640000e+03   6.3023622e-01   3.1326907e-02
   4.8800000e+03   6.2220897e-01   6.8543157e-03
   4.8960000e+03   6.1984182e-01  -1.3836692e-02
   4.9120000e+03   6.0554499e-01   5.8765483e-02
   4.9280000e+03   6.4394959e-01  -3.5383481e-02
   4.9440000e+03   6.4193121e-01  -1.6818766e-02
   4.9600000e+03   6.4484655e-01  -2.3216431e-02
   4.9760000e+03   6.3073386e-01   3.1442169e-02
   4.9920000e+03   6.3891925e-01   2.3441531e-02
   5.0080000e+03   6.7417672e-01  -4.7039098e-03
   5.0240000e+03   6.2186164e-01   2.0528835e-02
   5.0400000e+03   6.2752362e-01   5.1687152e-02
   5.0560000e+03   6.8843314e-01   4.8626245e-02
   5.0720000e+03   6.2765683e-01  -7.8835353e-03
   5.0880000e+03   6.4344475e-01  -1.4140957e-02
   5.1040000e+03   6.3915688e-01   3.3583402e-02
   5.1200000e+03   6.5161761e-01   6.7920175e-02
   5.1360000e+03   6.1803021e-01  -1.9428700e-03
   5.1520000e+03   6.3810091e-01  -4.0000562e-02
   5.1680000e+03   5.5197723e-01   3.4244084e-03
   5.1840000e+03   6.4496893e-01  -1.9966209e-02
   5.2000000e+03   6.0009242e-01   1.7248943e-02
   5.2160000e+03   6.5985205e-01  -5.4397358e-02
   5.2320000e+03   6.4223117e-01   3.3211744e-02
   5.2480000e+03   6.3713794e-01   2.1087317e-02
   5.2640000e+03   6.3042753e-01  -1.1584947e-02
   5.2800000e+03   5.8629454e-01   1.0998254e-02
   5.2960000e+03   6.6223977e-01  -2.2872818e-03
   5.3120000e+03   6.5381113e-01   3.5493083e-03
   5.3280000e+03   6.5015364e-01   4.5731089e-03
   5.3440000e+03   6.5737082e-01   4.7284499e-03
   5.3600000e+03   6.5983010e-01   3.7358587e-02
   5.3760000e+03   6.1685709e-01  -6.4259034e-03
   5.3920000e+03   6.0685350e-01   2.0884142e-02
   5.4080000e+03   6.0818822e-01  -3.1901502e-03
   5.4240000e+03   6.4622889e-01  -1.9518098e-02
   5.4400000e+03   6.7490818e-01   1.5066702e-02
   5.4560000e+03   6.7003450e-01   3.0716645e-03
   5.4720000e+03   6.2670578e-01   8.9138172e-03
   5.4880000e+03   6.1937419e-01  -6.0949420e-03
   5.5040000e+03   6.0886242e-01   1.5661406e-02
   5.5200000e+03   6.5889932e-01   9.4397060e-03
   5.5360000e+03   5.9717708e-01  -2.3039821e-02
   5.5520000e+03   6.3052512e-01   2.3020379e-02
   5.5680000e+03   6.5430884e-01   6.8360641e-03
   5.5840000e+03   6.1048579e-01   3.2814365e-02
   5.6000000e+03   6.8108164e-01   6.5158869e-03
   5.6160000e+03   6.4682825e-01   2.0129956e-02
   5.6320000e+03   6.1667886e-01   3.8194876e-02
   5.6480000e+03   6.4364916e-01   6.7597787e-03
   5.6640000e+03   6.3283125e-01  -4.4858242e-03
   5.6800000e+03   5.8784702e-01   2.5252031e-03
   5.6960000e+03   5.9002184e-01   2.7155386e-02
   5.7120000e+03   6.7973161e-01   1.8292317e-02
   5.7280000e+03   6.4311104e-01  -5.7501714e-03
   5.7440000e+03   6.4209183e-01   8.3749017e-03
   5.7600000e+03   6.3622351e-01  -2.5389730e-02
   5.7760000e+03   6.0098626e-01   4.9094853e-03
   5.7920000e+03   6.1558116e-01  -1.0610190e-02
   5.8080000e+03   6.5326364e-01  -1.0479160e-02
   5.8240000e+03   5.9768334e-01   9.7919342e-03
   5.8400000e+03   5.9993317e-01   4.3787416e-02
   5.8560000e+03   6.5063944e-01  -1.4331194e-02
   5.8720000e+03   5.9980638e-01  -1.7343332e-02
   5.8880000e+03   6.4371550e-01   3.3201561e-03
   5.9040000e+03   6.4911657e-01   3.1122528e-03
   5.9200000e+03   5.9417055e-01   1.5380777e-02
   5.9360000e+03   6.7839922e-01  -1.1219601e-02
   5.9520000e+03   6.6170762e-01  -1.9204133e-02
   5.9680000e+03   6.6595853e-01  -2.9147933e-02
   5.9840000e+03   5.9542654e-01   8.8013433e-03
   6.0000000e+03   6.4285560e-01   1.8146953e-02
   6.0160000e+03   5.6982285e-01  -3.9142753e-03
   6.0320000e+03   6.2725713e-01  -1.8031958e-02
   6.0480000e+03   6.3804102e-01   7.5498114e-03
   6.0640000e+03   6.4708769e-01  -6.0088416e-03
   6.0800000e+03   6.6123315e-01  -4.5556129e-02
   6.0960000e+03   6.2939627e-01  -1.6014288e-02
   6.1120000e+03   6.0515061e-01  -7.8383888e-02
   6.1280000e+03   6.3417928e-01  -3.3727537e-02
   6.1440000e+03   6.3978228e-01   3.4333624e-02
   6.1600000e+03   6.0717923e-01  -6.5850109e-02
   6.1760000e+03   5.7419620e-01   2.5900063e-02
   6.1920000e+03   6.4491342e-01  -2.1889741e-02
   6.2080000e+03   6.4794034e-01  -2.0287469e-03
   6.2240000e+03   5.8454832e-01  -1.8855464e-02
   6.2400000e+03   6.0596914e-01  -2.3094828e-02
   6.2560000e+03   6.4353576e-01   2.0223338e-03
   6.2720000e+03   5.8483188e-01   1.7387658e-02
   6.2880000e+03   5.9204454e-01  -7.1612796e-02
   6.3040000e+03   6.2971355e-01  -9.5392968e-03
   6.3200000e+03   6.0763125e-01   3.0528228e-02
   6.3360000e+03   6.0907274e-01  -3.8333890e-03
   6.3520000e+03   6.2423031e-01   1.6898063e-02
   6.3680000e+03   6.2396121e-01  -1.5658646e-02
   6.3840000e+03   6.3221559e-01  -1.3090776e-02
   6.4000000e+03   6.2175803e-01   3.2481973e-02
   6.4160000e+03   6.1179965e-01   1.3019452e-02
   6.4320000e+03   6.4279681e-01   2.3950946e-02
   6.4480000e+03   5.8214262e-01  -4.4616263e-02
   6.4640000e+03   6.1209988e-01   1.7490717e-02
   6.4800000e+03   6.7411366e-01   1.7430909e-02
   6.4960000e+03   6.5367496e-01  -3.0017623e-02
   6.5120000e+03   6.3164124e-01  -1.2214012e-02
   6.5280000e+03   6.3841587e-01  -1.2030709e-02
   6.5440000e+03   6.1911654e-01  -4.1601137e-03
   6.5600000e+03   5.7264985e-01  -2.7223436e-02
   6.5760000e+03   5.8693351e-01   1.9476134e-02
   6.5920000e+03   6.3286196e-01  -1.6518166e-05
   6.6080000e+03   6.1381884e-01  -4.2040057e-02
   6.6240000e+03   6.3070254e-01   8.2248715e-03
   6.6400000e+03   5.8050421e-01  -2.6155699e-02
   6.6560000e+03   6.0623605e-01  -6.2031766e-03
   6.6720000e+03   6.2298333e-01  -9.3203213e-04
   6.6880000e+03   6.2164175e-01  -7.0740698e-02
   6.7040000e+03   6.3937628e-01   8.6891410e-03
   6.7200000e+03   6.3607858e-01   2.4051512e-02
   6.7360000e+03   5.9223495e-01  -5.3719676e-03
   6.7520000e+03   6.1550004e-01  -6.8028063e-03
   6.7680000e+03   5.8585718e-01  -1.8558131e-02
   6.7840000e+03   6.2558189e-01   2.0302877e-02
   6.8000000e+03   5.7841579e-01   4.7042838e-02
   6.8160000e+03   6.0675049e-01   5.5487124e-02
   6.8320000e+03   5.7170501e-01  -3.4887839e-02
   6.8480000e+03   6.3413978e-01  -9.2025743e-03
   6.8640000e+03   6.2283552e-01   2.9348243e-02
   6.8800000e+03   6.5502655e-01   5.5006196e-02
   6.8960000e+03   5.9798069e-01   5.6790233e-02
   6.9120000e+03   5.9522892e-01   2.1552988e-02
   6.9280000e+03   5.7212280e-01  -8.0792191e-03
   6.9440000e+03   6.6646757e-01   7.4710020e-03
   6.9600000e+03   5.8078782e-01  -2.8010511e-02
   6.9760000e+03   6.3974129e-01   3.2306890e-03
   6.9920000e+03   5.9880244e-01  -9.3848801e-03
   7.0080000e+03   5.6675413e-01   1.9954520e-02
   7.0240000e+03   6.3516511e-01   2.0134701e-02
   7.0400000e+03   6.0076393e-01  -3.4057022e-02
   7.0560000e+03   6.3541420e-01  -4.6186553e-02
   7.0720000e+03   5.8368380e-01   1.9260660e-03
   7.0880000e+03   6.3901786e-01   2.6332658e-02
   7.1040000e+03   5.8718529e-01   1.6081103e-02
   7.1200000e+03   6.0194113e-01   1.8156522e-02
   7.1360000e+03   6.1041057e-01  -1.0202162e-02
   7.1520000e+03   5.6160041e-01  -1.0337213e-02
   7.1680000e+03   6.2262883e-01  -1.4151130e-02
   7.1840000e+03   5.7935008e-01  -5.7189600e-04
   7.2000000e+03   6.3728621e-01  -8.3891827e-03
   7.2160000e+03   5.9005902e-01   1.5561325e-02
   7.2320000e+03   6.1134859e-01   2.5272922e-02
   7.2480000e+03   5.9795805e-01  -2.0459846e-03
   7.2640000e+03   5.8363593e-01  -1.7397428e-02
   7.2800000e+03   6.2977320e-01  -1.1934361e-03
   7.2960000e+03   6.2093268e-01  -1.3159703e-02
   7.3120000e+03   5.7980494e-01  -2.6318534e-03
   7.3280000e+03   6.0369616e-01   2.0845582e-02
   7.3440000e+03   6.2666478e-01   1.3864997e-03
   7.3600000e+03   6.4078806e-01  -3.1485424e-02
   7.3760000e+03   6.1770359e-01   3.9889649e-02
   7.3920000e+03   6.1423601e-01   3.9794486e-02
   7.4080000e+03   6.0830257e-01  -4.7013464e-03
   7.4240000e+03   5.7187214e-01   2.7201816e-02
   7.4400000e+03   5.9496129e-01   2.9266644e-02
   7.4560000e+03   6.2045611e-01  -3.5846079e-02
   7.4720000e+03   6.6669783e-01  -1.3410681e-02
   7.4880000e+03   5.9091239e-01  -1.6545684e-02
   7.5040000e+03   5.9007744e-01   1.4908985e-02
   7.5200000e+03   5.7941483e-01  -4.0992264e-02
   7.5360000e+03   5.9269378e-01   2.6345286e-04
   7.5520000e+03   6.1062837e-01  -4.2140595e-03
   7.5680000e+03   6.3805828e-01   1.7378449e-02
   7.5840000e+03   6.1464741e-01   2.1146352e-02
   7.6000000e+03   6.5758785e-01  -3.3023407e-02
   7.6160000e+03   5.6085160e-01  -4.9948344e-02
   7.6320000e+03   5.6499216e-01   3.2060624e-02
   7.6480000e+03   6.5287172e-01   1.9393407e-02
   7.6640000e+03   5.9346298e-01   3.6782253e-02
   7.6800000e+03   5.8668494e-01  -5.4316354e-02
   7.6960000e+03   6.0407771e-01  -2.8540234e-02
   7.7120000e+03   6.3521692e-01  -1.1847684e-02
   7.7280000e+03   5.8663524e-01  -2.9838071e-02
   7.7440000e+03   6.4678760e-01   4.1077898e-03
   7.7600000e+03   5.7620320e-01  -1.1881522e-02
   7.7760000e+03   5.9431835e-01   4.6964060e-02
   7.7920000e+03   6.1701930e-01  -2.8821554e-03
   7.8080000e+03   5.5916941e-01   3.2920543e-03
   7.8240000e+03   6.3733711e-01   3.0488263e-02
   7.8400000e+03   6.9267320e-01  -2.3429826e-02
   7.8560000e+03   5.9624639e-01  -2.6259740e-02
   7.8720000e+03   6.0836726e-01  -1.9919835e-02
   7.8880000e+03   6.1893429e-01  -1.5456893e-02
   7.9040000e+03   6.0638804e-01   3.9703813e-02
   7.9200000e+03   6.1674722e-01   1.8854015e-02
   7.9360000e+03   6.3087054e-01   2.4722397e-02
   7.9520000e+03   5.5522138e-01   1.2909775e-02
   7.9680000e+03   6.3933097e-01   3.6565493e-02
   7.9840000e+03   6.1585243e-01  -4.5361919e-02
   8.0000000e+03   6.2606587e-01  -2.3897773e-02
   8.0160000e+03   6.6244175e-01  -1.2572529e-02
   8.0320000e+03   6.3433686e-01  -1.0072820e-02
   8.0480000e+03   5.8231776e-01  -2.7062488e-02
   8.0640000e+03   6.2014441e-01   7.1784886e-03
   8.0800000e+03   5.9167080e-01  -5.1384842e-03
   8.0960000e+03   6.2430809e-01   3.0814054e-02
   8.1120000e+03   6.1637317e-01   8.9602763e-05
   8.1280000e+03   5.7917402e-01  -3.0792865e-02
   8.1440000e+03   5.7425769e-01  -5.2658236e-02
   8.1600000e+03   6.1669327e-01  -1.0744069e-02
   8.1760000e+03   6.1557374e-01  -1.8211294e-02
   8.1920000e+03   6.4236676e-01  -1.5449640e-03
   8.2080000e+03   6.0853181e-01   1.1691771e-02
   8.2240000e+03   6.1451134e-01  -2.5821232e-02
   8.2400000e+03   5.7075292e-01  -1.7743754e-02
   8.2560000e+03   6.3514434e-01  -1.2429992e-02
   8.2720000e+03   6.2841688e-01  -1.2838829e-02
   8.2880000e+03   6.2279989e-01   3.2178560e-02
   8.3040000e+03   6.0608708e-01  -1.9378230e-02
   8.3200000e+03   5.8934224e-01  -3.5603195e-03
   8.3360000e+03   6.4235404e-01  -1.6602120e-02
   8.3520000e+03   5.8982371e-01   1.7574522e-02
   8.3680000e+03   6.0639677e-01  -2.6134652e-02
   8.3840000e+03   6.0031089e-01   1.8974085e-02
   8.4000000e+03   5.7678766e-01  -2.4037962e-02
   8.4160000e+03   5.7105295e-01  -2.3230858e-02
   8.4320000e+03   6.0198090e-01  -5.6826777e-02
   8.4480000e+03   5.9191021e-01  -2.3302560e-02
   8.4640000e+03   5.7795442e-01   1.3410905e-02
   8.4800000e+03   6.1546385e-01  -8.0245925e-03
   8.4960000e+03   5.9498088e-01  -2.1275554e-02
   8.5120000e+03   6.4129522e-01  -7.5315016e-02
   8.5280000e+03   6.2366296e-01   7.6621404e-03
   8.5440000e+03   6.3671800e-01   3.0579538e-02
   8.5600000e+03   6.2484521e-01   4.4609847e-02
   8.5760000e+03   6.0464973e-01   9.7258006e-03
   8.5920000e+03   6.3178724e-01  -2.6118407e-02
   8.6080000e+03   6.0690937e-01   2.1565325e-02
   8.6240000e+03   5.7959431e-01  -9.3296131e-03
   8.6400000e+03   6.2364815e-01  -3.2307124e-02
   8.6560000e+03   5.8930315e-01   3.1428859e-02
   8.6720000e+03   6.2077708e-01   5.1406321e-03
   8.6880000e+03   5.6911105e-01  -1.5527470e-02
   8.7040000e+03   6.3114509e-01  -1.7764230e-02
   8.7200000e+03   5.9534738e-01   1.5197705e-02
   8.7360000e+03   5.8082043e-01  -1.6481123e-02
   8.7520000e+03   6.0217700e-01  -4.6540129e-03
   8.7680000e+03   6.0389760e-01   3.2558755e-02
   8.7840000e+03   6.5594642e-01   3.2026910e-02
   8.8000000e+03   5.5383267e-01  -6.8615312e-03
   8.8160000e+03   6.3714318e-01  -1.7542811e-02
   8.8320000e+03   5.8402371e-01  -7.9564087e-03
   8.8480000e+03   6.0364296e-01  -1.3467720e-02
   8.8640000e+03   6.0098546e-01   1.9826633e-02
   8.8800000e+03   5.7427778e-01   1.2293407e-02
   8.8960000e+03   6.1140539e-01  -2.6806106e-02
   8.9120000e+03   5.8038868e-01   1.6541569e-02
   8.9280000e+03   5.8244721e-01   1.1625243e-03
   8.9440000e+03   5.8747789e-01  -1.5120944e-02
   8.9600000e+03   5.8242854e-01   1.7520827e-02
   8.9760000e+03   6.4380249e-01   3.8015059e-02
   8.9920000e+03   6.2086760e-01   1.2063212e-02
   9.0080000e+03   6.4671743e-01   7.2069268e-02
   9.0240000e+03   5.6494275e-01   3.3145002e-02
   9.0400000e+03   6.4021048e-01   2.3675206e-02
   9.0560000e+03   5.7613852e-01   4.0049654e-03
   9.0720000e+03   5.8919288e-01   4.0510817e-02
   9.0880000e+03   5.7912292e-01  -4.1109335e-02
   9.1040000e+03   5.9834296e-01   2.9689658e-02
   9.1200000e+03   5.9841781e-01  -9.7255386e-03
   9.1360000e+03   5.7313478e-01  -5.0205429e-02
   9.1520000e+03   6.1599857e-01  -2.2179393e-02
   9.1680000e+03   5.8458831e-01  -4.7647457e-02
   9.1840000e+03   6.1282600e-01   2.5369271e-02
   9.2000000e+03   5.9142161e-01  -3.4407436e-02
   9.2160000e+03   6.0365364e-01   4.4924378e-03
   9.2320000e+03   5.3738125e-01   7.3787916e-03
   9.2480000e+03   5.7210178e-01   2.9973199e-02
   9.2640000e+03   6.0949051e-01   1.5582413e-02
   9.2800000e+03   6.2556302e-01   1.4656108e-02
   9.2960000e+03   6.5375160e-01  -1.5154792e-02
   9.3120000e+03   5.7989399e-01  -2.0699083e-02
   9.3280000e+03   5.9792049e-01   1.0170704e-02
   9.3440000e+03   5.8884831e-01  -2.6006480e-02
   9.3600000e+03   5.6861458e-01  -1.9942714e-02
   9.3760000e+03   6.1235148e-01   1.5404347e-03
   9.3920000e+03   5.8333469e-01   1.4575890e-02
   9.4080000e+03   6.3749492e-01  -2.1678284e-02
   9.4240000e+03   6.0290921e-01  -7.7621453e-03
   9.4400000e+03   5.7609481e-01  -2.5513707e-02
   9.4560000e+03   5.9916471e-01  -9.1933712e-03
   9.4720000e+03   5.8109670e-01   1.9443810e-02
   9.4880000e+03   5.8996481e-01   1.2808831e-02
   9.5040000e+03   6.0774693e-01  -5.5922593e-02
   9.5200000e+03   6.0009581e-01  -6.2287674e-03
   9.5360000e+03   5.8223626e-01   2.1419796e-02
   9.5520000e+03   6.0012056e-01  -3.0585725e-02
   9.5680000e+03   5.9516581e-01  -2.3084225e-02
   9.5840000e+03   5.8373368e-01   6.2894906e-02
   9.6000000e+03   5.8463714e-01  -5.2460490e-02
   9.6160000e+03   5.5082939e-01   1.8783266e-02
   9.6320000e+03   5.7394143e-01   1.7997927e-02
   9.6480000e+03   6.0456326e-01  -1.4630526e-02
   9.6640000e+03   5.9470424e-01  -6.4131335e-03
   9.6800000e+03   5.7501489e-01  -5.8802979e-07
   9.6960000e+03   5.5173797e-01  -1.8463908e-02
   9.7120000e+03   5.8250503e-01  -7.0829773e-03
   9.7280000e+03   5.8015986e-01   3.1293838e-02
   9.7440000e+03   6.1609207e-01   3.0466247e-02
   9.7600000e+03   5.5534500e-01   5.1752541e-02
   9.7760000e+03   5.5562673e-01  -3.8078649e-02
   9.7920000e+03   5.7520892e-01  -2.4121387e-02
   9.8080000e+03   5.2867882e-01   1.4174618e-02
   9.8240000e+03   5.9905219e-01   1.6574844e-02
   9.8400000e+03   5.6974314e-01   1.4559004e-02
   9.8560000e+03   5.9757070e-01   1.2685125e-03
   9.8720000e+03   6.0970651e-01   2.8006761e-02
   9.8880000e+03   5.8975178e-01   3.2487008e-02
   9.9040000e+03   5.4608958e-01   3.9413264e-02
   9.9200000e+03   5.8794231e-01   1.7737841e-02
   9.9360000e+03   6.0650984e-01   3.3358938e-02
   9.9520000e+03   5.8197506e-01  -1.5047593e-02
   9.9680000e+03   5.6293286e-01  -4.4877104e-02
   9.9840000e+03   5.8981140e-01  -3.1301413e-03
   1.0000000e+04   5.8119248e-01   2.5996532e-02
   1.0016000e+04   5.7182061e-01   1.4863331e-02
   1.0032000e+04   6.0012990e-01   3.7755470e-03
   1.0048000e+04   6.3076835e-01   6.7076483e-03
   1.0064000e+04   6.4335280e-01  -4.9661793e-03
   1.0080000e+04   5.4152475e-01   1.3154896e-02
   1.0096000e+04   5.3963237e-01  -4.8297701e-03
   1.0112000e+04   5.5169255e-01   3.1101691e-02
   1.0128000e+04   5.6177984e-01  -1.8051447e-03
   1.0144000e+04   5.6692054e-01   6.4327992e-03
   1.0160000e+04   5.4317729e-01  -4.0432667e-03
   1.0176000e+04   5.1714155e-01   1.4497607e-02
   1.0192000e+04   6.0225293e-01  -1.9630764e-04
   1.0208000e+04   6.0416488e-01  -3.8525962e-02
   1.0224000e+04   6.3235624e-01   2.4053899e-02
   1.0240000e+04   5.7784756e-01  -5.0719873e-02
   1.0256000e+04   5.4084868e-01   1.2990366e-02
   1.0272000e+04   5.9644120e-01  -5.9255956e-03
   1.0288000e+04   5.9183306e-01   5.5470924e-02
   1.0304000e+04   5.8276463e-01   2.0220638e-03
   1.0320000e+04   6.1080717e-01  -1.5322953e-02
   1.0336000e+04   5.5246494e-01  -4.7253246e-02
   1.0352000e+04   5.7132473e-01   1.0757077e-02
   1.0368000e+04   5.8985793e-01   3.9724809e-03
   1.0384000e+04   6.0428908e-01   2.2074969e-02
   1.0400000e+04   6.2233056e-01  -2.0502217e-03
   1.0416000e+04   6.1930037e-01  -5.5861992e-04
   1.0432000e+04   6.3300609e-01   3.4987380e-02
   1.0448000e+04   5.6110896e-01   1.2801480e-02
   1.0464000e+04   5.9689653e-01   1.5921444e-02
   1.0480000e+04   5.7846429e-01   2.8609933e-02
   1.0496000e+04   5.4132675e-01  -3.4903322e-03
   1.0512000e+04   5.5860602e-01  -3.6406846e-02
   1.0528000e+04   5.5004723e-01  -5.8774289e-03
   1.0544000e+04   6.1539308e-01   1.6005497e-02
   1.0560000e+04   6.0571024e-01  -1.4463059e-02
   1.0576000e+04   5.5604935e-01   4.8245413e-02
   1.0592000e+04   6.0661479e-01  -2.4190938e-02
   1.0608000e+04   6.3894227e-01  -4.1885848e-02
   1.0624000e+04   5.9459130e-01   1.6994346e-02
   1.0640000e+04   5.5419693e-01  -1.2859334e-02
   1.0656000e+04   5.5833103e-01  -1.3723847e-02
   1.0672000e+04   5.4731854e-01  -2.0566528e-02
   1.0688000e+04   5.9770446e-01   5.1172889e-02
   1.0704000e+04   6.1572490e-01  -4.7721315e-02
   1.0720000e+04   5.6974907e-01  -6.9462131e-03
   1.0736000e+04   5.7757470e-01  -5.8023384e-03
   1.0752000e+04   5.5354604e-01   5.8351758e-03
   1.0768000e+04   5.9364824e-01   1.7902514e-02
   1.0784000e+04   5.3635386e-01  -3.0730646e-02
   1.0800000e+04   5.8771620e-01  -4.7484288e-02
   1.0816000e+04   5.9733822e-01   1.0164470e-02
   1.0832000e+04   5.3679723e-01  -6.8226763e-03
   1.0848000e+04   6.1028662e-01  -1.3912288e-02
   1.0864000e+04   5.9314027e-01  -7.3505800e-03
   1.0880000e+04   5.7840831e-01  -1.7799016e-02
   1.0896000e+04   5.4853941e-01  -6.2166042e-03
   1.0912000e+04   5.7001840e-01  -9.2046012e-03
   1.0928000e+04   5.8275714e-01  -6.1948558e-04
   1.0944000e+04   5.2974063e-01   7.5115553e-03
   1.0960000e+04   5.7785985e-01  -6.3079805e-03
   1.0976000e+04   5.7506811e-01  -7.9715982e-03
   1.0992000e+04   5.1161649e-01  -3.6260910e-02
   1.1008000e+04   5.2994891e-01   4.3623516e-03
   1.1024000e+04   5.4467758e-01  -3.6844896e-02
   1.1040000e+04   5.7488260e-01  -2.3608421e-02
   1.1056000e+04   5.8728219e-01   2.1766390e-02
   1.1072000e+04   5.7594794e-01   5.4168694e-02
   1.1088000e+04   5.9764057e-01  -3.1015401e-02
   1.1104000e+04   5.5419184e-01  -4.0269941e-03
   1.1120000e+04   5.4930694e-01  -1.9786849e-02
   1.1136000e+04   5.5905463e-01   8.4972669e-03
   1.1152000e+04   5.8724155e-01   2.8503821e-02
   1.1168000e+04   5.3060751e-01  -3.5807022e-02
   1.1184000e+04   5.4765927e-01   2.2441160e-02
   1.1200000e+04   5.5939752e-01   5.3937451e-02
   1.1216000e+04   5.6402979e-01   4.3084482e-02
   1.1232000e+04   5.4649373e-01   3.5907003e-02
   1.1248000e+04   5.3007611e-01   1.1191394e-02
   1.1264000e+04   5.8824970e-01  -3.7877051e-04
   1.1280000e+04   5.6239758e-01  -3.7287318e-03
   1.1296000e+04   5.2877341e-01   3.1644476e-03
   1.1312000e+04   5.7607009e-01   6.5529080e-02
   1.1328000e+04   5.6023988e-01  -1.9955949e-02
   1.1344000e+04   5.5604996e-01   4.5364978e-02
   1.1360000e+04   5.5994436e-01   7.0111250e-03
   1.1376000e+04   5.5759108e-01   4.2659457e-02
   1.1392000e+04   5.5541397e-01   4.9654489e-03
   1.1408000e+04   5.5270974e-01  -1.9952676e-02
   1.1424000e+04   5.6146701e-01   5.8815131e-02
   1.1440000e+04   5.8061957e-01   2.9852179e-03
   1.1456000e+04   5.8565862e-01   1.6710184e-02
   1.1472000e+04   5.8050326e-01   1.6716643e-02
   1.1488000e+04   5.8293529e-01  -1.7795333e-02
   1.1504000e+04   5.6535099e-01   7.3032089e-03
   1.1520000e+04   5.6955992e-01  -4.5392193e-02
   1.1536000e+04   5.5965085e-01   5.8080988e-02
   1.1552000e+04   5.6943972e-01  -2.0143341e-03
   1.1568000e+04   5.2666223e-01   5.7177690e-02
   1.1584000e+04   5.6069826e-01  -7.2725461e-03
   1.1600000e+04   6.0555922e-01   3.7972379e-02
   1.1616000e+04   5.0768146e-01  -2.0446356e-02
   1.1632000e+04   5.4487554e-01  -2.8515447e-02
   1.1648000e+04   5.6955346e-01  -6.9816814e-03
   1.1664000e+04   5.8489657e-01  -7.6842419e-03
   1.1680000e+04   5.1321427e-01  -3.7316505e-02
   1.1696000e+04   5.9509123e-01   1.3593303e-03
   1.1712000e+04   5.5919983e-01  -4.8274874e-02
   1.1728000e+04   5.9576662e-01  -4.1060277e-02
   1.1744000e+04   5.2088896e-01   1.4119660e-02
   1.1760000e+04   4.9973056e-01  -1.6725447e-03
   1.1776000e+04   5.6524177e-01  -1.4253234e-02
   1.1792000e+04   5.6764693e-01  -1.4388128e-02
   1.1808000e+04   4.9183010e-01   1.9660793e-02
   1.1824000e+04   5.3186046e-01  -5.5992441e-03
   1.1840000e+04   5.7352874e-01  -2.6556003e-02
   1.1856000e+04   5.6153782e-01   7.3911398e-03
   1.1872000e+04   5.7682409e-01  -7.7690218e-03
   1.1888000e+04   5.3523267e-01   6.5393183e-02
   1.1904000e+04   5.0547969e-01  -2.9757064e-02
   1.1920000e+04   5.9173445e-01  -1.5613491e-02
   1.1936000e+04   5.9648436e-01   3.5294200e-03
   1.1952000e+04   5.8503152e-01   4.3142516e-02
   1.1968000e+04   5.7354884e-01  -2.8261774e-02
   1.1984000e+04   6.1230298e-01   3.6171310e-02
   1.2000000e+04   6.0974251e-01  -1.0114823e-02
   1.2016000e+04   5.5921596e-01   3.1770005e-02
   1.2032000e+04   5.6120633e-01  -1.7398495e-02
   1.2048000e+04   6.1674495e-01   1.6962646e-02
   1.2064000e+04   5.6362395e-01  -5.0002345e-02
   1.2080000e+04   5.5308690e-01   5.0036296e-02
   1.2096000e+04   5.7686638e-01   6.8326597e-03
   1.2112000e+04   5.6177482e-01  -2.8173945e-02
   1.2128000e+04   5.1013180e-01  -2.7797471e-02
   1.2144000e+04   5.9241775e-01   2.2225423e-02
   1.2160000e+04   6.1092077e-01   1.1053671e-02
   1.2176000e+04   5.9934866e-01  -1.5662163e-02
   1.2192000e+04   5.9363414e-01   1.3858682e-02
   1.2208000e+04   6.0920865e-01  -6.7327729e-03
   1.2224000e+04   5.8309646e-01   5.8611619e-02
   1.2240000e+04   5.8048073e-01  -6.4471163e-03
   1.2256000e+04   5.6333818e-01  -5.7578408e-02
