   0.0000000e+00   9.4646468e-01  -1.0804461e-02
   1.6000000e+01   1.0009615e+00  -2.5050195e-02
   3.2000000e+01   1.0599422e+00   1.6048987e-02
   4.8000000e+01   9.5530265e-01   2.8748125e-03
   6.4000000e+01   9.6072484e-01  -5.7335456e-03
   8.0000000e+01   9.2820011e-01   2.8314991e-02
   9.6000000e+01   9.9043970e-01   7.5903556e-03
   1.1200000e+02   9.7419255e-01  -2.0490978e-02
   1.2800000e+02   9.9483693e-01   1.2730286e-02
   1.4400000e+02   9.7547372e-01   1.0159671e-03
   1.6000000e+02   9.3104550e-01  -1.7893594e-02
   1.7600000e+02   1.0048473e+00  -9.0164156e-02
   1.9200000e+02   1.0804736e+00   3.0862794e-02
   2.0800000e+02   1.0564867e+00   1.7369313e-02
   2.2400000e+02   1.0418091e+00  -5.0618468e-02
   2.4000000e+02   1.0384678e+00   2.3492416e-02
   2.5600000e+02   1.0244432e+00   3.1672999e-02
   2.7200000e+02   1.0184224e+00  -1.0701573e-01
   2.8800000e+02   1.0277215e+00   7.3817985e-02
   3.0400000e+02   1.0107583e+00  -5.7448250e-02
   3.2000000e+02   9.4827158e-01   1.0426771e-02
   3.3600000e+02   9.9857217e-01  -2.3957447e-02
   3.5200000e+02   1.0234115e+00  -7.8923746e-03
   3.6800000e+02   9.5910302e-01   2.5567410e-03
   3.8400000e+02   1.0193988e+00   4.6034218e-03
   4.0000000e+02   9.4873510e-01   1.4178755e-02
   4.1600000e+02   9.6144386e-01   6.2581758e-03
   4.3200000e+02   1.0048090e+00  -2.7097284e-02
   4.4800000e+02   1.0253351e+00   2.1307303e-02
   4.6400000e+02   9.8746526e-01   4.7888864e-02
   4.8000000e+02   9.7725616e-01  -4.6828232e-02
   4.9600000e+02   9.8069880e-01   2.6235060e-02
   5.1200000e+02   9.6690494e-01  -1.2942646e-01
   5.2800000e+02   1.0389462e+00  -1.0155571e-03
   5.4400000e+02   1.0005906e+00  -1.4947443e-02
   5.6000000e+02   1.0153222e+00  -1.1930441e-03
   5.7600000e+02   9.1553387e-01   1.5955198e-03
   5.9200000e+02   9.3053476e-01   4.0168126e-02
   6.0800000e+02   9.4748284e-01  -2.5035193e-02
   6.2400000e+02   9.2671106e-01  -7.2353044e-02
   6.4000000e+02   9.7371758e-01  -6.3561449e-02
   6.5600000e+02   8.5432893e-01   2.7760154e-02
   6.7200000e+02   9.9261618e-01  -4.8041425e-02
   6.8800000e+02   9.5279408e-01  -7.6743208e-03
   7.0400000e+02   1.0119873e+00   1.6833128e-02
   7.2000000e+02   9.0351907e-01   4.3101232e-02
   7.3600000e+02   9.5201084e-01  -9.2419816e-03
   7.5200000e+02   9.2263350e-01  -4.4457344e-02
   7.6800000e+02   1.0012667e+00  -3.2950421e-02
   7.8400000e+02   9.0765321e-01   9.0291273e-02
   8.0000000e+02   8.4773868e-01  -1.2061872e-02
   8.1600000e+02   9.9242083e-01   4.6802326e-02
   8.3200000e+02   9.7379001e-01   6.5801559e-03
   8.4800000e+02   9.5371081e-01   2.2793563e-02
   8.6400000e+02   8.4660525e-01  -2.2731469e-02
   8.8000000e+02   8.9881386e-01   1.7235173e-02
   8.9600000e+02   8.8215597e-01   4.2546060e-02
   9.1200000e+02   8.5032349e-01   2.0465616e-02
   9.2800000e+02   9.2644620e-01   2.7114477e-02
   9.4400000e+02   9.6551062e-01  -2.0463486e-02
   9.6000000e+02   9.5211143e-01   7.4614485e-02
   9.7600000e+02   8.7547203e-01  -2.4662126e-02
   9.9200000e+02   9.6461394e-01   1.5742129e-03
   1.0080000e+03   8.7722778e-01  -1.1724669e-03
   1.0240000e+03   8.2738607e-01  -6.0914879e-02
   1.0400000e+03   9.2362715e-01   1.6807147e-03
   1.0560000e+03   8.4034672e-01   5.4743717e-02
   1.0720000e+03   7.9230253e-01  -3.4691898e-02
   1.0880000e+03   8.6017137e-01  -5.5390816e-03
   1.1040000e+03   8.3583285e-01   1.4586657e-02
   1.1200000e+03   8.5632936e-01   2.8813048e-02
   1.1360000e+03   8.4885376e-01  -1.8005107e-02
   1.1520000e+03   7.8920803e-01   1.0932832e-01
   1.1680000e+03   8.4711859e-01   1.6294985e-04
   1.1840000e+03   7.7167408e-01   2.4511824e-02
   1.2000000e+03   7.9362902e-01   4.6514244e-03
   1.2160000e+03   8.7995376e-01   5.7016341e-02
   1.2320000e+03   7.5442381e-01   9.1880007e-03
   1.2480000e+03   8.2097201e-01   2.1383514e-02
   1.2640000e+03   8.1517190e-01   3.2910771e-02
   1.2800000e+03   8.3952336e-01  -3.3144331e-02
   1.2960000e+03   8.8056187e-01   6.3440655e-03
   1.3120000e+03   7.9587131e-01  -2.8151332e-02
   1.3280000e+03   7.8664392e-01   3.7241683e-02
   1.3440000e+03   8.5539074e-01   3.5033169e-02
   1.3600000e+03   8.2608183e-01  -8.5353706e-02
   1.3760000e+03   8.2659305e-01   4.8985106e-02
   1.3920000e+03   7.9385795e-01   2.3300335e-02
   1.4080000e+03   6.9764812e-01  -8.6969012e-03
   1.4240000e+03   7.1484884e-01   5.4700576e-02
   1.4400000e+03   7.6822125e-01   2.5361965e-02
   1.4560000e+03   7.4641352e-01  -5.3544879e-03
   1.4720000e+03   7.0798080e-01   3.6310990e-02
   1.4880000e+03   7.5873133e-01  -2.8714869e-02
   1.5040000e+03   7.6551117e-01  -1.7968888e-02
   1.5200000e+03   7.5487737e-01   7.3886897e-02
   1.5360000e+03   6.8023414e-01   2.4572958e-03
   1.5520000e+03   7.5273384e-01   2.4449048e-02
   1.5680000e+03   7.1245994e-01   3.6575585e-02
   1.5840000e+03   7.6584679e-01   3.5188187e-02
   1.6000000e+03   7.2423982e-01  -5.0689511e-02
   1.6160000e+03   6.7489643e-01   5.3951292e-02
   1.6320000e+03   7.3907455e-01   4.5741670e-02
   1.6480000e+03   7.3538175e-01   5.6223623e-02
   1.6640000e+03   7.1677605e-01  -5.0604868e-02
   1.6800000e+03   6.7812732e-01   8.3195865e-02
   1.6960000e+03   7.2740579e-01  -2.1351451e-02
   1.7120000e+03   7.6675760e-01   6.7781961e-02
   1.7280000e+03   7.5478166e-01   1.7261621e-02
   1.7440000e+03   6.5392879e-01   6.5013833e-02
   1.7600000e+03   7.3914302e-01  -6.5153480e-03
   1.7760000e+03   7.5664229e-01   4.5309980e-04
   1.7920000e+03   6.5366318e-01  -3.1249645e-02
   1.8080000e+03   6.3555708e-01  -3.6588991e-02
   1.8240000e+03   6.9567030e-01   4.8997824e-02
   1.8400000e+03   6.7481745e-01  -2.4157340e-02
   1.8560000e+03   7.4912608e-01   7.6939220e-02
   1.8720000e+03   7.3075618e-01  -1.3565792e-01
   1.8880000e+03   7.0208170e-01   7.1091247e-03
   1.9040000e+03   6.9333175e-01   3.7214097e-02
   1.9200000e+03   6.5898908e-01  -3.9799152e-02
   1.9360000e+03   6.7557426e-01  -8.0313429e-03
   1.9520000e+03   6.8888939e-01   6.7461922e-02
   1.9680000e+03   6.7789538e-01  -6.1745936e-03
   1.9840000e+03   6.1805227e-01  -5.2227135e-02
   2.0000000e+03   6.3149708e-01   2.6686495e-02
   2.0160000e+03   6.5715713e-01   6.7794482e-03
   2.0320000e+03   7.3657878e-01   4.0302345e-02
   2.0480000e+03   6.5752369e-01   2.0430218e-02
   2.0640000e+03   6.5541446e-01  -2.9394745e-02
   2.0800000e+03   6.2832612e-01  -2.2042868e-02
   2.0960000e+03   6.9279249e-01   5.3013905e-02
   2.1120000e+03   6.9621238e-01  -3.3824544e-02
   2.1280000e+03   6.3115437e-01  -1.6015811e-02
   2.1440000e+03   5.9329547e-01  -1.7049298e-02
   2.1600000e+03   6.8098869e-01   3.3236487e-02
   2.1760000e+03   6.6705203e-01  -5.7941048e-02
   2.1920000e+03   6.4920926e-01   2.2739416e-02
   2.2080000e+03   6.4169913e-01  -6.5287406e-02
   2.2240000e+03   6.5378919e-01   7.0201578e-02
   2.2400000e+03   6.3412016e-01  -1.1479413e-02
   2.2560000e+03   5.9561329e-01   3.7972829e-02
   2.2720000e+03   5.8031447e-01  -4.7810476e-02
   2.2880000e+03   5.8255352e-01  -3.0440064e-02
   2.3040000e+03   5.5434399e-01  -2.3125555e-02
   2.3200000e+03   6.1834289e-01   6.0708260e-05
   2.3360000e+03   5.4049842e-01  -2.6290705e-02
   2.3520000e+03   5.9983108e-01   3.7254294e-03
   2.3680000e+03   6.9697656e-01  -1.8878055e-02
   2.3840000e+03   6.4861729e-01   4.0909935e-02
   2.4000000e+03   6.6874718e-01  -2.8005802e-03
   2.4160000e+03   5.8104706e-01   3.7893079e-02
   2.4320000e+03   6.5552977e-01  -6.4352645e-02
   2.4480000e+03   6.2768612e-01   8.4309816e-03
   2.4640000e+03   6.0421136e-01   1.9162642e-02
   2.4800000e+03   6.1373016e-01  -6.7620700e-02
   2.4960000e+03   5.9545176e-01   2.9628065e-02
   2.5120000e+03   6.7985458e-01   1.2574880e-02
   2.5280000e+03   6.1810068e-01  -3.7947959e-02
   2.5440000e+03   5.4973046e-01   7.5668460e-03
   2.5600000e+03   6.3515702e-01   3.8195827e-02
   2.5760000e+03   7.4975037e-01   7.5860270e-03
   2.5920000e+03   5.8259543e-01  -1.9532162e-02
   2.6080000e+03   5.7848384e-01  -8.8400511e-03
   2.6240000e+03   5.8238944e-01   1.1962326e-02
   2.6400000e+03   5.9508996e-01   2.1377471e-02
   2.6560000e+03   6.0615952e-01   3.8211699e-02
   2.6720000e+03   6.0694002e-01  -1.1243349e-02
   2.6880000e+03   5.6139543e-01   1.3810993e-02
   2.7040000e+03   6.0659178e-01   1.3828204e-02
   2.7200000e+03   5.8600309e-01   9.7411215e-03
   2.7360000e+03   5.7053565e-01   7.5960319e-03
   2.7520000e+03   5.5088407e-01   6.2028755e-02
   2.7680000e+03   5.9865544e-01  -7.1315323e-03
   2.7840000e+03   5.4784944e-01   2.1481199e-02
   2.8000000e+03   6.1302175e-01   3.1478876e-02
   2.8160000e+03   6.0632448e-01   3.2076659e-02
   2.8320000e+03   5.3293160e-01  -3.7139821e-03
   2.8480000e+03   6.0835007e-01  -4.4895253e-02
   2.8640000e+03   5.8119002e-01   1.9742555e-02
   2.8800000e+03   5.0400612e-01   4.8450963e-02
   2.8960000e+03   5.6669368e-01   4.5142638e-03
   2.9120000e+03   6.1663463e-01  -3.2654104e-02
   2.9280000e+03   6.6454794e-01  -2.1600425e-02
   2.9440000e+03   6.0138259e-01   6.0701462e-02
   2.9600000e+03   5.7837728e-01  -2.4710926e-02
   2.9760000e+03   5.5469515e-01  -2.1864562e-03
   2.9920000e+03   5.4120642e-01   5.3598168e-02
   3.0080000e+03   5.5310815e-01  -7.6598873e-02
   3.0240000e+03   5.6083183e-01   1.1297835e-02
   3.0400000e+03   5.9906527e-01   2.8147685e-02
   3.0560000e+03   5.7293000e-01  -3.4890647e-03
   3.0720000e+03   5.7313900e-01  -8.1982047e-02
   3.0880000e+03   4.9500941e-01   5.9950713e-02
   3.1040000e+03   5.7487869e-01  -8.2813562e-03
   3.1200000e+03   5.9150153e-01  -2.5257735e-02
   3.1360000e+03   4.8811382e-01   9.6388800e-02
   3.1520000e+03   5.3380594e-01  -5.5799450e-02
   3.1680000e+03   6.6997759e-01  -1.0103246e-02
   3.1840000e+03   5.5994211e-01  -5.3715387e-02
   3.2000000e+03   5.3907212e-01   4.9217665e-02
   3.2160000e+03   6.0421626e-01   6.6119727e-02
   3.2320000e+03   6.0995034e-01  -1.2444805e-01
   3.2480000e+03   5.9340392e-01  -3.2512452e-02
   3.2640000e+03   5.9288497e-01  -2.2547644e-02
   3.2800000e+03   5.5663568e-01   1.8337081e-02
   3.2960000e+03   5.0522945e-01  -1.3877709e-02
   3.3120000e+03   6.1355279e-01   3.7848659e-02
   3.3280000e+03   5.6203428e-01   9.2842059e-03
   3.3440000e+03   5.5777466e-01  -6.1819120e-02
   3.3600000e+03   5.3061892e-01   1.0293612e-02
   3.3760000e+03   6.9399147e-01  -4.8225483e-02
   3.3920000e+03   4.8995780e-01   1.5808534e-01
   3.4080000e+03   6.0610778e-01   1.6889888e-02
   3.4240000e+03   4.7203297e-01   1.0363065e-01
   3.4400000e+03   5.3750749e-01   1.6087799e-02
   3.4560000e+03   5.1083624e-01  -2.6294250e-02
   3.4720000e+03   5.2482409e-01  -4.4716163e-02
   3.4880000e+03   5.8654875e-01  -7.5185681e-02
   3.5040000e+03   5.9942046e-01   4.9353993e-02
   3.5200000e+03   5.2639240e-01  -4.5912473e-02
   3.5360000e+03   5.4205139e-01  -5.8807570e-02
   3.5520000e+03   5.0417995e-01   2.3501640e-02
   3.5680000e+03   5.3025582e-01  -2.7700021e-02
   3.5840000e+03   6.1532634e-01  -2.3395824e-02
   3.6000000e+03   5.2294056e-01   2.7114543e-02
   3.6160000e+03   5.3566183e-01   8.1901901e-02
   3.6320000e+03   5.0999219e-01   1.4927827e-02
   3.6480000e+03   5.4583428e-01  -8.7390349e-02
   3.6640000e+03   4.9893363e-01  -3.6795793e-02
   3.6800000e+03   5.6898037e-01  -2.1607391e-02
   3.6960000e+03   6.3613159e-01   2.3700601e-02
   3.7120000e+03   5.9183326e-01  -4.9869408e-02
   3.7280000e+03   5.6403956e-01  -1.9960903e-02
   3.7440000e+03   6.0637348e-01   9.7152502e-04
   3.7600000e+03   6.1179071e-01   1.9913219e-03
   3.7760000e+03   5.6714226e-01   2.3095788e-02
   3.7920000e+03   5.6670317e-01  -4.2374208e-04
   3.8080000e+03   5.6224854e-01   4.5433032e-02
   3.8240000e+03   5.6837142e-01  -1.9552082e-02
   3.8400000e+03   5.9120080e-01  -4.5282198e-03
   3.8560000e+03   5.4870618e-01   5.9566501e-02
   3.8720000e+03   5.2979469e-01   3.6439544e-02
   3.8880000e+03   6.4933340e-01  -1.0081218e-04
   3.9040000e+03   5.7599640e-01  -6.3902824e-03
   3.9200000e+03   5.7670952e-01   2.8161615e-02
   3.9360000e+03   6.2131755e-01  -3.2273294e-02
   3.9520000e+03   6.4461062e-01   1.1164564e-01
   3.9680000e+03   5.7355517e-01  -1.2375827e-01
   3.9840000e+03   5.4733504e-01  -1.1238185e-02
   4.0000000e+03   5.0683311e-01   5.1488774e-03
   4.0160000e+03   5.8849990e-01  -1.0159915e-02
   4.0320000e+03   5.4593572e-01  -1.7653539e-02
   4.0480000e+03   5.4567295e-01   5.4921477e-02
   4.0640000e+03   5.4395094e-01  -5.5885524e-02
   4.0800000e+03   5.8268270e-01   4.7915532e-02
   4.0960000e+03   5.2814353e-01  -6.3728271e-03
   4.1120000e+03   5.8180360e-01  -1.1088078e-03
   4.1280000e+03   5.8426516e-01  -6.6230024e-02
   4.1440000e+03   5.7304889e-01  -4.4453319e-02
   4.1600000e+03   6.0327324e-01  -5.6831016e-03
   4.1760000e+03   4.8304321e-01  -3.1232954e-03
   4.1920000e+03   5.6609149e-01  -1.4602736e-02
   4.2080000e+03   5.5465768e-01   2.1334474e-02
   4.2240000e+03   5.4888885e-01  -4.4068914e-02
   4.2400000e+03   6.0137959e-01   5.5663234e-02
   4.2560000e+03   5.1773126e-01   8.1920641e-03
   4.2720000e+03   6.1490193e-01  -4.8990938e-02
   4.2880000e+03   6.1029293e-01   4.5778107e-02
   4.3040000e+03   6.2617008e-01  -9.5488211e-02
   4.3200000e+03   4.9625628e-01   6.3446122e-02
   4.3360000e+03   5.8540357e-01  -8.1460022e-02
   4.3520000e+03   4.8937689e-01  -1.0985230e-02
   4.3680000e+03   5.4193238e-01  -1.7227483e-02
   4.3840000e+03   5.0266625e-01   5.9693071e-02
   4.4000000e+03   5.2864998e-01   5.9123062e-02
   4.4160000e+03   5.7330722e-01   2.9744831e-02
   4.4320000e+03   5.1314376e-01   6.7382506e-02
   4.4480000e+03   5.3968445e-01  -4.5039475e-02
   4.4640000e+03   5.9024481e-01   4.7794472e-02
   4.4800000e+03   5.4010674e-01   9.9577885e-03
   4.4960000e+03   5.1965027e-01  -1.8063417e-04
   4.5120000e+03   4.6765363e-01  -2.5385067e-03
   4.5280000e+03   5.6395541e-01   4.9146966e-02
   4.5440000e+03   5.7072498e-01   4.5591524e-02
   4.5600000e+03   5.4867810e-01  -2.6418463e-02
   4.5760000e+03   6.1978023e-01   2.9228819e-02
   4.5920000e+03   5.7782542e-01   2.6192113e-02
   4.6080000e+03   6.5179368e-01  -2.5692716e-02
   4.6240000e+03   4.7793693e-01   3.5801745e-02
   4.6400000e+03   5.9148904e-01   2.6926269e-02
   4.6560000e+03   5.2936446e-01  -7.6271107e-02
   4.6720000e+03   5.6700201e-01  -3.9735781e-02
   4.6880000e+03   6.1788429e-01   1.7704673e-02
   4.7040000e+03   5.8669003e-01  -3.3428018e-02
   4.7200000e+03   5.6214013e-01  -9.7847745e-02
   4.7360000e+03   5.3709897e-01  -1.2575904e-02
   4.7520000e+03   5.2925534e-01   6.9144335e-02
   4.7680000e+03   5.1994630e-01  -4.8463273e-02
   4.7840000e+03   5.9611507e-01   6.5594608e-02
   4.8000000e+03   5.6478515e-01   3.9513035e-02
   4.8160000e+03   5.6784584e-01   7.2694690e-02
   4.8320000e+03   6.5514870e-01   2.0860602e-02
   4.8480000e+03   6.0581147e-01  -4.7382566e-02
   4.8640000e+03   5.8613704e-01  -4.1149484e-02
   4.8800000e+03   6.4956975e-01  -4.2308036e-02
   4.8960000e+03   5.6884069e-01   4.5695061e-04
   4.9120000e+03   5.5135000e-01   3.5298241e-02
   4.9280000e+03   5.6441004e-01  -6.9833768e-02
   4.9440000e+03   5.5433510e-01   4.1928196e-02
   4.9600000e+03   5.3575457e-01   4.9896118e-03
   4.9760000e+03   6.1061653e-01  -3.1343633e-02
   4.9920000e+03   5.5769478e-01  -7.3806642e-03
   5.0080000e+03   5.2117039e-01  -1.1703881e-02
   5.0240000e+03   5.9131429e-01   1.6237366e-02
   5.0400000e+03   6.3407585e-01  -7.5704338e-02
   5.0560000e+03   5.1902570e-01  -3.0959797e-02
   5.0720000e+03   5.5250057e-01  -1.7238193e-02
   5.0880000e+03   6.0632572e-01   2.0816522e-02
   5.1040000e+03   5.8174544e-01   7.8433810e-02
   5.1200000e+03   5.8115955e-01   5.4248128e-03
   5.1360000e+03   4.6235617e-01   2.3203245e-03
   5.1520000e+03   5.1303405e-01   4.6815935e-02
   5.1680000e+03   5.2949425e-01   6.2298404e-02
   5.1840000e+03   4.9740368e-01   5.4054167e-02
   5.2000000e+03   5.2245957e-01   8.5397282e-02
   5.2160000e+03   5.3361742e-01   3.6539200e-02
   5.2320000e+03   5.5952600e-01   7.8198378e-02
   5.2480000e+03   6.1069886e-01  -4.5427671e-02
   5.2640000e+03   5.4481590e-01   2.1321266e-02
   5.2800000e+03   6.4070136e-01   1.0190084e-02
   5.2960000e+03   6.3525606e-01  -2.7957415e-02
   5.3120000e+03   5.8955987e-01   1.8145438e-02
   5.3280000e+03   5.6289583e-01  -7.9827900e-02
   5.3440000e+03   5.4565176e-01  -7.2140168e-03
   5.3600000e+03   5.8193830e-01   1.4132143e-02
   5.3760000e+03   5.8564545e-01   2.5650160e-02
   5.3920000e+03   5.6960437e-01  -7.2524696e-02
   5.4080000e+03   5.7014339e-01  -3.2896472e-02
   5.4240000e+03   5.2287356e-01  -3.6493093e-02
   5.4400000e+03   6.4735538e-01  -3.9712690e-02
   5.4560000e+03   5.2887107e-01  -1.9032301e-02
   5.4720000e+03   6.0310226e-01   4.5994575e-02
   5.4880000e+03   5.7748381e-01   1.3095908e-02
   5.5040000e+03   4.8575513e-01  -1.7701156e-02
   5.5200000e+03   6.0316278e-01   2.3507847e-02
   5.5360000e+03   6.1863438e-01   2.4728523e-02
   5.5520000e+03   6.1022124e-01  -4.4527534e-02
   5.5680000e+03   4.7637412e-01  -1.2223556e-02
   5.5840000e+03   5.6625526e-01  -1.8181322e-02
   5.6000000e+03   5.4075547e-01  -9.4773442e-03
   5.6160000e+03   5.7452690e-01  -3.6369686e-02
   5.6320000e+03   6.0311426e-01   6.1368201e-02
   5.6480000e+03   6.1889072e-01  -3.7862933e-03
   5.6640000e+03   4.5739910e-01   4.8546751e-02
   5.6800000e+03   5.4666712e-01  -1.7491429e-02
   5.6960000e+03   5.5198009e-01  -4.6318722e-02
   5.7120000e+03   5.5922492e-01  -1.7100886e-02
   5.7280000e+03   4.7083718e-01   6.9213636e-02
   5.7440000e+03   5.5069587e-01   2.6723778e-02
   5.7600000e+03   5.3901591e-01  -2.6949954e-02
   5.7760000e+03   4.7893990e-01  -3.7026515e-02
   5.7920000e+03   6.0593585e-01  -6.3606686e-03
   5.8080000e+03   5.7671425e-01  -5.1632914e-02
   5.8240000e+03   5.7941153e-01  -6.4442604e-02
   5.8400000e+03   5.8858650e-01  -1.4717797e-03
   5.8560000e+03   5.6614583e-01  -3.5608634e-02
   5.8720000e+03   5.4655599e-01  -4.7067408e-02
   5.8880000e+03   5.6614326e-01   1.9325263e-02
   5.9040000e+03   5.7762520e-01  -9.0257975e-02
   5.9200000e+03   5.3403091e-01   3.1246356e-03
   5.9360000e+03   5.6225330e-01  -3.5833389e-02
   5.9520000e+03   6.4005084e-01   2.7990915e-03
   5.9680000e+03   5.7476311e-01   4.0205364e-02
   5.9840000e+03   6.0125782e-01   7.5465960e-02
   6.0000000e+03   5.8730063e-01   4.0803997e-03
   6.0160000e+03   5.2676737e-01  -1.9792942e-03
   6.0320000e+03   5.5711125e-01   3.7066953e-02
   6.0480000e+03   5.5010200e-01  -2.7706362e-04
   6.0640000e+03   5.3391934e-01   2.6711207e-02
   6.0800000e+03   5.6786619e-01   2.3330800e-02
   6.0960000e+03   6.1941831e-01  -5.0559691e-02
   6.1120000e+03   5.7113973e-01  -3.7822037e-02
   6.1280000e+03   5.3108193e-01  -4.2582978e-02
   6.1440000e+03   6.4399589e-01  -1.4108297e-02
   6.1600000e+03   6.1289202e-01  -3.9016239e-02
   6.1760000e+03   5.9361824e-01   1.7951291e-02
   6.1920000e+03   5.4764995e-01  -4.5867073e-02
   6.2080000e+03   4.9595122e-01  -1.6430989e-02
   6.2240000e+03   5.8853403e-01  -1.6688502e-02
   6.2400000e+03   5.6413010e-01   2.1040981e-02
   6.2560000e+03   5.9086050e-01  -5.0513164e-02
   6.2720000e+03   5.8793759e-01   9.6595195e-02
   6.2880000e+03   5.0156114e-01   2.5969452e-02
   6.3040000e+03   5.1050438e-01   3.6111792e-02
   6.3200000e+03   5.6312998e-01  -1.3681512e-02
   6.3360000e+03   5.2346465e-01  -3.4133628e-02
   6.3520000e+03   6.1657428e-01  -3.3106464e-03
   6.3680000e+03   4.6666661e-01  -1.1341957e-02
   6.3840000e+03   5.6284702e-01  -4.4083936e-02
   6.4000000e+03   5.9288177e-01  -2.6529013e-02
   6.4160000e+03   5.3585125e-01   2.1139573e-03
   6.4320000e+03   5.4269123e-01   6.2703468e-02
   6.4480000e+03   5.8088636e-01  -2.4710977e-02
   6.4640000e+03   6.1640468e-01  -5.2271834e-03
   6.4800000e+03   6.4717573e-01   7.1046133e-02
   6.4960000e+03   5.7368442e-01   1.6025016e-02
   6.5120000e+03   5.3934986e-01   1.1360427e-02
   6.5280000e+03   5.8928757e-01   4.3466097e-02
   6.5440000e+03   5.2911634e-01  -3.4900280e-02
   6.5600000e+03   5.4434185e-01  -1.5388942e-02
   6.5760000e+03   5.5740369e-01   3.2000565e-02
   6.5920000e+03   6.1673229e-01  -4.7556736e-02
   6.6080000e+03   5.0844903e-01   5.4805241e-03
   6.6240000e+03   6.2149380e-01   4.1354265e-02
   6.6400000e+03   5.0192934e-01  -5.7655968e-02
   6.6560000e+03   5.7137121e-01  -9.6828862e-03
   6.6720000e+03   5.5579474e-01   1.5553864e-02
   6.6880000e+03   5.2466237e-01  -5.7567529e-02
   6.7040000e+03   6.4378733e-01   4.7783145e-02
   6.7200000e+03   4.8423605e-01  -5.5175137e-02
   6.7360000e+03   5.4834280e-01   1.5388020e-02
   6.7520000e+03   5.4171544e-01   5.2719871e-02
   6.7680000e+03   6.5821696e-01  -9.7700788e-05
   6.7840000e+03   4.7535098e-01  -1.4422126e-02
   6.8000000e+03   5.6189679e-01  -9.1097241e-03
   6.8160000e+03   6.4775049e-01   3.3387734e-02
   6.8320000e+03   4.9762329e-01   3.6745105e-03
   6.8480000e+03   5.3579375e-01  -5.0847143e-02
   6.8640000e+03   5.7463634e-01   1.4308689e-02
   6.8800000e+03   6.7161900e-01   3.0236494e-02
   6.8960000e+03   5.2010466e-01   4.4113957e-02
   6.9120000e+03   5.0328339e-01   2.7925680e-02
   6.9280000e+03   5.6093660e-01   6.4209528e-02
   6.9440000e+03   5.6686543e-01   3.5201815e-02
   6.9600000e+03   5.7032462e-01   1.2367617e-02
   6.9760000e+03   5.2928325e-01   3.4695209e-02
   6.9920000e+03   6.5145197e-01   2.5229370e-02
   7.0080000e+03   5.7469080e-01   4.4924951e-02
   7.0240000e+03   6.4866748e-01   3.2132946e-02
   7.0400000e+03   5.6648963e-01  -4.3552186e-02
   7.0560000e+03   5.5796961e-01   5.2768151e-02
   7.0720000e+03   5.4998779e-01  -8.9588195e-03
   7.0880000e+03   5.5098695e-01  -7.6809906e-02
   7.1040000e+03   6.2926935e-01   5.7490077e-02
   7.1200000e+03   5.8528604e-01  -8.9563873e-02
   7.1360000e+03   5.4559555e-01   2.4540847e-02
   7.1520000e+03   5.9017200e-01  -2.2562636e-02
   7.1680000e+03   5.3381762e-01  -6.2601851e-02
   7.1840000e+03   5.7637492e-01   1.7960772e-04
   7.2000000e+03   5.2060043e-01  -1.1548210e-02
   7.2160000e+03   5.2935125e-01  -7.5567199e-02
   7.2320000e+03   5.7498199e-01   3.3594496e-02
   7.2480000e+03   5.9656113e-01  -4.4660043e-02
   7.2640000e+03   5.3455782e-01  -3.3249151e-02
   7.2800000e+03   4.9211426e-01   4.4802206e-02
   7.2960000e+03   5.7859554e-01  -2.8792062e-02
   7.3120000e+03   5.6423726e-01  -3.3817173e-02
   7.3280000e+03   6.3388513e-01   1.4327964e-02
   7.3440000e+03   5.6810977e-01  -2.9361974e-02
   7.3600000e+03   5.7204465e-01   3.2333585e-02
   7.3760000e+03   5.6840269e-01   2.8998132e-02
   7.3920000e+03   5.5463867e-01  -3.4023638e-02
   7.4080000e+03   5.3672869e-01   2.1641061e-02
   7.4240000e+03   5.5936984e-01   1.7735047e-02
   7.4400000e+03   5.3073241e-01   1.2138697e-02
   7.4560000e+03   6.9198776e-01  -2.2188011e-02
   7.4720000e+03   5.5560515e-01   2.7337470e-02
   7.4880000e+03   6.0612738e-01   2.2621966e-03
   7.5040000e+03   5.7715508e-01  -1.6144534e-02
   7.5200000e+03   5.5087857e-01  -1.5070529e-02
   7.5360000e+03   5.9825682e-01   3.2206318e-02
   7.5520000e+03   6.1276740e-01  -3.5341418e-02
   7.5680000e+03   5.3289671e-01   5.2136001e-02
   7.5840000e+03   5.5795635e-01  -7.5154887e-02
   7.6000000e+03   5.1293706e-01  -3.9188734e-02
   7.6160000e+03   5.9340932e-01  -5.5296349e-02
   7.6320000e+03   6.8614741e-01   1.3972257e-02
   7.6480000e+03   5.9461943e-01  -5.7272884e-02
   7.6640000e+03   5.5460982e-01   9.6609755e-03
   7.6800000e+03   5.7822830e-01  -1.1019707e-02
   7.6960000e+03   4.8030521e-01   4.2487626e-03
   7.7120000e+03   5.7236301e-01  -1.4636762e-02
   7.7280000e+03   5.1602764e-01  -4.5776646e-03
   7.7440000e+03   5.8180535e-01  -2.0979399e-02
   7.7600000e+03   5.2936793e-01   3.3322610e-02
   7.7760000e+03   5.5655447e-01  -6.4573635e-02
   7.7920000e+03   5.6768172e-01  -2.8274321e-02
   7.8080000e+03   5.5444691e-01   8.6182837e-02
   7.8240000e+03   6.2882006e-01  -4.0366663e-02
   7.8400000e+03   5.6015475e-01   7.9608790e-02
   7.8560000e+03   5.3896461e-01   2.8962664e-02
   7.8720000e+03   6.0860252e-01   2.7600481e-02
   7.8880000e+03   5.5907771e-01   4.1140189e-02
   7.9040000e+03   5.2696097e-01   3.3779811e-02
   7.9200000e+03   4.8464879e-01   1.9903497e-02
   7.9360000e+03   5.3720676e-01  -8.0381378e-02
   7.9520000e+03   4.7542930e-01  -4.9560083e-03
   7.9680000e+03   5.6469800e-01   3.0389389e-02
   7.9840000e+03   5.8374071e-01   2.5457649e-03
   8.0000000e+03   5.3001738e-01  -2.4336301e-02
   8.0160000e+03   6.3974474e-01   1.3009813e-02
   8.0320000e+03   4.9687030e-01  -7.2063300e-03
   8.0480000e+03   5.7309542e-01   8.9731298e-02
   8.0640000e+03   5.6075132e-01  -4.5064452e-02
   8.0800000e+03   4.8640583e-01   3.7518837e-02
   8.0960000e+03   5.2936332e-01   5.9117997e-03
   8.1120000e+03   6.0474605e-01   3.4387211e-02
   8.1280000e+03   5.3657469e-01   3.6282899e-02
   8.1440000e+03   5.5185309e-01   2.8377764e-03
   8.1600000e+03   6.2974360e-01   4.4477302e-02
   8.1760000e+03   6.0080958e-01  -4.7237235e-02
   8.1920000e+03   6.2028454e-01  -7.1931320e-04
   8.2080000e+03   5.0416881e-01  -4.2291255e-02
   8.2240000e+03   4.6303404e-01   2.4872813e-02
   8.2400000e+03   5.0609269e-01  -1.0968796e-02
   8.2560000e+03   5.6260936e-01  -8.2453754e-03
   8.2720000e+03   5.8609991e-01   1.6644878e-02
   8.2880000e+03   4.8627792e-01  -3.4792907e-02
   8.3040000e+03   5.4060570e-01  -1.8692402e-02
   8.3200000e+03   5.4199126e-01   2.3164221e-02
   8.3360000e+03   5.6141717e-01  -5.2415316e-02
   8.3520000e+03   5.4149642e-01   1.0208454e-02
   8.3680000e+03   5.8177054e-01   4.5626589e-02
   8.3840000e+03   5.3461552e-01   3.3627465e-02
   8.4000000e+03   5.4585498e-01  -1.0521149e-02
   8.4160000e+03   5.1953390e-01   1.6044314e-02
   8.4320000e+03   6.8571014e-01  -2.3701984e-02
   8.4480000e+03   5.8011569e-01  -5.8455272e-02
   8.4640000e+03   5.9546581e-01   7.2556686e-03
   8.4800000e+03   5.5755171e-01   4.7182516e-03
   8.4960000e+03   6.3068164e-01   8.6154568e-02
   8.5120000e+03   5.4352430e-01   5.9072959e-03
   8.5280000e+03   5.9753441e-01   1.6343493e-02
   8.5440000e+03   6.0260619e-01   3.5015737e-02
   8.5600000e+03   5.1635939e-01  -8.6485610e-02
   8.5760000e+03   5.5996152e-01   1.4144235e-02
   8.5920000e+03   5.2505484e-01   1.1827808e-02
   8.6080000e+03   5.7646414e-01   2.5527557e-02
   8.6240000e+03   5.5299744e-01  -5.3773433e-02
   8.6400000e+03   4.8457140e-01  -3.7328314e-02
   8.6560000e+03   5.4215192e-01  -6.8974527e-02
   8.6720000e+03   4.4524188e-01   2.2630665e-02
   8.6880000e+03   5.5537589e-01   2.2951352e-03
   8.7040000e+03   5.6093301e-01   6.8079308e-02
   8.7200000e+03   4.9982687e-01  -3.6551204e-02
   8.7360000e+03   6.0550311e-01   2.8946107e-03
   8.7520000e+03   5.0348359e-01  -1.0815700e-02
   8.7680000e+03   6.2605970e-01  -4.7690869e-03
   8.7840000e+03   5.7050166e-01  -8.1523186e-02
   8.8000000e+03   5.5714068e-01   2.2004349e-02
   8.8160000e+03   5.0932030e-01  -2.0324929e-02
   8.8320000e+03   5.0579386e-01  -3.0683232e-03
   8.8480000e+03   6.0926277e-01   1.7077519e-02
   8.8640000e+03   4.7134993e-01   4.3766179e-02
   8.8800000e+03   6.1287066e-01  -3.6703122e-02
   8.8960000e+03   5.0763265e-01  -1.5424843e-03
   8.9120000e+03   6.0542946e-01   1.2043996e-02
   8.9280000e+03   5.5265105e-01   3.9838140e-03
   8.9440000e+03   5.1573041e-01   1.7892268e-02
   8.9600000e+03   5.9299195e-01  -8.4060851e-02
   8.9760000e+03   5.7215310e-01   1.1076989e-01
   8.9920000e+03   4.9851618e-01  -3.1797857e-02
   9.0080000e+03   5.6684523e-01   3.8422953e-02
   9.0240000e+03   4.9981744e-01   1.6415596e-02
   9.0400000e+03   5.5881325e-01  -4.1020286e-02
   9.0560000e+03   5.9912037e-01   4.3414852e-03
   9.0720000e+03   5.8846050e-01  -6.5430952e-02
   9.0880000e+03   5.5792381e-01   6.3756982e-02
   9.1040000e+03   5.6762470e-01  -6.6366090e-03
   9.1200000e+03   5.2878926e-01  -6.7842882e-03
   9.1360000e+03   4.8873353e-01  -6.8083372e-05
   9.1520000e+03   5.1375596e-01   1.1320219e-02
   9.1680000e+03   4.7021464e-01  -3.3681796e-02
   9.1840000e+03   4.7504207e-01  -1.8779898e-02
   9.2000000e+03   5.4236974e-01  -3.8085438e-02
   9.2160000e+03   4.7630324e-01  -1.0020149e-01
   9.2320000e+03   6.3538492e-01   3.6247309e-02
   9.2480000e+03   6.0565965e-01  -2.0751599e-02
   9.2640000e+03   5.6572764e-01  -9.1982336e-02
   9.2800000e+03   5.4477188e-01  -1.8082025e-02
   9.2960000e+03   5.5979072e-01   6.0647687e-02
   9.3120000e+03   5.3815240e-01   2.1636952e-02
   9.3280000e+03   5.3379129e-01   3.6091874e-02
   9.3440000e+03   5.2209493e-01   2.6644469e-02
   9.3600000e+03   6.0163733e-01   1.1936669e-01
   9.3760000e+03   5.7154702e-01   3.8720957e-03
   9.3920000e+03   6.0811313e-01   3.3612955e-02
   9.4080000e+03   5.2109077e-01  -3.6247825e-02
   9.4240000e+03   5.2319162e-01  -7.7889810e-02
   9.4400000e+03   5.8933877e-01   3.0884180e-02
   9.4560000e+03   6.2046349e-01  -2.2303286e-02
   9.4720000e+03   5.6307028e-01   3.9546045e-02
   9.4880000e+03   5.2178446e-01  -5.1322610e-02
   9.5040000e+03   5.3665191e-01   4.0919779e-02
   9.5200000e+03   5.5201703e-01  -4.2766894e-02
   9.5360000e+03   4.9839579e-01  -5.9870619e-02
   9.5520000e+03   5.1036167e-01   5.0295179e-02
   9.5680000e+03   4.8308411e-01  -9.6208582e-02
   9.5840000e+03   5.2268761e-01  -5.2928868e-02
   9.6000000e+03   4.6614026e-01   4.5919188e-03
   9.6160000e+03   5.4021429e-01  -5.9752817e-02
   9.6320000e+03   5.4663599e-01  -4.9154424e-02
   9.6480000e+03   5.1485473e-01  -1.5290773e-02
   9.6640000e+03   4.6346607e-01   2.0230650e-02
   9.6800000e+03   5.5804055e-01  -6.1197750e-02
   9.6960000e+03   5.2723755e-01   1.4029751e-02
   9.7120000e+03   4.4784436e-01  -7.5986574e-02
   9.7280000e+03   5.0053282e-01   5.3928724e-03
   9.7440000e+03   5.4246647e-01  -2.7212739e-02
   9.7600000e+03   4.6811265e-01  -5.8886017e-02
   9.7760000e+03   5.7224713e-01   4.0726950e-03
   9.7920000e+03   4.9701982e-01   1.0464684e-02
   9.8080000e+03   5.1592775e-01   6.4919029e-02
   9.8240000e+03   5.1646977e-01   4.2091383e-02
   9.8400000e+03   4.8581574e-01   1.0699630e-01
   9.8560000e+03   5.4222900e-01   2.0207567e-02
   9.8720000e+03   5.0021940e-01  -1.9366997e-02
   9.8880000e+03   4.6973844e-01   1.6451864e-02
   9.9040000e+03   5.4075790e-01   5.2988423e-02
   9.9200000e+03   5.5985642e-01  -4.4110823e-02
   9.9360000e+03   5.4357969e-01  -2.9358392e-04
   9.9520000e+03   4.8452047e-01  -6.6576321e-04
   9.9680000e+03   5.9102495e-01  -2.0533480e-02
   9.9840000e+03   4.5480333e-01  -1.1374961e-03
   1.0000000e+04   5.1504954e-01   5.3990972e-03
   1.0016000e+04   4.9654479e-01  -1.7263500e-02
   1.0032000e+04   4.8904003e-01   3.3427131e-02
   1.0048000e+04   4.2937544e-01  -1.7261541e-02
   1.0064000e+04   5.3425931e-01   1.1343685e-02
   1.0080000e+04   5.7362830e-01   3.3344422e-04
   1.0096000e+04   4.8504079e-01   2.4245597e-02
   1.0112000e+04   5.3530697e-01  -6.6941082e-02
   1.0128000e+04   6.0722208e-01   1.9212323e-02
   1.0144000e+04   4.8645193e-01   5.0486234e-02
   1.0160000e+04   5.4734451e-01  -3.8558781e-03
   1.0176000e+04   4.7209872e-01  -1.0122999e-02
   1.0192000e+04   5.5687962e-01  -2.1782543e-02
   1.0208000e+04   4.4976734e-01  -9.8767067e-03
   1.0224000e+04   5.4479328e-01   6.6976423e-02
   1.0240000e+04   4.3909698e-01   1.5122220e-02
   1.0256000e+04   5.5251897e-01  -2.5420648e-02
   1.0272000e+04   5.3958490e-01   1.3285359e-02
   1.0288000e+04   4.7017485e-01   1.3778973e-02
   1.0304000e+04   6.2098404e-01   8.3042995e-02
   1.0320000e+04   5.0530960e-01   2.3397810e-02
   1.0336000e+04   4.7957380e-01   6.1804201e-02
   1.0352000e+04   5.1043282e-01   3.5460250e-02
   1.0368000e+04   5.7787409e-01  -1.1551428e-02
   1.0384000e+04   5.2695310e-01  -7.7773335e-02
   1.0400000e+04   4.9447613e-01  -3.5819521e-02
   1.0416000e+04   4.2589402e-01   1.2078658e-02
   1.0432000e+04   5.5281189e-01   8.8333060e-02
   1.0448000e+04   4.5595529e-01  -6.8436531e-02
   1.0464000e+04   4.9055981e-01  -3.5792559e-02
   1.0480000e+04   5.0885836e-01  -7.6591824e-04
   1.0496000e+04   4.0194026e-01   1.8954099e-02
   1.0512000e+04   5.3520319e-01   8.7847236e-03
   1.0528000e+04   5.4456120e-01  -1.2036274e-02
   1.0544000e+04   4.3095889e-01   3.5931560e-02
   1.0560000e+04   5.2678166e-01   6.9039761e-02
   1.0576000e+04   4.2770305e-01   1.8003907e-02
   1.0592000e+04   4.7167188e-01   2.6626976e-02
   1.0608000e+04   5.2907785e-01   5.4056686e-02
   1.0624000e+04   5.3446818e-01   3.3391673e-02
   1.0640000e+04   4.2817644e-01   6.5896998e-03
   1.0656000e+04   4.6462544e-01   5.2650522e-02
   1.0672000e+04   4.9005535e-01   2.0453530e-02
   1.0688000e+04   5.1204053e-01   6.5141725e-02
   1.0704000e+04   4.7320772e-01   2.5270340e-02
   1.0720000e+04   4.9314682e-01   1.9892792e-02
   1.0736000e+04   5.4340442e-01  -4.3128810e-02
   1.0752000e+04   4.2664695e-01  -4.2095300e-02
   1.0768000e+04   5.6426331e-01   8.5766173e-02
   1.0784000e+04   4.8794954e-01   6.3761992e-03
   1.0800000e+04   4.3644082e-01  -2.9253153e-02
   1.0816000e+04   4.5799487e-01  -8.3873463e-02
   1.0832000e+04   4.4509727e-01  -4.9710603e-02
   1.0848000e+04   4.4948564e-01  -7.2045612e-02
   1.0864000e+04   4.8617275e-01   4.7508748e-02
   1.0880000e+04   5.1147200e-01  -1.0953951e-02
   1.0896000e+04   5.5506984e-01  -3.5727458e-02
   1.0912000e+04   4.2654323e-01   5.1940772e-02
   1.0928000e+04   4.0639507e-01  -1.0602556e-01
   1.0944000e+04   4.7370598e-01   1.1457181e-02
   1.0960000e+04   4.8272833e-01  -5.9407470e-02
   1.0976000e+04   4.6698685e-01   4.2454562e-03
   1.0992000e+04   5.1611225e-01  -1.8569841e-02
   1.1008000e+04   5.2036230e-01  -2.0582145e-02
   1.1024000e+04   5.9325217e-01  -2.5166662e-02
   1.1040000e+04   4.8994799e-01   5.5262488e-02
   1.1056000e+04   5.5568820e-01   2.4513935e-02
   1.1072000e+04   4.2055714e-01  -5.1133399e-02
   1.1088000e+04   4.9902559e-01  -4.5445558e-02
   1.1104000e+04   5.3350658e-01  -7.1904790e-02
   1.1120000e+04   4.3395989e-01   5.0750939e-02
   1.1136000e+04   4.9697129e-01   4.9770622e-02
   1.1152000e+04   5.0047788e-01   2.7790466e-02
   1.1168000e+04   4.7769331e-01   5.6413804e-02
   1.1184000e+04   4.7862349e-01  -8.0559061e-03
   1.1200000e+04   5.3273990e-01   2.0162665e-02
   1.1216000e+04   4.9430302e-01   1.5244848e-02
   1.1232000e+04   4.7146004e-01  -9.3809422e-03
   1.1248000e+04   4.4527115e-01   1.7344685e-02
   1.1264000e+04   5.0583477e-01   3.9221662e-03
   1.1280000e+04   5.7849867e-01   1.7334531e-02
   1.1296000e+04   4.4663253e-01  -4.8397912e-02
   1.1312000e+04   5.2852985e-01  -8.1101972e-03
   1.1328000e+04   4.5810769e-01   5.0388429e-02
   1.1344000e+04   4.3930763e-01   3.1205473e-02
   1.1360000e+04   4.8100324e-01  -1.1595928e-02
   1.1376000e+04   5.0597265e-01   3.9628255e-02
   1.1392000e+04   5.1754431e-01  -8.0558035e-03
   1.1408000e+04   5.3343457e-01   3.1615652e-02
   1.1424000e+04   5.2765392e-01  -4.9529845e-02
   1.1440000e+04   5.2197697e-01  -5.2404663e-02
   1.1456000e+04   4.5792521e-01  -1.1003353e-01
   1.1472000e+04   5.7115510e-01   3.1646828e-02
   1.1488000e+04   4.8959975e-01   5.7729531e-03
   1.1504000e+04   4.6263429e-01   1.8497540e-02
   1.1520000e+04   4.9336417e-01  -3.5067486e-02
   1.1536000e+04   5.4143733e-01   3.0401663e-02
   1.1552000e+04   4.8667374e-01  -4.1332426e-02
   1.1568000e+04   5.0566257e-01  -4.1072114e-02
   1.1584000e+04   5.3991696e-01   4.7977188e-02
   1.1600000e+04   4.9114603e-01   9.4433914e-03
   1.1616000e+04   5.0529570e-01   2.4801820e-02
   1.1632000e+04   4.8359116e-01   9.6352668e-02
   1.1648000e+04   4.5560539e-01  -3.7812429e-02
   1.1664000e+04   5.4749710e-01  -2.8259873e-03
   1.1680000e+04   4.5634426e-01   7.3716525e-02
   1.1696000e+04   4.7533343e-01  -3.0950571e-02
   1.1712000e+04   5.2246685e-01  -3.7332602e-03
   1.1728000e+04   5.3298543e-01  -1.5993638e-02
   1.1744000e+04   4.3707275e-01  -3.2986501e-02
   1.1760000e+04   5.0792087e-01  -5.2689909e-02
   1.1776000e+04   4.2655420e-01  -1.8538760e-02
   1.1792000e+04   5.2845246e-01   3.6970660e-02
   1.1808000e+04   4.6532483e-01  -2.6227469e-02
   1.1824000e+04   5.4352724e-01   1.3626537e-02
   1.1840000e+04   4.6445656e-01  -2.4610724e-02
   1.1856000e+04   4.4564816e-01   1.4571290e-02
   1.1872000e+04   4.3242985e-01   4.4203533e-02
   1.1888000e+04   5.5101104e-01   2.4370446e-03
   1.1904000e+04   4.3216937e-01  -7.3318266e-02
   1.1920000e+04   4.1017086e-01   4.8639282e-02
   1.1936000e+04   4.5485713e-01  -6.4303634e-02
   1.1952000e+04   4.6666022e-01  -5.2142647e-02
   1.1968000e+04   4.6479803e-01   4.7601870e-02
   1.1984000e+04   5.1795580e-01  -1.6368614e-02
   1.2000000e+04   4.7607315e-01  -9.2360919e-02
   1.2016000e+04   5.0848328e-01  -2.9173353e-02
   1.2032000e+04   4.3606725e-01  -3.0352812e-02
   1.2048000e+04   5.1377571e-01  -8.1187544e-02
   1.2064000e+04   5.2885625e-01  -3.5503406e-02
   1.2080000e+04   4.4204732e-01   5.1580136e-02
   1.2096000e+04   4.7279499e-01   5.6825698e-02
   1.2112000e+04   4.2470291e-01   1.3913863e-03
   1.2128000e+04   5.4616614e-01   1.1838801e-02
   1.2144000e+04   4.6778076e-01  -4.5996591e-02
   1.2160000e+04   4.4914912e-01  -2.3676698e-02
   1.2176000e+04   5.0975480e-01  -3.8633707e-02
   1.2192000e+04   5.4511992e-01   5.3732799e-02
   1.2208000e+04   5.0281284e-01  -1.0661374e-02
   1.2224000e+04   5.3835541e-01   3.2381746e-02
   1.2240000e+04   5.0260872e-01  -6.5921238e-02
   1.2256000e+04   4.9632192e-01  -6.4820601e-02
