   0.0000000e+00   8.5864619e-01   4.9815502e-04
   1.6000000e+01   8.8420467e-01  -6.8038029e-03
   3.2000000e+01   8.8588641e-01   8.4008004e-03
   4.8000000e+01   9.0830132e-01   8.1693534e-03
   6.4000000e+01   9.0720719e-01  -1.1302918e-02
   8.0000000e+01   9.2139129e-01   1.0283781e-02
   9.6000000e+01   9.3398236e-01  -1.7860244e-03
   1.1200000e+02   9.4533775e-01   1.3558127e-02
   1.2800000e+02   9.4428410e-01  -1.1332009e-03
   1.4400000e+02   9.5532598e-01   5.3296893e-03
   1.6000000e+02   9.6210725e-01   4.4644086e-03
   1.7600000e+02   9.7788249e-01   1.4267154e-02
   1.9200000e+02   9.8312530e-01   7.4437911e-03
   2.0800000e+02   9.8670569e-01  -4.9690387e-03
   2.2400000e+02   9.9948879e-01  -4.8947200e-03
   2.4000000e+02   1.0019203e+00   1.1680552e-02
   2.5600000e+02   9.9529284e-01  -1.0475936e-02
   2.7200000e+02   1.0068811e+00  -1.5233576e-02
   2.8800000e+02   9.9474978e-01   1.9340930e-02
   3.0400000e+02   9.9976215e-01   4.0316223e-03
   3.2000000e+02   9.8533411e-01   1.4194598e-02
   3.3600000e+02   9.9893884e-01  -2.2289363e-02
   3.5200000e+02   9.7388115e-01   6.2439317e-04
   3.6800000e+02   9.6649750e-01   1.5948025e-03
   3.8400000e+02   9.5559565e-01   1.3325855e-02
   4.0000000e+02   9.4587876e-01   2.0499726e-04
   4.1600000e+02   9.2923634e-01   1.6198741e-04
   4.3200000e+02   9.0596241e-01   5.8238758e-03
   4.4800000e+02   9.1576966e-01   1.2357126e-02
   4.6400000e+02   8.9246172e-01   1.2693481e-03
   4.8000000e+02   8.9000987e-01  -3.0216974e-03
   4.9600000e+02   8.7345400e-01   9.9058511e-03
   5.1200000e+02   8.6713510e-01  -1.1115887e-02
   5.2800000e+02   8.4864975e-01   1.2443575e-02
   5.4400000e+02   8.3393904e-01  -4.2545996e-03
   5.6000000e+02   8.2889992e-01   2.6165674e-03
   5.7600000e+02   8.2915339e-01  -8.8103323e-06
   5.9200000e+02   8.1819492e-01   6.5871257e-03
   6.0800000e+02   8.0731563e-01  -3.5770104e-03
   6.2400000e+02   7.9682361e-01  -6.1791561e-03
   6.4000000e+02   7.8689285e-01   1.4694001e-03
   6.5600000e+02   7.8382218e-01   1.3882159e-02
   6.7200000e+02   7.5855676e-01   1.3359041e-02
   6.8800000e+02   7.7095020e-01   8.8454664e-04
   7.0400000e+02   7.6198501e-01  -1.9543627e-03
   7.2000000e+02   7.5454578e-01   8.9469419e-03
   7.3600000e+02   7.3482811e-01  -6.2412648e-04
   7.5200000e+02   7.4216665e-01   3.5432189e-03
   7.6800000e+02   7.2486739e-01   2.9876027e-03
   7.8400000e+02   7.2574736e-01  -1.2550481e-02
   8.0000000e+02   7.1106842e-01   1.0137892e-02
   8.1600000e+02   7.0151316e-01  -5.7705967e-03
   8.3200000e+02   6.9391621e-01  -6.5974354e-03
   8.4800000e+02   6.7874784e-01  -5.3958166e-04
   8.6400000e+02   6.7225321e-01  -8.4421132e-03
   8.8000000e+02   6.8272732e-01   7.0901561e-03
   8.9600000e+02   6.6512237e-01  -4.9365588e-03
   9.1200000e+02   6.6287286e-01  -5.1005889e-03
   9.2800000e+02   6.5633650e-01  -6.3414948e-03
   9.4400000e+02   6.5225611e-01  -6.3336536e-03
   9.6000000e+02   6.4906308e-01  -4.5619933e-05
   9.7600000e+02   6.4101654e-01  -2.2536888e-03
   9.9200000e+02   6.4391347e-01   4.6240361e-03
   1.0080000e+03   6.3706556e-01   4.3467403e-04
   1.0240000e+03   6.4612569e-01  -5.1625295e-03
   1.0400000e+03   6.3752519e-01  -3.8779104e-03
   1.0560000e+03   6.3309446e-01   1.1502537e-03
   1.0720000e+03   6.2729910e-01  -5.8312274e-03
   1.0880000e+03   6.2093610e-01  -5.1725206e-03
   1.1040000e+03   6.2576707e-01  -1.1635851e-02
   1.1200000e+03   6.0760169e-01  -2.9262732e-03
   1.1360000e+03   6.1860646e-01   1.2091713e-02
   1.1520000e+03   6.1367847e-01   8.1062753e-03
   1.1680000e+03   6.1871281e-01  -1.2033507e-03
   1.1840000e+03   6.0479365e-01   2.2148538e-03
   1.2000000e+03   5.9724270e-01   1.4482482e-02
   1.2160000e+03   5.9947024e-01  -1.2275135e-02
   1.2320000e+03   6.0192049e-01   1.0864910e-03
   1.2480000e+03   5.8875026e-01   8.8190786e-03
   1.2640000e+03   5.9954960e-01   1.1149155e-03
   1.2800000e+03   5.8171695e-01  -1.8523975e-03
   1.2960000e+03   5.8471679e-01  -6.7742607e-03
   1.3120000e+03   5.8735823e-01  -2.2246540e-03
   1.3280000e+03   5.9684216e-01   2.7935714e-03
   1.3440000e+03   5.7011847e-01  -5.9773707e-03
   1.3600000e+03   5.8368115e-01  -9.5734811e-03
   1.3760000e+03   5.7898797e-01  -5.8961681e-03
   1.3920000e+03   5.6175326e-01  -7.9046141e-03
   1.4080000e+03   5.6839125e-01   1.4088269e-03
   1.4240000e+03   5.7344395e-01  -9.8859005e-03
   1.4400000e+03   5.7783229e-01   4.8060965e-03
   1.4560000e+03   5.6943127e-01   1.9716174e-02
   1.4720000e+03   5.7122386e-01  -1.7158600e-02
   1.4880000e+03   5.5523436e-01  -1.3712006e-03
   1.5040000e+03   5.7920356e-01   1.0879209e-02
   1.5200000e+03   5.7585519e-01   5.0747547e-03
   1.5360000e+03   5.5844921e-01   7.5822541e-03
   1.5520000e+03   5.6128340e-01   1.2146197e-02
   1.5680000e+03   5.6174158e-01   5.5046553e-03
   1.5840000e+03   5.5287088e-01  -4.3543946e-03
   1.6000000e+03   5.8016357e-01  -3.1550563e-03
   1.6160000e+03   5.6010024e-01  -2.3849113e-03
   1.6320000e+03   5.5626318e-01   1.0994327e-02
   1.6480000e+03   5.5751237e-01   7.6736210e-04
   1.6640000e+03   5.6250488e-01  -1.0813004e-02
   1.6800000e+03   5.6962491e-01  -1.5855857e-03
   1.6960000e+03   5.6255628e-01  -4.1112285e-03
   1.7120000e+03   5.4122799e-01  -2.2618723e-02
   1.7280000e+03   5.5483428e-01  -1.3679492e-03
   1.7440000e+03   5.7170991e-01   2.4886418e-03
   1.7600000e+03   5.6660164e-01   5.6175696e-04
   1.7760000e+03   5.5704379e-01  -6.2443158e-03
   1.7920000e+03   5.6070063e-01   5.0856740e-03
   1.8080000e+03   5.6208872e-01  -3.9052023e-04
   1.8240000e+03   5.6162652e-01   9.0163818e-03
   1.8400000e+03   5.5037582e-01  -6.7416352e-03
   1.8560000e+03   5.6725869e-01   2.6007181e-03
   1.8720000e+03   5.6353078e-01   8.4784707e-03
   1.8880000e+03   5.5621647e-01   9.2435704e-03
   1.9040000e+03   5.5424291e-01   1.5804760e-03
   1.9200000e+03   5.5440988e-01   4.2917302e-03
   1.9360000e+03   5.4222520e-01  -1.9085009e-03
   1.9520000e+03   5.6661556e-01   1.0840992e-02
   1.9680000e+03   5.5347456e-01  -5.7219841e-03
   1.9840000e+03   5.3783055e-01  -3.4972804e-03
   2.0000000e+03   5.5965515e-01  -9.2657660e-04
   2.0160000e+03   5.5680968e-01   1.2496278e-02
   2.0320000e+03   5.5515508e-01   1.8749996e-02
   2.0480000e+03   5.6619619e-01   7.2610296e-04
   2.0640000e+03   5.5567440e-01  -1.5681397e-03
   2.0800000e+03   5.6237755e-01  -3.0056881e-03
   2.0960000e+03   5.4591906e-01  -1.6541277e-02
   2.1120000e+03   5.5255356e-01   4.1132110e-03
   2.1280000e+03   5.5102260e-01   7.4801682e-03
   2.1440000e+03   5.3760402e-01  -1.5322534e-02
   2.1600000e+03   5.3643383e-01  -2.2119016e-02
   2.1760000e+03   5.5184319e-01  -1.2698430e-02
   2.1920000e+03   5.4664700e-01  -6.8854803e-03
   2.2080000e+03   5.4517151e-01  -9.8110760e-03
   2.2240000e+03   5.5482406e-01   7.1820598e-04
   2.2400000e+03   5.5719681e-01  -2.8872169e-03
   2.2560000e+03   5.5001258e-01   6.8289499e-03
   2.2720000e+03   5.4340763e-01   4.5660595e-03
   2.2880000e+03   5.6441636e-01   9.1466773e-03
   2.3040000e+03   5.5061346e-01   3.4734714e-03
   2.3200000e+03   5.3289570e-01  -1.6180962e-02
   2.3360000e+03   5.3630326e-01  -6.7778261e-03
   2.3520000e+03   5.4873260e-01  -7.0940887e-03
   2.3680000e+03   5.5207948e-01  -1.7386417e-02
   2.3840000e+03   5.5704394e-01   1.0444684e-02
   2.4000000e+03   5.4991848e-01   4.4446426e-03
   2.4160000e+03   5.5184319e-01  -5.0909827e-04
   2.4320000e+03   5.5457407e-01   3.0179379e-03
   2.4480000e+03   5.4389446e-01   9.3818790e-03
   2.4640000e+03   5.4539251e-01  -2.4395039e-03
   2.4800000e+03   5.3957940e-01  -4.5526825e-03
   2.4960000e+03   5.5226618e-01  -6.7078189e-05
   2.5120000e+03   5.3140971e-01  -6.8221374e-03
   2.5280000e+03   5.6045859e-01  -5.6093035e-03
   2.5440000e+03   5.3687182e-01  -4.3729933e-03
   2.5600000e+03   5.4535109e-01   1.5485683e-02
   2.5760000e+03   5.4742264e-01   2.7009830e-03
   2.5920000e+03   5.3720502e-01   4.9124111e-03
   2.6080000e+03   5.2835018e-01  -8.5674353e-04
   2.6240000e+03   5.4536923e-01   2.8594489e-03
   2.6400000e+03   5.3428839e-01  -1.4167453e-02
   2.6560000e+03   5.4769520e-01  -6.9938360e-03
   2.6720000e+03   5.3571087e-01  -2.3136118e-03
   2.6880000e+03   5.2877962e-01  -1.3938613e-03
   2.7040000e+03   5.3775572e-01  -4.1827995e-03
   2.7200000e+03   5.4317346e-01   5.4356989e-03
   2.7360000e+03   5.5362417e-01   2.2284143e-02
   2.7520000e+03   5.4837274e-01  -4.1923264e-03
   2.7680000e+03   5.4604178e-01  -6.4122621e-03
   2.7840000e+03   5.4336811e-01   4.7801754e-03
   2.8000000e+03   5.3181618e-01  -1.5724458e-03
   2.8160000e+03   5.3360367e-01  -3.3158154e-03
   2.8320000e+03   5.3515183e-01  -1.1984840e-02
   2.8480000e+03   5.3520595e-01   9.2595196e-03
   2.8640000e+03   5.4440175e-01   5.3529575e-03
   2.8800000e+03   5.3573627e-01  -5.8697226e-03
   2.8960000e+03   5.2784855e-01   7.5004236e-03
   2.9120000e+03   5.3304690e-01   8.8480914e-03
   2.9280000e+03   5.3521617e-01   1.1148029e-02
   2.9440000e+03   5.3599655e-01  -7.3092803e-03
   2.9600000e+03   5.2914480e-01   7.7940036e-03
   2.9760000e+03   5.4392129e-01  -6.6037767e-03
   2.9920000e+03   5.4300826e-01   8.9849513e-03
   3.0080000e+03   5.3964741e-01  -9.2040184e-03
   3.0240000e+03   5.3204091e-01   7.5843391e-03
   3.0400000e+03   5.4831470e-01  -2.6567891e-03
   3.0560000e+03   5.4098629e-01  -5.4089123e-04
   3.0720000e+03   5.2616218e-01   3.4953171e-03
   3.0880000e+03   5.4312787e-01  -3.3598142e-03
   3.1040000e+03   5.4973952e-01   9.8812006e-03
   3.1200000e+03   5.3324835e-01  -8.6638104e-03
   3.1360000e+03   5.4572968e-01   1.1307573e-03
   3.1520000e+03   5.3021310e-01  -4.8219305e-03
   3.1680000e+03   5.4083196e-01   1.8742427e-03
   3.1840000e+03   5.3769289e-01  -6.3242796e-03
   3.2000000e+03   5.3367842e-01  -1.9927089e-03
   3.2160000e+03   5.3440320e-01  -1.5460394e-02
   3.2320000e+03   5.2756194e-01   5.7890248e-03
   3.2480000e+03   5.3595951e-01   3.7291533e-03
   3.2640000e+03   5.4052960e-01   6.9966653e-03
   3.2800000e+03   5.2744497e-01  -4.7443002e-03
   3.2960000e+03   5.3167970e-01  -1.3066294e-02
   3.3120000e+03   5.2008410e-01  -3.0828712e-03
   3.3280000e+03   5.3822372e-01   3.9927827e-04
   3.3440000e+03   5.2649462e-01   5.7738765e-03
   3.3600000e+03   5.2940237e-01  -1.2682390e-02
   3.3760000e+03   5.3627103e-01  -1.2002315e-03
   3.3920000e+03   5.3447755e-01   1.3474837e-02
   3.4080000e+03   5.3163152e-01  -5.8838558e-03
   3.4240000e+03   5.2840354e-01   4.5816364e-03
   3.4400000e+03   5.2545263e-01  -3.6346221e-03
   3.4560000e+03   5.2572961e-01  -9.5247458e-03
   3.4720000e+03   5.3764018e-01  -3.3346204e-03
   3.4880000e+03   5.2928783e-01   7.3959419e-03
   3.5040000e+03   5.3180994e-01  -9.6155042e-03
   3.5200000e+03   5.4635459e-01  -1.9876413e-03
   3.5360000e+03   5.2648045e-01   2.0852707e-03
   3.5520000e+03   5.3402974e-01  -1.8563337e-02
   3.5680000e+03   5.3466521e-01   6.8439788e-03
   3.5840000e+03   5.3868544e-01  -1.0619504e-02
   3.6000000e+03   5.2203112e-01   3.3392649e-03
   3.6160000e+03   5.3679517e-01  -7.5880455e-04
   3.6320000e+03   5.2665746e-01   3.5926430e-03
   3.6480000e+03   5.2866339e-01   1.0882112e-02
   3.6640000e+03   5.3852895e-01  -9.6178640e-03
   3.6800000e+03   5.2197218e-01   8.8854413e-03
   3.6960000e+03   5.3344936e-01  -8.2115367e-03
   3.7120000e+03   5.4106672e-01  -1.1584829e-02
   3.7280000e+03   5.4253494e-01  -3.2803956e-03
   3.7440000e+03   5.2039667e-01   7.8322264e-03
   3.7600000e+03   5.4179254e-01  -2.5062248e-03
   3.7760000e+03   5.2779775e-01   4.5674415e-03
   3.7920000e+03   5.3736687e-01   1.9802560e-02
   3.8080000e+03   5.2567720e-01   9.8622750e-03
   3.8240000e+03   5.4285662e-01  -8.4200106e-03
   3.8400000e+03   5.3079234e-01  -2.0183481e-03
   3.8560000e+03   5.2737694e-01  -7.4062321e-03
   3.8720000e+03   5.3539003e-01  -8.4563445e-03
   3.8880000e+03   5.2458431e-01  -6.4241479e-04
   3.9040000e+03   5.3435270e-01  -6.3067527e-03
   3.9200000e+03   5.2881014e-01   9.2381961e-03
   3.9360000e+03   5.3904021e-01  -5.2988982e-03
   3.9520000e+03   5.2535538e-01  -4.6782604e-03
   3.9680000e+03   5.4004060e-01   4.4877012e-03
   3.9840000e+03   5.2653753e-01   3.9320430e-03
   4.0000000e+03   5.1332280e-01  -5.1688275e-03
   4.0160000e+03   5.4386977e-01  -2.8391126e-04
   4.0320000e+03   5.3679818e-01   4.2825550e-04
   4.0480000e+03   5.2567297e-01  -7.7131821e-03
   4.0640000e+03   5.2333892e-01   3.8321305e-03
   4.0800000e+03   5.2779724e-01  -9.0043441e-03
   4.0960000e+03   5.3564240e-01  -3.0790707e-03
   4.1120000e+03   5.2695663e-01  -4.4803192e-03
   4.1280000e+03   5.2172879e-01  -5.3392969e-03
   4.1440000e+03   5.1532423e-01   1.1901318e-02
   4.1600000e+03   5.2441882e-01  -2.1688115e-04
   4.1760000e+03   5.1157559e-01   2.3026417e-03
   4.1920000e+03   5.2002433e-01   3.4388860e-03
   4.2080000e+03   5.3342131e-01   4.9719174e-03
   4.2240000e+03   5.2167843e-01  -5.5461910e-03
   4.2400000e+03   5.3161113e-01  -7.7632943e-03
   4.2560000e+03   5.2814011e-01  -5.8714306e-03
   4.2720000e+03   5.4010547e-01  -2.9043071e-02
   4.2880000e+03   5.2798251e-01   8.5299853e-03
   4.3040000e+03   5.2699932e-01   1.2309554e-02
   4.3200000e+03   5.2313832e-01   9.6696041e-03
   4.3360000e+03   5.2079342e-01   7.0783449e-03
   4.3520000e+03   5.2417738e-01   2.4444714e-03
   4.3680000e+03   5.2561130e-01  -5.2414107e-03
   4.3840000e+03   5.2974512e-01   6.6492957e-03
   4.4000000e+03   5.1907186e-01   1.1879341e-02
   4.4160000e+03   5.4965450e-01  -1.0748863e-02
   4.4320000e+03   5.1950155e-01   1.3789275e-02
   4.4480000e+03   5.2735316e-01  -1.4494167e-02
   4.4640000e+03   5.3268644e-01   4.8908738e-03
   4.4800000e+03   5.1934697e-01   6.8176819e-03
   4.4960000e+03   5.3486910e-01  -6.7267275e-03
   4.5120000e+03   5.1956786e-01   5.0645215e-04
   4.5280000e+03   5.2181359e-01  -1.2762187e-03
   4.5440000e+03   5.2897295e-01  -4.6928477e-03
   4.5600000e+03   5.3143453e-01  -8.7028123e-03
   4.5760000e+03   5.2951939e-01   1.5057742e-03
   4.5920000e+03   5.2023853e-01  -4.5279351e-03
   4.6080000e+03   5.2385887e-01  -1.4597965e-02
   4.6240000e+03   5.2767774e-01   1.8629157e-02
   4.6400000e+03   5.3086844e-01   4.2197662e-03
   4.6560000e+03   5.1929802e-01  -1.6863005e-03
   4.6720000e+03   5.1379240e-01   8.5032389e-03
   4.6880000e+03   5.2425122e-01  -5.3038069e-03
   4.7040000e+03   5.3860633e-01   2.6987467e-03
   4.7200000e+03   5.2741543e-01  -2.6334001e-03
   4.7360000e+03   5.4561353e-01  -9.1198282e-03
   4.7520000e+03   5.2561507e-01  -8.6867361e-03
   4.7680000e+03   5.2747679e-01  -1.1119879e-02
   4.7840000e+03   5.1090405e-01  -1.5036593e-02
   4.8000000e+03   5.2948782e-01   6.7427832e-03
   4.8160000e+03   5.3173116e-01   3.0035016e-03
   4.8320000e+03   5.1001560e-01   3.3361744e-03
   4.8480000e+03   5.3911282e-01   4.5185187e-03
   4.8640000e+03   5.2264788e-01   4.3242424e-03
   4.8800000e+03   5.0538246e-01  -8.0836493e-03
   4.8960000e+03   5.2949753e-01   1.3568836e-02
   4.9120000e+03   5.3032052e-01   2.5158053e-03
   4.9280000e+03   5.1587261e-01   6.9810822e-03
   4.9440000e+03   5.1861376e-01   8.2515106e-03
   4.9600000e+03   5.0923137e-01  -1.2194148e-02
   4.9760000e+03   5.2015019e-01  -1.0237090e-04
   4.9920000e+03   5.1922258e-01   9.4362808e-04
   5.0080000e+03   5.3772567e-01   7.5001894e-03
   5.0240000e+03   5.1498380e-01   6.0716076e-03
   5.0400000e+03   5.1939115e-01   5.2826746e-03
   5.0560000e+03   5.3483726e-01  -5.7372466e-03
   5.0720000e+03   5.2468619e-01   6.7466327e-03
   5.0880000e+03   5.1208288e-01  -1.1736171e-02
   5.1040000e+03   5.1446996e-01  -2.5167577e-03
   5.1200000e+03   5.0961964e-01   7.5341844e-03
   5.1360000e+03   5.2262441e-01   7.4234399e-03
   5.1520000e+03   5.0379147e-01   8.2816812e-03
   5.1680000e+03   5.0924128e-01  -7.2643430e-03
   5.1840000e+03   5.0180190e-01  -4.8092425e-03
   5.2000000e+03   5.1250776e-01   1.2297015e-03
   5.2160000e+03   5.2882051e-01   1.6054287e-02
   5.2320000e+03   5.2750089e-01   4.1863998e-03
   5.2480000e+03   5.3394823e-01  -5.0758696e-03
   5.2640000e+03   5.1609619e-01   1.4692925e-02
   5.2800000e+03   5.2779366e-01   7.8865674e-03
   5.2960000e+03   5.2051009e-01   1.4438223e-02
   5.3120000e+03   5.1694140e-01   1.3365953e-03
   5.3280000e+03   5.1957616e-01   3.8987866e-03
   5.3440000e+03   5.1809426e-01  -1.2354142e-02
   5.3600000e+03   5.2944584e-01  -9.2721072e-03
   5.3760000e+03   5.0890643e-01   4.3941792e-03
   5.3920000e+03   5.0263633e-01   5.1855704e-03
   5.4080000e+03   5.1405861e-01   7.8284144e-03
   5.4240000e+03   5.0166503e-01   7.4070097e-03
   5.4400000e+03   5.0012912e-01  -8.4259918e-03
   5.4560000e+03   5.1691884e-01   6.5552170e-04
   5.4720000e+03   5.2139916e-01   5.7855189e-03
   5.4880000e+03   5.0364978e-01   2.7677034e-03
   5.5040000e+03   5.0220080e-01   3.4089412e-03
   5.5200000e+03   5.1280410e-01  -9.3886433e-03
   5.5360000e+03   5.2051281e-01   7.2626203e-03
   5.5520000e+03   5.0843531e-01  -1.0661309e-02
   5.5680000e+03   5.1531526e-01  -1.1859095e-02
   5.5840000e+03   5.0502515e-01  -1.0559943e-02
   5.6000000e+03   4.8746725e-01  -9.2458972e-03
   5.6160000e+03   5.0600573e-01  -1.5679084e-02
   5.6320000e+03   4.9719967e-01  -8.9670572e-03
   5.6480000e+03   5.2471360e-01  -1.4499759e-02
   5.6640000e+03   4.9874854e-01   4.3018363e-03
   5.6800000e+03   5.0510803e-01   8.1160110e-04
   5.6960000e+03   5.0591099e-01  -7.5518665e-04
   5.7120000e+03   5.1327935e-01   1.2088107e-02
   5.7280000e+03   5.1006748e-01  -7.9212200e-03
   5.7440000e+03   5.0272491e-01   1.5785492e-03
   5.7600000e+03   4.9905619e-01   8.8678004e-03
   5.7760000e+03   5.0837596e-01   6.4438985e-03
   5.7920000e+03   5.2212902e-01   2.9475274e-03
   5.8080000e+03   4.9328598e-01   2.5251151e-03
   5.8240000e+03   4.9379598e-01   5.0999008e-03
   5.8400000e+03   5.1360077e-01   3.5457877e-03
   5.8560000e+03   4.9044295e-01   3.4915762e-03
   5.8720000e+03   4.9669886e-01  -9.8608251e-04
   5.8880000e+03   4.9177848e-01   9.2859542e-03
   5.9040000e+03   5.0874260e-01   6.6088035e-05
   5.9200000e+03   5.0557799e-01  -3.7835823e-03
   5.9360000e+03   5.1625234e-01   5.5091183e-03
   5.9520000e+03   4.9805293e-01   8.8502430e-03
   5.9680000e+03   4.9670046e-01   8.4195340e-04
   5.9840000e+03   5.0069617e-01   7.4862530e-03
   6.0000000e+03   4.9028379e-01   9.9966146e-03
   6.0160000e+03   5.1010235e-01  -2.9347898e-03
   6.0320000e+03   5.0272357e-01  -8.5100116e-03
   6.0480000e+03   4.9372728e-01   7.1274177e-03
   6.0640000e+03   4.9678338e-01  -1.2682927e-02
   6.0800000e+03   5.0621381e-01   6.3035343e-04
   6.0960000e+03   5.2365503e-01   5.9739170e-03
   6.1120000e+03   4.9973869e-01   1.5949181e-03
   6.1280000e+03   5.0571281e-01   7.4940958e-03
   6.1440000e+03   5.0473841e-01  -1.4771437e-02
   6.1600000e+03   5.1425938e-01   3.6174045e-03
   6.1760000e+03   4.8025923e-01   1.1483256e-02
   6.1920000e+03   5.1293076e-01  -1.3317752e-02
   6.2080000e+03   5.0219121e-01   3.7402208e-03
   6.2240000e+03   5.0268090e-01   1.3019614e-02
   6.2400000e+03   5.0850030e-01  -2.2786234e-04
   6.2560000e+03   5.2746876e-01   1.4297800e-02
   6.2720000e+03   5.0070726e-01   5.1463571e-03
   6.2880000e+03   5.0954977e-01  -2.4154277e-04
   6.3040000e+03   5.1205759e-01  -1.9164750e-04
   6.3200000e+03   5.0437146e-01  -1.1827543e-02
   6.3360000e+03   4.9817901e-01  -1.3941732e-03
   6.3520000e+03   5.0980942e-01   1.7590694e-02
   6.3680000e+03   4.9484662e-01  -9.3311605e-03
   6.3840000e+03   4.8993247e-01   5.6953560e-03
   6.4000000e+03   5.0282779e-01  -1.1201286e-02
   6.4160000e+03   5.0442897e-01  -4.6721279e-03
   6.4320000e+03   5.0436903e-01  -1.0979268e-02
   6.4480000e+03   4.9765621e-01   6.2858433e-03
   6.4640000e+03   5.1085812e-01  -1.7325577e-03
   6.4800000e+03   4.9567307e-01   2.3526149e-02
   6.4960000e+03   4.9572131e-01   1.1215843e-02
   6.5120000e+03   4.9590607e-01   4.3226019e-03
   6.5280000e+03   5.0844100e-01  -1.7035754e-02
   6.5440000e+03   5.0253482e-01   6.8547368e-03
   6.5600000e+03   5.0173207e-01  -1.3036424e-02
   6.5760000e+03   4.8837059e-01  -1.7925268e-04
   6.5920000e+03   4.8541770e-01  -9.3204159e-03
   6.6080000e+03   5.0814582e-01   2.6967253e-02
   6.6240000e+03   4.9518679e-01   1.2403280e-02
   6.6400000e+03   5.0439233e-01   1.2079060e-03
   6.6560000e+03   4.8884506e-01   4.3184450e-03
   6.6720000e+03   5.0555972e-01   1.6028150e-03
   6.6880000e+03   5.0839130e-01   9.1207398e-03
   6.7040000e+03   5.0305662e-01  -3.7281531e-03
   6.7200000e+03   4.9135178e-01   1.9700872e-02
   6.7360000e+03   5.0410771e-01  -3.7907034e-03
   6.7520000e+03   4.9331248e-01  -9.0349740e-03
   6.7680000e+03   4.9881548e-01   3.2955068e-03
   6.7840000e+03   5.0254742e-01  -4.2359403e-03
   6.8000000e+03   5.0339376e-01   2.5843512e-03
   6.8160000e+03   4.8134245e-01   2.5710022e-03
   6.8320000e+03   4.8672256e-01  -6.3479269e-03
   6.8480000e+03   4.9498786e-01  -5.0886461e-03
   6.8640000e+03   5.1109573e-01   1.7651827e-03
   6.8800000e+03   4.9006260e-01  -7.6991869e-03
   6.8960000e+03   4.8918412e-01   4.3107229e-03
   6.9120000e+03   4.8630425e-01  -6.8471333e-03
   6.9280000e+03   4.9728847e-01  -4.9456167e-03
   6.9440000e+03   4.8409495e-01  -3.8099204e-03
   6.9600000e+03   4.9912288e-01   2.9709522e-03
   6.9760000e+03   4.8429319e-01  -9.8715846e-03
   6.9920000e+03   4.7840449e-01   5.3002869e-03
   7.0080000e+03   4.9330788e-01   3.3051463e-04
   7.0240000e+03   4.9938310e-01   3.4341514e-03
   7.0400000e+03   4.9406259e-01  -1.7759127e-02
   7.0560000e+03   4.9103803e-01  -4.6609342e-03
   7.0720000e+03   4.9633532e-01  -7.9420750e-03
   7.0880000e+03   4.9125221e-01   2.2721386e-02
   7.1040000e+03   5.0009553e-01   6.2002447e-04
   7.1200000e+03   4.9345787e-01   7.9553552e-03
   7.1360000e+03   4.9959381e-01   1.1431997e-02
   7.1520000e+03   5.0346621e-01  -8.1822432e-03
   7.1680000e+03   4.7781141e-01   2.8285099e-03
   7.1840000e+03   4.8395002e-01   1.0708369e-02
   7.2000000e+03   4.8864539e-01   1.2211423e-02
   7.2160000e+03   4.8933975e-01   9.4897497e-03
   7.2320000e+03   4.9778458e-01   1.6694839e-03
   7.2480000e+03   4.8631063e-01   2.0110213e-03
   7.2640000e+03   4.9368626e-01  -1.8472884e-02
   7.2800000e+03   4.9445041e-01  -2.7010438e-03
   7.2960000e+03   4.9547416e-01   1.6662402e-02
   7.3120000e+03   4.9848085e-01  -7.1560266e-04
   7.3280000e+03   5.0119799e-01  -3.4850115e-04
   7.3440000e+03   4.8271651e-01   1.3918425e-03
   7.3600000e+03   4.8124003e-01  -7.4862702e-04
   7.3760000e+03   5.0146491e-01  -2.6095115e-03
   7.3920000e+03   4.7917932e-01  -9.6227439e-03
   7.4080000e+03   4.8539532e-01  -1.7636686e-03
   7.4240000e+03   4.8177268e-01  -1.0984025e-02
   7.4400000e+03   4.9362890e-01  -1.4830514e-02
   7.4560000e+03   4.8819309e-01   7.2317924e-03
   7.4720000e+03   4.9730763e-01   1.9245649e-02
   7.4880000e+03   4.7838803e-01  -5.4398581e-03
   7.5040000e+03   4.8132290e-01  -1.7196946e-03
   7.5200000e+03   4.8605137e-01  -8.8467715e-03
   7.5360000e+03   4.7562515e-01   5.2281109e-03
   7.5520000e+03   4.9120391e-01  -4.9216089e-03
   7.5680000e+03   4.8865814e-01  -5.5219798e-03
   7.5840000e+03   4.8863008e-01   6.8474003e-03
   7.6000000e+03   4.7392311e-01   9.8797159e-03
   7.6160000e+03   4.6746221e-01   1.5996953e-02
   7.6320000e+03   4.8338146e-01  -8.4350396e-03
   7.6480000e+03   4.8218440e-01   1.8513439e-03
   7.6640000e+03   4.9913027e-01  -1.6767176e-03
   7.6800000e+03   4.7662488e-01  -5.3963116e-03
   7.6960000e+03   4.8631273e-01   4.0990438e-04
   7.7120000e+03   4.8300329e-01   5.2204758e-03
   7.7280000e+03   4.8280812e-01   1.0487875e-03
   7.7440000e+03   4.7894107e-01  -4.4982258e-03
   7.7600000e+03   4.6495719e-01   7.8342385e-03
   7.7760000e+03   4.7427077e-01  -4.5987674e-03
   7.7920000e+03   4.9451197e-01  -3.4221283e-04
   7.8080000e+03   4.9001185e-01  -8.8797565e-03
   7.8240000e+03   4.8035557e-01   3.4640537e-03
   7.8400000e+03   4.8606027e-01  -8.4149692e-03
   7.8560000e+03   4.7478991e-01  -2.8558141e-03
   7.8720000e+03   4.9015104e-01   5.2199817e-03
   7.8880000e+03   4.7837809e-01   3.2537261e-03
   7.9040000e+03   4.7653022e-01  -3.8062558e-03
   7.9200000e+03   4.7900287e-01   5.5135219e-03
   7.9360000e+03   4.9313534e-01  -1.6460616e-03
   7.9520000e+03   4.7904284e-01  -2.6757421e-03
   7.9680000e+03   4.6319829e-01  -1.3621396e-02
   7.9840000e+03   4.7139959e-01   1.4966325e-02
   8.0000000e+03   4.8727525e-01  -8.1710557e-03
   8.0160000e+03   4.6354561e-01  -1.4421703e-03
   8.0320000e+03   4.7418044e-01   1.2525455e-02
   8.0480000e+03   4.6300795e-01  -1.2914417e-02
   8.0640000e+03   4.7271220e-01   9.8681825e-03
   8.0800000e+03   4.7727166e-01   2.3587828e-03
   8.0960000e+03   4.8404861e-01   1.4664214e-02
   8.1120000e+03   4.8294478e-01   9.1731651e-03
   8.1280000e+03   4.6939732e-01   1.4633897e-02
   8.1440000e+03   4.8478927e-01  -4.1790628e-03
   8.1600000e+03   4.7820197e-01  -1.9403674e-02
   8.1760000e+03   4.8619989e-01   4.3192780e-03
   8.1920000e+03   4.7721946e-01  -5.8367313e-03
   8.2080000e+03   4.7817764e-01  -1.5811590e-03
   8.2240000e+03   4.8287215e-01  -5.7032142e-03
   8.2400000e+03   4.6556391e-01  -3.7548732e-03
   8.2560000e+03   4.7339063e-01  -1.6874542e-03
   8.2720000e+03   4.6134741e-01  -4.3468902e-03
   8.2880000e+03   4.7514161e-01  -2.7379838e-03
   8.3040000e+03   4.8002258e-01  -5.2258946e-03
   8.3200000e+03   4.7828994e-01   4.9304664e-03
   8.3360000e+03   4.7715561e-01  -9.9604929e-03
   8.3520000e+03   4.6756392e-01  -6.0429207e-03
   8.3680000e+03   4.7124432e-01  -3.9845759e-03
   8.3840000e+03   4.8934979e-01  -7.2927668e-04
   8.4000000e+03   4.7577621e-01  -9.4894768e-03
   8.4160000e+03   4.5867406e-01  -1.9792278e-02
   8.4320000e+03   4.8108834e-01  -1.1284210e-03
   8.4480000e+03   4.5891076e-01  -2.0496841e-03
   8.4640000e+03   4.7812789e-01   3.2326836e-03
   8.4800000e+03   4.7540259e-01  -4.2485867e-03
   8.4960000e+03   4.7630576e-01   9.8348928e-03
   8.5120000e+03   4.7027666e-01  -8.1173981e-03
   8.5280000e+03   4.6567612e-01   4.6267105e-03
   8.5440000e+03   4.6150967e-01  -2.4514017e-03
   8.5600000e+03   4.7051647e-01   3.9577645e-04
   8.5760000e+03   4.7148460e-01   4.2474835e-03
   8.5920000e+03   4.5972482e-01   8.1652726e-03
   8.6080000e+03   4.6655544e-01   9.0488145e-03
   8.6240000e+03   4.6957566e-01  -4.2187118e-03
   8.6400000e+03   4.6414637e-01   1.2598752e-02
   8.6560000e+03   4.6765878e-01   6.7890555e-03
   8.6720000e+03   4.7565202e-01   9.5415747e-03
   8.6880000e+03   4.5221129e-01   7.9446609e-03
   8.7040000e+03   4.5599169e-01  -1.2505612e-02
   8.7200000e+03   4.5290102e-01   1.3461760e-02
   8.7360000e+03   4.6301781e-01   4.6634934e-03
   8.7520000e+03   4.7819896e-01  -3.7155924e-03
   8.7680000e+03   4.6551733e-01   6.6376986e-03
   8.7840000e+03   4.5188765e-01   2.6125196e-03
   8.8000000e+03   4.7812467e-01  -5.2707579e-03
   8.8160000e+03   4.6075539e-01   5.7085417e-03
   8.8320000e+03   4.5636962e-01   5.7157362e-04
   8.8480000e+03   4.6155173e-01   3.3699858e-03
   8.8640000e+03   4.5952124e-01  -3.2449402e-03
   8.8800000e+03   4.5052556e-01  -1.2959502e-02
   8.8960000e+03   4.6956926e-01   3.0759462e-04
   8.9120000e+03   4.7116840e-01  -1.9622189e-03
   8.9280000e+03   4.6953361e-01   2.9162361e-03
   8.9440000e+03   4.6684909e-01   1.1485074e-03
   8.9600000e+03   4.6773572e-01   3.4299794e-03
   8.9760000e+03   4.4741312e-01   6.1450096e-03
   8.9920000e+03   4.6748172e-01  -3.4511062e-03
   9.0080000e+03   4.6195172e-01   4.6237555e-04
   9.0240000e+03   4.6569883e-01   3.7667981e-03
   9.0400000e+03   4.6161684e-01   2.5103971e-03
   9.0560000e+03   4.6859421e-01  -5.1962041e-03
   9.0720000e+03   4.6001848e-01  -9.4561280e-04
   9.0880000e+03   4.6589370e-01  -1.7885515e-02
   9.1040000e+03   4.6505709e-01  -5.1199242e-03
   9.1200000e+03   4.5850939e-01  -8.7258461e-03
   9.1360000e+03   4.8089942e-01   9.3746617e-04
   9.1520000e+03   4.6158569e-01  -4.5165555e-03
   9.1680000e+03   4.5073733e-01   9.4659496e-03
   9.1840000e+03   4.6026653e-01   3.8001676e-03
   9.2000000e+03   4.4705756e-01  -1.2672723e-02
   9.2160000e+03   4.5368316e-01  -8.6188520e-03
   9.2320000e+03   4.6763984e-01  -6.0747825e-03
   9.2480000e+03   4.5219120e-01  -1.3990186e-02
   9.2640000e+03   4.5480595e-01   8.0271556e-03
   9.2800000e+03   4.6610311e-01   1.3447191e-02
   9.2960000e+03   4.6713679e-01  -1.1931498e-02
   9.3120000e+03   4.5540399e-01  -1.0032470e-02
   9.3280000e+03   4.6067264e-01  -2.0527326e-03
   9.3440000e+03   4.4147823e-01  -1.3600757e-04
   9.3600000e+03   4.5912416e-01  -7.9808449e-04
   9.3760000e+03   4.8131612e-01  -1.0910508e-02
   9.3920000e+03   4.5349965e-01  -9.2127573e-03
   9.4080000e+03   4.5053052e-01   1.9230338e-02
   9.4240000e+03   4.4654607e-01   2.8801566e-04
   9.4400000e+03   4.4749989e-01   2.9118443e-03
   9.4560000e+03   4.5987108e-01   9.8551973e-03
   9.4720000e+03   4.6065414e-01  -5.5749397e-03
   9.4880000e+03   4.6270457e-01  -1.0790288e-03
   9.5040000e+03   4.6197521e-01   5.0431991e-03
   9.5200000e+03   4.3556001e-01  -1.2038028e-02
   9.5360000e+03   4.5886754e-01  -5.0527172e-03
   9.5520000e+03   4.6296715e-01   4.6922056e-03
   9.5680000e+03   4.6685867e-01   2.9594409e-03
   9.5840000e+03   4.6042366e-01   1.1218846e-02
   9.6000000e+03   4.5683536e-01   7.8837220e-04
   9.6160000e+03   4.5516800e-01   1.5145559e-03
   9.6320000e+03   4.5397046e-01   6.2076696e-03
   9.6480000e+03   4.5502693e-01  -1.0383349e-03
   9.6640000e+03   4.5696793e-01   4.7379254e-03
   9.6800000e+03   4.4639084e-01  -9.7682408e-03
   9.6960000e+03   4.4548586e-01  -5.8190674e-03
   9.7120000e+03   4.6600532e-01   3.7679991e-03
   9.7280000e+03   4.5445414e-01   3.9907146e-03
   9.7440000e+03   4.5467908e-01  -1.2383883e-02
   9.7600000e+03   4.5742412e-01  -1.8647267e-03
   9.7760000e+03   4.4145065e-01  -4.4811846e-03
   9.7920000e+03   4.4712321e-01  -4.6084923e-03
   9.8080000e+03   4.5754492e-01   8.5049914e-03
   9.8240000e+03   4.5990189e-01   7.8516715e-03
   9.8400000e+03   4.5586656e-01  -7.9562363e-05
   9.8560000e+03   4.4588891e-01  -9.7008572e-03
   9.8720000e+03   4.4888707e-01   6.0629156e-04
   9.8880000e+03   4.5801866e-01  -4.7068338e-03
   9.9040000e+03   4.3800753e-01   9.9458729e-03
   9.9200000e+03   4.5832084e-01   1.7479508e-03
   9.9360000e+03   4.3328836e-01  -2.8896986e-03
   9.9520000e+03   4.3494543e-01   1.3279963e-02
   9.9680000e+03   4.5305409e-01   4.5392069e-03
   9.9840000e+03   4.4385072e-01   1.7481842e-02
   1.0000000e+04   4.4796206e-01   1.5400901e-02
   1.0016000e+04   4.6233532e-01  -4.7343498e-03
   1.0032000e+04   4.5352829e-01   6.9208258e-03
   1.0048000e+04   4.4276172e-01   7.8877263e-03
   1.0064000e+04   4.4222609e-01   1.8243395e-03
   1.0080000e+04   4.4818818e-01  -9.4545770e-03
   1.0096000e+04   4.4967481e-01   1.1007745e-03
   1.0112000e+04   4.5427387e-01   1.2262874e-02
   1.0128000e+04   4.3558430e-01  -3.2393215e-03
   1.0144000e+04   4.2924253e-01   3.4412310e-03
   1.0160000e+04   4.5264629e-01  -6.6321803e-03
   1.0176000e+04   4.4965371e-01  -2.6361823e-03
   1.0192000e+04   4.4446041e-01  -1.1468749e-02
   1.0208000e+04   4.4652057e-01   2.5391072e-03
   1.0224000e+04   4.3141355e-01  -1.7355950e-03
   1.0240000e+04   4.4792978e-01   3.5314538e-03
   1.0256000e+04   4.4582989e-01   7.0957059e-03
   1.0272000e+04   4.3509809e-01   8.4656707e-03
   1.0288000e+04   4.4691774e-01   1.2881355e-02
   1.0304000e+04   4.6270916e-01   3.7836655e-03
   1.0320000e+04   4.5237436e-01  -5.6746881e-03
   1.0336000e+04   4.4587547e-01  -1.2646180e-02
   1.0352000e+04   4.3911131e-01  -9.4942458e-03
   1.0368000e+04   4.4342688e-01   2.6568739e-03
   1.0384000e+04   4.4835166e-01  -2.2216426e-03
   1.0400000e+04   4.3972681e-01   4.3475093e-03
   1.0416000e+04   4.4856123e-01  -1.8616923e-02
   1.0432000e+04   4.4728637e-01   6.9481456e-03
   1.0448000e+04   4.5791829e-01   1.3726685e-03
   1.0464000e+04   4.3774704e-01  -7.4181872e-03
   1.0480000e+04   4.4236358e-01   1.5928771e-02
   1.0496000e+04   4.3423793e-01  -1.9657339e-03
   1.0512000e+04   4.5320117e-01  -8.6629506e-03
   1.0528000e+04   4.3656759e-01   1.5045992e-02
   1.0544000e+04   4.4346018e-01   1.5037987e-02
   1.0560000e+04   4.3934135e-01   1.8797320e-02
   1.0576000e+04   4.5574745e-01  -8.3314135e-03
   1.0592000e+04   4.3609290e-01   4.4990015e-03
   1.0608000e+04   4.3484812e-01   1.8376137e-02
   1.0624000e+04   4.3730337e-01   6.5114246e-03
   1.0640000e+04   4.5086240e-01   8.9978368e-03
   1.0656000e+04   4.4055082e-01   4.1516359e-03
   1.0672000e+04   4.4367099e-01  -1.6034696e-02
   1.0688000e+04   4.4020270e-01   6.8839989e-03
   1.0704000e+04   4.4125686e-01   3.0748632e-03
   1.0720000e+04   4.2465458e-01   2.3351169e-03
   1.0736000e+04   4.2642989e-01   5.8782061e-03
   1.0752000e+04   4.4735796e-01  -4.3450510e-03
   1.0768000e+04   4.4429070e-01  -3.0786429e-03
   1.0784000e+04   4.3655016e-01   9.9498078e-03
   1.0800000e+04   4.4257239e-01   1.4888351e-02
   1.0816000e+04   4.4175723e-01  -3.9545018e-03
   1.0832000e+04   4.4797319e-01   6.6580254e-04
   1.0848000e+04   4.2785109e-01   9.8425419e-03
   1.0864000e+04   4.5941468e-01  -1.6550551e-02
   1.0880000e+04   4.5654475e-01   6.7982757e-03
   1.0896000e+04   4.2915630e-01   1.1384186e-02
   1.0912000e+04   4.4283137e-01   8.2264270e-03
   1.0928000e+04   4.2836337e-01   7.7044905e-03
   1.0944000e+04   4.4426937e-01  -1.2978508e-03
   1.0960000e+04   4.3486661e-01  -8.7034526e-03
   1.0976000e+04   4.4306542e-01   1.3501352e-02
   1.0992000e+04   4.5349119e-01  -9.8407925e-03
   1.1008000e+04   4.5690699e-01  -2.4404361e-02
   1.1024000e+04   4.3224097e-01   3.0177224e-03
   1.1040000e+04   4.5028140e-01   1.1149460e-02
   1.1056000e+04   4.3180146e-01   1.5811395e-02
   1.1072000e+04   4.3841914e-01   1.8658846e-02
   1.1088000e+04   4.4034400e-01  -9.7907743e-03
   1.1104000e+04   4.2941046e-01  -8.8511866e-03
   1.1120000e+04   4.3503002e-01   5.1277681e-03
   1.1136000e+04   4.4486179e-01   1.6015460e-03
   1.1152000e+04   4.4942674e-01  -5.4075408e-03
   1.1168000e+04   4.3664401e-01  -8.5322990e-03
   1.1184000e+04   4.3027795e-01   1.2312972e-02
   1.1200000e+04   4.3361141e-01   9.4017964e-03
   1.1216000e+04   4.2174349e-01  -7.8558784e-03
   1.1232000e+04   4.3152449e-01  -1.4227121e-03
   1.1248000e+04   4.3641800e-01   2.3941128e-03
   1.1264000e+04   4.3987020e-01  -5.6970069e-03
   1.1280000e+04   4.4039566e-01  -8.3351593e-03
   1.1296000e+04   4.3802787e-01   1.0741172e-03
   1.1312000e+04   4.3982884e-01   2.6854198e-03
   1.1328000e+04   4.2967770e-01   3.3598787e-03
   1.1344000e+04   4.2964397e-01  -1.6406264e-02
   1.1360000e+04   4.2616354e-01   2.3888273e-03
   1.1376000e+04   4.3149381e-01   1.3434169e-03
   1.1392000e+04   4.5580689e-01   1.2192569e-02
   1.1408000e+04   4.2821422e-01  -4.7854356e-03
   1.1424000e+04   4.3670339e-01   1.1659716e-02
   1.1440000e+04   4.2605099e-01   3.7752440e-03
   1.1456000e+04   4.2263875e-01  -7.9960885e-03
   1.1472000e+04   4.2052172e-01  -1.7580466e-03
   1.1488000e+04   4.2983850e-01   1.7329135e-03
   1.1504000e+04   4.3844540e-01   6.2426553e-03
   1.1520000e+04   4.3783358e-01  -1.5017793e-02
   1.1536000e+04   4.3324295e-01  -1.8860751e-03
   1.1552000e+04   4.5363595e-01   8.2003857e-03
   1.1568000e+04   4.2612450e-01  -3.5161304e-03
   1.1584000e+04   4.3701691e-01  -2.6192876e-04
   1.1600000e+04   4.1169775e-01  -8.2936386e-03
   1.1616000e+04   4.3183932e-01   8.9501787e-03
   1.1632000e+04   4.3763758e-01  -4.3453596e-03
   1.1648000e+04   4.2361077e-01  -2.6186253e-02
   1.1664000e+04   4.3682348e-01   1.9947018e-03
   1.1680000e+04   4.3698660e-01   5.4285561e-03
   1.1696000e+04   4.2815049e-01   1.5933143e-03
   1.1712000e+04   4.4018220e-01   8.9084290e-03
   1.1728000e+04   4.3629069e-01  -1.3452789e-03
   1.1744000e+04   4.1340192e-01   2.9425168e-03
   1.1760000e+04   4.3470906e-01  -1.0219078e-02
   1.1776000e+04   4.2699591e-01  -1.0215547e-02
   1.1792000e+04   4.3304126e-01  -4.6492765e-03
   1.1808000e+04   4.3613151e-01  -1.2449587e-02
   1.1824000e+04   4.3962213e-01  -7.8964224e-03
   1.1840000e+04   4.1489031e-01   1.8953759e-03
   1.1856000e+04   4.2175727e-01   6.2953446e-03
   1.1872000e+04   4.3245297e-01  -4.4379070e-03
   1.1888000e+04   4.3818203e-01  -8.9292863e-03
   1.1904000e+04   4.2793096e-01   9.7502779e-03
   1.1920000e+04   4.2215239e-01  -6.7334159e-04
   1.1936000e+04   4.2773792e-01   4.9114898e-03
   1.1952000e+04   4.2525657e-01   1.6033094e-02
   1.1968000e+04   4.3525522e-01   2.4252023e-02
   1.1984000e+04   4.2815736e-01   8.6499874e-03
   1.2000000e+04   4.3384553e-01   2.8775490e-03
   1.2016000e+04   4.1645553e-01  -4.3428838e-03
   1.2032000e+04   4.1583862e-01  -8.9984819e-03
   1.2048000e+04   4.4577805e-01   1.8690421e-02
   1.2064000e+04   4.2640197e-01  -8.6951795e-03
   1.2080000e+04   4.4249104e-01   1.8566753e-02
   1.2096000e+04   4.1266569e-01  -1.7423124e-02
   1.2112000e+04   4.3487270e-01  -5.0261769e-03
   1.2128000e+04   4.1751721e-01  -9.2322393e-03
   1.2144000e+04   4.2456892e-01   5.2424059e-03
   1.2160000e+04   4.2523434e-01  -1.6393766e-02
   1.2176000e+04   4.2307252e-01  -1.4860189e-02
   1.2192000e+04   4.2730484e-01   4.5926875e-03
   1.2208000e+04   4.1708594e-01   9.6139365e-03
   1.2224000e+04   4.1731453e-01   1.4398490e-03
   1.2240000e+04   4.2964648e-01   4.6512903e-03
   1.2256000e+04   4.1780219e-01   4.1090380e-03
