   0.0000000e+00   8.8105232e-01   1.6434108e-03
   1.6000000e+01   8.8616591e-01  -5.6341540e-03
   3.2000000e+01   8.9874374e-01   5.5144203e-04
   4.8000000e+01   9.0354433e-01  -1.8539181e-03
   6.4000000e+01   9.2295696e-01   1.0650682e-04
   8.0000000e+01   9.3130570e-01   1.2700591e-05
   9.6000000e+01   9.2846572e-01   4.6823343e-03
   1.1200000e+02   9.4794290e-01   1.8632070e-03
   1.2800000e+02   9.5427292e-01   4.8814262e-03
   1.4400000e+02   9.6692960e-01   6.7626102e-03
   1.6000000e+02   9.6475487e-01   3.1605629e-03
   1.7600000e+02   9.7635643e-01   6.5995634e-03
   1.9200000e+02   9.8994785e-01   2.4353741e-03
   2.0800000e+02   9.8215360e-01  -6.9556523e-04
   2.2400000e+02   1.0047342e+00  -9.3959753e-03
   2.4000000e+02   1.0050255e+00   8.5039377e-03
   2.5600000e+02   1.0000233e+00   5.2216733e-03
   2.7200000e+02   9.9294179e-01  -1.1780650e-02
   2.8800000e+02   1.0008111e+00   6.0089227e-03
   3.0400000e+02   9.9507100e-01   3.0189113e-03
   3.2000000e+02   9.8148796e-01  -5.4643104e-03
   3.3600000e+02   9.7696027e-01  -6.9600480e-04
   3.5200000e+02   9.7568872e-01  -6.2294570e-03
   3.6800000e+02   9.6827884e-01   5.2840918e-04
   3.8400000e+02   9.5350198e-01   8.1021813e-03
   4.0000000e+02   9.3966564e-01   7.2171185e-04
   4.1600000e+02   9.2794175e-01   4.1060577e-03
   4.3200000e+02   9.2474032e-01   2.3625983e-03
   4.4800000e+02   9.1588469e-01  -4.4621985e-03
   4.6400000e+02   9.0729922e-01  -6.2586998e-03
   4.8000000e+02   9.0090281e-01   1.9997928e-03
   4.9600000e+02   8.8713566e-01   8.1544813e-03
   5.1200000e+02   8.8079468e-01   2.9901450e-03
   5.2800000e+02   8.7229133e-01   3.8201161e-03
   5.4400000e+02   8.6405444e-01   1.0411013e-02
   5.6000000e+02   8.6352563e-01  -8.5324439e-04
   5.7600000e+02   8.5531428e-01  -9.0153425e-03
   5.9200000e+02   8.5227777e-01  -1.3683842e-03
   6.0800000e+02   8.4567011e-01   4.5220653e-03
   6.2400000e+02   8.3866432e-01  -5.6725624e-03
   6.4000000e+02   8.3851593e-01   1.0496927e-02
   6.5600000e+02   8.3149018e-01   4.4842896e-03
   6.7200000e+02   8.3029379e-01  -5.1834545e-03
   6.8800000e+02   8.3220332e-01  -4.4297202e-03
   7.0400000e+02   7.9934862e-01  -1.3999495e-04
   7.2000000e+02   8.1649790e-01   8.1446017e-03
   7.3600000e+02   8.0513692e-01  -1.8473833e-03
   7.5200000e+02   8.1356467e-01  -4.2920534e-03
   7.6800000e+02   8.0616023e-01   3.3526396e-03
   7.8400000e+02   8.0168113e-01  -3.2616657e-03
   8.0000000e+02   8.0575772e-01   7.5402098e-03
   8.1600000e+02   8.0657606e-01   1.5668536e-03
   8.3200000e+02   7.9606197e-01   9.2670443e-03
   8.4800000e+02   7.9562778e-01  -2.3794127e-03
   8.6400000e+02   7.9185364e-01   7.2310277e-03
   8.8000000e+02   7.7870025e-01  -6.0699889e-03
   8.9600000e+02   7.9660960e-01   4.4549808e-03
   9.1200000e+02   7.8772246e-01   6.7660546e-03
   9.2800000e+02   7.8291712e-01  -1.0587506e-03
   9.4400000e+02   7.9555815e-01   3.5669770e-03
   9.6000000e+02   7.8328919e-01   4.6026080e-03
   9.7600000e+02   7.8693537e-01   3.4951461e-03
   9.9200000e+02   7.7508637e-01  -5.5371938e-03
   1.0080000e+03   7.8176036e-01  -7.5309923e-03
   1.0240000e+03   7.7857922e-01   5.9700100e-03
   1.0400000e+03   7.8967130e-01  -4.4541632e-03
   1.0560000e+03   7.7619428e-01   5.0996024e-04
   1.0720000e+03   7.8025509e-01  -5.0581920e-03
   1.0880000e+03   7.7378852e-01   3.2311010e-03
   1.1040000e+03   7.6139198e-01   2.9457525e-04
   1.1200000e+03   7.7711398e-01   6.3846881e-03
   1.1360000e+03   7.7543584e-01   4.1288674e-03
   1.1520000e+03   7.8318247e-01  -6.3018148e-04
   1.1680000e+03   7.7441834e-01  -4.6230024e-03
   1.1840000e+03   7.6427157e-01   2.4346073e-03
   1.2000000e+03   7.7024749e-01  -8.0996294e-03
   1.2160000e+03   7.7093292e-01   2.9558638e-03
   1.2320000e+03   7.6233683e-01  -4.7351078e-03
   1.2480000e+03   7.6367691e-01  -1.0033005e-02
   1.2640000e+03   7.5783028e-01  -5.7074336e-03
   1.2800000e+03   7.5198171e-01  -2.7236212e-03
   1.2960000e+03   7.5975901e-01  -2.5448141e-03
   1.3120000e+03   7.5260575e-01   1.0156109e-02
   1.3280000e+03   7.4826579e-01   3.3588525e-03
   1.3440000e+03   7.5018647e-01   1.0336466e-03
   1.3600000e+03   7.5050023e-01  -6.6161877e-03
   1.3760000e+03   7.5276406e-01  -2.7704540e-03
   1.3920000e+03   7.5185466e-01  -3.2186700e-04
   1.4080000e+03   7.5371273e-01  -5.4392506e-03
   1.4240000e+03   7.4781917e-01  -3.4489113e-03
   1.4400000e+03   7.5733516e-01   1.5188422e-03
   1.4560000e+03   7.4414550e-01  -1.4145266e-04
   1.4720000e+03   7.5177052e-01   2.0520805e-03
   1.4880000e+03   7.4520880e-01   3.3678434e-03
   1.5040000e+03   7.4788290e-01  -6.3688956e-03
   1.5200000e+03   7.4842951e-01   2.1349075e-03
   1.5360000e+03   7.4066368e-01   7.0337332e-03
   1.5520000e+03   7.4658627e-01   5.1492513e-03
   1.5680000e+03   7.3613652e-01  -7.1846304e-04
   1.5840000e+03   7.3422299e-01  -3.6546732e-03
   1.6000000e+03   7.3948155e-01   2.0641155e-04
   1.6160000e+03   7.3994239e-01   5.4896142e-03
   1.6320000e+03   7.3390547e-01  -3.3851753e-03
   1.6480000e+03   7.4143741e-01  -1.0753150e-03
   1.6640000e+03   7.2754418e-01   8.7057282e-03
   1.6800000e+03   7.3923536e-01  -6.5242371e-03
   1.6960000e+03   7.3597754e-01   2.7873761e-04
   1.7120000e+03   7.2658131e-01   3.9671679e-03
   1.7280000e+03   7.2875497e-01   4.7583701e-03
   1.7440000e+03   7.3517085e-01  -2.8509943e-03
   1.7600000e+03   7.4024635e-01  -5.1484609e-03
   1.7760000e+03   7.2067390e-01  -5.9596089e-03
   1.7920000e+03   7.2925717e-01   2.3577915e-03
   1.8080000e+03   7.2219593e-01   3.8043410e-03
   1.8240000e+03   7.2689150e-01   7.1444008e-03
   1.8400000e+03   7.2938043e-01   4.5188942e-04
   1.8560000e+03   7.3851121e-01   2.0289418e-04
   1.8720000e+03   7.2531672e-01  -1.7566281e-04
   1.8880000e+03   7.1987108e-01   1.5886200e-03
   1.9040000e+03   7.2153366e-01   1.3362457e-03
   1.9200000e+03   7.2402980e-01  -1.4593614e-03
   1.9360000e+03   7.2168361e-01   9.6001846e-03
   1.9520000e+03   7.2334981e-01   3.3049214e-03
   1.9680000e+03   7.1007989e-01   2.4060000e-03
   1.9840000e+03   7.0867125e-01  -1.2362020e-03
   2.0000000e+03   7.0813291e-01  -2.0518751e-03
   2.0160000e+03   7.2008325e-01  -7.1130034e-03
   2.0320000e+03   7.2701551e-01   4.9679361e-03
   2.0480000e+03   7.0899306e-01   6.6915366e-03
   2.0640000e+03   7.1378572e-01   6.3994896e-03
   2.0800000e+03   7.1218042e-01  -6.4758229e-03
   2.0960000e+03   7.0272852e-01   5.2220090e-03
   2.1120000e+03   7.0044191e-01   5.9281054e-03
   2.1280000e+03   7.0960378e-01   2.0406719e-03
   2.1440000e+03   7.1664499e-01  -2.8878235e-04
   2.1600000e+03   7.1059222e-01  -3.7834161e-03
   2.1760000e+03   7.0720528e-01  -3.4699588e-03
   2.1920000e+03   7.0006899e-01  -2.1492029e-03
   2.2080000e+03   6.9597130e-01  -8.3576578e-03
   2.2240000e+03   7.0783016e-01   4.3424223e-03
   2.2400000e+03   7.0354848e-01  -1.8137832e-03
   2.2560000e+03   6.9759116e-01  -3.9795895e-03
   2.2720000e+03   7.0320856e-01  -1.7445441e-04
   2.2880000e+03   7.0003815e-01   2.2500334e-04
   2.3040000e+03   7.0448933e-01  -9.3347356e-03
   2.3200000e+03   6.9783358e-01   6.4329477e-03
   2.3360000e+03   6.9116410e-01   7.5942308e-03
   2.3520000e+03   7.0540578e-01  -4.6884769e-03
   2.3680000e+03   6.9727481e-01   1.7276634e-03
   2.3840000e+03   6.9208928e-01   2.2682317e-03
   2.4000000e+03   6.9819917e-01  -1.1870826e-03
   2.4160000e+03   7.0618673e-01   1.0789457e-02
   2.4320000e+03   6.8794403e-01   1.0829732e-02
   2.4480000e+03   6.9566714e-01  -4.1922861e-04
   2.4640000e+03   6.9593435e-01   9.7141625e-03
   2.4800000e+03   6.8961505e-01  -1.4840292e-03
   2.4960000e+03   6.9226864e-01  -1.9509800e-03
   2.5120000e+03   7.0699479e-01  -1.0404046e-02
   2.5280000e+03   7.0215570e-01  -9.0763278e-03
   2.5440000e+03   7.0609239e-01   1.1914290e-03
   2.5600000e+03   6.9074639e-01   2.9884400e-03
   2.5760000e+03   6.9462234e-01  -8.4960118e-03
   2.5920000e+03   6.9161977e-01  -7.8824982e-03
   2.6080000e+03   6.9577050e-01   7.3060079e-03
   2.6240000e+03   6.8689764e-01  -6.9748693e-03
   2.6400000e+03   6.8913446e-01   2.9039968e-04
   2.6560000e+03   6.8473571e-01   1.7109050e-03
   2.6720000e+03   6.9219906e-01  -4.9248088e-03
   2.6880000e+03   6.9048186e-01  -1.3186834e-03
   2.7040000e+03   6.9077448e-01   2.6670277e-04
   2.7200000e+03   6.9472234e-01  -2.6396371e-03
   2.7360000e+03   6.8428174e-01   9.3071828e-03
   2.7520000e+03   6.9357229e-01  -1.2118356e-02
   2.7680000e+03   6.8608176e-01   3.0559863e-03
   2.7840000e+03   6.9600154e-01  -8.8080796e-03
   2.8000000e+03   6.8563243e-01   5.5855018e-03
   2.8160000e+03   6.7718515e-01   8.2726072e-04
   2.8320000e+03   6.7424938e-01  -8.8405410e-03
   2.8480000e+03   6.8596641e-01  -8.3600961e-03
   2.8640000e+03   6.8270114e-01  -7.5371924e-03
   2.8800000e+03   6.8547265e-01   4.9157907e-03
   2.8960000e+03   6.9138442e-01  -1.4620804e-02
   2.9120000e+03   6.8181648e-01  -4.7057837e-03
   2.9280000e+03   6.7999083e-01  -4.9053495e-03
   2.9440000e+03   6.8197844e-01   8.1509709e-03
   2.9600000e+03   6.8605499e-01   8.3301656e-03
   2.9760000e+03   6.8387668e-01   1.4402472e-03
   2.9920000e+03   6.8891639e-01   7.1531603e-04
   3.0080000e+03   6.8064216e-01   1.3765861e-03
   3.0240000e+03   6.8678386e-01   6.5527807e-03
   3.0400000e+03   6.8629517e-01  -4.8465600e-04
   3.0560000e+03   6.8683890e-01   2.6196443e-03
   3.0720000e+03   6.8760078e-01  -1.7400455e-03
   3.0880000e+03   6.8245529e-01  -2.5745891e-04
   3.1040000e+03   6.7923288e-01   1.0830779e-02
   3.1200000e+03   6.7067342e-01  -5.4465427e-03
   3.1360000e+03   6.6811378e-01  -3.1284583e-03
   3.1520000e+03   6.8122174e-01   2.8868273e-03
   3.1680000e+03   6.8232710e-01  -4.1741836e-03
   3.1840000e+03   6.7279462e-01  -2.6252142e-03
   3.2000000e+03   6.7625786e-01  -4.0607476e-03
   3.2160000e+03   6.6709632e-01   4.5664343e-03
   3.2320000e+03   6.7064902e-01   5.0502488e-03
   3.2480000e+03   6.6366156e-01   4.9572598e-03
   3.2640000e+03   6.6303009e-01   1.8116062e-03
   3.2800000e+03   6.6881843e-01   7.1054523e-03
   3.2960000e+03   6.6788412e-01  -5.4034212e-03
   3.3120000e+03   6.7102450e-01   3.5310887e-03
   3.3280000e+03   6.7552874e-01   1.1511522e-02
   3.3440000e+03   6.6911777e-01   7.1530733e-03
   3.3600000e+03   6.6785103e-01   3.9324486e-03
   3.3760000e+03   6.7198018e-01  -2.2880221e-03
   3.3920000e+03   6.7378666e-01   1.6012365e-04
   3.4080000e+03   6.7493263e-01   1.1345309e-02
   3.4240000e+03   6.6711660e-01  -1.5297446e-03
   3.4400000e+03   6.7424715e-01  -1.4237309e-03
   3.4560000e+03   6.6157553e-01  -2.4892072e-03
   3.4720000e+03   6.6925502e-01  -1.1155838e-02
   3.4880000e+03   6.7536851e-01   4.0789248e-03
   3.5040000e+03   6.7161804e-01   3.4288755e-03
   3.5200000e+03   6.7456270e-01  -6.9941710e-03
   3.5360000e+03   6.7122696e-01  -9.2888222e-03
   3.5520000e+03   6.6943993e-01   5.2827248e-03
   3.5680000e+03   6.7017809e-01  -3.4612884e-04
   3.5840000e+03   6.6243558e-01   2.4585122e-03
   3.6000000e+03   6.6796103e-01   2.6652503e-03
   3.6160000e+03   6.6689073e-01   2.4681750e-03
   3.6320000e+03   6.7086796e-01   1.2573168e-04
   3.6480000e+03   6.7676583e-01   9.0509280e-03
   3.6640000e+03   6.6301413e-01  -1.0947447e-02
   3.6800000e+03   6.7045468e-01  -1.5843687e-03
   3.6960000e+03   6.7075893e-01   5.3518317e-03
   3.7120000e+03   6.6093534e-01  -1.9784999e-03
   3.7280000e+03   6.4826502e-01   3.5832327e-03
   3.7440000e+03   6.6823064e-01   9.0958062e-04
   3.7600000e+03   6.6547050e-01   1.3970560e-03
   3.7760000e+03   6.5922303e-01  -4.6977676e-03
   3.7920000e+03   6.6177044e-01  -4.7219455e-04
   3.8080000e+03   6.6567318e-01  -1.3002217e-03
   3.8240000e+03   6.5782483e-01   1.6246631e-03
   3.8400000e+03   6.6300344e-01   1.0774659e-02
   3.8560000e+03   6.6079860e-01  -5.7423676e-03
   3.8720000e+03   6.6819428e-01   2.1113881e-04
   3.8880000e+03   6.5891674e-01  -1.1937880e-03
   3.9040000e+03   6.6054982e-01  -4.9997598e-04
   3.9200000e+03   6.5228514e-01   3.3983303e-03
   3.9360000e+03   6.4863018e-01   1.3395402e-03
   3.9520000e+03   6.4796782e-01   1.3538195e-03
   3.9680000e+03   6.5324835e-01   1.6373448e-03
   3.9840000e+03   6.5952190e-01  -9.3106253e-03
   4.0000000e+03   6.5582863e-01  -1.0963062e-03
   4.0160000e+03   6.5076021e-01  -3.2873634e-03
   4.0320000e+03   6.6645634e-01  -3.9346985e-03
   4.0480000e+03   6.5447467e-01   2.6195067e-03
   4.0640000e+03   6.5876996e-01   2.6260292e-03
   4.0800000e+03   6.6120133e-01  -4.2493668e-03
   4.0960000e+03   6.4578588e-01   1.0403915e-02
   4.1120000e+03   6.5463097e-01  -1.0353092e-04
   4.1280000e+03   6.4773434e-01  -2.6413488e-03
   4.1440000e+03   6.5039864e-01  -6.5888055e-03
   4.1600000e+03   6.4516379e-01  -2.3093517e-03
   4.1760000e+03   6.5022162e-01   3.2891608e-03
   4.1920000e+03   6.4505458e-01  -2.3616938e-03
   4.2080000e+03   6.5966611e-01  -1.6075343e-04
   4.2240000e+03   6.5115305e-01   1.0574256e-02
   4.2400000e+03   6.3681207e-01  -2.3688691e-03
   4.2560000e+03   6.5571458e-01   3.5437190e-03
   4.2720000e+03   6.5099300e-01   8.1589218e-04
   4.2880000e+03   6.4588624e-01  -3.3966977e-06
   4.3040000e+03   6.4111938e-01  -1.9356482e-03
   4.3200000e+03   6.5437722e-01   1.0590136e-03
   4.3360000e+03   6.4872774e-01   2.9656236e-03
   4.3520000e+03   6.4270531e-01  -1.4590144e-03
   4.3680000e+03   6.4667505e-01  -4.8632479e-04
   4.3840000e+03   6.4658605e-01  -4.0821296e-04
   4.4000000e+03   6.4297264e-01   7.4467503e-04
   4.4160000e+03   6.5209067e-01  -3.1844573e-03
   4.4320000e+03   6.4345298e-01  -5.1421454e-03
   4.4480000e+03   6.4555692e-01  -7.2809146e-04
   4.4640000e+03   6.4799900e-01  -5.1619596e-03
   4.4800000e+03   6.5431656e-01   5.7662917e-03
   4.4960000e+03   6.4370769e-01  -3.3117130e-03
   4.5120000e+03   6.4454319e-01   7.9773535e-03
   4.5280000e+03   6.4235197e-01   3.8095761e-03
   4.5440000e+03   6.4348982e-01   3.0681052e-03
   4.5600000e+03   6.4213480e-01   2.6194221e-03
   4.5760000e+03   6.4200058e-01   2.7248781e-03
   4.5920000e+03   6.3223253e-01  -6.0898701e-03
   4.6080000e+03   6.4253353e-01  -3.6693867e-03
   4.6240000e+03   6.3991939e-01   3.2635926e-03
   4.6400000e+03   6.2910364e-01  -5.4084820e-03
   4.6560000e+03   6.4074907e-01   1.1108266e-03
   4.6720000e+03   6.4292735e-01  -1.2098673e-02
   4.6880000e+03   6.3547242e-01   1.4983375e-03
   4.7040000e+03   6.3395052e-01   9.2599534e-03
   4.7200000e+03   6.3390681e-01  -1.0303087e-02
   4.7360000e+03   6.3774702e-01   6.9002170e-03
   4.7520000e+03   6.4420898e-01   1.7200476e-03
   4.7680000e+03   6.4330695e-01   1.4627600e-03
   4.7840000e+03   6.3820770e-01  -2.4676562e-03
   4.8000000e+03   6.4329999e-01  -2.9684048e-03
   4.8160000e+03   6.4416924e-01   2.6618869e-03
   4.8320000e+03   6.4078947e-01  -3.5790105e-03
   4.8480000e+03   6.3441467e-01   3.6793280e-03
   4.8640000e+03   6.3706356e-01   5.0485099e-03
   4.8800000e+03   6.2650421e-01  -1.2994679e-04
   4.8960000e+03   6.3127722e-01   1.4888948e-03
   4.9120000e+03   6.3040028e-01   8.2968075e-03
   4.9280000e+03   6.3363077e-01  -4.2679287e-03
   4.9440000e+03   6.3443498e-01  -8.0741762e-03
   4.9600000e+03   6.3484493e-01  -1.3063090e-03
   4.9760000e+03   6.4642298e-01  -3.9916776e-03
   4.9920000e+03   6.3452105e-01  -3.7671477e-03
   5.0080000e+03   6.3325999e-01   4.5825999e-03
   5.0240000e+03   6.3850562e-01  -1.1232495e-03
   5.0400000e+03   6.3041828e-01   1.7701878e-03
   5.0560000e+03   6.2360835e-01  -1.0127156e-04
   5.0720000e+03   6.3428870e-01  -1.4789941e-02
   5.0880000e+03   6.4055253e-01  -2.3906738e-03
   5.1040000e+03   6.3902601e-01   7.5938507e-03
   5.1200000e+03   6.3426602e-01  -6.1810260e-03
   5.1360000e+03   6.3491038e-01   1.0604566e-02
   5.1520000e+03   6.3832569e-01   6.9927741e-03
   5.1680000e+03   6.4021410e-01   5.2309596e-03
   5.1840000e+03   6.2858485e-01  -1.9208463e-04
   5.2000000e+03   6.4029356e-01  -9.8251181e-03
   5.2160000e+03   6.3973121e-01   7.7075156e-03
   5.2320000e+03   6.2205922e-01  -2.4792059e-03
   5.2480000e+03   6.2729401e-01   6.7744679e-04
   5.2640000e+03   6.3462053e-01  -8.3666086e-03
   5.2800000e+03   6.3643351e-01   2.9559859e-03
   5.2960000e+03   6.2997048e-01  -7.4685966e-03
   5.3120000e+03   6.3359640e-01   1.9796622e-03
   5.3280000e+03   6.2785027e-01   3.0109143e-03
   5.3440000e+03   6.2595050e-01  -8.1177498e-03
   5.3600000e+03   6.2094724e-01  -1.7714095e-03
   5.3760000e+03   6.2390677e-01  -1.1027961e-02
   5.3920000e+03   6.2735927e-01   1.1249738e-03
   5.4080000e+03   6.2999523e-01  -1.8343349e-05
   5.4240000e+03   6.2738157e-01  -1.3682643e-03
   5.4400000e+03   6.2976536e-01  -1.8809718e-04
   5.4560000e+03   6.2981177e-01   1.1801815e-02
   5.4720000e+03   6.3764315e-01   7.6222537e-04
   5.4880000e+03   6.2404973e-01  -4.3739938e-04
   5.5040000e+03   6.2203123e-01   7.7379704e-03
   5.5200000e+03   6.1859288e-01  -1.2318445e-03
   5.5360000e+03   6.3310008e-01  -7.3155946e-03
   5.5520000e+03   6.1955717e-01  -7.4266308e-03
   5.5680000e+03   6.2968550e-01  -2.3829612e-03
   5.5840000e+03   6.2842998e-01  -7.8194188e-03
   5.6000000e+03   6.2708214e-01  -4.4146215e-03
   5.6160000e+03   6.1641415e-01   1.2989905e-03
   5.6320000e+03   6.2392438e-01  -4.7033769e-03
   5.6480000e+03   6.2700465e-01  -7.8835290e-04
   5.6640000e+03   6.1655000e-01  -4.0552684e-03
   5.6800000e+03   6.1289636e-01  -2.4363331e-03
   5.6960000e+03   6.2838827e-01   4.7402176e-03
   5.7120000e+03   6.3173965e-01   2.2804845e-03
   5.7280000e+03   6.2743374e-01   5.7705387e-03
   5.7440000e+03   6.1640243e-01  -6.0726870e-04
   5.7600000e+03   6.2517004e-01   1.8697360e-03
   5.7760000e+03   6.2405427e-01  -1.0936918e-02
   5.7920000e+03   6.2693324e-01   1.0904981e-02
   5.8080000e+03   6.2720467e-01  -4.9600927e-03
   5.8240000e+03   6.2746945e-01  -4.9459069e-03
   5.8400000e+03   6.1404452e-01   8.8200623e-04
   5.8560000e+03   6.2669247e-01  -6.3887369e-03
   5.8720000e+03   6.2421487e-01  -4.5770685e-03
   5.8880000e+03   6.2926494e-01   3.4852725e-04
   5.9040000e+03   6.2206964e-01   2.5560149e-04
   5.9200000e+03   6.3316554e-01   3.6300340e-03
   5.9360000e+03   6.3353885e-01  -4.7600756e-03
   5.9520000e+03   6.1442037e-01  -3.6490415e-03
   5.9680000e+03   6.2611633e-01  -2.2130991e-03
   5.9840000e+03   6.2610958e-01  -5.5962495e-03
   6.0000000e+03   6.2495326e-01  -7.4618523e-05
   6.0160000e+03   6.1779404e-01  -6.8269590e-03
   6.0320000e+03   6.2214910e-01   3.3588987e-03
   6.0480000e+03   6.2806876e-01   7.9018629e-04
   6.0640000e+03   6.2522610e-01  -8.1571334e-03
   6.0800000e+03   6.2213356e-01  -7.5803615e-03
   6.0960000e+03   6.3298745e-01   3.9582755e-03
   6.1120000e+03   6.2017776e-01  -5.7926631e-03
   6.1280000e+03   6.2742822e-01  -4.9940825e-03
   6.1440000e+03   6.2214035e-01   9.9988478e-03
   6.1600000e+03   6.1868686e-01  -3.0390118e-03
   6.1760000e+03   6.1689428e-01  -6.4255002e-03
   6.1920000e+03   6.1758843e-01   2.6229246e-03
   6.2080000e+03   6.2649347e-01  -7.7437670e-03
   6.2240000e+03   6.2359048e-01  -2.1580533e-03
   6.2400000e+03   6.2710293e-01  -4.2508832e-03
   6.2560000e+03   6.1446138e-01  -7.6997603e-03
   6.2720000e+03   6.1318312e-01   8.1129706e-04
   6.2880000e+03   6.1766718e-01  -7.7907332e-03
   6.3040000e+03   6.1475834e-01  -7.2022619e-03
   6.3200000e+03   6.2249878e-01   2.1810896e-03
   6.3360000e+03   6.2825261e-01  -2.8931359e-03
   6.3520000e+03   6.2114472e-01  -8.4431472e-04
   6.3680000e+03   6.2508017e-01  -1.1844764e-02
   6.3840000e+03   6.1307643e-01   4.7762064e-04
   6.4000000e+03   6.1796439e-01   1.2233994e-02
   6.4160000e+03   6.1374221e-01  -5.4015480e-03
   6.4320000e+03   6.1154434e-01   6.3417090e-03
   6.4480000e+03   6.1720864e-01  -1.3491456e-03
   6.4640000e+03   6.1453677e-01   9.6204006e-03
   6.4800000e+03   6.2084934e-01   3.3903863e-03
   6.4960000e+03   6.1416356e-01   7.9748784e-03
   6.5120000e+03   6.1504189e-01   5.1049231e-03
   6.5280000e+03   6.1992027e-01   1.6630896e-04
   6.5440000e+03   6.3240799e-01   1.7186014e-03
   6.5600000e+03   6.2463104e-01  -4.8498372e-03
   6.5760000e+03   6.0730033e-01   1.5242444e-03
   6.5920000e+03   6.1021919e-01   2.7229053e-03
   6.6080000e+03   6.0541644e-01  -2.3192239e-03
   6.6240000e+03   6.2448875e-01  -1.4812181e-03
   6.6400000e+03   6.1488621e-01  -1.7524689e-03
   6.6560000e+03   6.1609604e-01   2.0536676e-03
   6.6720000e+03   6.2749815e-01   6.7068354e-04
   6.6880000e+03   6.1603855e-01   3.8824323e-03
   6.7040000e+03   6.1132682e-01  -5.0313542e-03
   6.7200000e+03   6.1730535e-01   4.9974120e-03
   6.7360000e+03   6.2408337e-01  -2.3236341e-03
   6.7520000e+03   6.1446759e-01  -2.7293240e-03
   6.7680000e+03   6.1278181e-01   1.1741867e-03
   6.7840000e+03   6.2260895e-01   3.0117812e-03
   6.8000000e+03   6.1075698e-01   4.5753467e-03
   6.8160000e+03   6.1499056e-01   9.1631724e-03
   6.8320000e+03   6.1998027e-01  -8.7408455e-03
   6.8480000e+03   6.2068885e-01   5.9719158e-03
   6.8640000e+03   6.1005537e-01  -4.3540495e-03
   6.8800000e+03   6.1954535e-01   2.8527333e-03
   6.8960000e+03   6.1442349e-01   2.2024354e-03
   6.9120000e+03   6.0876570e-01   2.6090933e-03
   6.9280000e+03   6.1176188e-01   8.0133952e-03
   6.9440000e+03   6.2385682e-01  -1.3689943e-03
   6.9600000e+03   6.0349733e-01   2.3024779e-03
   6.9760000e+03   6.0347902e-01  -1.8939628e-03
   6.9920000e+03   6.1284911e-01  -8.6983033e-03
   7.0080000e+03   6.1773073e-01   3.9476752e-03
   7.0240000e+03   6.0789826e-01   8.7490657e-03
   7.0400000e+03   6.0743251e-01  -7.0448236e-04
   7.0560000e+03   6.1133037e-01  -2.0094384e-03
   7.0720000e+03   6.1837022e-01  -2.0182989e-04
   7.0880000e+03   6.1376873e-01   3.1073907e-03
   7.1040000e+03   6.1226371e-01  -7.2960195e-03
   7.1200000e+03   6.1003800e-01   1.0522278e-02
   7.1360000e+03   5.9729384e-01   7.2740561e-03
   7.1520000e+03   6.1246455e-01  -2.8993438e-03
   7.1680000e+03   6.1198118e-01  -3.9126972e-03
   7.1840000e+03   6.1186684e-01  -4.8263630e-03
   7.2000000e+03   6.0563842e-01  -2.8846569e-03
   7.2160000e+03   6.0817454e-01  -5.3871471e-03
   7.2320000e+03   6.0687304e-01   5.6073600e-03
   7.2480000e+03   6.1720931e-01   1.1246860e-03
   7.2640000e+03   6.1590008e-01   8.3369985e-03
   7.2800000e+03   6.0820156e-01   5.9449464e-03
   7.2960000e+03   6.1070114e-01   7.4628737e-03
   7.3120000e+03   6.0078342e-01   8.4756405e-04
   7.3280000e+03   6.0419056e-01   9.5013292e-03
   7.3440000e+03   6.1009115e-01  -1.8105923e-03
   7.3600000e+03   6.0960901e-01   3.4050357e-03
   7.3760000e+03   6.0668362e-01   8.5380102e-04
   7.3920000e+03   6.1288078e-01  -5.9068756e-03
   7.4080000e+03   6.1846757e-01  -2.0705617e-03
   7.4240000e+03   6.1561416e-01  -7.8416585e-03
   7.4400000e+03   6.1342104e-01   9.3056202e-03
   7.4560000e+03   6.0092148e-01  -1.5291728e-02
   7.4720000e+03   6.0717841e-01  -1.0744719e-04
   7.4880000e+03   6.0193891e-01   2.1718540e-03
   7.5040000e+03   6.0951673e-01   2.4542282e-04
   7.5200000e+03   6.0521734e-01   9.4829602e-04
   7.5360000e+03   6.0500743e-01  -3.4042039e-04
   7.5520000e+03   6.0200150e-01   1.2965425e-02
   7.5680000e+03   6.1953023e-01   2.6291642e-03
   7.5840000e+03   6.1077190e-01   4.9884084e-03
   7.6000000e+03   6.0906634e-01  -3.0213680e-03
   7.6160000e+03   6.1657435e-01  -7.5050670e-03
   7.6320000e+03   6.1548118e-01  -5.8686404e-04
   7.6480000e+03   6.1042155e-01   1.1943911e-02
   7.6640000e+03   6.1378286e-01   4.7098995e-04
   7.6800000e+03   6.0931760e-01   7.7376344e-03
   7.6960000e+03   6.1124346e-01  -6.9162097e-03
   7.7120000e+03   6.0861743e-01   2.2482637e-03
   7.7280000e+03   6.0853969e-01   1.1336719e-03
   7.7440000e+03   6.0816906e-01   3.0901594e-03
   7.7600000e+03   6.0685402e-01   8.8700925e-03
   7.7760000e+03   6.0986781e-01  -1.6021299e-03
   7.7920000e+03   6.1899269e-01   9.3581993e-03
   7.8080000e+03   6.1281841e-01   4.5661081e-03
   7.8240000e+03   6.0566519e-01   3.9077321e-03
   7.8400000e+03   6.0519386e-01  -3.2110008e-04
   7.8560000e+03   6.0339367e-01  -1.6298678e-03
   7.8720000e+03   6.1176630e-01  -1.1375574e-03
   7.8880000e+03   6.0621066e-01   5.4113338e-03
   7.9040000e+03   5.9625680e-01  -5.7366584e-03
   7.9200000e+03   6.0690017e-01   6.9738674e-03
   7.9360000e+03   6.1320085e-01  -8.9149732e-03
   7.9520000e+03   6.0543075e-01   4.2013938e-03
   7.9680000e+03   6.0805826e-01   7.4649546e-03
   7.9840000e+03   6.1050421e-01   1.8261966e-03
   8.0000000e+03   5.9834377e-01  -1.8735659e-03
   8.0160000e+03   6.0380874e-01  -9.6172612e-04
   8.0320000e+03   5.9650612e-01   4.6902869e-03
   8.0480000e+03   6.0395257e-01   1.9113568e-03
   8.0640000e+03   6.0434008e-01  -2.1203727e-03
   8.0800000e+03   6.0017610e-01   5.0132041e-03
   8.0960000e+03   6.0842425e-01  -8.1376568e-03
   8.1120000e+03   6.0404181e-01  -8.7435952e-03
   8.1280000e+03   6.0388772e-01  -3.0431351e-03
   8.1440000e+03   6.0505768e-01   7.7450741e-03
   8.1600000e+03   6.0733365e-01   1.0352964e-03
   8.1760000e+03   6.0644825e-01  -5.7222506e-03
   8.1920000e+03   6.0377251e-01   4.7665760e-03
   8.2080000e+03   6.0383546e-01   6.7827694e-03
   8.2240000e+03   6.1029705e-01   7.8335409e-03
   8.2400000e+03   6.0026231e-01  -1.0510604e-03
   8.2560000e+03   6.0609138e-01  -9.6438920e-03
   8.2720000e+03   6.0173613e-01   6.4524812e-03
   8.2880000e+03   6.1349618e-01   3.8550768e-03
   8.3040000e+03   6.0416789e-01   2.1674303e-03
   8.3200000e+03   6.1045949e-01   6.1952847e-03
   8.3360000e+03   6.0418423e-01  -2.5099899e-03
   8.3520000e+03   5.8699594e-01   1.1486208e-03
   8.3680000e+03   6.1297683e-01  -4.7479791e-03
   8.3840000e+03   5.8757853e-01   8.4241763e-03
   8.4000000e+03   6.0280632e-01  -5.7316714e-03
   8.4160000e+03   5.9884400e-01   5.6028900e-03
   8.4320000e+03   5.9941904e-01   6.5514846e-03
   8.4480000e+03   6.0012533e-01  -7.8969249e-03
   8.4640000e+03   6.1102038e-01   1.1538552e-03
   8.4800000e+03   5.9664278e-01  -5.3828338e-03
   8.4960000e+03   6.1386098e-01  -2.6856778e-03
   8.5120000e+03   5.9335895e-01   6.2893882e-03
   8.5280000e+03   6.0371589e-01   7.4685116e-03
   8.5440000e+03   6.0122262e-01  -1.6732741e-03
   8.5600000e+03   6.0353809e-01  -3.1333849e-03
   8.5760000e+03   6.0244621e-01   2.8442853e-04
   8.5920000e+03   6.0043552e-01  -1.6760233e-03
   8.6080000e+03   6.0723786e-01  -6.0175518e-04
   8.6240000e+03   6.0301330e-01  -6.1809869e-03
   8.6400000e+03   5.9911488e-01   8.6527497e-03
   8.6560000e+03   6.0354906e-01   5.4767095e-03
   8.6720000e+03   6.0390856e-01   7.0494259e-03
   8.6880000e+03   5.9173497e-01   8.7863147e-04
   8.7040000e+03   5.9835145e-01  -7.9459699e-04
   8.7200000e+03   6.0470777e-01   1.0507306e-02
   8.7360000e+03   5.9237593e-01   9.4663452e-03
   8.7520000e+03   6.0600550e-01  -7.1627039e-03
   8.7680000e+03   6.0155784e-01   1.3797182e-02
   8.7840000e+03   6.0619874e-01   1.2998910e-02
   8.8000000e+03   6.0344645e-01  -1.3923300e-03
   8.8160000e+03   5.9116153e-01   1.0067956e-02
   8.8320000e+03   5.9082774e-01  -6.8064585e-03
   8.8480000e+03   5.9762027e-01   1.2785502e-03
   8.8640000e+03   5.9535338e-01  -4.1069740e-03
   8.8800000e+03   5.9972569e-01  -4.9516160e-03
   8.8960000e+03   5.9577562e-01   3.9245282e-03
   8.9120000e+03   5.9690727e-01   4.7522392e-03
   8.9280000e+03   5.9605705e-01  -2.6198168e-03
   8.9440000e+03   6.0344326e-01   4.0144428e-03
   8.9600000e+03   5.9454224e-01  -3.8947790e-03
   8.9760000e+03   5.8888802e-01   7.4457613e-03
   8.9920000e+03   6.0654488e-01   6.0139348e-03
   9.0080000e+03   5.9508797e-01  -7.1465113e-03
   9.0240000e+03   5.9854420e-01   4.9351233e-03
   9.0400000e+03   6.0100464e-01   6.6103731e-03
   9.0560000e+03   5.9686689e-01   2.2600355e-03
   9.0720000e+03   5.9391843e-01  -1.8109958e-03
   9.0880000e+03   6.0126385e-01   6.4642713e-03
   9.1040000e+03   5.9698314e-01  -7.0328081e-03
   9.1200000e+03   5.9165296e-01   1.3565085e-02
   9.1360000e+03   6.0807469e-01   8.8527500e-03
   9.1520000e+03   6.0572880e-01   3.1541500e-04
   9.1680000e+03   5.9954151e-01  -1.0938169e-02
   9.1840000e+03   5.9624034e-01  -5.5573892e-03
   9.2000000e+03   6.0959488e-01  -7.3173909e-03
   9.2160000e+03   6.0058805e-01   9.3436450e-04
   9.2320000e+03   5.9592488e-01  -1.7801843e-03
   9.2480000e+03   5.9614955e-01  -6.3743438e-03
   9.2640000e+03   5.9185994e-01  -3.1945095e-03
   9.2800000e+03   5.9908958e-01   1.5074673e-04
   9.2960000e+03   6.0334702e-01  -3.6181262e-05
   9.3120000e+03   6.0260494e-01   1.2930888e-03
   9.3280000e+03   5.9463722e-01  -6.2240461e-04
   9.3440000e+03   5.9468639e-01   5.5891241e-03
   9.3600000e+03   5.9581699e-01   3.3829578e-03
   9.3760000e+03   6.0256137e-01   3.5265314e-03
   9.3920000e+03   5.9358896e-01   6.0478516e-03
   9.4080000e+03   5.9412986e-01  -3.4441419e-03
   9.4240000e+03   5.9634318e-01  -5.2640329e-03
   9.4400000e+03   5.9511947e-01   3.2734044e-03
   9.4560000e+03   5.9223697e-01   8.8382085e-03
   9.4720000e+03   5.7836762e-01   9.7791738e-04
   9.4880000e+03   5.9064083e-01   3.8124347e-03
   9.5040000e+03   5.8759350e-01  -3.4095998e-04
   9.5200000e+03   5.8682598e-01  -5.6742726e-03
   9.5360000e+03   5.8598259e-01   6.3417798e-04
   9.5520000e+03   5.8442001e-01  -1.3926217e-03
   9.5680000e+03   5.9302046e-01   5.5523377e-03
   9.5840000e+03   5.8623544e-01   4.7694129e-03
   9.6000000e+03   5.9535700e-01  -4.5204433e-03
   9.6160000e+03   5.9379107e-01   1.7719303e-03
   9.6320000e+03   5.9588417e-01  -1.9477467e-03
   9.6480000e+03   5.9608737e-01   5.2067033e-04
   9.6640000e+03   5.9157265e-01   5.3882662e-03
   9.6800000e+03   5.9707671e-01   7.4320184e-03
   9.6960000e+03   5.8469991e-01  -3.6615264e-03
   9.7120000e+03   6.0173766e-01  -9.7484286e-03
   9.7280000e+03   5.9294023e-01  -4.6733425e-03
   9.7440000e+03   5.9173615e-01   5.6110227e-04
   9.7600000e+03   5.8772246e-01   9.6513293e-03
   9.7760000e+03   5.9511380e-01   2.1074676e-03
   9.7920000e+03   5.8785152e-01  -6.1283873e-03
   9.8080000e+03   5.9086740e-01  -1.9155489e-03
   9.8240000e+03   5.8732131e-01   3.6146178e-04
   9.8400000e+03   5.9652378e-01   4.4233704e-03
   9.8560000e+03   5.9001383e-01  -5.5788325e-03
   9.8720000e+03   5.8638385e-01  -6.5186189e-03
   9.8880000e+03   5.8038515e-01  -6.3525761e-03
   9.9040000e+03   5.9193942e-01  -3.9752543e-03
   9.9200000e+03   5.8739689e-01   4.4597478e-03
   9.9360000e+03   5.8682806e-01  -3.1522593e-03
   9.9520000e+03   5.9995896e-01  -8.5134941e-03
   9.9680000e+03   5.9080568e-01   1.1120461e-03
   9.9840000e+03   5.8987567e-01  -4.3534745e-03
   1.0000000e+04   5.9306713e-01   2.9227706e-03
   1.0016000e+04   5.8173999e-01  -1.7202654e-03
   1.0032000e+04   5.8233141e-01  -3.5885937e-03
   1.0048000e+04   5.9071021e-01   5.1574284e-04
   1.0064000e+04   5.8034828e-01  -2.4142082e-03
   1.0080000e+04   5.8879113e-01   5.8443803e-04
   1.0096000e+04   5.8124952e-01   2.3722089e-03
   1.0112000e+04   5.8307625e-01  -4.9531730e-03
   1.0128000e+04   5.8182436e-01  -7.0972707e-03
   1.0144000e+04   5.9311315e-01   7.8324312e-03
   1.0160000e+04   5.8757747e-01   9.0603797e-03
   1.0176000e+04   5.8850897e-01   1.0217084e-02
   1.0192000e+04   5.8404185e-01  -1.3863018e-03
   1.0208000e+04   5.7523903e-01  -5.7135744e-03
   1.0224000e+04   5.9218276e-01  -4.5485284e-03
   1.0240000e+04   5.8500599e-01  -5.3462896e-04
   1.0256000e+04   5.8554396e-01  -6.0211490e-04
   1.0272000e+04   5.8649011e-01   2.1986038e-03
   1.0288000e+04   5.8829063e-01  -2.3328039e-03
   1.0304000e+04   5.8079537e-01   3.4413495e-03
   1.0320000e+04   5.9707286e-01  -7.1798594e-03
   1.0336000e+04   5.8038813e-01  -2.0088707e-03
   1.0352000e+04   5.7965921e-01  -3.5060137e-03
   1.0368000e+04   5.9085542e-01   5.1086975e-03
   1.0384000e+04   5.9091558e-01   6.1003337e-03
   1.0400000e+04   5.9192093e-01  -1.9450111e-03
   1.0416000e+04   5.9519753e-01  -1.5451043e-03
   1.0432000e+04   5.9235612e-01   1.2240287e-03
   1.0448000e+04   5.8683270e-01   7.2807978e-03
   1.0464000e+04   5.8157985e-01  -3.4116447e-03
   1.0480000e+04   5.7544760e-01  -1.5896773e-03
   1.0496000e+04   5.7975815e-01   3.7916828e-03
   1.0512000e+04   5.7856495e-01   5.7267775e-04
   1.0528000e+04   5.8395960e-01  -7.3116068e-03
   1.0544000e+04   5.7446645e-01  -3.7088101e-03
   1.0560000e+04   5.8958402e-01  -2.7112696e-03
   1.0576000e+04   5.8708757e-01   2.2059167e-03
   1.0592000e+04   5.8512636e-01  -1.6861721e-03
   1.0608000e+04   5.7752763e-01  -1.1336649e-03
   1.0624000e+04   5.7371804e-01   4.5569263e-03
   1.0640000e+04   5.8491297e-01  -6.1527759e-03
   1.0656000e+04   5.8030430e-01  -7.2071093e-03
   1.0672000e+04   5.7823018e-01  -1.9804878e-04
   1.0688000e+04   5.7387473e-01  -5.6030267e-03
   1.0704000e+04   5.7765645e-01  -6.0888109e-03
   1.0720000e+04   5.7561026e-01   1.4674421e-03
   1.0736000e+04   5.8241747e-01  -1.9945537e-03
   1.0752000e+04   5.8093351e-01  -1.2822434e-03
   1.0768000e+04   5.8126196e-01  -1.0791158e-03
   1.0784000e+04   5.8116119e-01  -6.1860114e-03
   1.0800000e+04   5.8403591e-01  -2.7954389e-03
   1.0816000e+04   5.7794400e-01  -3.3983848e-03
   1.0832000e+04   5.7723820e-01  -6.5621762e-03
   1.0848000e+04   5.8359147e-01   7.1607784e-03
   1.0864000e+04   5.9056141e-01   4.1169429e-03
   1.0880000e+04   5.8685539e-01   6.1533664e-03
   1.0896000e+04   5.7089311e-01   4.3475256e-03
   1.0912000e+04   5.7327153e-01  -1.0382543e-04
   1.0928000e+04   5.8013789e-01  -2.1310559e-03
   1.0944000e+04   5.8260825e-01   4.3058608e-03
   1.0960000e+04   5.7996458e-01  -4.1011600e-03
   1.0976000e+04   5.7276862e-01   2.5496009e-03
   1.0992000e+04   5.7120176e-01   7.0965401e-03
   1.1008000e+04   5.7559384e-01   5.8217920e-03
   1.1024000e+04   5.7278885e-01  -5.1905277e-03
   1.1040000e+04   5.7200873e-01   9.5558113e-03
   1.1056000e+04   5.7081937e-01  -1.1631144e-02
   1.1072000e+04   5.7458049e-01   1.1435423e-02
   1.1088000e+04   5.7252760e-01   9.3007571e-03
   1.1104000e+04   5.7846361e-01   8.0596514e-03
   1.1120000e+04   5.8301240e-01  -6.4068866e-03
   1.1136000e+04   5.7327047e-01  -4.7184884e-03
   1.1152000e+04   5.7017421e-01  -1.7066239e-03
   1.1168000e+04   5.6671774e-01   6.0655080e-03
   1.1184000e+04   5.7147085e-01   8.5454465e-03
   1.1200000e+04   5.7650817e-01  -8.1865370e-03
   1.1216000e+04   5.7590185e-01  -7.3851431e-03
   1.1232000e+04   5.8699576e-01  -2.4749383e-03
   1.1248000e+04   5.7365548e-01   3.2203947e-03
   1.1264000e+04   5.7669414e-01  -3.1793431e-03
   1.1280000e+04   5.6853475e-01   3.6149154e-03
   1.1296000e+04   5.6701742e-01   8.0124569e-04
   1.1312000e+04   5.7207581e-01  -1.1487381e-02
   1.1328000e+04   5.8463386e-01   4.2956741e-03
   1.1344000e+04   5.7787289e-01  -8.5630173e-03
   1.1360000e+04   5.7393478e-01  -6.4049203e-04
   1.1376000e+04   5.7117153e-01  -1.2854684e-03
   1.1392000e+04   5.7259207e-01  -2.9035861e-03
   1.1408000e+04   5.6351587e-01   1.6231118e-04
   1.1424000e+04   5.7273566e-01   3.1801646e-04
   1.1440000e+04   5.7766640e-01   2.4193975e-03
   1.1456000e+04   5.8004090e-01  -1.2881652e-03
   1.1472000e+04   5.6802444e-01  -3.6966931e-03
   1.1488000e+04   5.7665486e-01   3.8711582e-03
   1.1504000e+04   5.6790789e-01  -1.1474985e-04
   1.1520000e+04   5.7490039e-01  -1.4167173e-03
   1.1536000e+04   5.5838419e-01  -5.0468766e-03
   1.1552000e+04   5.6666524e-01   4.5906533e-04
   1.1568000e+04   5.6595410e-01   8.3674277e-04
   1.1584000e+04   5.6699992e-01  -4.5158447e-03
   1.1600000e+04   5.7062887e-01   1.2074190e-03
   1.1616000e+04   5.6420947e-01  -1.1161027e-03
   1.1632000e+04   5.7040594e-01   9.0318859e-04
   1.1648000e+04   5.7082929e-01  -2.7210737e-03
   1.1664000e+04   5.5683492e-01   7.0518618e-04
   1.1680000e+04   5.6196660e-01  -6.2186304e-03
   1.1696000e+04   5.6517484e-01  -6.1642296e-04
   1.1712000e+04   5.5683887e-01  -2.4366835e-03
   1.1728000e+04   5.6290686e-01  -2.8808523e-03
   1.1744000e+04   5.6588838e-01   1.8423706e-03
   1.1760000e+04   5.6677319e-01   1.2535864e-02
   1.1776000e+04   5.7084087e-01   7.4224433e-03
   1.1792000e+04   5.7472762e-01   1.8792014e-03
   1.1808000e+04   5.6365483e-01  -5.3095115e-03
   1.1824000e+04   5.6332186e-01   3.7474634e-03
   1.1840000e+04   5.6520083e-01  -1.1261028e-03
   1.1856000e+04   5.6583403e-01  -1.5829619e-03
   1.1872000e+04   5.6582080e-01  -2.2621299e-03
   1.1888000e+04   5.6502605e-01   1.0830723e-02
   1.1904000e+04   5.6532796e-01   8.9383611e-04
   1.1920000e+04   5.6914016e-01   3.5646704e-03
   1.1936000e+04   5.6880844e-01  -6.6432247e-03
   1.1952000e+04   5.6999386e-01   2.3137213e-03
   1.1968000e+04   5.6655575e-01   4.1666771e-03
   1.1984000e+04   5.5451349e-01  -9.7351261e-04
   1.2000000e+04   5.5765288e-01  -2.6634387e-03
   1.2016000e+04   5.5960463e-01   9.3006972e-03
   1.2032000e+04   5.6927132e-01   7.9820321e-04
   1.2048000e+04   5.6458058e-01   1.4426455e-03
   1.2064000e+04   5.6725278e-01  -5.6369785e-03
   1.2080000e+04   5.6067305e-01   7.5615442e-04
   1.2096000e+04   5.6027297e-01  -4.4748107e-03
   1.2112000e+04   5.6071491e-01  -2.7066941e-03
   1.2128000e+04   5.5787434e-01   7.0835091e-03
   1.2144000e+04   5.6357235e-01  -2.7961289e-03
   1.2160000e+04   5.6497529e-01  -2.8926903e-03
   1.2176000e+04   5.6252346e-01  -3.8622368e-03
   1.2192000e+04   5.5788086e-01   1.5816169e-03
   1.2208000e+04   5.6025537e-01   4.0208626e-04
   1.2224000e+04   5.5598040e-01  -5.2663216e-04
   1.2240000e+04   5.6036604e-01  -8.6615674e-03
   1.2256000e+04   5.5512468e-01   1.1488682e-03
