   0.0000000e+00   9.0135119e-01   2.7546146e-03
   1.6000000e+01   9.0785983e-01   7.4923300e-03
   3.2000000e+01   9.1370965e-01  -4.3531493e-05
   4.8000000e+01   9.3482451e-01   1.4943455e-02
   6.4000000e+01   9.3102907e-01   7.7543579e-03
   8.0000000e+01   9.5008594e-01  -8.7060514e-03
   9.6000000e+01   9.5571577e-01   5.3039844e-03
   1.1200000e+02   9.5733544e-01   1.0731623e-02
   1.2800000e+02   9.6607390e-01   2.6651766e-04
   1.4400000e+02   9.6469784e-01  -2.3087156e-03
   1.6000000e+02   9.8041239e-01  -8.3588565e-04
   1.7600000e+02   9.7347141e-01  -8.6748798e-03
   1.9200000e+02   9.8954815e-01  -1.3914597e-03
   2.0800000e+02   9.8467582e-01  -2.7788622e-03
   2.2400000e+02   9.9579522e-01   4.2211503e-03
   2.4000000e+02   9.8585552e-01  -1.0472156e-02
   2.5600000e+02   1.0056956e+00   1.4472873e-02
   2.7200000e+02   9.9807379e-01   1.2064913e-02
   2.8800000e+02   1.0060430e+00   1.3174828e-02
   3.0400000e+02   9.9226020e-01   4.5048883e-03
   3.2000000e+02   1.0006779e+00  -5.1691200e-03
   3.3600000e+02   9.8265221e-01  -7.0678973e-03
   3.5200000e+02   9.8585863e-01   4.5353706e-03
   3.6800000e+02   9.7001953e-01   3.0369769e-03
   3.8400000e+02   9.7363879e-01   1.2461693e-02
   4.0000000e+02   9.5726738e-01  -1.4884503e-02
   4.1600000e+02   9.5558670e-01  -1.4749702e-03
   4.3200000e+02   9.3967779e-01  -3.8156500e-04
   4.4800000e+02   9.2686007e-01  -3.1018847e-03
   4.6400000e+02   9.1021172e-01  -1.1166440e-02
   4.8000000e+02   9.2485044e-01  -6.1756859e-04
   4.9600000e+02   9.0601866e-01   2.5173113e-03
   5.1200000e+02   8.9869770e-01  -1.1290345e-02
   5.2800000e+02   9.0112831e-01   2.3203311e-03
   5.4400000e+02   8.9207861e-01   7.8664884e-03
   5.6000000e+02   8.8717302e-01  -6.6216417e-03
   5.7600000e+02   8.8681905e-01  -9.1425960e-03
   5.9200000e+02   8.6903202e-01   5.2373768e-03
   6.0800000e+02   8.7411542e-01   2.1173734e-03
   6.2400000e+02   8.5523501e-01  -3.7322050e-03
   6.4000000e+02   8.5250806e-01   6.4482016e-03
   6.5600000e+02   8.5970116e-01   3.1030942e-04
   6.7200000e+02   8.4023044e-01   1.3487004e-03
   6.8800000e+02   8.4458724e-01  -3.6544850e-03
   7.0400000e+02   8.1981066e-01   2.4010675e-03
   7.2000000e+02   8.2423821e-01   6.6491708e-03
   7.3600000e+02   8.2146226e-01   5.5475506e-03
   7.5200000e+02   8.2308611e-01   7.0982674e-03
   7.6800000e+02   7.9995319e-01   9.2552327e-03
   7.8400000e+02   7.9881702e-01  -5.8344576e-03
   8.0000000e+02   8.0342857e-01  -3.9614532e-03
   8.1600000e+02   7.9384721e-01  -6.5988727e-03
   8.3200000e+02   7.8785217e-01  -4.2303251e-03
   8.4800000e+02   7.9496368e-01   3.7807003e-03
   8.6400000e+02   7.8891825e-01  -5.4518716e-03
   8.8000000e+02   7.7421550e-01  -2.9153613e-03
   8.9600000e+02   7.7591243e-01  -5.4756614e-03
   9.1200000e+02   7.6994373e-01  -5.9110084e-03
   9.2800000e+02   7.6382590e-01   5.3000967e-03
   9.4400000e+02   7.7178883e-01  -6.9914689e-03
   9.6000000e+02   7.4946135e-01  -1.0969471e-02
   9.7600000e+02   7.5967161e-01  -1.3534626e-03
   9.9200000e+02   7.5015437e-01  -2.6264661e-03
   1.0080000e+03   7.4404669e-01  -8.9052844e-03
   1.0240000e+03   7.4848976e-01   7.9162944e-03
   1.0400000e+03   7.4667288e-01   1.7228447e-03
   1.0560000e+03   7.3995940e-01   4.7523392e-03
   1.0720000e+03   7.4156036e-01   1.8413297e-02
   1.0880000e+03   7.3892789e-01   6.8467820e-03
   1.1040000e+03   7.4105522e-01  -4.3531641e-03
   1.1200000e+03   7.2992981e-01  -1.4351185e-03
   1.1360000e+03   7.2111433e-01  -1.1508444e-02
   1.1520000e+03   7.1357221e-01   5.9949899e-04
   1.1680000e+03   7.3162669e-01   1.4072290e-03
   1.1840000e+03   7.2889507e-01   9.5576291e-03
   1.2000000e+03   7.1322010e-01  -5.9525571e-03
   1.2160000e+03   7.0521236e-01   9.0954504e-03
   1.2320000e+03   7.1753347e-01   6.9981522e-03
   1.2480000e+03   7.0122239e-01  -8.2564201e-04
   1.2640000e+03   7.1407416e-01  -1.4699608e-03
   1.2800000e+03   7.0857265e-01  -3.7919747e-04
   1.2960000e+03   7.0446842e-01  -5.4371009e-03
   1.3120000e+03   6.8336937e-01  -1.1994608e-02
   1.3280000e+03   6.9017998e-01   1.1525834e-02
   1.3440000e+03   6.7803873e-01  -1.2249172e-04
   1.3600000e+03   6.9142097e-01   1.2918107e-03
   1.3760000e+03   6.8075140e-01  -6.3903327e-06
   1.3920000e+03   6.9354752e-01  -4.1192313e-04
   1.4080000e+03   6.8913014e-01  -1.5657841e-04
   1.4240000e+03   6.8272895e-01  -3.2566033e-04
   1.4400000e+03   6.6591961e-01   6.1191267e-03
   1.4560000e+03   6.8028377e-01  -9.6045160e-04
   1.4720000e+03   6.8227899e-01   1.3332077e-02
   1.4880000e+03   6.8054349e-01  -2.4620058e-03
   1.5040000e+03   6.7312885e-01   9.9018678e-04
   1.5200000e+03   6.7845133e-01   2.5608414e-03
   1.5360000e+03   6.6740901e-01   9.0102192e-03
   1.5520000e+03   6.6805892e-01  -3.7921583e-03
   1.5680000e+03   6.5956720e-01  -1.5467282e-03
   1.5840000e+03   6.7132607e-01   3.1828166e-04
   1.6000000e+03   6.7313056e-01  -9.0216976e-03
   1.6160000e+03   6.7051225e-01  -1.3673677e-02
   1.6320000e+03   6.5808338e-01  -7.4465297e-03
   1.6480000e+03   6.6194556e-01  -7.8437391e-03
   1.6640000e+03   6.6951568e-01   6.6053121e-03
   1.6800000e+03   6.6469094e-01  -6.3057817e-03
   1.6960000e+03   6.5963206e-01   2.6045800e-03
   1.7120000e+03   6.5299137e-01  -4.4423206e-03
   1.7280000e+03   6.5149771e-01   6.1636480e-03
   1.7440000e+03   6.4393641e-01  -3.7324973e-03
   1.7600000e+03   6.6100467e-01   4.6990985e-03
   1.7760000e+03   6.4395985e-01   7.1738589e-03
   1.7920000e+03   6.6458507e-01  -1.0686857e-03
   1.8080000e+03   6.5469682e-01   8.6503274e-03
   1.8240000e+03   6.4527044e-01   6.1918324e-03
   1.8400000e+03   6.4492930e-01   1.9036843e-03
   1.8560000e+03   6.3713992e-01  -6.1122220e-03
   1.8720000e+03   6.5259971e-01   9.6038333e-03
   1.8880000e+03   6.3726204e-01  -2.8986600e-03
   1.9040000e+03   6.5504793e-01  -3.1413709e-03
   1.9200000e+03   6.3688571e-01  -1.0751007e-03
   1.9360000e+03   6.5000275e-01  -3.6641583e-03
   1.9520000e+03   6.5193910e-01  -1.6690813e-03
   1.9680000e+03   6.3642496e-01   3.2908679e-03
   1.9840000e+03   6.3993156e-01   4.1341614e-03
   2.0000000e+03   6.3144028e-01   5.4164215e-03
   2.0160000e+03   6.3085175e-01  -4.2086492e-03
   2.0320000e+03   6.3635441e-01  -7.8651411e-04
   2.0480000e+03   6.3990317e-01   4.1440405e-03
   2.0640000e+03   6.3381068e-01   1.6850884e-03
   2.0800000e+03   6.3466703e-01  -1.1782185e-02
   2.0960000e+03   6.2952291e-01   2.3486006e-03
   2.1120000e+03   6.1399148e-01  -1.0770685e-02
   2.1280000e+03   6.3213732e-01  -1.8594017e-04
   2.1440000e+03   6.2362260e-01  -2.0504420e-03
   2.1600000e+03   6.2637842e-01  -1.5835563e-02
   2.1760000e+03   6.2186632e-01   1.4652616e-02
   2.1920000e+03   6.2870490e-01  -1.9731381e-03
   2.2080000e+03   6.3341856e-01  -6.1253058e-03
   2.2240000e+03   6.3299404e-01  -1.4089501e-03
   2.2400000e+03   6.2720679e-01   5.3431517e-03
   2.2560000e+03   6.2817444e-01  -1.1732809e-02
   2.2720000e+03   6.3696049e-01   8.4909765e-03
   2.2880000e+03   6.2993982e-01  -8.9161207e-03
   2.3040000e+03   6.1550624e-01  -4.4459417e-03
   2.3200000e+03   6.3314044e-01  -4.0572058e-03
   2.3360000e+03   6.2515881e-01   4.7817858e-03
   2.3520000e+03   6.1209316e-01   1.5295611e-03
   2.3680000e+03   6.2084944e-01   2.1349039e-02
   2.3840000e+03   6.2420256e-01  -6.7961336e-03
   2.4000000e+03   6.1815371e-01  -1.2821182e-02
   2.4160000e+03   6.1137110e-01  -8.0003202e-03
   2.4320000e+03   6.1507597e-01  -1.6293843e-03
   2.4480000e+03   6.1914886e-01  -7.3948649e-03
   2.4640000e+03   6.1895426e-01  -2.6090827e-03
   2.4800000e+03   6.2461671e-01   1.3143470e-02
   2.4960000e+03   6.2345741e-01  -3.8439238e-03
   2.5120000e+03   6.1596649e-01  -9.5377663e-03
   2.5280000e+03   6.2297539e-01   3.4477820e-03
   2.5440000e+03   6.3147511e-01  -9.1261074e-03
   2.5600000e+03   6.1662240e-01  -6.0650034e-03
   2.5760000e+03   6.1031268e-01  -4.6971510e-03
   2.5920000e+03   6.3156711e-01   6.5495029e-03
   2.6080000e+03   6.2287386e-01   6.5901822e-03
   2.6240000e+03   6.1131667e-01  -5.8957441e-03
   2.6400000e+03   6.0679740e-01   4.2094681e-03
   2.6560000e+03   6.0656573e-01   6.4791554e-03
   2.6720000e+03   6.2270310e-01   2.0499809e-03
   2.6880000e+03   6.1476295e-01   8.5155395e-04
   2.7040000e+03   6.2513187e-01  -3.3777594e-03
   2.7200000e+03   6.1361495e-01   2.0082672e-02
   2.7360000e+03   6.2038071e-01  -1.5173494e-03
   2.7520000e+03   6.2002475e-01   4.0476090e-03
   2.7680000e+03   6.1219427e-01  -5.6091050e-03
   2.7840000e+03   6.1070756e-01  -3.2465321e-03
   2.8000000e+03   6.1327592e-01   1.3844665e-03
   2.8160000e+03   6.1234976e-01   3.9285329e-03
   2.8320000e+03   6.1460117e-01  -5.0734789e-03
   2.8480000e+03   6.2596308e-01   6.5896332e-03
   2.8640000e+03   6.0192452e-01  -5.8320388e-03
   2.8800000e+03   6.2847265e-01  -4.4574849e-03
   2.8960000e+03   6.0859941e-01   4.8737394e-03
   2.9120000e+03   6.0512307e-01  -2.0843111e-04
   2.9280000e+03   6.1830269e-01   5.7065076e-03
   2.9440000e+03   6.0050153e-01  -1.6150233e-04
   2.9600000e+03   6.1452647e-01   2.1037191e-03
   2.9760000e+03   6.2003315e-01   1.2562535e-03
   2.9920000e+03   6.0315373e-01   4.0329997e-03
   3.0080000e+03   6.1427067e-01  -5.2229158e-03
   3.0240000e+03   6.2736780e-01   3.6632493e-03
   3.0400000e+03   6.1673653e-01  -1.3510729e-03
   3.0560000e+03   6.0174000e-01  -1.1145187e-04
   3.0720000e+03   6.1481647e-01   1.7573707e-03
   3.0880000e+03   6.1494184e-01   1.6324029e-02
   3.1040000e+03   6.1265488e-01   1.2438045e-02
   3.1200000e+03   6.0506206e-01  -7.7209512e-04
   3.1360000e+03   6.2292232e-01   1.2167493e-03
   3.1520000e+03   6.1965063e-01   6.9707861e-03
   3.1680000e+03   6.0077473e-01  -1.0145739e-03
   3.1840000e+03   6.1282762e-01  -1.7549298e-03
   3.2000000e+03   6.0791387e-01   7.0409045e-03
   3.2160000e+03   6.1090194e-01  -8.3712510e-04
   3.2320000e+03   6.0768145e-01   2.2640894e-03
   3.2480000e+03   6.1204027e-01  -2.9507508e-03
   3.2640000e+03   6.0944912e-01   5.0707405e-04
   3.2800000e+03   6.0659108e-01   1.2082100e-03
   3.2960000e+03   6.1075778e-01  -2.7755538e-03
   3.3120000e+03   6.2112122e-01  -6.1600572e-03
   3.3280000e+03   6.1004839e-01  -1.6783835e-03
   3.3440000e+03   6.1959403e-01   1.3590832e-03
   3.3600000e+03   6.1006096e-01   2.0510496e-03
   3.3760000e+03   6.0766502e-01  -6.2707440e-03
   3.3920000e+03   6.0898389e-01   4.4531451e-03
   3.4080000e+03   6.0853939e-01   2.9571443e-03
   3.4240000e+03   6.0187494e-01  -3.1820345e-03
   3.4400000e+03   6.1852708e-01   6.2715005e-03
   3.4560000e+03   6.1177405e-01  -4.0484161e-05
   3.4720000e+03   6.0825768e-01  -8.6304245e-03
   3.4880000e+03   6.0871348e-01  -4.5311766e-03
   3.5040000e+03   6.0769376e-01  -4.4591246e-03
   3.5200000e+03   6.1560108e-01  -2.4911825e-03
   3.5360000e+03   6.0354339e-01   3.0177704e-03
   3.5520000e+03   6.1671722e-01   5.6103912e-03
   3.5680000e+03   6.1653180e-01  -4.0983733e-03
   3.5840000e+03   6.1180944e-01  -6.4644357e-03
   3.6000000e+03   6.1189002e-01   2.9105478e-03
   3.6160000e+03   6.1079415e-01   6.4615211e-03
   3.6320000e+03   6.0368807e-01  -1.4917852e-03
   3.6480000e+03   5.9932972e-01  -6.1976700e-03
   3.6640000e+03   6.0267382e-01  -6.7757565e-03
   3.6800000e+03   5.8922853e-01   6.2169862e-03
   3.6960000e+03   6.0159843e-01  -4.3398162e-03
   3.7120000e+03   6.1632044e-01  -7.1488150e-03
   3.7280000e+03   6.1615916e-01   5.2082736e-03
   3.7440000e+03   6.0543527e-01   2.6284671e-03
   3.7600000e+03   6.1261726e-01  -4.0662470e-03
   3.7760000e+03   6.0513420e-01   8.4506462e-03
   3.7920000e+03   5.9960984e-01   3.6044108e-03
   3.8080000e+03   6.1383265e-01   8.9264136e-03
   3.8240000e+03   6.1204870e-01  -1.1311863e-03
   3.8400000e+03   6.0105553e-01   2.4673225e-03
   3.8560000e+03   6.0897851e-01   6.0404868e-03
   3.8720000e+03   6.1565415e-01  -5.4553794e-03
   3.8880000e+03   5.9554230e-01  -1.3381627e-03
   3.9040000e+03   6.0881093e-01  -3.1619525e-03
   3.9200000e+03   6.1092316e-01   1.0639167e-02
   3.9360000e+03   6.1495670e-01   1.0758323e-02
   3.9520000e+03   6.0308123e-01   5.9348500e-03
   3.9680000e+03   6.1401594e-01  -1.0305552e-02
   3.9840000e+03   6.1642232e-01  -3.4658619e-03
   4.0000000e+03   6.1529110e-01  -1.6456402e-02
   4.0160000e+03   6.1863548e-01  -2.1022827e-03
   4.0320000e+03   6.1152551e-01   4.2931711e-03
   4.0480000e+03   6.1069139e-01   2.1653086e-03
   4.0640000e+03   6.1522317e-01  -8.4934082e-03
   4.0800000e+03   6.0906496e-01  -6.8313527e-03
   4.0960000e+03   6.0758759e-01   1.2665266e-02
   4.1120000e+03   6.1139384e-01   2.5686780e-03
   4.1280000e+03   6.1098936e-01  -7.6354163e-03
   4.1440000e+03   6.2010188e-01   1.0621971e-03
   4.1600000e+03   6.0547181e-01  -4.0113780e-03
   4.1760000e+03   6.1972541e-01  -9.9194859e-03
   4.1920000e+03   6.1243438e-01   2.8934908e-03
   4.2080000e+03   5.9818130e-01  -1.3529522e-02
   4.2240000e+03   6.1322764e-01  -4.9955255e-03
   4.2400000e+03   6.1724772e-01  -1.4432764e-02
   4.2560000e+03   6.0466263e-01   3.6480519e-03
   4.2720000e+03   5.9985512e-01  -3.3909231e-03
   4.2880000e+03   6.1937556e-01   9.6105747e-03
   4.3040000e+03   6.0241061e-01  -5.0418555e-04
   4.3200000e+03   6.0660670e-01   3.2609819e-03
   4.3360000e+03   6.1403801e-01  -5.8192740e-03
   4.3520000e+03   6.1367041e-01  -5.6150683e-03
   4.3680000e+03   6.1147225e-01   5.6208579e-03
   4.3840000e+03   6.0747754e-01   1.2504450e-03
   4.4000000e+03   6.1210866e-01   5.7841424e-03
   4.4160000e+03   6.1059312e-01  -3.5962442e-03
   4.4320000e+03   6.1662633e-01   9.6221388e-03
   4.4480000e+03   6.0435776e-01  -4.8530235e-03
   4.4640000e+03   6.1121361e-01  -7.9495621e-03
   4.4800000e+03   6.0990183e-01  -2.1823785e-03
   4.4960000e+03   6.1550460e-01  -6.1682728e-03
   4.5120000e+03   6.0635043e-01   4.2954845e-03
   4.5280000e+03   6.1851725e-01  -3.9282348e-03
   4.5440000e+03   6.0513982e-01   1.9431917e-03
   4.5600000e+03   6.0302462e-01  -4.6919303e-03
   4.5760000e+03   6.1161274e-01   5.3846529e-03
   4.5920000e+03   6.0670897e-01  -1.2109118e-03
   4.6080000e+03   6.0546620e-01  -4.6774689e-03
   4.6240000e+03   6.0546684e-01   5.0571649e-04
   4.6400000e+03   5.9710915e-01   6.7249854e-04
   4.6560000e+03   6.0429230e-01   7.9101399e-03
   4.6720000e+03   6.0219140e-01   7.8454144e-03
   4.6880000e+03   6.0161783e-01   4.8955239e-03
   4.7040000e+03   6.1554824e-01  -6.9559600e-03
   4.7200000e+03   6.0539307e-01   3.0230230e-03
   4.7360000e+03   6.0234917e-01   4.0891228e-03
   4.7520000e+03   5.9994943e-01  -9.9738667e-04
   4.7680000e+03   6.0049909e-01   1.2415454e-02
   4.7840000e+03   5.9461675e-01   3.4902773e-03
   4.8000000e+03   5.9675796e-01   1.2125271e-02
   4.8160000e+03   6.1245681e-01  -2.4604143e-03
   4.8320000e+03   6.1018955e-01   1.3506003e-02
   4.8480000e+03   6.0047253e-01   8.5351655e-04
   4.8640000e+03   6.1119967e-01   1.5623505e-03
   4.8800000e+03   6.0562547e-01  -8.9059650e-03
   4.8960000e+03   6.1079764e-01   3.7703154e-03
   4.9120000e+03   5.9896785e-01   9.1187190e-03
   4.9280000e+03   6.0531889e-01  -3.1251936e-03
   4.9440000e+03   6.0050068e-01  -3.0118557e-03
   4.9600000e+03   5.9745947e-01  -7.6489906e-03
   4.9760000e+03   6.0460655e-01   3.9561786e-03
   4.9920000e+03   5.9416945e-01   2.9796238e-03
   5.0080000e+03   5.9808813e-01  -1.3684696e-03
   5.0240000e+03   6.0109186e-01   2.0562714e-03
   5.0400000e+03   5.9859701e-01   1.0859963e-02
   5.0560000e+03   5.9885336e-01  -6.4448978e-03
   5.0720000e+03   6.0515034e-01  -6.7258288e-03
   5.0880000e+03   6.0055611e-01   3.2145073e-03
   5.1040000e+03   5.8592587e-01   7.4683894e-03
   5.1200000e+03   5.9344555e-01   2.7338625e-03
   5.1360000e+03   6.0822204e-01  -1.6739456e-03
   5.1520000e+03   5.9071193e-01  -2.6543993e-03
   5.1680000e+03   5.9845461e-01   1.1058532e-03
   5.1840000e+03   5.9000060e-01  -3.4961945e-03
   5.2000000e+03   6.1306551e-01  -1.4423942e-03
   5.2160000e+03   6.0578492e-01  -2.0813792e-04
   5.2320000e+03   6.0136909e-01   2.6186214e-03
   5.2480000e+03   6.0200181e-01  -7.7415322e-03
   5.2640000e+03   5.9752803e-01  -1.0476531e-03
   5.2800000e+03   6.0776497e-01   2.3115627e-03
   5.2960000e+03   5.9959387e-01   1.1074590e-02
   5.3120000e+03   5.9611931e-01  -8.2493992e-04
   5.3280000e+03   6.0511257e-01  -1.1709726e-02
   5.3440000e+03   6.1157846e-01  -7.6884246e-03
   5.3600000e+03   5.9751382e-01   4.2090012e-03
   5.3760000e+03   5.9782502e-01   9.2717548e-03
   5.3920000e+03   5.8584657e-01  -5.6149928e-03
   5.4080000e+03   5.8226314e-01  -1.4935515e-03
   5.4240000e+03   6.1250653e-01   1.6620239e-03
   5.4400000e+03   6.0092992e-01   2.2167427e-03
   5.4560000e+03   5.9648699e-01   1.3681421e-03
   5.4720000e+03   5.8302392e-01   6.2379946e-04
   5.4880000e+03   5.8686008e-01  -4.6117741e-03
   5.5040000e+03   5.8901271e-01  -4.6607892e-03
   5.5200000e+03   6.0384284e-01   8.3568060e-03
   5.5360000e+03   5.9435452e-01  -6.7041598e-04
   5.5520000e+03   6.0099123e-01   5.2979726e-03
   5.5680000e+03   5.9290252e-01  -3.7192647e-03
   5.5840000e+03   5.9803500e-01  -2.1993206e-03
   5.6000000e+03   5.9796124e-01  -8.9672060e-03
   5.6160000e+03   5.9014305e-01   4.1814277e-03
   5.6320000e+03   5.9061148e-01   1.0762763e-03
   5.6480000e+03   5.8903527e-01  -7.5608517e-03
   5.6640000e+03   5.8973447e-01   3.5560073e-03
   5.6800000e+03   6.0768927e-01   3.1771076e-03
   5.6960000e+03   5.9823064e-01   1.1806517e-02
   5.7120000e+03   6.0187788e-01   3.2615938e-03
   5.7280000e+03   5.9818854e-01  -7.2996336e-03
   5.7440000e+03   5.9449718e-01  -1.2709483e-02
   5.7600000e+03   5.9875374e-01  -1.4926854e-02
   5.7760000e+03   5.8674240e-01  -5.3309909e-03
   5.7920000e+03   5.8490305e-01   9.7871677e-03
   5.8080000e+03   5.8870240e-01   3.0633218e-03
   5.8240000e+03   5.9690179e-01   8.6084629e-03
   5.8400000e+03   6.0061018e-01   8.3134422e-03
   5.8560000e+03   5.9390100e-01  -5.3982708e-03
   5.8720000e+03   5.9316886e-01   3.9911537e-03
   5.8880000e+03   5.9204545e-01  -8.3932116e-03
   5.9040000e+03   5.9321489e-01  -1.1242298e-02
   5.9200000e+03   5.9503323e-01   5.0884485e-03
   5.9360000e+03   5.9408883e-01  -7.1226251e-03
   5.9520000e+03   5.8707542e-01  -1.1010889e-02
   5.9680000e+03   5.8663627e-01   6.9916916e-03
   5.9840000e+03   5.8916984e-01  -4.2429012e-04
   6.0000000e+03   6.0074952e-01  -1.2690144e-02
   6.0160000e+03   5.8555324e-01   8.1804525e-04
   6.0320000e+03   5.7775682e-01   8.7176631e-04
   6.0480000e+03   5.8366411e-01  -7.9574795e-04
   6.0640000e+03   5.8337576e-01   7.9354455e-04
   6.0800000e+03   5.8784661e-01  -8.2318371e-03
   6.0960000e+03   5.8819408e-01  -3.0988941e-03
   6.1120000e+03   5.9383449e-01  -1.5535099e-02
   6.1280000e+03   5.9211928e-01   1.9299714e-02
   6.1440000e+03   5.8406983e-01  -1.0601554e-03
   6.1600000e+03   5.8906094e-01   2.1430396e-03
   6.1760000e+03   5.7873409e-01  -8.6348067e-04
   6.1920000e+03   5.8528705e-01  -8.1101574e-04
   6.2080000e+03   5.7994932e-01  -2.2378481e-03
   6.2240000e+03   5.9094739e-01   6.5884635e-04
   6.2400000e+03   5.8101579e-01  -1.0596225e-02
   6.2560000e+03   5.8924472e-01  -5.2882722e-03
   6.2720000e+03   5.8678257e-01   6.3140234e-03
   6.2880000e+03   5.8634130e-01   4.5567883e-03
   6.3040000e+03   5.7928266e-01   2.4589417e-03
   6.3200000e+03   5.8257221e-01  -3.4236744e-03
   6.3360000e+03   5.7506706e-01   6.9454968e-04
   6.3520000e+03   5.7765522e-01   4.2327109e-03
   6.3680000e+03   5.7713377e-01  -2.7248845e-03
   6.3840000e+03   5.8100245e-01  -1.1951914e-02
   6.4000000e+03   5.8248818e-01   7.3466280e-03
   6.4160000e+03   5.8425952e-01  -1.0552357e-02
   6.4320000e+03   5.8949682e-01  -5.3362022e-03
   6.4480000e+03   5.8741400e-01  -2.7707784e-03
   6.4640000e+03   5.8855317e-01  -1.1981142e-02
   6.4800000e+03   5.9222931e-01   8.7422938e-03
   6.4960000e+03   5.7901214e-01   5.9609880e-03
   6.5120000e+03   5.8538023e-01   2.0286127e-03
   6.5280000e+03   5.8547968e-01  -5.6840179e-03
   6.5440000e+03   5.8512101e-01  -3.2572037e-03
   6.5600000e+03   5.8747396e-01   5.4205347e-03
   6.5760000e+03   5.7829816e-01   8.4973907e-03
   6.5920000e+03   5.8134791e-01  -6.8482678e-03
   6.6080000e+03   5.8622385e-01  -5.3962045e-03
   6.6240000e+03   5.8949101e-01   1.1414948e-02
   6.6400000e+03   5.8864426e-01  -7.7860755e-03
   6.6560000e+03   5.7691321e-01  -7.8348387e-03
   6.6720000e+03   5.8052781e-01   5.2278123e-04
   6.6880000e+03   5.7697184e-01  -7.4644480e-03
   6.7040000e+03   5.8285123e-01   5.0070278e-03
   6.7200000e+03   5.7345901e-01  -3.2198173e-03
   6.7360000e+03   5.8756237e-01  -1.8291047e-02
   6.7520000e+03   5.8041220e-01  -3.1116181e-03
   6.7680000e+03   5.8353067e-01   4.4743825e-03
   6.7840000e+03   5.8561321e-01   1.6328943e-03
   6.8000000e+03   5.8208699e-01  -1.3515543e-02
   6.8160000e+03   5.7932412e-01   7.0508626e-04
   6.8320000e+03   5.7525157e-01   4.8236171e-04
   6.8480000e+03   5.7255493e-01  -1.2819172e-02
   6.8640000e+03   5.8142113e-01   1.1046371e-02
   6.8800000e+03   5.7622493e-01  -5.6067292e-03
   6.8960000e+03   5.7011061e-01   5.8130874e-03
   6.9120000e+03   5.8317520e-01   3.3824121e-04
   6.9280000e+03   5.7571474e-01   2.3160130e-04
   6.9440000e+03   5.7883519e-01  -8.1666792e-03
   6.9600000e+03   5.8056282e-01  -8.5310175e-03
   6.9760000e+03   5.6559659e-01  -3.2299025e-03
   6.9920000e+03   5.8677758e-01  -9.7945067e-03
   7.0080000e+03   5.8382445e-01  -3.5759454e-03
   7.0240000e+03   5.8802317e-01  -1.4077070e-03
   7.0400000e+03   5.7303205e-01  -2.7717446e-03
   7.0560000e+03   5.6806833e-01  -6.9028196e-03
   7.0720000e+03   5.8125101e-01  -3.8528139e-03
   7.0880000e+03   5.8277849e-01   1.5219439e-03
   7.1040000e+03   5.7634648e-01  -1.1033961e-02
   7.1200000e+03   5.6734102e-01   5.2008501e-03
   7.1360000e+03   5.8792726e-01   2.6892338e-03
   7.1520000e+03   5.6809284e-01  -1.3717654e-02
   7.1680000e+03   5.7350148e-01   1.8216032e-03
   7.1840000e+03   5.7355819e-01  -2.7441103e-03
   7.2000000e+03   5.7275559e-01   4.4049669e-03
   7.2160000e+03   5.6580907e-01  -3.5410507e-03
   7.2320000e+03   5.6891874e-01   1.1223261e-03
   7.2480000e+03   5.7783088e-01  -2.4599256e-03
   7.2640000e+03   5.6573615e-01  -1.0935301e-02
   7.2800000e+03   5.7524763e-01   2.0824982e-03
   7.2960000e+03   5.7861476e-01  -7.4877543e-03
   7.3120000e+03   5.6795439e-01  -5.2117405e-03
   7.3280000e+03   5.6616503e-01  -3.8398078e-03
   7.3440000e+03   5.7200517e-01   7.3337404e-03
   7.3600000e+03   5.6628109e-01   6.8463019e-04
   7.3760000e+03   5.6328953e-01   3.1807118e-03
   7.3920000e+03   5.7451753e-01   1.2889496e-03
   7.4080000e+03   5.6210217e-01  -3.2153258e-04
   7.4240000e+03   5.5965010e-01  -2.6643862e-03
   7.4400000e+03   5.8310488e-01   8.5906974e-04
   7.4560000e+03   5.7017796e-01   5.5833028e-03
   7.4720000e+03   5.6810258e-01   5.2572611e-03
   7.4880000e+03   5.6808824e-01   1.1573902e-02
   7.5040000e+03   5.6891010e-01   9.7427341e-03
   7.5200000e+03   5.6726135e-01  -3.9189602e-03
   7.5360000e+03   5.8062112e-01   9.9760312e-03
   7.5520000e+03   5.6738497e-01  -1.3411934e-02
   7.5680000e+03   5.6585147e-01   1.1015571e-02
   7.5840000e+03   5.8085352e-01   5.8649009e-03
   7.6000000e+03   5.7327465e-01   4.9260239e-03
   7.6160000e+03   5.6056644e-01  -1.2904557e-02
   7.6320000e+03   5.6619187e-01   4.8541271e-03
   7.6480000e+03   5.5165693e-01  -6.1024124e-03
   7.6640000e+03   5.6703903e-01  -5.5109496e-03
   7.6800000e+03   5.7657020e-01  -1.0279525e-02
   7.6960000e+03   5.7000590e-01  -2.7028430e-03
   7.7120000e+03   5.7777166e-01  -3.9151432e-03
   7.7280000e+03   5.6207418e-01  -1.0662663e-03
   7.7440000e+03   5.6480023e-01  -1.1330037e-03
   7.7600000e+03   5.5469091e-01   2.8719610e-04
   7.7760000e+03   5.6466472e-01  -4.5463965e-03
   7.7920000e+03   5.6247198e-01  -1.4806394e-02
   7.8080000e+03   5.6452083e-01   2.4624168e-03
   7.8240000e+03   5.7799135e-01  -8.0349031e-04
   7.8400000e+03   5.6670098e-01   2.5422305e-03
   7.8560000e+03   5.5327474e-01  -6.0191050e-03
   7.8720000e+03   5.7339768e-01  -1.0365985e-03
   7.8880000e+03   5.6991446e-01  -2.4206427e-03
   7.9040000e+03   5.7006035e-01   1.5808892e-03
   7.9200000e+03   5.5354531e-01  -5.2788614e-03
   7.9360000e+03   5.7213812e-01  -4.5751501e-03
   7.9520000e+03   5.5548200e-01   4.0065979e-03
   7.9680000e+03   5.7034186e-01  -3.4167828e-03
   7.9840000e+03   5.6496018e-01  -6.1919941e-04
   8.0000000e+03   5.6047832e-01  -1.0109495e-02
   8.0160000e+03   5.6304575e-01   6.5001335e-03
   8.0320000e+03   5.7126041e-01   7.4896584e-03
   8.0480000e+03   5.7100065e-01  -3.7758032e-03
   8.0640000e+03   5.5561776e-01   9.7757911e-03
   8.0800000e+03   5.5257468e-01   5.7232322e-04
   8.0960000e+03   5.5857918e-01  -7.0680579e-03
   8.1120000e+03   5.6290243e-01   1.1528013e-04
   8.1280000e+03   5.6008762e-01   3.1450362e-03
   8.1440000e+03   5.5451592e-01   6.6256634e-03
   8.1600000e+03   5.5119548e-01  -2.9046941e-03
   8.1760000e+03   5.5808536e-01   7.1775589e-03
   8.1920000e+03   5.5925644e-01  -8.5874405e-03
   8.2080000e+03   5.7703591e-01  -9.7035981e-03
   8.2240000e+03   5.6170483e-01   9.6789903e-04
   8.2400000e+03   5.5122700e-01  -1.8556551e-03
   8.2560000e+03   5.7410223e-01   1.0047546e-02
   8.2720000e+03   5.6161951e-01   1.8044270e-03
   8.2880000e+03   5.6690180e-01  -3.1025617e-03
   8.3040000e+03   5.6271191e-01   1.2176215e-03
   8.3200000e+03   5.5958294e-01  -1.3161611e-02
   8.3360000e+03   5.5023922e-01   9.5852472e-03
   8.3520000e+03   5.5466571e-01   6.2112742e-04
   8.3680000e+03   5.5246691e-01  -1.2457306e-02
   8.3840000e+03   5.6293029e-01  -1.0280978e-03
   8.4000000e+03   5.5053291e-01   2.3372887e-03
   8.4160000e+03   5.5780116e-01  -6.6693964e-03
   8.4320000e+03   5.6140086e-01   1.9461051e-03
   8.4480000e+03   5.5480000e-01  -2.6131826e-03
   8.4640000e+03   5.4720516e-01  -6.4477664e-03
   8.4800000e+03   5.5425060e-01   6.2452221e-03
   8.4960000e+03   5.6286279e-01  -7.6219302e-03
   8.5120000e+03   5.6854037e-01   2.3686549e-03
   8.5280000e+03   5.4217748e-01  -6.7664136e-03
   8.5440000e+03   5.5416516e-01  -3.8315725e-03
   8.5600000e+03   5.5856512e-01   1.1765694e-02
   8.5760000e+03   5.5031489e-01   4.6726696e-03
   8.5920000e+03   5.4371075e-01  -7.9634526e-03
   8.6080000e+03   5.5853623e-01  -5.5003298e-03
   8.6240000e+03   5.5580116e-01  -8.3356880e-03
   8.6400000e+03   5.5420913e-01   5.5180550e-03
   8.6560000e+03   5.4687059e-01   8.6380039e-03
   8.6720000e+03   5.4348439e-01   1.3633573e-02
   8.6880000e+03   5.4506281e-01   4.7296685e-03
   8.7040000e+03   5.4736528e-01   9.8614274e-03
   8.7200000e+03   5.4856191e-01  -1.9272121e-03
   8.7360000e+03   5.5351894e-01  -2.6687958e-04
   8.7520000e+03   5.5340553e-01  -2.2341409e-03
   8.7680000e+03   5.5026018e-01   4.6622283e-03
   8.7840000e+03   5.5203430e-01   7.8957891e-03
   8.8000000e+03   5.5404634e-01   4.2921505e-03
   8.8160000e+03   5.4680109e-01  -5.6749276e-03
   8.8320000e+03   5.5704252e-01   5.5902336e-04
   8.8480000e+03   5.4318386e-01  -6.7102251e-03
   8.8640000e+03   5.4335753e-01   6.0337794e-03
   8.8800000e+03   5.4509715e-01   1.8914978e-02
   8.8960000e+03   5.4017821e-01   4.7743214e-03
   8.9120000e+03   5.3921994e-01   9.7608821e-03
   8.9280000e+03   5.4932758e-01  -4.7704166e-03
   8.9440000e+03   5.5636072e-01   7.3970249e-03
   8.9600000e+03   5.4686601e-01  -8.2614980e-03
   8.9760000e+03   5.4021768e-01  -6.0540505e-03
   8.9920000e+03   5.3998287e-01   6.0290718e-05
   9.0080000e+03   5.4523920e-01  -2.3161478e-03
   9.0240000e+03   5.5714944e-01  -1.6002906e-03
   9.0400000e+03   5.4163910e-01  -9.8648745e-04
   9.0560000e+03   5.4668177e-01   2.4385827e-03
   9.0720000e+03   5.4422872e-01   7.5075551e-03
   9.0880000e+03   5.3473164e-01  -1.0057992e-02
   9.1040000e+03   5.5387021e-01   5.3093358e-03
   9.1200000e+03   5.4293196e-01   6.4577821e-03
   9.1360000e+03   5.4756763e-01   6.1017365e-03
   9.1520000e+03   5.4117313e-01  -1.3025749e-02
   9.1680000e+03   5.4676544e-01  -9.5843725e-04
   9.1840000e+03   5.5385096e-01  -5.7781284e-03
   9.2000000e+03   5.3791501e-01   7.3615063e-03
   9.2160000e+03   5.4673128e-01   1.8515490e-03
   9.2320000e+03   5.5027182e-01  -1.3696878e-03
   9.2480000e+03   5.3886325e-01  -7.0070589e-03
   9.2640000e+03   5.4406695e-01   5.1079671e-03
   9.2800000e+03   5.3612813e-01   1.3603812e-03
   9.2960000e+03   5.3681749e-01  -3.4798578e-03
   9.3120000e+03   5.4791881e-01  -3.0223311e-04
   9.3280000e+03   5.3977480e-01  -1.3375383e-02
   9.3440000e+03   5.4244682e-01   1.6453032e-02
   9.3600000e+03   5.5049513e-01  -4.6712704e-03
   9.3760000e+03   5.4197910e-01   3.3163489e-03
   9.3920000e+03   5.4096659e-01   9.8735824e-03
   9.4080000e+03   5.2756671e-01   1.1604247e-02
   9.4240000e+03   5.4977367e-01   9.5387130e-03
   9.4400000e+03   5.3901790e-01  -4.6257987e-03
   9.4560000e+03   5.3921221e-01  -1.9861190e-04
   9.4720000e+03   5.4044221e-01   5.5463305e-04
   9.4880000e+03   5.4388925e-01  -4.4251673e-03
   9.5040000e+03   5.3840820e-01  -3.2390581e-03
   9.5200000e+03   5.4857122e-01   4.4757553e-03
   9.5360000e+03   5.2396921e-01   5.9240686e-03
   9.5520000e+03   5.4259675e-01  -1.6374289e-03
   9.5680000e+03   5.4174368e-01   2.5026299e-03
   9.5840000e+03   5.3229027e-01   2.0244588e-03
   9.6000000e+03   5.3691455e-01   4.2160598e-03
   9.6160000e+03   5.3444083e-01   3.6715084e-03
   9.6320000e+03   5.5403458e-01  -4.6130805e-03
   9.6480000e+03   5.3782914e-01  -8.2203135e-03
   9.6640000e+03   5.2330977e-01   7.3175683e-03
   9.6800000e+03   5.3910840e-01   2.9638571e-03
   9.6960000e+03   5.3528039e-01  -4.1260519e-03
   9.7120000e+03   5.3051293e-01   9.1029630e-03
   9.7280000e+03   5.3570806e-01  -1.9676657e-03
   9.7440000e+03   5.2481181e-01   8.5075526e-03
   9.7600000e+03   5.3860275e-01  -1.3272470e-02
   9.7760000e+03   5.2823588e-01  -4.4864027e-04
   9.7920000e+03   5.4249184e-01   2.8042762e-03
   9.8080000e+03   5.2230666e-01   2.9425172e-03
   9.8240000e+03   5.4126520e-01   9.0258573e-03
   9.8400000e+03   5.3127616e-01  -2.9296822e-03
   9.8560000e+03   5.2739830e-01   1.0873474e-02
   9.8720000e+03   5.4053430e-01  -1.1091869e-02
   9.8880000e+03   5.3229721e-01   5.4030616e-03
   9.9040000e+03   5.3465166e-01   2.3981969e-03
   9.9200000e+03   5.2848259e-01  -4.0715755e-03
   9.9360000e+03   5.4381006e-01  -4.8297677e-04
   9.9520000e+03   5.3179659e-01   6.0792773e-03
   9.9680000e+03   5.3436119e-01  -1.0238338e-03
   9.9840000e+03   5.3026538e-01   3.0020634e-03
   1.0000000e+04   5.5010800e-01  -4.3332288e-03
   1.0016000e+04   5.1865634e-01  -5.5817702e-03
   1.0032000e+04   5.4668472e-01   5.8000633e-03
   1.0048000e+04   5.2505100e-01   9.4465239e-04
   1.0064000e+04   5.2439300e-01  -1.3848582e-03
   1.0080000e+04   5.4464961e-01   7.0609532e-03
   1.0096000e+04   5.3514457e-01   3.4356579e-03
   1.0112000e+04   5.1816857e-01  -1.7940616e-03
   1.0128000e+04   5.3626946e-01   7.0836878e-03
   1.0144000e+04   5.1583188e-01   6.0144597e-03
   1.0160000e+04   5.2986134e-01   5.7220157e-04
   1.0176000e+04   5.3043777e-01   2.3873271e-03
   1.0192000e+04   5.3317267e-01   4.2981635e-04
   1.0208000e+04   5.2578416e-01   7.4364733e-03
   1.0224000e+04   5.3504170e-01   7.1370359e-03
   1.0240000e+04   5.2102855e-01  -2.2976495e-03
   1.0256000e+04   5.2462578e-01  -1.6905701e-04
   1.0272000e+04   5.3849266e-01   6.3965861e-03
   1.0288000e+04   5.3311122e-01   1.5114612e-03
   1.0304000e+04   5.2758418e-01  -2.0581220e-02
   1.0320000e+04   5.2399071e-01   1.5552324e-02
   1.0336000e+04   5.3240502e-01  -4.5477296e-03
   1.0352000e+04   5.3010888e-01  -1.7978644e-02
   1.0368000e+04   5.3125474e-01   8.7517693e-03
   1.0384000e+04   5.2352075e-01   9.6151059e-03
   1.0400000e+04   5.2055620e-01  -1.1491313e-02
   1.0416000e+04   5.1445144e-01  -6.5144222e-03
   1.0432000e+04   5.2841980e-01   5.8180624e-03
   1.0448000e+04   5.2991173e-01   9.1907533e-03
   1.0464000e+04   5.3060383e-01  -1.2629853e-03
   1.0480000e+04   5.1744983e-01  -4.4196920e-03
   1.0496000e+04   5.3348839e-01   3.3755179e-03
   1.0512000e+04   5.2596595e-01   1.9242896e-03
   1.0528000e+04   5.3105024e-01  -2.8153677e-03
   1.0544000e+04   5.1926926e-01  -3.4601025e-03
   1.0560000e+04   5.2350969e-01   1.2612408e-02
   1.0576000e+04   5.1255604e-01   3.0515568e-03
   1.0592000e+04   5.3138600e-01   4.2334892e-03
   1.0608000e+04   5.3556737e-01  -5.4712714e-03
   1.0624000e+04   5.2690406e-01  -6.5598585e-03
   1.0640000e+04   5.2871293e-01   4.9933237e-03
   1.0656000e+04   5.1892140e-01   5.4817641e-03
   1.0672000e+04   5.1941652e-01  -9.0451842e-04
   1.0688000e+04   5.1092456e-01   4.4322969e-04
   1.0704000e+04   5.1962513e-01   2.8378990e-03
   1.0720000e+04   5.2229253e-01   2.5660848e-03
   1.0736000e+04   5.1208242e-01  -1.3351941e-02
   1.0752000e+04   5.1790003e-01  -5.3297829e-03
   1.0768000e+04   5.1941882e-01   8.2567276e-03
   1.0784000e+04   5.1438572e-01  -5.8682644e-04
   1.0800000e+04   5.1401573e-01  -1.2288194e-02
   1.0816000e+04   5.1638056e-01   1.2537968e-03
   1.0832000e+04   5.2501412e-01   1.0433565e-03
   1.0848000e+04   5.1966514e-01   3.2009221e-03
   1.0864000e+04   5.1641158e-01   2.2185540e-03
   1.0880000e+04   5.2071690e-01   2.5666496e-03
   1.0896000e+04   5.0783611e-01  -1.6656498e-03
   1.0912000e+04   5.2928413e-01   3.7162264e-03
   1.0928000e+04   5.0917575e-01   2.9869346e-03
   1.0944000e+04   5.1938606e-01   8.7018170e-03
   1.0960000e+04   5.1405710e-01   4.6276306e-03
   1.0976000e+04   5.2239752e-01  -2.4218070e-03
   1.0992000e+04   5.1523019e-01   9.3430333e-03
   1.1008000e+04   5.1477230e-01  -2.3015605e-03
   1.1024000e+04   5.1630973e-01   9.8563161e-03
   1.1040000e+04   5.0673802e-01  -2.5243175e-03
   1.1056000e+04   5.1899109e-01  -2.2418430e-03
   1.1072000e+04   5.0499666e-01   1.3289012e-02
   1.1088000e+04   5.2252497e-01  -1.8355831e-03
   1.1104000e+04   5.3517728e-01   4.5604702e-03
   1.1120000e+04   5.2491555e-01   2.4389601e-03
   1.1136000e+04   5.1433502e-01   2.0304498e-03
   1.1152000e+04   5.1165816e-01  -1.2616348e-03
   1.1168000e+04   5.1256051e-01  -6.1395187e-03
   1.1184000e+04   5.2925075e-01  -1.0864905e-02
   1.1200000e+04   5.1956936e-01  -1.5061559e-03
   1.1216000e+04   5.1046383e-01   5.5249238e-03
   1.1232000e+04   5.1180259e-01  -3.1423295e-03
   1.1248000e+04   5.2092414e-01  -3.2102140e-03
   1.1264000e+04   5.1255481e-01  -1.9467642e-04
   1.1280000e+04   5.0699220e-01  -3.5599626e-03
   1.1296000e+04   5.0656511e-01  -6.1815185e-03
   1.1312000e+04   5.1765558e-01   4.6970174e-03
   1.1328000e+04   5.0203727e-01   1.9707513e-03
   1.1344000e+04   5.0570367e-01   3.7136650e-03
   1.1360000e+04   5.1656174e-01  -4.5294889e-03
   1.1376000e+04   5.2234746e-01  -3.3076876e-03
   1.1392000e+04   5.0859244e-01   1.0008989e-03
   1.1408000e+04   5.1802938e-01   9.2017352e-03
   1.1424000e+04   5.1510444e-01   5.4008494e-03
   1.1440000e+04   5.1327701e-01  -1.0823750e-02
   1.1456000e+04   5.1657964e-01   4.5928917e-04
   1.1472000e+04   5.0946278e-01  -5.6935959e-03
   1.1488000e+04   5.1567760e-01  -1.6770981e-03
   1.1504000e+04   5.1571782e-01  -2.4579785e-03
   1.1520000e+04   5.0804167e-01  -3.2260050e-03
   1.1536000e+04   5.1554464e-01  -6.0100547e-03
   1.1552000e+04   5.1257759e-01   8.7491940e-03
   1.1568000e+04   5.1552304e-01   8.7832300e-03
   1.1584000e+04   5.2208603e-01  -4.2288036e-03
   1.1600000e+04   5.1116822e-01  -8.3927079e-03
   1.1616000e+04   5.1310765e-01  -3.7965860e-03
   1.1632000e+04   5.0726607e-01  -4.0548424e-03
   1.1648000e+04   5.0416499e-01  -2.4419144e-03
   1.1664000e+04   5.0424198e-01   2.0367391e-04
   1.1680000e+04   5.0710927e-01   5.5894538e-03
   1.1696000e+04   5.0867986e-01  -4.0606536e-04
   1.1712000e+04   5.1301495e-01   5.3305501e-03
   1.1728000e+04   4.9861403e-01  -3.0170454e-03
   1.1744000e+04   5.1872072e-01   8.3716331e-03
   1.1760000e+04   5.1004408e-01  -2.5031528e-03
   1.1776000e+04   5.0549271e-01   3.9865645e-03
   1.1792000e+04   4.9452246e-01   1.3623868e-02
   1.1808000e+04   5.0360527e-01  -1.2171218e-03
   1.1824000e+04   5.1514485e-01   6.5856509e-03
   1.1840000e+04   5.1215615e-01   6.6308083e-03
   1.1856000e+04   5.0218228e-01  -6.6215961e-03
   1.1872000e+04   5.0133008e-01  -2.6707705e-04
   1.1888000e+04   5.0403213e-01   1.3066956e-02
   1.1904000e+04   5.1529264e-01  -1.7915847e-04
   1.1920000e+04   5.1345277e-01   4.9109835e-03
   1.1936000e+04   5.0817282e-01   6.4051439e-03
   1.1952000e+04   5.0517075e-01  -7.0478613e-03
   1.1968000e+04   5.1183612e-01  -1.6548924e-03
   1.1984000e+04   5.0651480e-01  -5.1975711e-03
   1.2000000e+04   5.1018970e-01  -4.0267975e-03
   1.2016000e+04   4.9690085e-01  -2.8742543e-03
   1.2032000e+04   5.0702947e-01  -5.9881335e-03
   1.2048000e+04   5.0400177e-01   1.1703556e-02
   1.2064000e+04   5.1011910e-01   7.2254900e-03
   1.2080000e+04   5.0779004e-01   7.6791087e-04
   1.2096000e+04   5.1038285e-01  -3.1546942e-03
   1.2112000e+04   4.8283141e-01   2.9786259e-03
   1.2128000e+04   4.9553081e-01   2.1609285e-03
   1.2144000e+04   5.0682715e-01  -4.0610789e-04
   1.2160000e+04   5.0564375e-01  -4.6737143e-03
   1.2176000e+04   5.0290183e-01   6.8005243e-04
   1.2192000e+04   5.0932314e-01  -7.7959027e-04
   1.2208000e+04   5.0681473e-01  -4.3738079e-03
   1.2224000e+04   4.9728587e-01   3.0123944e-03
   1.2240000e+04   5.1299803e-01  -1.9806816e-03
   1.2256000e+04   5.0665431e-01   1.7516582e-03
