   0.0000000e+00   8.6147518e-01   5.1712550e-04
   8.0000000e+00   8.2623230e-01  -3.6755558e-02
   1.6000000e+01   8.9231543e-01  -9.5418264e-02
   2.4000000e+01   8.8709680e-01  -1.1987271e-02
   3.2000000e+01   8.9235226e-01   1.8306899e-02
   4.0000000e+01   9.0818901e-01  -7.3922827e-04
   4.8000000e+01   9.4188337e-01  -8.4968717e-02
   5.6000000e+01   9.6779906e-01  -1.9599799e-02
   6.4000000e+01   9.5807573e-01  -1.3742561e-02
   7.2000000e+01   9.2988050e-01   4.3357219e-03
   8.0000000e+01   9.8433321e-01   1.5574356e-02
   8.8000000e+01   9.8765026e-01   2.1979350e-02
   9.6000000e+01   9.8940153e-01  -2.8012463e-02
   1.0400000e+02   1.0430175e+00   9.9977910e-03
   1.1200000e+02   1.0002583e+00  -1.0191948e-02
   1.2000000e+02   1.0378079e+00   2.5343235e-02
   1.2800000e+02   9.8039656e-01  -2.6021623e-03
   1.3600000e+02   9.5937124e-01   4.5330379e-02
   1.4400000e+02   9.1987996e-01   2.2385002e-04
   1.5200000e+02   9.1374421e-01   5.6525777e-02
   1.6000000e+02   9.5202489e-01  -7.3887601e-02
   1.6800000e+02   8.8028128e-01  -4.7871740e-03
   1.7600000e+02   9.4548593e-01  -3.3316579e-03
   1.8400000e+02   8.7943168e-01   4.6026313e-02
   1.9200000e+02   8.9925832e-01  -1.6928703e-02
   2.0000000e+02   8.8353355e-01  -1.3596495e-02
   2.0800000e+02   8.7682971e-01  -3.1505513e-02
   2.1600000e+02   8.5369762e-01  -2.2134082e-02
   2.2400000e+02   8.9799869e-01   5.4209480e-02
   2.3200000e+02   8.3021974e-01   6.0102975e-02
   2.4000000e+02   9.5899027e-01   1.1221317e-02
   2.4800000e+02   8.6267959e-01   7.9056520e-02
   2.5600000e+02   8.3754267e-01   5.2821345e-04
   2.6400000e+02   8.4075022e-01   3.3003153e-02
   2.7200000e+02   8.3017457e-01  -4.6447813e-02
   2.8000000e+02   8.9856767e-01   1.1123433e-02
   2.8800000e+02   8.6635684e-01  -4.6080309e-02
   2.9600000e+02   9.4258645e-01  -3.4373717e-02
   3.0400000e+02   8.4730196e-01  -3.7029893e-02
   3.1200000e+02   7.9234064e-01   2.5227556e-02
   3.2000000e+02   8.3412465e-01   1.7450594e-02
   3.2800000e+02   8.1652757e-01  -2.2315839e-02
   3.3600000e+02   8.1208909e-01   7.2711326e-02
   3.4400000e+02   7.7883318e-01  -7.1989949e-02
   3.5200000e+02   8.2025845e-01   4.4640519e-02
   3.6000000e+02   8.3978530e-01   2.6457574e-02
   3.6800000e+02   8.3644652e-01  -3.0173174e-02
   3.7600000e+02   8.2935328e-01   6.4925514e-03
   3.8400000e+02   8.0524996e-01   4.1257086e-02
   3.9200000e+02   8.2229015e-01   2.6161011e-02
   4.0000000e+02   7.2256327e-01  -4.3018127e-02
   4.0800000e+02   7.7384917e-01  -2.9236521e-03
   4.1600000e+02   8.1293377e-01   4.7697276e-02
   4.2400000e+02   7.4732924e-01   4.5410647e-02
   4.3200000e+02   8.3798401e-01   1.5533457e-02
   4.4000000e+02   7.4892622e-01   1.5814123e-02
   4.4800000e+02   8.3249097e-01  -8.2928569e-03
   4.5600000e+02   8.2474639e-01   5.3130361e-02
   4.6400000e+02   7.2352932e-01   5.1547533e-03
   4.7200000e+02   7.5479648e-01  -2.2458017e-02
   4.8000000e+02   7.6816624e-01  -6.8910005e-04
   4.8800000e+02   7.3432580e-01  -7.8155903e-03
   4.9600000e+02   7.5768594e-01   6.0904263e-02
   5.0400000e+02   7.6386173e-01   4.8767638e-02
   5.1200000e+02   7.4092309e-01   4.3958640e-03
   5.2000000e+02   7.9212352e-01  -1.5773693e-03
   5.2800000e+02   8.1560731e-01  -1.9141285e-02
   5.3600000e+02   7.6828779e-01   4.0663069e-02
   5.4400000e+02   7.1841337e-01  -5.3713274e-02
   5.5200000e+02   7.5299239e-01  -6.5096061e-02
   5.6000000e+02   7.3148297e-01   3.3520435e-02
   5.6800000e+02   6.8547506e-01   1.8009111e-02
   5.7600000e+02   6.9779079e-01   1.5248234e-02
   5.8400000e+02   7.1263296e-01  -3.8668645e-02
   5.9200000e+02   8.1643577e-01   2.8795963e-03
   6.0000000e+02   6.7930305e-01  -7.9916407e-03
   6.0800000e+02   7.2766518e-01   1.0037540e-02
   6.1600000e+02   8.0452025e-01   1.9072053e-02
   6.2400000e+02   7.7882399e-01   1.4770969e-02
   6.3200000e+02   6.7545708e-01  -1.2819541e-02
   6.4000000e+02   7.6006083e-01  -2.0228479e-02
   6.4800000e+02   7.4592071e-01  -7.4448548e-02
   6.5600000e+02   6.9823718e-01   1.3111854e-01
   6.6400000e+02   6.5886980e-01   3.0095474e-02
   6.7200000e+02   6.7665340e-01   3.4310808e-02
   6.8000000e+02   7.0597124e-01  -6.1396425e-02
   6.8800000e+02   7.0430256e-01   6.4275637e-02
   6.9600000e+02   7.5925741e-01   5.9951378e-02
   7.0400000e+02   6.6215174e-01   2.3832287e-02
   7.1200000e+02   7.7461105e-01  -4.9705177e-02
   7.2000000e+02   7.7661028e-01  -2.5068202e-02
   7.2800000e+02   7.4206857e-01   2.1645578e-02
   7.3600000e+02   7.1802896e-01   1.0779446e-02
   7.4400000e+02   7.5660434e-01  -8.4913372e-03
   7.5200000e+02   7.5877914e-01  -4.0898832e-02
   7.6000000e+02   7.5372659e-01  -5.1760854e-02
   7.6800000e+02   7.1594069e-01  -3.0866192e-02
   7.7600000e+02   6.9773870e-01   1.8433618e-02
   7.8400000e+02   6.4865981e-01  -2.8716880e-03
   7.9200000e+02   7.6977953e-01  -4.4976042e-03
   8.0000000e+02   6.4793821e-01  -3.8082072e-02
   8.0800000e+02   6.9190246e-01  -3.6833204e-02
   8.1600000e+02   6.9295512e-01   1.6840231e-02
   8.2400000e+02   6.8369320e-01   3.9997211e-02
   8.3200000e+02   6.8290441e-01  -1.7426183e-02
   8.4000000e+02   6.9316691e-01  -2.1454251e-02
   8.4800000e+02   6.4165531e-01   6.7832745e-03
   8.5600000e+02   6.7823927e-01   1.0138125e-02
   8.6400000e+02   7.6715473e-01  -6.3385426e-03
   8.7200000e+02   6.4938604e-01   2.2242311e-02
   8.8000000e+02   6.7102838e-01  -3.2996666e-02
   8.8800000e+02   6.8866333e-01   6.4514068e-02
   8.9600000e+02   7.3021009e-01   1.3339199e-02
   9.0400000e+02   6.7651712e-01  -4.3342047e-02
   9.1200000e+02   6.4418880e-01   6.2390334e-02
   9.2000000e+02   6.5033840e-01  -4.8096959e-02
   9.2800000e+02   7.0933790e-01   5.2209044e-02
   9.3600000e+02   7.0640880e-01   3.1939430e-02
   9.4400000e+02   7.2181931e-01   5.7536732e-03
   9.5200000e+02   6.1122350e-01  -8.1578958e-02
   9.6000000e+02   6.7368923e-01   2.5907959e-02
   9.6800000e+02   7.0840368e-01   2.4721455e-03
   9.7600000e+02   6.7109625e-01   1.3168962e-02
   9.8400000e+02   6.5706425e-01  -5.5444267e-03
   9.9200000e+02   6.5659184e-01   1.2291279e-02
   1.0000000e+03   6.8854086e-01   2.0707789e-02
   1.0080000e+03   7.3295055e-01  -7.0180434e-02
   1.0160000e+03   6.4946182e-01  -3.4667606e-02
   1.0240000e+03   6.9554200e-01  -4.8022796e-02
   1.0320000e+03   6.8571838e-01   6.1242195e-02
   1.0400000e+03   6.5640967e-01  -3.8401341e-03
   1.0480000e+03   6.5681518e-01  -4.5343418e-02
   1.0560000e+03   6.7726991e-01  -2.5645959e-02
   1.0640000e+03   5.9054116e-01  -7.1460321e-02
   1.0720000e+03   6.4140239e-01   2.2354769e-02
   1.0800000e+03   6.1719256e-01  -6.2278813e-02
   1.0880000e+03   7.6146634e-01  -4.9982622e-02
   1.0960000e+03   6.8237091e-01  -2.4740551e-03
   1.1040000e+03   6.7220539e-01   2.2388992e-02
   1.1120000e+03   7.1646087e-01  -1.0645803e-02
   1.1200000e+03   6.6930191e-01   4.0419633e-02
   1.1280000e+03   6.7635444e-01   1.0492052e-01
   1.1360000e+03   6.4227512e-01   3.9460252e-02
   1.1440000e+03   6.6767770e-01  -2.8014305e-02
   1.1520000e+03   6.7322779e-01   5.4278641e-02
   1.1600000e+03   6.6704491e-01   3.2861688e-02
   1.1680000e+03   6.0537296e-01  -3.0287941e-02
   1.1760000e+03   6.5073018e-01   5.3872084e-03
   1.1840000e+03   6.4585927e-01   3.8480236e-02
   1.1920000e+03   6.7144315e-01   4.9221381e-03
   1.2000000e+03   6.8184315e-01  -9.2045747e-02
   1.2080000e+03   5.7755393e-01   7.4179692e-03
   1.2160000e+03   6.3672233e-01   3.6083491e-03
   1.2240000e+03   6.0462876e-01  -2.6053348e-02
   1.2320000e+03   6.4146959e-01   1.9762516e-02
   1.2400000e+03   6.5521858e-01  -1.5642063e-02
   1.2480000e+03   6.7320006e-01  -2.3645258e-02
   1.2560000e+03   6.4424848e-01  -2.0807911e-02
   1.2640000e+03   6.6486147e-01   5.2457967e-02
   1.2720000e+03   6.5582078e-01   1.8897015e-02
   1.2800000e+03   6.2611569e-01   1.1661944e-02
   1.2880000e+03   5.9848905e-01  -1.1530636e-02
   1.2960000e+03   6.2746083e-01   7.3179451e-02
   1.3040000e+03   6.6510783e-01  -6.7278921e-02
   1.3120000e+03   5.8980616e-01  -5.0759590e-03
   1.3200000e+03   6.0832961e-01  -6.1896301e-02
   1.3280000e+03   6.0218629e-01  -5.4786949e-02
   1.3360000e+03   6.1395197e-01   2.7364953e-02
   1.3440000e+03   6.1898944e-01  -3.0272632e-02
   1.3520000e+03   6.3475084e-01   4.9293966e-02
   1.3600000e+03   6.5383642e-01   3.8835802e-02
   1.3680000e+03   6.4179485e-01   3.6815394e-02
   1.3760000e+03   6.2184607e-01  -3.7057092e-02
   1.3840000e+03   6.4514057e-01  -1.0029301e-01
   1.3920000e+03   6.6586828e-01   1.5637778e-02
   1.4000000e+03   6.2605557e-01  -3.0128115e-02
   1.4080000e+03   5.7298954e-01   7.0463346e-02
   1.4160000e+03   6.4138230e-01  -2.7036890e-03
   1.4240000e+03   5.8542217e-01  -1.2235059e-02
   1.4320000e+03   6.0509791e-01  -1.3896637e-02
   1.4400000e+03   5.9543127e-01   1.0141395e-02
   1.4480000e+03   5.8847934e-01  -2.4285165e-02
   1.4560000e+03   6.6331644e-01   7.2403224e-03
   1.4640000e+03   5.7592758e-01  -5.2363132e-02
   1.4720000e+03   5.6377633e-01   4.3803080e-02
   1.4800000e+03   5.9172435e-01   2.0530087e-02
   1.4880000e+03   6.6917218e-01  -8.0474499e-03
   1.4960000e+03   6.3569247e-01  -9.4180565e-04
   1.5040000e+03   6.4552668e-01  -1.4686305e-02
   1.5120000e+03   6.6080374e-01   1.4610441e-02
   1.5200000e+03   5.9437068e-01   7.1398678e-02
   1.5280000e+03   7.1749333e-01  -5.9533152e-03
   1.5360000e+03   6.3412380e-01  -3.5996988e-03
   1.5440000e+03   6.3387800e-01   9.9735789e-02
   1.5520000e+03   6.1476281e-01  -4.4371535e-02
   1.5600000e+03   6.3880699e-01   8.7672884e-04
   1.5680000e+03   5.4878973e-01   4.1600336e-02
   1.5760000e+03   6.2954565e-01  -1.1652662e-02
   1.5840000e+03   6.4141526e-01  -2.1930892e-02
   1.5920000e+03   6.3271286e-01   2.4829929e-02
   1.6000000e+03   6.0049732e-01  -8.2221630e-03
   1.6080000e+03   6.5917660e-01   3.1168820e-02
   1.6160000e+03   6.4328168e-01  -2.6537814e-02
   1.6240000e+03   6.3770194e-01  -7.9097484e-02
   1.6320000e+03   5.7479532e-01  -5.5378024e-02
   1.6400000e+03   6.0528310e-01  -3.8434899e-02
   1.6480000e+03   5.9396822e-01  -6.7687208e-02
   1.6560000e+03   5.7449832e-01   6.1382607e-02
   1.6640000e+03   6.1224371e-01   1.2965243e-02
   1.6720000e+03   5.7307052e-01  -1.3226882e-02
   1.6800000e+03   6.6147596e-01   4.1463391e-02
   1.6880000e+03   6.3581006e-01   4.1546296e-02
   1.6960000e+03   5.7598996e-01  -1.2606686e-02
   1.7040000e+03   5.6756131e-01  -3.0803900e-04
   1.7120000e+03   6.0872430e-01  -1.2619815e-03
   1.7200000e+03   6.6731587e-01  -6.4393937e-02
   1.7280000e+03   5.4422516e-01  -1.7512285e-02
   1.7360000e+03   6.1701399e-01   5.0033981e-02
   1.7440000e+03   6.2431217e-01  -5.2507908e-02
   1.7520000e+03   6.1106029e-01   3.0465691e-02
   1.7600000e+03   6.4564226e-01  -1.8471613e-03
   1.7680000e+03   5.8436496e-01   6.0131370e-02
   1.7760000e+03   6.6269125e-01   3.9045179e-02
   1.7840000e+03   5.4469740e-01  -2.9217717e-02
   1.7920000e+03   5.4330781e-01   3.3581387e-02
   1.8000000e+03   6.0803554e-01  -3.3789639e-03
   1.8080000e+03   5.3676621e-01   1.8509985e-02
   1.8160000e+03   6.1829724e-01   3.2112769e-02
   1.8240000e+03   5.7421212e-01   8.3538221e-03
   1.8320000e+03   6.0289597e-01   4.8008934e-02
   1.8400000e+03   5.5183624e-01  -2.1382322e-02
   1.8480000e+03   5.8169320e-01  -3.8604133e-02
   1.8560000e+03   6.2653911e-01  -1.4905837e-02
   1.8640000e+03   5.7635806e-01  -1.3705235e-02
   1.8720000e+03   6.0970370e-01   5.5521879e-03
   1.8800000e+03   5.1847508e-01  -7.2811622e-02
   1.8880000e+03   6.3105853e-01   2.4272140e-02
   1.8960000e+03   6.6813908e-01  -7.5096346e-02
   1.9040000e+03   6.2507717e-01   1.8499313e-02
   1.9120000e+03   5.8413658e-01  -2.0953971e-02
   1.9200000e+03   5.2827413e-01  -2.3042897e-02
   1.9280000e+03   5.9341108e-01  -9.6856436e-03
   1.9360000e+03   6.1547514e-01   5.1299646e-03
   1.9440000e+03   6.0015533e-01   3.3213181e-02
   1.9520000e+03   6.6518539e-01   1.8111126e-02
   1.9600000e+03   5.6952783e-01   4.4561173e-02
   1.9680000e+03   5.6085083e-01  -9.5547057e-02
   1.9760000e+03   6.1068804e-01  -1.1073126e-02
   1.9840000e+03   6.7126623e-01   9.5622691e-03
   1.9920000e+03   6.0118034e-01   9.1692675e-03
   2.0000000e+03   6.1151320e-01   6.2348068e-02
   2.0080000e+03   6.2008930e-01   5.1572365e-02
   2.0160000e+03   5.9013800e-01   4.0121667e-03
   2.0240000e+03   5.5693261e-01  -4.5072119e-02
   2.0320000e+03   5.3706695e-01   3.5344616e-02
   2.0400000e+03   5.9448655e-01   6.5765610e-02
   2.0480000e+03   5.3990656e-01  -3.6151741e-02
   2.0560000e+03   5.6820785e-01   2.5771410e-02
   2.0640000e+03   5.8619303e-01  -8.5102051e-03
   2.0720000e+03   6.3691709e-01  -2.6552700e-02
   2.0800000e+03   5.6094407e-01   1.0412942e-02
   2.0880000e+03   5.9991106e-01  -9.4812277e-03
   2.0960000e+03   5.9038145e-01  -1.3764340e-03
   2.1040000e+03   6.3489777e-01  -4.7234179e-02
   2.1120000e+03   5.9817481e-01  -6.6255146e-05
   2.1200000e+03   5.7094141e-01   2.9593429e-02
   2.1280000e+03   5.6553253e-01  -4.4354401e-02
   2.1360000e+03   5.1198135e-01   1.9313697e-02
   2.1440000e+03   5.6912950e-01   7.8039674e-03
   2.1520000e+03   6.9155531e-01   2.3079853e-02
   2.1600000e+03   5.8413689e-01   6.5797652e-02
   2.1680000e+03   6.0257227e-01   6.9430198e-02
   2.1760000e+03   5.3967851e-01   4.5285365e-03
   2.1840000e+03   5.1020975e-01  -4.6211157e-02
   2.1920000e+03   5.6102302e-01   7.5801641e-02
   2.2000000e+03   6.3103141e-01  -2.4878328e-04
   2.2080000e+03   6.3922380e-01   5.6839236e-02
   2.2160000e+03   5.6206951e-01  -4.6084710e-03
   2.2240000e+03   5.6415408e-01   1.2743157e-02
   2.2320000e+03   5.4151766e-01  -3.8754145e-02
   2.2400000e+03   5.6972006e-01  -2.6183122e-02
   2.2480000e+03   5.8403032e-01   3.5183991e-02
   2.2560000e+03   5.6037866e-01   3.6412433e-02
   2.2640000e+03   5.8254673e-01   1.4035086e-02
   2.2720000e+03   5.5013838e-01   8.6580275e-02
   2.2800000e+03   5.2453986e-01   7.1667128e-02
   2.2880000e+03   5.4185229e-01   1.1884457e-02
   2.2960000e+03   6.0226995e-01   8.1147224e-03
   2.3040000e+03   5.5608426e-01   3.7095564e-03
   2.3120000e+03   5.5950957e-01  -1.4778003e-03
   2.3200000e+03   4.4568782e-01   1.2777511e-02
   2.3280000e+03   6.2189768e-01   3.8319550e-02
   2.3360000e+03   5.1029247e-01  -1.0490457e-02
   2.3440000e+03   6.0590231e-01   8.9974444e-03
   2.3520000e+03   5.1530088e-01   4.4132240e-02
   2.3600000e+03   6.0852237e-01  -1.1073785e-02
   2.3680000e+03   5.4537972e-01   5.5791276e-02
   2.3760000e+03   5.4960968e-01  -2.4129537e-04
   2.3840000e+03   6.0641154e-01  -1.0035768e-02
   2.3920000e+03   5.9310894e-01  -4.9165308e-02
   2.4000000e+03   6.3559016e-01  -2.2504897e-03
   2.4080000e+03   5.6084980e-01   1.9413130e-02
   2.4160000e+03   5.0471670e-01   5.9565589e-02
   2.4240000e+03   5.7543069e-01   1.4472009e-02
   2.4320000e+03   5.3775290e-01   2.0394291e-02
   2.4400000e+03   5.2400644e-01   3.9987741e-02
   2.4480000e+03   5.0735370e-01   3.1727248e-02
   2.4560000e+03   5.7165756e-01   5.7320973e-02
   2.4640000e+03   5.6897564e-01   4.4878127e-02
   2.4720000e+03   6.0566071e-01  -1.1853777e-02
   2.4800000e+03   5.0106226e-01  -5.2280477e-02
   2.4880000e+03   5.5394326e-01  -3.2685633e-02
   2.4960000e+03   5.3294826e-01   2.8415156e-02
   2.5040000e+03   5.1471839e-01  -1.0708657e-01
   2.5120000e+03   5.5003003e-01   5.4481986e-02
   2.5200000e+03   5.8368917e-01   2.2173480e-02
   2.5280000e+03   5.4376652e-01   5.1535173e-03
   2.5360000e+03   6.0645840e-01  -2.4696744e-02
   2.5440000e+03   5.3910352e-01   2.6634499e-02
   2.5520000e+03   5.5241005e-01   1.0909498e-02
   2.5600000e+03   5.2273968e-01   3.8142226e-02
   2.5680000e+03   5.4165308e-01  -9.2298407e-03
   2.5760000e+03   5.1438052e-01  -3.9280723e-02
   2.5840000e+03   5.9203076e-01  -2.3615638e-02
   2.5920000e+03   4.9360510e-01  -1.3465550e-04
   2.6000000e+03   5.8842873e-01   2.7092799e-04
   2.6080000e+03   6.6186227e-01  -7.6076978e-02
   2.6160000e+03   5.6950187e-01   2.0662372e-03
   2.6240000e+03   5.9238030e-01  -5.3946621e-02
   2.6320000e+03   5.7179805e-01   2.6089949e-02
   2.6400000e+03   5.6304228e-01   3.8601238e-02
   2.6480000e+03   5.6068667e-01   5.1488866e-02
   2.6560000e+03   5.2018341e-01   4.0191434e-03
   2.6640000e+03   5.7739524e-01   2.3383318e-02
   2.6720000e+03   5.4347452e-01   3.1393884e-02
   2.6800000e+03   5.9325820e-01  -4.6505745e-03
   2.6880000e+03   5.9617040e-01   1.9082273e-02
   2.6960000e+03   6.5976735e-01   4.8173527e-02
   2.7040000e+03   5.2249299e-01  -5.1379018e-02
   2.7120000e+03   5.5960341e-01  -7.5018588e-02
   2.7200000e+03   6.1881254e-01  -2.0657696e-02
   2.7280000e+03   5.5064069e-01  -2.2362840e-02
   2.7360000e+03   5.3538380e-01  -4.1737568e-02
   2.7440000e+03   5.1620585e-01  -1.8117751e-03
   2.7520000e+03   5.4297225e-01   3.5359730e-02
   2.7600000e+03   5.8256440e-01  -5.4615927e-02
   2.7680000e+03   5.0448462e-01  -4.8561810e-03
   2.7760000e+03   4.6475170e-01  -7.5472283e-03
   2.7840000e+03   5.2429512e-01   2.4688506e-02
   2.7920000e+03   5.9103495e-01   1.7680435e-02
   2.8000000e+03   4.5085333e-01   4.9850760e-02
   2.8080000e+03   5.7862160e-01  -3.7406897e-02
   2.8160000e+03   5.5128212e-01   2.9410827e-02
   2.8240000e+03   5.5334790e-01   1.7085088e-02
   2.8320000e+03   5.2344250e-01   1.2959529e-01
   2.8400000e+03   6.0213932e-01  -5.1140072e-02
   2.8480000e+03   5.7960317e-01   6.0422407e-02
   2.8560000e+03   5.8151858e-01   1.1896710e-02
   2.8640000e+03   4.9489630e-01  -5.0098237e-02
   2.8720000e+03   5.1147356e-01  -2.9914194e-02
   2.8800000e+03   5.8468511e-01   6.3618899e-02
   2.8880000e+03   5.7828676e-01   3.5412332e-02
   2.8960000e+03   5.3101355e-01  -2.2075321e-02
   2.9040000e+03   4.9916448e-01   3.4863669e-02
   2.9120000e+03   6.1649389e-01  -3.9063033e-02
   2.9200000e+03   5.1930649e-01  -3.2512945e-02
   2.9280000e+03   5.2050393e-01   2.1449678e-02
   2.9360000e+03   5.3956114e-01  -1.6115196e-02
   2.9440000e+03   5.3943176e-01  -7.2329721e-03
   2.9520000e+03   5.3043525e-01   1.5310219e-03
   2.9600000e+03   4.9676892e-01   3.6428057e-03
   2.9680000e+03   5.2543435e-01   6.0765313e-02
   2.9760000e+03   5.1536593e-01   5.6619305e-02
   2.9840000e+03   5.2434841e-01  -2.7122208e-03
   2.9920000e+03   5.5388571e-01   2.9564466e-02
   3.0000000e+03   5.3073152e-01  -4.1322427e-02
   3.0080000e+03   5.3515116e-01  -2.6616393e-02
   3.0160000e+03   5.7054617e-01   1.5892884e-04
   3.0240000e+03   5.6554619e-01   9.5591279e-03
   3.0320000e+03   4.9864903e-01  -2.7809774e-02
   3.0400000e+03   5.8346957e-01  -4.8135644e-02
   3.0480000e+03   4.9831951e-01   2.4954831e-03
   3.0560000e+03   6.0746619e-01  -2.5384510e-02
   3.0640000e+03   5.4579879e-01   4.9870389e-02
   3.0720000e+03   5.3806919e-01   4.3235796e-02
   3.0800000e+03   5.4139182e-01   1.9581270e-03
   3.0880000e+03   4.6801777e-01  -5.9493347e-02
   3.0960000e+03   5.9141893e-01  -2.3916040e-02
   3.1040000e+03   5.3155155e-01   5.4264751e-02
   3.1120000e+03   5.7209844e-01   1.2379720e-02
   3.1200000e+03   5.0782864e-01  -1.9800838e-02
   3.1280000e+03   5.2256411e-01   4.1531976e-02
   3.1360000e+03   5.1844025e-01  -1.0284240e-02
   3.1440000e+03   4.8958863e-01  -3.1825603e-02
   3.1520000e+03   5.4510114e-01  -2.4068563e-02
   3.1600000e+03   4.9838096e-01  -1.7947319e-02
   3.1680000e+03   5.3822672e-01  -1.5922553e-02
   3.1760000e+03   4.5474767e-01   5.2039056e-02
   3.1840000e+03   5.9238024e-01   9.1710724e-03
   3.1920000e+03   5.8043447e-01  -3.6555510e-02
   3.2000000e+03   5.5139450e-01  -1.8193052e-03
   3.2080000e+03   5.6019664e-01   7.0382499e-02
   3.2160000e+03   4.8997952e-01   5.6851945e-03
   3.2240000e+03   5.4170897e-01  -1.7025379e-02
   3.2320000e+03   5.5768817e-01  -3.6365128e-05
   3.2400000e+03   4.8467969e-01   2.9041489e-03
   3.2480000e+03   5.3477601e-01  -1.1323082e-02
   3.2560000e+03   5.6000284e-01  -9.1478420e-03
   3.2640000e+03   4.7487190e-01   1.1062220e-02
   3.2720000e+03   5.4311929e-01   3.3710898e-02
   3.2800000e+03   5.4781105e-01   3.4600361e-02
   3.2880000e+03   5.6249335e-01  -4.1492348e-02
   3.2960000e+03   5.5545841e-01  -1.5638868e-03
   3.3040000e+03   5.3455018e-01   5.6678376e-02
   3.3120000e+03   5.4825847e-01  -3.4203943e-02
   3.3200000e+03   5.3699892e-01  -6.0189212e-02
   3.3280000e+03   4.9923890e-01   5.0140501e-02
   3.3360000e+03   5.7431791e-01   1.7437825e-02
   3.3440000e+03   5.3899162e-01  -6.5706299e-02
   3.3520000e+03   5.1030207e-01  -3.1480463e-02
   3.3600000e+03   6.1363232e-01  -2.7530427e-02
   3.3680000e+03   5.6224471e-01   1.0623555e-02
   3.3760000e+03   5.2931754e-01   3.7886400e-02
   3.3840000e+03   5.5407406e-01  -2.5446857e-02
   3.3920000e+03   5.6410382e-01   3.5632704e-02
   3.4000000e+03   5.7330031e-01   2.0157620e-02
   3.4080000e+03   4.5432061e-01  -3.2365387e-02
   3.4160000e+03   5.5290457e-01   2.8334763e-02
   3.4240000e+03   5.3420447e-01  -2.1446347e-02
   3.4320000e+03   5.0984304e-01   6.4661363e-03
   3.4400000e+03   4.8982647e-01   2.9079196e-02
   3.4480000e+03   5.6315917e-01  -3.3866860e-03
   3.4560000e+03   5.3121440e-01  -8.7088130e-03
   3.4640000e+03   5.7727319e-01   3.1910993e-02
   3.4720000e+03   4.5996303e-01   2.2489075e-02
   3.4800000e+03   5.5383900e-01   3.4444866e-02
   3.4880000e+03   5.2745906e-01  -2.6515396e-02
   3.4960000e+03   5.1502161e-01   2.6116530e-02
   3.5040000e+03   4.7812716e-01  -3.3161112e-02
   3.5120000e+03   5.7987663e-01   5.2454620e-02
   3.5200000e+03   4.9370113e-01   3.9566501e-02
   3.5280000e+03   4.8007664e-01   1.7301595e-02
   3.5360000e+03   5.3820119e-01  -4.6583641e-02
   3.5440000e+03   5.3803097e-01   6.1793621e-02
   3.5520000e+03   4.9183932e-01   3.1425849e-02
   3.5600000e+03   4.4580332e-01  -2.6798323e-02
   3.5680000e+03   5.2887089e-01  -3.6187266e-02
   3.5760000e+03   4.6323313e-01   5.9162040e-03
   3.5840000e+03   5.1558629e-01   5.7305044e-02
   3.5920000e+03   5.1171026e-01  -1.4725986e-02
   3.6000000e+03   5.5616899e-01   4.9187953e-02
   3.6080000e+03   5.8630711e-01   1.1352795e-03
   3.6160000e+03   5.4311702e-01   6.3645826e-02
   3.6240000e+03   5.2788990e-01   2.5474856e-02
   3.6320000e+03   5.3450843e-01   2.7740862e-02
   3.6400000e+03   4.8362765e-01   1.6503652e-03
   3.6480000e+03   4.8708408e-01   1.0510842e-03
   3.6560000e+03   5.2100446e-01  -2.0488647e-02
   3.6640000e+03   5.2068774e-01  -8.3800873e-03
   3.6720000e+03   5.1340091e-01   5.3811791e-02
   3.6800000e+03   5.4195043e-01   7.1848524e-02
   3.6880000e+03   5.3381234e-01   6.6010722e-02
   3.6960000e+03   5.1842243e-01  -6.6789899e-03
   3.7040000e+03   5.1513479e-01  -3.2261113e-02
   3.7120000e+03   5.6433533e-01  -2.1314978e-02
   3.7200000e+03   4.8844722e-01  -2.6147791e-02
   3.7280000e+03   5.5794271e-01   5.2692789e-02
   3.7360000e+03   5.7010031e-01   6.2602118e-02
   3.7440000e+03   5.6430659e-01   6.6683896e-03
   3.7520000e+03   4.6097379e-01   2.8764533e-02
   3.7600000e+03   5.7263277e-01   2.7066157e-02
   3.7680000e+03   5.4468189e-01   2.5801074e-02
   3.7760000e+03   4.9232019e-01   5.0364578e-02
   3.7840000e+03   4.5118987e-01   1.9764554e-02
   3.7920000e+03   5.0972664e-01  -1.6821549e-02
   3.8000000e+03   6.2452191e-01   1.5502297e-02
   3.8080000e+03   5.1405104e-01  -3.1490174e-04
   3.8160000e+03   5.6635903e-01   1.1603579e-02
   3.8240000e+03   5.5509491e-01   4.1884889e-02
   3.8320000e+03   5.1853253e-01  -5.0125430e-02
   3.8400000e+03   5.2071842e-01   9.6921105e-02
   3.8480000e+03   5.3106350e-01  -1.6268192e-02
   3.8560000e+03   5.5749485e-01   1.1972190e-02
   3.8640000e+03   5.3049095e-01   1.7763814e-02
   3.8720000e+03   4.8985560e-01   1.7511833e-02
   3.8800000e+03   5.5061907e-01   3.8745305e-02
   3.8880000e+03   4.8126604e-01   3.7608180e-03
   3.8960000e+03   4.7733661e-01   3.3840602e-02
   3.9040000e+03   4.7460293e-01  -1.8066995e-02
   3.9120000e+03   4.9135291e-01   1.8714939e-02
   3.9200000e+03   4.9681404e-01  -5.0653040e-02
   3.9280000e+03   5.4165480e-01  -3.8112583e-02
   3.9360000e+03   5.7814309e-01   3.1011143e-03
   3.9440000e+03   4.7021779e-01   2.1859669e-02
   3.9520000e+03   4.8416568e-01  -3.1521607e-02
   3.9600000e+03   5.2762106e-01  -1.6173294e-02
   3.9680000e+03   5.3732757e-01   1.6024096e-02
   3.9760000e+03   5.2615157e-01  -8.5867590e-03
   3.9840000e+03   5.5357033e-01  -5.6150356e-02
   3.9920000e+03   5.0089677e-01   3.3930970e-02
   4.0000000e+03   5.6590764e-01  -1.4023085e-02
   4.0080000e+03   4.8994403e-01  -5.9793141e-02
   4.0160000e+03   4.5794669e-01  -9.3866051e-02
   4.0240000e+03   4.5442725e-01  -9.3674438e-03
   4.0320000e+03   4.7997462e-01   8.2563644e-02
   4.0400000e+03   5.6241021e-01  -6.8243382e-02
   4.0480000e+03   4.3774835e-01   4.0078566e-02
   4.0560000e+03   4.5976565e-01  -5.8575493e-02
   4.0640000e+03   5.2672506e-01  -4.1053574e-02
   4.0720000e+03   5.0858148e-01  -2.0480630e-02
   4.0800000e+03   5.0720671e-01  -5.5665014e-02
   4.0880000e+03   5.1299746e-01  -4.3161447e-02
   4.0960000e+03   5.0547108e-01  -6.5349077e-02
   4.1040000e+03   4.8906697e-01   6.1328314e-02
   4.1120000e+03   5.4821006e-01  -1.2349585e-02
   4.1200000e+03   5.5299816e-01   2.3653232e-02
   4.1280000e+03   5.6627031e-01   3.5861026e-03
   4.1360000e+03   4.9346340e-01   7.0733270e-02
   4.1440000e+03   5.4976866e-01   2.1542996e-03
   4.1520000e+03   5.4983767e-01  -1.0765508e-02
   4.1600000e+03   4.8527386e-01  -4.3919709e-02
   4.1680000e+03   5.1180931e-01   8.1939651e-02
   4.1760000e+03   4.8306824e-01  -1.6431904e-02
   4.1840000e+03   4.4893286e-01   2.4679181e-02
   4.1920000e+03   5.0484123e-01   6.0903577e-02
   4.2000000e+03   5.2716348e-01  -7.5354066e-03
   4.2080000e+03   4.5951751e-01  -1.5637608e-02
   4.2160000e+03   5.4533602e-01  -4.1520656e-02
   4.2240000e+03   5.4674144e-01  -7.0190269e-02
   4.2320000e+03   4.6857219e-01   6.8421172e-02
   4.2400000e+03   5.2366921e-01   1.8774493e-02
   4.2480000e+03   4.6813592e-01  -4.1983108e-02
   4.2560000e+03   4.7898404e-01  -8.2449812e-03
   4.2640000e+03   4.7543530e-01   3.1105251e-02
   4.2720000e+03   5.0634563e-01   3.2929810e-02
   4.2800000e+03   5.0084236e-01  -2.0669942e-02
   4.2880000e+03   4.8778248e-01  -1.8442134e-02
   4.2960000e+03   5.6563629e-01   4.1167776e-02
   4.3040000e+03   5.2446861e-01   8.0663079e-02
   4.3120000e+03   4.8958512e-01  -1.0274468e-02
   4.3200000e+03   5.2334156e-01   1.1246343e-01
   4.3280000e+03   5.5423813e-01   4.8625384e-03
   4.3360000e+03   5.2565693e-01   1.9070253e-02
   4.3440000e+03   4.6380189e-01  -2.0394483e-02
   4.3520000e+03   5.1640111e-01  -1.0862216e-02
   4.3600000e+03   5.1795368e-01  -4.0063880e-02
   4.3680000e+03   4.4304799e-01  -1.0892254e-02
   4.3760000e+03   4.6175193e-01  -2.6654178e-02
   4.3840000e+03   4.8802065e-01   1.9020735e-02
   4.3920000e+03   4.5824591e-01   5.4026593e-02
   4.4000000e+03   4.8921556e-01   7.7494764e-03
   4.4080000e+03   4.9488131e-01   1.4355223e-02
   4.4160000e+03   4.7313061e-01   3.9591232e-02
   4.4240000e+03   4.9798976e-01  -6.9559731e-02
   4.4320000e+03   4.9653111e-01  -3.4672045e-02
   4.4400000e+03   4.8107216e-01   5.8861817e-02
   4.4480000e+03   4.9346556e-01   1.6178400e-02
   4.4560000e+03   5.1587394e-01   2.1922341e-03
   4.4640000e+03   4.7277900e-01   1.9514356e-03
   4.4720000e+03   4.8399152e-01   5.4978031e-02
   4.4800000e+03   4.9350220e-01   3.4112095e-02
   4.4880000e+03   4.7222662e-01  -3.2735560e-02
   4.4960000e+03   4.8563502e-01   2.3974831e-02
   4.5040000e+03   5.5057945e-01  -5.0265227e-02
   4.5120000e+03   5.0838374e-01   3.4518328e-03
   4.5200000e+03   5.4637751e-01  -2.2644228e-02
   4.5280000e+03   4.9068511e-01   1.2344647e-02
   4.5360000e+03   4.9967507e-01  -5.3743732e-03
   4.5440000e+03   4.5350785e-01  -4.6381201e-02
   4.5520000e+03   5.0749710e-01  -1.5925732e-03
   4.5600000e+03   5.0631802e-01   6.0946191e-02
   4.5680000e+03   5.1783330e-01   1.7689231e-02
   4.5760000e+03   4.9452663e-01  -2.1656117e-02
   4.5840000e+03   4.8012318e-01  -2.5942984e-02
   4.5920000e+03   5.1513097e-01   6.6078312e-02
   4.6000000e+03   5.0810293e-01  -2.3100239e-02
   4.6080000e+03   4.4902351e-01  -4.7993961e-02
   4.6160000e+03   4.6247412e-01  -1.0009677e-02
   4.6240000e+03   5.1492416e-01  -9.4602966e-03
   4.6320000e+03   5.0123023e-01   7.9906010e-02
   4.6400000e+03   5.0454508e-01   3.4368267e-02
   4.6480000e+03   4.4745590e-01   2.2621221e-02
   4.6560000e+03   4.5433530e-01  -1.4460578e-03
   4.6640000e+03   5.2784643e-01   1.0479620e-02
   4.6720000e+03   5.1960353e-01   1.3948054e-02
   4.6800000e+03   4.8089620e-01  -2.5937431e-02
   4.6880000e+03   5.3680685e-01  -7.1375603e-02
   4.6960000e+03   5.2843560e-01   1.4438252e-02
   4.7040000e+03   5.6513273e-01   4.7993306e-02
   4.7120000e+03   4.5078299e-01  -1.7978355e-02
   4.7200000e+03   5.1726207e-01   1.2315688e-02
   4.7280000e+03   4.4541226e-01   2.0417177e-02
   4.7360000e+03   5.3001530e-01   3.4967709e-02
   4.7440000e+03   5.0663180e-01   2.0457379e-02
   4.7520000e+03   4.8463628e-01   1.1798344e-02
   4.7600000e+03   5.3087419e-01   2.3120854e-02
   4.7680000e+03   5.3985351e-01  -2.6495024e-02
   4.7760000e+03   5.0582411e-01  -6.4968923e-02
   4.7840000e+03   4.2260481e-01  -2.2547427e-02
   4.7920000e+03   4.5583478e-01  -2.5392912e-02
   4.8000000e+03   4.5164722e-01  -5.1943892e-03
   4.8080000e+03   5.5943714e-01  -3.9715922e-02
   4.8160000e+03   5.3220580e-01   4.4852816e-02
   4.8240000e+03   5.0692723e-01  -1.7891420e-02
   4.8320000e+03   5.3776596e-01  -8.8752174e-02
   4.8400000e+03   4.4281190e-01   4.3775616e-02
   4.8480000e+03   5.5814722e-01  -1.6341472e-02
   4.8560000e+03   4.5976433e-01   3.2923610e-02
   4.8640000e+03   4.3981690e-01  -5.9704126e-02
   4.8720000e+03   5.3739638e-01   2.8344118e-02
   4.8800000e+03   5.1037133e-01   3.2249033e-03
   4.8880000e+03   5.0430942e-01   1.8507988e-02
   4.8960000e+03   4.8021557e-01  -9.6909186e-03
   4.9040000e+03   4.7937374e-01  -1.6874508e-02
   4.9120000e+03   4.9527770e-01  -2.8607192e-02
   4.9200000e+03   4.7417769e-01  -4.9153891e-02
   4.9280000e+03   4.7868245e-01  -1.5342369e-02
   4.9360000e+03   4.4978479e-01  -1.0699955e-02
   4.9440000e+03   5.0677735e-01  -9.5446171e-04
   4.9520000e+03   4.5878393e-01  -1.2189858e-01
   4.9600000e+03   5.0048826e-01  -3.6556720e-03
   4.9680000e+03   5.1923077e-01   4.1293176e-02
   4.9760000e+03   5.2162152e-01   4.7477616e-02
   4.9840000e+03   4.4451165e-01  -2.4391702e-02
   4.9920000e+03   4.3157854e-01   2.3937885e-02
   5.0000000e+03   4.4903329e-01   1.8029494e-02
   5.0080000e+03   4.8753275e-01   3.5058744e-02
   5.0160000e+03   4.4668729e-01   1.1844546e-03
   5.0240000e+03   4.4121595e-01  -3.3709185e-02
   5.0320000e+03   4.7662777e-01  -9.1949249e-05
   5.0400000e+03   4.1629105e-01  -2.9940467e-02
   5.0480000e+03   4.9068480e-01  -1.1747683e-02
   5.0560000e+03   4.8623886e-01  -1.3084274e-02
   5.0640000e+03   5.0487110e-01  -2.6885583e-02
   5.0720000e+03   5.3090448e-01  -1.0589057e-02
   5.0800000e+03   5.3049821e-01   3.5639312e-04
   5.0880000e+03   4.8577767e-01  -5.5111192e-03
   5.0960000e+03   4.8468450e-01   2.3281381e-02
   5.1040000e+03   5.4601229e-01   4.0182744e-02
   5.1120000e+03   5.0231613e-01  -6.5771774e-02
   5.1200000e+03   4.3569164e-01  -1.5682588e-02
   5.1280000e+03   4.7610784e-01  -4.4400780e-02
   5.1360000e+03   4.9451288e-01   4.1680203e-02
   5.1440000e+03   4.7544291e-01  -7.1997267e-02
   5.1520000e+03   5.0868050e-01  -1.4981430e-02
   5.1600000e+03   4.4875945e-01   6.1311131e-04
   5.1680000e+03   4.7465982e-01   3.8456876e-02
   5.1760000e+03   5.0003291e-01  -9.2501770e-02
   5.1840000e+03   4.9546658e-01   2.1244595e-03
   5.1920000e+03   5.0652971e-01  -3.9959175e-02
   5.2000000e+03   5.2637482e-01   4.5787345e-02
   5.2080000e+03   4.8932168e-01  -1.4797945e-03
   5.2160000e+03   4.8311045e-01   7.1359442e-02
   5.2240000e+03   4.7058962e-01  -5.6366062e-02
   5.2320000e+03   5.2853120e-01   5.3327528e-02
   5.2400000e+03   5.2470234e-01  -5.4422236e-02
   5.2480000e+03   5.0541782e-01  -1.6724041e-02
   5.2560000e+03   4.6143900e-01  -2.7516283e-02
   5.2640000e+03   4.5619375e-01  -2.4391670e-02
   5.2720000e+03   4.2342240e-01  -3.4887250e-03
   5.2800000e+03   5.4077967e-01   3.2231303e-02
   5.2880000e+03   5.0202993e-01  -4.7565509e-02
   5.2960000e+03   4.7894169e-01   3.3597761e-02
   5.3040000e+03   4.4214201e-01   4.2055378e-02
   5.3120000e+03   4.9515818e-01  -2.1011748e-02
   5.3200000e+03   4.6505706e-01   1.8561687e-02
   5.3280000e+03   5.0012253e-01   1.1227004e-03
   5.3360000e+03   4.8096967e-01   1.4938152e-02
   5.3440000e+03   4.9583394e-01  -4.1433906e-02
   5.3520000e+03   4.5365495e-01  -1.1349010e-02
   5.3600000e+03   4.1175006e-01  -3.1002788e-02
   5.3680000e+03   4.4863526e-01  -5.2790648e-02
   5.3760000e+03   4.5860900e-01  -2.3208916e-02
   5.3840000e+03   4.7037076e-01   6.5177712e-03
   5.3920000e+03   4.4802463e-01  -1.1126983e-02
   5.4000000e+03   4.1532529e-01  -2.2705346e-02
   5.4080000e+03   5.2809586e-01  -2.1338064e-02
   5.4160000e+03   4.7543746e-01   2.5222009e-02
   5.4240000e+03   4.5320821e-01  -2.6197986e-03
   5.4320000e+03   5.2713164e-01   1.3190408e-02
   5.4400000e+03   4.7412581e-01  -2.8386559e-02
   5.4480000e+03   4.6665105e-01  -6.8727951e-02
   5.4560000e+03   4.7596323e-01   5.6519560e-02
   5.4640000e+03   4.5433837e-01   2.6044787e-02
   5.4720000e+03   4.6599735e-01  -6.6912418e-02
   5.4800000e+03   5.1555947e-01  -2.2723994e-02
   5.4880000e+03   4.0748749e-01   1.6074152e-02
   5.4960000e+03   4.1125121e-01   4.1555140e-02
   5.5040000e+03   4.7108980e-01   3.1595679e-02
   5.5120000e+03   4.9813051e-01   4.9353188e-02
   5.5200000e+03   5.1567598e-01   4.1460523e-02
   5.5280000e+03   4.5624442e-01  -3.4575668e-02
   5.5360000e+03   4.7561970e-01  -4.4161064e-02
   5.5440000e+03   4.7438689e-01  -4.7535522e-03
   5.5520000e+03   4.8783861e-01  -2.9781979e-02
   5.5600000e+03   4.3262655e-01   3.7339902e-02
   5.5680000e+03   5.0148264e-01  -4.9958662e-02
   5.5760000e+03   4.6757344e-01  -1.6753307e-02
   5.5840000e+03   4.7645408e-01  -3.5635515e-02
   5.5920000e+03   5.0532678e-01   7.6186537e-02
   5.6000000e+03   4.8579360e-01  -6.5138889e-02
   5.6080000e+03   5.4165878e-01   3.1617458e-03
   5.6160000e+03   4.4693771e-01   2.5572321e-02
   5.6240000e+03   4.9238637e-01  -2.4426652e-02
   5.6320000e+03   4.0679848e-01   3.9212232e-02
   5.6400000e+03   4.9931339e-01  -8.0486091e-03
   5.6480000e+03   4.4921477e-01   4.8072320e-02
   5.6560000e+03   5.0390379e-01  -1.7917171e-02
   5.6640000e+03   4.7235800e-01   3.4153970e-02
   5.6720000e+03   4.4966013e-01   2.9625120e-03
   5.6800000e+03   4.7752959e-01  -3.5450441e-02
   5.6880000e+03   4.2098782e-01  -1.2191456e-02
   5.6960000e+03   4.9262080e-01   1.7321971e-02
   5.7040000e+03   4.2835585e-01   1.7310253e-02
   5.7120000e+03   4.8497956e-01   4.9185854e-02
   5.7200000e+03   4.7981521e-01  -8.0670738e-02
   5.7280000e+03   5.0793517e-01   2.0118154e-02
   5.7360000e+03   4.6189920e-01  -3.8766582e-02
   5.7440000e+03   4.3000802e-01  -1.4450103e-02
   5.7520000e+03   4.4879976e-01  -2.6879716e-03
   5.7600000e+03   5.3450815e-01   3.8476174e-03
   5.7680000e+03   4.8532068e-01  -1.0299314e-02
   5.7760000e+03   5.3625782e-01   6.1228520e-05
   5.7840000e+03   4.2820776e-01   4.5773188e-02
   5.7920000e+03   4.8828963e-01  -7.5415494e-03
   5.8000000e+03   4.9445530e-01   2.4297916e-02
   5.8080000e+03   4.2699518e-01   1.9073499e-02
   5.8160000e+03   3.8666301e-01  -1.1297056e-02
   5.8240000e+03   4.5452766e-01   9.7138816e-04
   5.8320000e+03   3.9214303e-01  -8.6792152e-03
   5.8400000e+03   4.4498315e-01   6.0457072e-03
   5.8480000e+03   4.5653011e-01  -2.4700639e-02
   5.8560000e+03   4.4756608e-01  -8.9547589e-03
   5.8640000e+03   5.3843566e-01   7.8524650e-03
   5.8720000e+03   4.3480820e-01  -3.7919349e-02
   5.8800000e+03   5.4710647e-01   8.4281493e-02
   5.8880000e+03   4.8232468e-01   4.5723940e-02
   5.8960000e+03   4.7810587e-01   7.7122006e-02
   5.9040000e+03   4.9082894e-01   3.0573397e-02
   5.9120000e+03   5.0365250e-01  -3.7907146e-02
   5.9200000e+03   4.6909816e-01  -2.9030226e-02
   5.9280000e+03   4.9603615e-01  -1.2361294e-01
   5.9360000e+03   4.5109031e-01   6.4837426e-02
   5.9440000e+03   4.7490606e-01   4.8564139e-02
   5.9520000e+03   4.5162795e-01   3.9679300e-02
   5.9600000e+03   5.4815518e-01   5.6312538e-02
   5.9680000e+03   3.9768651e-01   2.6729017e-02
   5.9760000e+03   4.3000890e-01  -1.0921734e-03
   5.9840000e+03   4.7896407e-01  -4.2412813e-02
   5.9920000e+03   4.5089199e-01  -1.0118765e-02
   6.0000000e+03   4.6646519e-01   6.0820234e-02
   6.0080000e+03   4.9903516e-01  -1.9630835e-03
   6.0160000e+03   4.7620028e-01   3.2773243e-02
   6.0240000e+03   4.8578217e-01   4.9756710e-02
   6.0320000e+03   5.2657444e-01   2.7577549e-02
   6.0400000e+03   4.5327654e-01   1.6049188e-02
   6.0480000e+03   4.7473665e-01  -2.1487161e-02
   6.0560000e+03   4.9988960e-01   1.9456869e-02
   6.0640000e+03   5.2209874e-01  -9.1135819e-02
   6.0720000e+03   4.1145879e-01  -3.0325407e-03
   6.0800000e+03   4.5504711e-01   4.4601685e-02
   6.0880000e+03   4.8185538e-01  -3.3522116e-02
   6.0960000e+03   5.0182115e-01   5.8644864e-03
   6.1040000e+03   4.2837699e-01  -2.6256215e-02
   6.1120000e+03   5.0939801e-01   9.4400948e-03
   6.1200000e+03   3.9944255e-01  -1.0617419e-02
   6.1280000e+03   4.0320082e-01   1.6714936e-02
   6.1360000e+03   4.8220654e-01   8.7729239e-03
   6.1440000e+03   4.5506220e-01   4.9855136e-03
   6.1520000e+03   4.8650282e-01   2.6114815e-02
   6.1600000e+03   4.2514499e-01  -1.8389433e-02
   6.1680000e+03   4.4741471e-01  -2.0211849e-02
   6.1760000e+03   4.9460113e-01   2.4381444e-02
   6.1840000e+03   4.8009713e-01   7.0688578e-04
   6.1920000e+03   4.6947207e-01   8.4637664e-03
   6.2000000e+03   4.5482544e-01   7.8294183e-02
   6.2080000e+03   4.4255705e-01   7.9925766e-02
   6.2160000e+03   3.5911602e-01   3.7468630e-02
   6.2240000e+03   4.6092067e-01  -4.0286422e-02
   6.2320000e+03   4.1858616e-01   7.8711310e-03
   6.2400000e+03   4.4488025e-01  -9.1391777e-03
   6.2480000e+03   4.8915101e-01  -1.2344443e-02
   6.2560000e+03   5.3365704e-01  -8.6085135e-03
   6.2640000e+03   3.9337259e-01   6.4353353e-02
   6.2720000e+03   4.2487027e-01  -1.5251066e-02
   6.2800000e+03   4.6051040e-01   2.9626918e-02
   6.2880000e+03   4.9232300e-01   3.1750964e-02
   6.2960000e+03   4.6127493e-01  -1.4958715e-02
   6.3040000e+03   4.6424848e-01  -4.1884806e-02
   6.3120000e+03   4.8289596e-01  -1.1130128e-02
   6.3200000e+03   4.4047967e-01  -2.6177845e-02
   6.3280000e+03   4.4294620e-01  -6.8678328e-02
   6.3360000e+03   4.2683056e-01  -3.2773986e-04
   6.3440000e+03   4.4062749e-01   1.4925263e-02
   6.3520000e+03   4.4230485e-01   3.1745422e-02
   6.3600000e+03   4.8433879e-01   3.5837376e-02
   6.3680000e+03   4.4710244e-01  -5.5887716e-03
   6.3760000e+03   4.8284288e-01   1.8116306e-02
   6.3840000e+03   4.8635710e-01  -2.4670396e-02
   6.3920000e+03   4.8184315e-01  -5.3798921e-03
   6.4000000e+03   4.8767909e-01   2.5756871e-04
   6.4080000e+03   4.4773827e-01  -2.6178675e-02
   6.4160000e+03   4.5503617e-01  -5.4755595e-02
   6.4240000e+03   4.3698525e-01  -2.5319857e-03
   6.4320000e+03   4.7391378e-01  -1.1035243e-02
   6.4400000e+03   3.9167469e-01   3.8840397e-02
   6.4480000e+03   5.2060420e-01  -4.4198075e-02
   6.4560000e+03   4.4503823e-01  -9.0733337e-02
   6.4640000e+03   4.0165169e-01  -1.0617907e-02
   6.4720000e+03   4.7589220e-01  -3.0061992e-02
   6.4800000e+03   4.1364966e-01   2.7950919e-03
   6.4880000e+03   4.7684871e-01  -4.8352625e-02
   6.4960000e+03   4.7711402e-01  -5.4087267e-02
   6.5040000e+03   5.0769860e-01  -2.2972669e-02
   6.5120000e+03   4.1295405e-01  -2.3672683e-02
   6.5200000e+03   5.2190941e-01  -1.1841207e-02
   6.5280000e+03   4.3104370e-01   6.0384111e-02
   6.5360000e+03   4.1733997e-01   4.3948321e-03
   6.5440000e+03   4.8234786e-01   3.1578896e-02
   6.5520000e+03   3.9601889e-01  -6.8007091e-03
   6.5600000e+03   5.0676519e-01   4.8019269e-02
   6.5680000e+03   4.5962701e-01  -9.1163162e-03
   6.5760000e+03   4.1732031e-01  -2.6946475e-05
   6.5840000e+03   4.6729281e-01  -2.5754246e-02
   6.5920000e+03   4.4146003e-01   8.3142450e-03
   6.6000000e+03   4.9215143e-01   6.8536413e-02
   6.6080000e+03   3.9325158e-01   2.9721670e-02
   6.6160000e+03   4.3500581e-01   3.7628410e-02
   6.6240000e+03   3.8633625e-01  -2.3886520e-03
   6.6320000e+03   4.6698369e-01   1.2174969e-02
   6.6400000e+03   4.5617805e-01   6.7409777e-02
   6.6480000e+03   4.4010899e-01  -8.0849672e-03
   6.6560000e+03   4.1629218e-01   3.2168562e-02
   6.6640000e+03   5.1651659e-01  -3.3709684e-02
   6.6720000e+03   5.1200940e-01   2.8193283e-02
   6.6800000e+03   4.6782410e-01   2.4974786e-02
   6.6880000e+03   4.4929432e-01   9.1942780e-03
   6.6960000e+03   4.9965037e-01   6.8131733e-02
   6.7040000e+03   3.9260242e-01   6.2782773e-02
   6.7120000e+03   4.0666799e-01  -9.0470873e-04
   6.7200000e+03   4.9991746e-01  -2.2860809e-02
   6.7280000e+03   4.6757742e-01   6.7060088e-02
   6.7360000e+03   4.8688801e-01  -4.4763219e-03
   6.7440000e+03   4.3410162e-01   1.6927380e-02
   6.7520000e+03   4.3063571e-01   7.2195667e-02
   6.7600000e+03   4.3973821e-01  -4.5256764e-02
   6.7680000e+03   4.0134883e-01  -5.2935390e-02
   6.7760000e+03   4.8122621e-01  -2.1324741e-02
   6.7840000e+03   4.4041129e-01  -4.2544285e-02
   6.7920000e+03   4.2763120e-01  -3.0169078e-02
   6.8000000e+03   4.7245815e-01   1.2710298e-02
   6.8080000e+03   4.1917040e-01  -4.1632846e-03
   6.8160000e+03   4.3260001e-01   1.1111907e-02
   6.8240000e+03   4.7399405e-01   1.8083374e-02
   6.8320000e+03   4.2941722e-01   1.4284170e-02
   6.8400000e+03   4.3317558e-01   1.2269733e-02
   6.8480000e+03   4.5320182e-01  -4.1851643e-02
   6.8560000e+03   4.9634624e-01   3.7750474e-02
   6.8640000e+03   5.0078016e-01   2.1870620e-02
   6.8720000e+03   4.5982812e-01  -3.3476750e-02
   6.8800000e+03   4.9524129e-01  -2.4124879e-02
   6.8880000e+03   4.3938273e-01   1.3977313e-02
   6.8960000e+03   4.1435996e-01   2.2343820e-02
   6.9040000e+03   4.9721531e-01   3.2540221e-03
   6.9120000e+03   4.0783799e-01   5.1903428e-02
   6.9200000e+03   4.7445834e-01  -1.0579618e-02
   6.9280000e+03   4.8343828e-01  -3.6198706e-02
   6.9360000e+03   4.7630190e-01  -1.0668402e-02
   6.9440000e+03   4.4838035e-01   4.1808491e-02
   6.9520000e+03   4.5633840e-01   1.4463237e-02
   6.9600000e+03   4.4914669e-01  -4.4025109e-02
   6.9680000e+03   4.1401249e-01   1.9664841e-02
   6.9760000e+03   5.2641503e-01   1.0353099e-01
   6.9840000e+03   4.5124430e-01  -3.2824202e-02
   6.9920000e+03   4.9528158e-01  -4.8228053e-02
   7.0000000e+03   4.0605992e-01  -3.7530608e-03
   7.0080000e+03   4.2009129e-01  -2.9177841e-03
   7.0160000e+03   4.6122704e-01  -1.2188164e-02
   7.0240000e+03   4.5079177e-01   1.1302605e-02
   7.0320000e+03   4.9070144e-01   2.7913810e-02
   7.0400000e+03   4.4320163e-01   8.4848257e-04
   7.0480000e+03   3.6596789e-01   1.6403172e-02
   7.0560000e+03   4.8748460e-01   4.5029382e-02
   7.0640000e+03   4.0647111e-01   4.1129733e-02
   7.0720000e+03   4.1208974e-01  -1.9490288e-03
   7.0800000e+03   4.4543932e-01   2.7158398e-02
   7.0880000e+03   5.0779900e-01  -4.6126383e-02
   7.0960000e+03   4.0427914e-01  -1.9188346e-02
   7.1040000e+03   4.1361967e-01   2.2429421e-02
   7.1120000e+03   3.9613620e-01  -1.5134491e-02
   7.1200000e+03   4.3547337e-01   4.2828642e-03
   7.1280000e+03   4.8810226e-01  -5.5377881e-03
