   0.0000000e+00   8.2796771e-01  -1.6722377e-02
   8.0000000e+00   8.6897099e-01  -3.1049832e-02
   1.6000000e+01   8.5792051e-01  -4.6735760e-03
   2.4000000e+01   8.2058049e-01  -1.0298719e-02
   3.2000000e+01   8.7224892e-01   1.2889064e-02
   4.0000000e+01   9.0600368e-01  -1.3128620e-02
   4.8000000e+01   8.8755018e-01   8.1768758e-03
   5.6000000e+01   8.9799408e-01  -2.9718507e-03
   6.4000000e+01   9.4163454e-01  -2.0915508e-03
   7.2000000e+01   9.4692883e-01   1.4963004e-02
   8.0000000e+01   1.0088735e+00  -5.4114478e-03
   8.8000000e+01   9.9890638e-01   1.0412017e-02
   9.6000000e+01   9.9253523e-01  -2.3954620e-03
   1.0400000e+02   9.7972041e-01   1.8204797e-02
   1.1200000e+02   1.0077983e+00  -8.9658076e-03
   1.2000000e+02   9.6819800e-01   6.8710145e-02
   1.2800000e+02   1.0025790e+00   2.2212377e-02
   1.3600000e+02   9.9650049e-01   5.2143358e-03
   1.4400000e+02   9.8908144e-01  -1.9627727e-02
   1.5200000e+02   9.4777586e-01   2.8779211e-02
   1.6000000e+02   9.3639335e-01  -5.7342532e-03
   1.6800000e+02   8.9450136e-01  -5.7693823e-03
   1.7600000e+02   9.1106610e-01  -4.3705653e-02
   1.8400000e+02   9.0211376e-01   5.1491171e-02
   1.9200000e+02   8.6581452e-01   3.3136489e-02
   2.0000000e+02   8.6437282e-01   2.4001945e-03
   2.0800000e+02   8.6314449e-01  -4.0379252e-04
   2.1600000e+02   8.3887425e-01   3.2675841e-03
   2.2400000e+02   8.1950779e-01   6.2205642e-03
   2.3200000e+02   8.6659824e-01  -1.3833775e-02
   2.4000000e+02   8.6282643e-01   1.3436172e-02
   2.4800000e+02   8.5821520e-01  -1.5127241e-03
   2.5600000e+02   8.4265334e-01   2.0589620e-03
   2.6400000e+02   8.1064029e-01   2.6704191e-02
   2.7200000e+02   8.3260032e-01   4.1132731e-02
   2.8000000e+02   7.7556084e-01   1.2607681e-02
   2.8800000e+02   8.1020737e-01  -4.0750140e-02
   2.9600000e+02   7.9944770e-01   1.4969661e-02
   3.0400000e+02   7.5760570e-01   2.4509398e-03
   3.1200000e+02   7.7781873e-01   1.2027390e-02
   3.2000000e+02   7.9771300e-01   8.7173158e-03
   3.2800000e+02   8.2295394e-01   4.9736879e-03
   3.3600000e+02   8.2475239e-01  -2.1556835e-02
   3.4400000e+02   7.9500658e-01   2.1432890e-02
   3.5200000e+02   7.8757449e-01  -2.8727547e-02
   3.6000000e+02   8.2352197e-01   3.0111924e-02
   3.6800000e+02   7.7560739e-01   3.8361889e-02
   3.7600000e+02   8.1693898e-01  -3.0761147e-02
   3.8400000e+02   7.8978763e-01   2.7660069e-02
   3.9200000e+02   8.0674391e-01  -2.4014103e-02
   4.0000000e+02   7.9956098e-01  -1.2138281e-02
   4.0800000e+02   7.8312544e-01   3.9659345e-02
   4.1600000e+02   7.9872131e-01  -2.4871811e-02
   4.2400000e+02   7.9144429e-01  -1.9374522e-02
   4.3200000e+02   7.7567870e-01  -3.3154701e-02
   4.4000000e+02   7.6106990e-01  -1.5991823e-03
   4.4800000e+02   7.5856427e-01   1.3549860e-02
   4.5600000e+02   7.8108671e-01   2.9077966e-02
   4.6400000e+02   7.7972319e-01   5.8945583e-02
   4.7200000e+02   8.0840676e-01  -3.5880461e-02
   4.8000000e+02   7.8081007e-01   5.0925905e-03
   4.8800000e+02   7.9663874e-01   6.8326958e-03
   4.9600000e+02   7.8811485e-01   2.5041025e-03
   5.0400000e+02   7.7779238e-01  -1.3417942e-02
   5.1200000e+02   7.7075662e-01  -6.4451329e-03
   5.2000000e+02   7.7786880e-01  -2.7673180e-02
   5.2800000e+02   7.4698657e-01  -9.1384818e-03
   5.3600000e+02   7.7662940e-01  -2.5721765e-02
   5.4400000e+02   7.7709736e-01  -3.0866010e-02
   5.5200000e+02   7.8477525e-01  -6.9703631e-03
   5.6000000e+02   7.4526696e-01  -1.3337866e-02
   5.6800000e+02   7.7674094e-01   2.7203272e-02
   5.7600000e+02   7.7281448e-01   2.5974205e-02
   5.8400000e+02   7.4476309e-01   9.2910448e-03
   5.9200000e+02   7.7013484e-01  -1.9933870e-02
   6.0000000e+02   7.3318136e-01   2.8902778e-02
   6.0800000e+02   7.5143691e-01   9.4450962e-03
   6.1600000e+02   7.1953940e-01   1.3796827e-02
   6.2400000e+02   7.4964208e-01  -9.6680071e-03
   6.3200000e+02   7.2096412e-01  -5.4538663e-03
   6.4000000e+02   7.2930651e-01  -2.3341862e-02
   6.4800000e+02   7.2139917e-01   4.0265978e-02
   6.5600000e+02   7.3005460e-01  -1.2084094e-02
   6.6400000e+02   7.3736161e-01  -1.7120089e-02
   6.7200000e+02   7.6360936e-01  -2.4706662e-02
   6.8000000e+02   7.6037174e-01  -3.6539874e-02
   6.8800000e+02   7.5527012e-01   2.0218377e-02
   6.9600000e+02   7.3011635e-01  -1.0914921e-03
   7.0400000e+02   7.3518277e-01  -3.3956211e-02
   7.1200000e+02   7.1786380e-01   1.7016255e-02
   7.2000000e+02   6.9449345e-01  -1.1250733e-02
   7.2800000e+02   7.1722629e-01  -3.1012229e-02
   7.3600000e+02   7.1167892e-01   5.4810722e-03
   7.4400000e+02   7.4966535e-01   4.4132306e-02
   7.5200000e+02   7.4906787e-01  -2.5795970e-02
   7.6000000e+02   7.2578579e-01  -7.2504365e-03
   7.6800000e+02   7.1044923e-01  -4.5458993e-02
   7.7600000e+02   7.4024293e-01  -1.0002569e-02
   7.8400000e+02   7.3066987e-01  -2.2599625e-02
   7.9200000e+02   6.8815332e-01  -3.1210905e-02
   8.0000000e+02   7.2139794e-01  -4.3242494e-04
   8.0800000e+02   7.5420407e-01  -7.3048479e-03
   8.1600000e+02   7.1813995e-01  -1.4585308e-02
   8.2400000e+02   7.3868809e-01  -6.2337961e-03
   8.3200000e+02   7.2135158e-01   1.7438132e-02
   8.4000000e+02   7.1191000e-01   1.5673981e-02
   8.4800000e+02   7.0596166e-01   1.8193947e-02
   8.5600000e+02   7.2739474e-01   1.1851184e-02
   8.6400000e+02   7.1977117e-01   2.4328388e-03
   8.7200000e+02   7.0855690e-01   1.7093323e-03
   8.8000000e+02   7.1362439e-01   3.5641933e-02
   8.8800000e+02   7.1465349e-01  -8.3655319e-03
   8.9600000e+02   7.1437427e-01   1.1864024e-02
   9.0400000e+02   6.8901922e-01   1.4714698e-03
   9.1200000e+02   7.1839598e-01   7.7557176e-03
   9.2000000e+02   7.4387367e-01  -9.2217105e-03
   9.2800000e+02   7.1008277e-01   1.5313628e-02
   9.3600000e+02   6.9661667e-01  -1.4208513e-03
   9.4400000e+02   6.8964553e-01   2.2464943e-02
   9.5200000e+02   6.9146471e-01   9.2160058e-04
   9.6000000e+02   6.6360186e-01  -6.4249371e-03
   9.6800000e+02   7.2811968e-01  -1.6190219e-02
   9.7600000e+02   6.6386735e-01  -1.4694195e-02
   9.8400000e+02   6.8408594e-01   2.8401511e-02
   9.9200000e+02   6.9643923e-01   2.8254936e-02
   1.0000000e+03   6.7801680e-01  -2.8468787e-03
   1.0080000e+03   6.4845236e-01   2.5456332e-02
   1.0160000e+03   6.5948192e-01   1.0646626e-02
   1.0240000e+03   6.7429661e-01  -2.9216887e-03
   1.0320000e+03   6.7236401e-01  -9.8383303e-03
   1.0400000e+03   6.7893975e-01  -1.4229127e-02
   1.0480000e+03   6.8744315e-01   1.5193370e-02
   1.0560000e+03   7.0533168e-01   2.8919368e-02
   1.0640000e+03   6.4265694e-01   2.6616612e-02
   1.0720000e+03   6.8529286e-01  -3.8549348e-04
   1.0800000e+03   6.6748625e-01  -1.4455730e-02
   1.0880000e+03   6.3602983e-01  -4.1275687e-02
   1.0960000e+03   6.4780557e-01   2.5464947e-02
   1.1040000e+03   7.2868669e-01  -3.4529099e-02
   1.1120000e+03   6.6865836e-01   1.1598476e-03
   1.1200000e+03   6.8903953e-01  -2.9271980e-03
   1.1280000e+03   7.1453336e-01  -5.8333592e-03
   1.1360000e+03   6.3644569e-01   2.6743950e-03
   1.1440000e+03   7.1531355e-01   9.5710873e-03
   1.1520000e+03   6.9529391e-01   2.7316177e-03
   1.1600000e+03   7.0150724e-01  -2.0667529e-02
   1.1680000e+03   6.6118226e-01  -2.7056155e-02
   1.1760000e+03   6.1323070e-01   5.5456541e-03
   1.1840000e+03   6.6602070e-01  -2.4114495e-02
   1.1920000e+03   6.5611182e-01  -1.3530584e-02
   1.2000000e+03   6.9434047e-01   1.3375407e-02
   1.2080000e+03   6.8215486e-01   5.0888190e-03
   1.2160000e+03   6.8625048e-01   1.5528835e-02
   1.2240000e+03   6.6608098e-01  -1.8909361e-02
   1.2320000e+03   6.6126355e-01  -3.0054022e-02
   1.2400000e+03   6.6723525e-01   1.2417135e-03
   1.2480000e+03   6.7402533e-01  -1.7754956e-02
   1.2560000e+03   7.0764267e-01  -1.7975095e-02
   1.2640000e+03   6.5162715e-01  -1.9674802e-02
   1.2720000e+03   6.3259064e-01   2.5533930e-02
   1.2800000e+03   6.5954741e-01  -4.2861749e-03
   1.2880000e+03   6.2412488e-01   3.0667575e-02
   1.2960000e+03   6.2841276e-01  -1.1828949e-02
   1.3040000e+03   6.7215543e-01  -1.1867775e-02
   1.3120000e+03   6.6382134e-01   5.4017659e-03
   1.3200000e+03   6.7305515e-01   7.0080677e-03
   1.3280000e+03   6.5133851e-01  -2.9532831e-03
   1.3360000e+03   6.5031810e-01   8.5522168e-03
   1.3440000e+03   6.5213673e-01   4.1478745e-04
   1.3520000e+03   6.3950190e-01  -3.2525640e-02
   1.3600000e+03   6.1803197e-01  -1.7946846e-02
   1.3680000e+03   6.1391359e-01  -2.3824062e-02
   1.3760000e+03   6.1200625e-01  -8.5897380e-03
   1.3840000e+03   6.7499684e-01  -5.9817451e-04
   1.3920000e+03   6.2934276e-01   4.1215890e-03
   1.4000000e+03   6.2739956e-01  -1.0622525e-02
   1.4080000e+03   6.6263321e-01   1.0716621e-02
   1.4160000e+03   6.3690746e-01  -7.7955040e-03
   1.4240000e+03   6.6182378e-01   8.2180135e-03
   1.4320000e+03   6.7124596e-01  -2.4416695e-02
   1.4400000e+03   6.2527965e-01   2.9280349e-03
   1.4480000e+03   6.2573702e-01   3.5445398e-03
   1.4560000e+03   6.2396703e-01   8.9039356e-03
   1.4640000e+03   6.4160492e-01  -8.6696485e-03
   1.4720000e+03   5.9797887e-01  -4.1415527e-02
   1.4800000e+03   6.3325769e-01  -1.7883709e-02
   1.4880000e+03   6.0108055e-01   1.1447054e-03
   1.4960000e+03   6.3441682e-01  -7.2238186e-03
   1.5040000e+03   6.2003692e-01   1.1513645e-02
   1.5120000e+03   6.3747965e-01  -1.0778162e-02
   1.5200000e+03   6.2408486e-01  -5.1648849e-03
   1.5280000e+03   6.5178931e-01  -4.1507504e-02
   1.5360000e+03   6.2419279e-01   2.7654457e-02
   1.5440000e+03   6.4565595e-01   1.2682529e-02
   1.5520000e+03   6.4938654e-01   2.4556978e-02
   1.5600000e+03   5.8660502e-01  -2.2653886e-02
   1.5680000e+03   6.2953314e-01  -1.4761344e-02
   1.5760000e+03   6.3689981e-01  -5.9263683e-03
   1.5840000e+03   6.0698532e-01  -9.9746343e-03
   1.5920000e+03   6.3953138e-01   2.2354172e-02
   1.6000000e+03   6.7179021e-01  -1.2599780e-02
   1.6080000e+03   6.0821111e-01  -1.1964678e-02
   1.6160000e+03   6.4678795e-01   3.3817354e-03
   1.6240000e+03   6.1819307e-01  -5.0417855e-03
   1.6320000e+03   6.2895281e-01   2.4586425e-02
   1.6400000e+03   6.5145561e-01   6.8222070e-04
   1.6480000e+03   6.2130735e-01  -1.6831122e-02
   1.6560000e+03   6.1401926e-01  -1.0460966e-02
   1.6640000e+03   6.0865907e-01  -1.9273990e-02
   1.6720000e+03   6.8058002e-01  -5.0639730e-03
   1.6800000e+03   6.1228379e-01  -2.2975397e-03
   1.6880000e+03   6.0982319e-01  -3.7273520e-02
   1.6960000e+03   6.2316309e-01  -7.0312803e-03
   1.7040000e+03   6.3401850e-01   8.1989451e-03
   1.7120000e+03   5.9799361e-01   2.7987366e-03
   1.7200000e+03   6.0174481e-01  -2.9199570e-02
   1.7280000e+03   5.8645173e-01  -1.2820221e-02
   1.7360000e+03   6.4799157e-01   3.4367110e-02
   1.7440000e+03   6.4855317e-01   2.5218826e-02
   1.7520000e+03   6.1200287e-01   1.2940556e-02
   1.7600000e+03   5.9832619e-01  -1.4610623e-02
   1.7680000e+03   6.0405957e-01   1.2184214e-02
   1.7760000e+03   6.1611153e-01  -1.8925897e-03
   1.7840000e+03   6.2606206e-01   9.9888781e-03
   1.7920000e+03   6.1906660e-01   1.4555962e-02
   1.8000000e+03   6.0435716e-01   4.2068858e-02
   1.8080000e+03   6.0956095e-01   4.0215087e-03
   1.8160000e+03   6.1721045e-01   3.6717098e-02
   1.8240000e+03   6.1352392e-01   2.6034496e-02
   1.8320000e+03   6.1226267e-01  -1.5395646e-02
   1.8400000e+03   6.3244774e-01   6.2603644e-04
   1.8480000e+03   6.0379268e-01  -8.6906464e-04
   1.8560000e+03   6.2560337e-01   1.5134967e-02
   1.8640000e+03   6.2655968e-01  -9.2886894e-03
   1.8720000e+03   6.0912441e-01   9.6822394e-03
   1.8800000e+03   6.2372588e-01   3.2680584e-03
   1.8880000e+03   6.0140739e-01   1.0992572e-02
   1.8960000e+03   6.1018523e-01   2.7725648e-02
   1.9040000e+03   6.3019654e-01   8.3837302e-04
   1.9120000e+03   6.6366862e-01  -7.9472379e-04
   1.9200000e+03   5.9151146e-01  -1.7205496e-02
   1.9280000e+03   6.3802907e-01  -4.2182852e-02
   1.9360000e+03   5.8986778e-01   4.4472313e-02
   1.9440000e+03   6.2302053e-01   1.3544887e-02
   1.9520000e+03   6.2588458e-01  -1.4826194e-02
   1.9600000e+03   6.1940970e-01  -1.0468294e-02
   1.9680000e+03   6.3477421e-01  -1.7822662e-02
   1.9760000e+03   5.7494008e-01   2.5812695e-02
   1.9840000e+03   6.0254715e-01   1.9619582e-02
   1.9920000e+03   5.9991296e-01   1.2738017e-02
   2.0000000e+03   5.9472801e-01  -2.5329170e-02
   2.0080000e+03   6.0856799e-01  -1.7022221e-02
   2.0160000e+03   6.1300812e-01  -1.4001162e-02
   2.0240000e+03   6.2697913e-01   3.0736418e-02
   2.0320000e+03   6.2170525e-01  -6.6172904e-03
   2.0400000e+03   5.8856220e-01  -1.7523589e-02
   2.0480000e+03   6.2974680e-01   7.0015537e-03
   2.0560000e+03   5.9782446e-01  -2.9270027e-02
   2.0640000e+03   6.1723490e-01  -2.2009230e-02
   2.0720000e+03   5.8849250e-01  -1.6325141e-03
   2.0800000e+03   5.9879401e-01   1.4294433e-02
   2.0880000e+03   6.0457028e-01   1.3661279e-02
   2.0960000e+03   5.8781161e-01   1.4222659e-02
   2.1040000e+03   5.6147236e-01   4.0291830e-02
   2.1120000e+03   5.8915337e-01  -2.5725491e-02
   2.1200000e+03   6.0455532e-01  -3.1190013e-02
   2.1280000e+03   6.2036275e-01  -6.9800996e-03
   2.1360000e+03   5.9582271e-01  -3.0295198e-02
   2.1440000e+03   5.9898256e-01  -2.2706874e-02
   2.1520000e+03   6.2156453e-01   2.7256825e-02
   2.1600000e+03   5.6926951e-01  -2.9848255e-02
   2.1680000e+03   6.0138036e-01  -1.1969512e-02
   2.1760000e+03   6.0265537e-01  -6.2972834e-03
   2.1840000e+03   5.9244053e-01   4.1391960e-02
   2.1920000e+03   5.9983615e-01  -8.1739986e-03
   2.2000000e+03   5.9917603e-01   6.0113065e-03
   2.2080000e+03   5.7867488e-01   1.4658091e-02
   2.2160000e+03   5.9788754e-01  -1.4753958e-02
   2.2240000e+03   5.9533841e-01  -1.4191936e-02
   2.2320000e+03   6.2323832e-01   1.3497363e-03
   2.2400000e+03   6.0212049e-01  -1.6342316e-02
   2.2480000e+03   5.8380044e-01   9.7211817e-03
   2.2560000e+03   5.9574011e-01   2.7122911e-02
   2.2640000e+03   6.3407240e-01   6.5881555e-04
   2.2720000e+03   5.9020451e-01   1.6567010e-02
   2.2800000e+03   5.8160257e-01   1.3759332e-02
   2.2880000e+03   5.9627630e-01   1.3085166e-02
   2.2960000e+03   5.9791498e-01  -1.4719412e-02
   2.3040000e+03   5.7947691e-01  -3.4921104e-02
   2.3120000e+03   5.8286594e-01   8.0836489e-03
   2.3200000e+03   5.9260667e-01  -2.7685326e-02
   2.3280000e+03   5.7870581e-01   5.0664213e-03
   2.3360000e+03   6.0469086e-01  -6.8564956e-03
   2.3440000e+03   6.0509518e-01  -2.6171786e-04
   2.3520000e+03   5.8570966e-01   3.9099768e-02
   2.3600000e+03   6.2843689e-01  -8.5645191e-04
   2.3680000e+03   6.1342233e-01  -4.9994820e-02
   2.3760000e+03   5.7026862e-01  -1.0081951e-02
   2.3840000e+03   6.1756722e-01  -3.0858678e-02
   2.3920000e+03   5.7862287e-01  -2.2703921e-02
   2.4000000e+03   5.9089045e-01   1.0868100e-02
   2.4080000e+03   6.1202798e-01   3.2596414e-02
   2.4160000e+03   6.0607509e-01  -2.7576754e-02
   2.4240000e+03   6.0392106e-01   1.6290210e-02
   2.4320000e+03   5.9705828e-01   5.8244725e-03
   2.4400000e+03   6.1606195e-01  -1.7306035e-02
   2.4480000e+03   5.5300349e-01   3.9129308e-03
   2.4560000e+03   6.0149756e-01   2.4416690e-03
   2.4640000e+03   6.2345798e-01  -3.2607331e-02
   2.4720000e+03   6.0241453e-01  -4.2797459e-03
   2.4800000e+03   5.9210058e-01  -3.2788070e-02
   2.4880000e+03   6.0174507e-01   6.5239811e-03
   2.4960000e+03   6.2744389e-01   2.8990175e-02
   2.5040000e+03   6.0270090e-01   9.9584409e-03
   2.5120000e+03   5.8864208e-01   5.9471561e-02
   2.5200000e+03   6.2037592e-01  -2.3589318e-02
   2.5280000e+03   6.0537765e-01   9.4817887e-04
   2.5360000e+03   5.7620661e-01   6.4783923e-03
   2.5440000e+03   6.1753776e-01   2.5960009e-03
   2.5520000e+03   5.8347510e-01  -9.3279838e-03
   2.5600000e+03   6.3175363e-01   2.7920579e-02
   2.5680000e+03   5.9377593e-01  -9.2101583e-03
   2.5760000e+03   5.8000326e-01  -1.6206853e-02
   2.5840000e+03   5.7391308e-01  -9.3741396e-03
   2.5920000e+03   6.0083617e-01  -2.1268869e-02
   2.6000000e+03   5.9610085e-01  -2.6870610e-02
   2.6080000e+03   5.9762466e-01  -3.7485558e-02
   2.6160000e+03   5.7259853e-01   7.1565997e-03
   2.6240000e+03   5.8639347e-01   2.0870456e-02
   2.6320000e+03   5.8289281e-01  -2.4509515e-02
   2.6400000e+03   6.0285089e-01   4.6619052e-03
   2.6480000e+03   6.1252815e-01   4.7021175e-04
   2.6560000e+03   5.7150955e-01  -1.6752959e-02
   2.6640000e+03   5.9757900e-01   1.9929901e-02
   2.6720000e+03   5.9936411e-01  -2.2456560e-02
   2.6800000e+03   5.4712481e-01   1.0343846e-02
   2.6880000e+03   5.9806392e-01  -2.3846911e-02
   2.6960000e+03   6.0811140e-01   2.8813630e-02
   2.7040000e+03   5.9556132e-01  -1.0687136e-02
   2.7120000e+03   6.0151113e-01   1.9855994e-02
   2.7200000e+03   6.2456120e-01   2.9916287e-02
   2.7280000e+03   6.1494720e-01   3.8374984e-02
   2.7360000e+03   5.7455480e-01  -1.6244022e-02
   2.7440000e+03   5.9541076e-01  -5.3156763e-03
   2.7520000e+03   5.8037845e-01  -2.2094276e-02
   2.7600000e+03   5.7934639e-01  -3.0020480e-03
   2.7680000e+03   6.1946437e-01   4.3090865e-03
   2.7760000e+03   5.7534056e-01  -1.5377236e-03
   2.7840000e+03   6.0471785e-01   1.0567518e-03
   2.7920000e+03   5.9042232e-01  -1.5836313e-02
   2.8000000e+03   6.1541265e-01  -2.5971032e-02
   2.8080000e+03   5.8917724e-01  -4.7590884e-03
   2.8160000e+03   6.0585026e-01  -2.7476121e-02
   2.8240000e+03   5.9739382e-01  -2.2657700e-02
   2.8320000e+03   5.8646801e-01   5.2502509e-03
   2.8400000e+03   5.9994210e-01  -2.0117489e-02
   2.8480000e+03   5.9482783e-01   4.3983008e-02
   2.8560000e+03   6.0703865e-01   1.1026310e-02
   2.8640000e+03   6.1092320e-01   1.7654057e-02
   2.8720000e+03   6.2292664e-01   1.3674359e-02
   2.8800000e+03   6.0050360e-01  -2.4608101e-02
   2.8880000e+03   6.2598920e-01   1.4559530e-02
   2.8960000e+03   5.7128397e-01  -2.5032139e-02
   2.9040000e+03   5.7746267e-01   5.6384143e-03
   2.9120000e+03   5.9139624e-01   2.2383245e-03
   2.9200000e+03   5.7669364e-01  -2.9436150e-02
   2.9280000e+03   6.1762725e-01   5.7591116e-03
   2.9360000e+03   6.2541531e-01  -3.9497523e-02
   2.9440000e+03   5.6822357e-01   9.9910638e-03
   2.9520000e+03   5.9087537e-01   5.1887459e-03
   2.9600000e+03   6.0639733e-01   2.8118253e-02
   2.9680000e+03   5.7342122e-01  -1.0029112e-02
   2.9760000e+03   5.6216493e-01  -2.1132165e-03
   2.9840000e+03   5.8863063e-01  -2.6345388e-02
   2.9920000e+03   5.8933922e-01  -2.2888963e-02
   3.0000000e+03   5.6551932e-01  -1.5427243e-02
   3.0080000e+03   5.8042624e-01   3.8195156e-02
   3.0160000e+03   6.0661580e-01   8.4433378e-03
   3.0240000e+03   6.4284839e-01   3.8994086e-02
   3.0320000e+03   5.8971282e-01   2.1996831e-02
   3.0400000e+03   5.7929864e-01  -3.3828949e-02
   3.0480000e+03   6.0806022e-01  -8.5310123e-03
   3.0560000e+03   5.6291763e-01  -9.8774883e-03
   3.0640000e+03   5.8698568e-01  -1.4229686e-02
   3.0720000e+03   5.6383091e-01   8.2511655e-04
   3.0800000e+03   6.0558395e-01   3.8392801e-02
   3.0880000e+03   5.7918346e-01  -5.1249353e-03
   3.0960000e+03   6.1344154e-01   4.7657891e-03
   3.1040000e+03   5.8430366e-01  -1.2501584e-02
   3.1120000e+03   6.0286801e-01  -1.4571468e-02
   3.1200000e+03   5.9453374e-01  -7.4445767e-03
   3.1280000e+03   5.9485049e-01   3.0594436e-02
   3.1360000e+03   6.0023381e-01   1.5152849e-02
   3.1440000e+03   6.3445399e-01  -6.7370187e-03
   3.1520000e+03   6.1901028e-01  -1.0273698e-02
   3.1600000e+03   5.9124750e-01  -2.3041027e-02
   3.1680000e+03   5.5524728e-01  -1.4151272e-02
   3.1760000e+03   6.3060083e-01  -8.4449540e-03
   3.1840000e+03   6.1712443e-01   4.4723787e-02
   3.1920000e+03   5.7649868e-01   3.7748622e-02
   3.2000000e+03   5.8372725e-01  -6.3646085e-05
   3.2080000e+03   5.8990520e-01  -1.4348574e-02
   3.2160000e+03   5.7515276e-01   3.1321021e-02
   3.2240000e+03   6.0181341e-01   1.2649962e-02
   3.2320000e+03   5.5028032e-01  -3.6524429e-02
   3.2400000e+03   5.8072385e-01  -8.2749137e-03
   3.2480000e+03   5.9567999e-01   2.8217214e-03
   3.2560000e+03   5.7402599e-01  -3.0719807e-03
   3.2640000e+03   6.5133083e-01  -1.3983622e-02
   3.2720000e+03   6.1198763e-01   1.6987299e-02
   3.2800000e+03   6.1636215e-01   2.5017286e-02
   3.2880000e+03   5.9260871e-01   6.9336010e-03
   3.2960000e+03   5.9287054e-01  -9.9985445e-03
   3.3040000e+03   5.8695036e-01   6.2649956e-03
   3.3120000e+03   6.3182868e-01   5.9969349e-03
   3.3200000e+03   6.1617580e-01  -2.8098327e-02
   3.3280000e+03   5.4278041e-01   8.3857498e-04
   3.3360000e+03   5.6144924e-01   2.6234323e-02
   3.3440000e+03   5.8596117e-01   2.8054001e-02
   3.3520000e+03   6.1982066e-01  -2.8707115e-02
   3.3600000e+03   5.8488734e-01   4.8378310e-02
   3.3680000e+03   5.8066033e-01  -5.5924185e-03
   3.3760000e+03   5.9724730e-01   5.8639856e-03
   3.3840000e+03   5.7388948e-01  -6.2588305e-03
   3.3920000e+03   5.8092257e-01   1.4616204e-02
   3.4000000e+03   6.3467422e-01   3.3486650e-02
   3.4080000e+03   5.6776335e-01   2.1557697e-02
   3.4160000e+03   5.7804084e-01   2.6826596e-02
   3.4240000e+03   5.9055247e-01  -3.2464430e-03
   3.4320000e+03   6.0042838e-01  -4.9632962e-03
   3.4400000e+03   5.7865053e-01  -9.7382928e-04
   3.4480000e+03   5.9743272e-01   3.4578840e-02
   3.4560000e+03   5.7244936e-01  -1.3092285e-02
   3.4640000e+03   5.6937526e-01  -2.3708377e-02
   3.4720000e+03   6.2859751e-01   4.7717748e-03
   3.4800000e+03   6.1860359e-01   6.9013548e-03
   3.4880000e+03   5.8479134e-01   1.9243159e-02
   3.4960000e+03   5.8598865e-01   7.0224843e-03
   3.5040000e+03   5.8260375e-01   2.2194740e-02
   3.5120000e+03   5.5670671e-01   5.0056197e-03
   3.5200000e+03   5.9310553e-01   3.4349831e-03
   3.5280000e+03   6.1175383e-01  -1.9059587e-02
   3.5360000e+03   5.8437319e-01   7.2662106e-02
   3.5440000e+03   5.6830274e-01   5.4042711e-03
   3.5520000e+03   5.9231220e-01  -2.9972869e-02
   3.5600000e+03   5.7749236e-01   1.4002240e-02
   3.5680000e+03   5.8484905e-01  -2.7927184e-02
   3.5760000e+03   5.8185368e-01  -3.6433304e-02
   3.5840000e+03   5.8718156e-01   3.8711348e-02
   3.5920000e+03   5.7262980e-01   5.6209826e-03
   3.6000000e+03   5.6606506e-01   1.1342872e-02
   3.6080000e+03   5.6943506e-01   9.6012771e-03
   3.6160000e+03   5.7395079e-01  -1.5521160e-02
   3.6240000e+03   6.2176248e-01  -3.7230288e-02
   3.6320000e+03   6.2440109e-01   2.0478747e-03
   3.6400000e+03   6.0988665e-01   2.0530605e-02
   3.6480000e+03   5.7506001e-01  -2.1793403e-02
   3.6560000e+03   5.9371442e-01   5.0251128e-03
   3.6640000e+03   5.9363931e-01  -2.8212298e-02
   3.6720000e+03   6.0345783e-01  -1.5276681e-02
   3.6800000e+03   5.9125405e-01   3.7681830e-02
   3.6880000e+03   5.7715583e-01  -2.3788936e-03
   3.6960000e+03   6.0362708e-01   2.5800577e-02
   3.7040000e+03   5.7470109e-01  -7.9464608e-03
   3.7120000e+03   5.5046541e-01  -8.8916665e-03
   3.7200000e+03   5.4332571e-01  -6.9105707e-03
   3.7280000e+03   5.5554695e-01  -4.3632655e-03
   3.7360000e+03   5.7732594e-01  -2.4441797e-02
   3.7440000e+03   5.9345897e-01  -1.1728262e-02
   3.7520000e+03   6.1619827e-01  -2.6016687e-04
   3.7600000e+03   5.7919109e-01   1.8915614e-02
   3.7680000e+03   5.9626491e-01   1.0086355e-02
   3.7760000e+03   5.8758580e-01   3.7973383e-02
   3.7840000e+03   5.9855006e-01  -8.1127609e-03
   3.7920000e+03   6.0420492e-01  -3.0606283e-03
   3.8000000e+03   6.0059355e-01   8.7873150e-03
   3.8080000e+03   5.8670366e-01  -1.3519220e-02
   3.8160000e+03   6.0659810e-01  -1.5752542e-02
   3.8240000e+03   5.9954308e-01  -1.3237109e-02
   3.8320000e+03   5.5942152e-01   3.3523506e-02
   3.8400000e+03   5.8593576e-01  -6.8239825e-04
   3.8480000e+03   5.7965650e-01   2.0765658e-02
   3.8560000e+03   5.7380010e-01  -2.2639846e-02
   3.8640000e+03   6.3220940e-01   2.2772352e-02
   3.8720000e+03   6.0151788e-01  -1.1989095e-02
   3.8800000e+03   5.6918130e-01  -1.1981323e-02
   3.8880000e+03   6.0514094e-01   2.1602929e-02
   3.8960000e+03   6.1157756e-01  -1.1133903e-02
   3.9040000e+03   6.0872568e-01  -2.6987196e-04
   3.9120000e+03   5.7557413e-01   1.3283321e-02
   3.9200000e+03   6.0114034e-01  -3.3485928e-02
   3.9280000e+03   5.7065016e-01  -1.3599335e-02
   3.9360000e+03   5.8940613e-01   3.4089814e-02
   3.9440000e+03   5.8903287e-01  -1.4763698e-02
   3.9520000e+03   5.8434540e-01  -2.4532315e-02
   3.9600000e+03   6.0406018e-01   1.6281383e-02
   3.9680000e+03   5.6826266e-01  -2.9269980e-03
   3.9760000e+03   6.5114415e-01   1.7391010e-02
   3.9840000e+03   5.8578399e-01   1.4313535e-02
   3.9920000e+03   5.6828952e-01   6.9305532e-04
   4.0000000e+03   5.6306194e-01   1.2738200e-02
   4.0080000e+03   5.9460692e-01  -2.1157792e-02
   4.0160000e+03   5.8740300e-01  -6.1931711e-03
   4.0240000e+03   5.6139693e-01   1.7900972e-02
   4.0320000e+03   5.8678034e-01  -8.5226376e-03
   4.0400000e+03   6.0868266e-01   4.2648702e-04
   4.0480000e+03   6.0505135e-01  -2.2132633e-02
   4.0560000e+03   6.1112767e-01  -2.0171709e-02
   4.0640000e+03   5.4376726e-01   1.1577531e-03
   4.0720000e+03   6.0102263e-01   1.6793092e-02
   4.0800000e+03   5.7782522e-01  -1.2043082e-02
   4.0880000e+03   5.6736927e-01   4.5692877e-03
   4.0960000e+03   5.7238159e-01   9.3009076e-04
   4.1040000e+03   5.9049507e-01   3.5429883e-03
   4.1120000e+03   5.8073269e-01   1.2646813e-02
   4.1200000e+03   5.5858919e-01   9.5310582e-03
   4.1280000e+03   5.6503545e-01  -3.2357989e-03
   4.1360000e+03   5.9076012e-01   2.2799151e-02
   4.1440000e+03   5.5832739e-01  -5.4950640e-03
   4.1520000e+03   5.8202739e-01   1.4387758e-02
   4.1600000e+03   6.2127292e-01  -6.8570526e-03
   4.1680000e+03   5.6530959e-01   8.5986409e-03
   4.1760000e+03   5.6179716e-01   1.3496849e-03
   4.1840000e+03   5.7162392e-01  -3.7731161e-03
   4.1920000e+03   5.6024316e-01  -5.7694509e-03
   4.2000000e+03   6.1693926e-01   1.6566436e-02
   4.2080000e+03   6.0314116e-01   4.4169315e-04
   4.2160000e+03   5.9243570e-01   3.9200583e-02
   4.2240000e+03   5.7994544e-01  -1.1723503e-03
   4.2320000e+03   5.5504046e-01  -2.4269520e-02
   4.2400000e+03   5.6510212e-01  -3.3208507e-03
   4.2480000e+03   5.5423913e-01  -4.0327014e-02
   4.2560000e+03   5.9936511e-01  -3.2498593e-02
   4.2640000e+03   5.8148740e-01  -2.7330049e-02
   4.2720000e+03   5.4861368e-01  -1.7414112e-02
   4.2800000e+03   5.6556923e-01  -1.2973982e-02
   4.2880000e+03   5.9274692e-01   5.0276015e-02
   4.2960000e+03   5.6113121e-01   1.8340804e-02
   4.3040000e+03   5.8285350e-01   1.5428876e-02
   4.3120000e+03   5.8680518e-01  -6.5723167e-04
   4.3200000e+03   5.8906543e-01  -3.3129373e-02
   4.3280000e+03   5.5757539e-01   1.8859584e-03
   4.3360000e+03   5.6536842e-01   6.1421990e-03
   4.3440000e+03   5.8425447e-01   1.7528614e-03
   4.3520000e+03   6.2779826e-01  -8.3174773e-03
   4.3600000e+03   5.4666354e-01  -8.5126365e-03
   4.3680000e+03   5.9789739e-01  -2.2634812e-02
   4.3760000e+03   5.7677876e-01   2.1659155e-02
   4.3840000e+03   5.6453903e-01  -1.0759654e-02
   4.3920000e+03   5.7061468e-01  -1.2380492e-03
   4.4000000e+03   6.2942619e-01   6.1944159e-03
   4.4080000e+03   6.0604836e-01  -1.4629947e-02
   4.4160000e+03   5.8205929e-01  -9.9110122e-03
   4.4240000e+03   5.9560036e-01   2.3719142e-02
   4.4320000e+03   5.5968348e-01   2.9362547e-02
   4.4400000e+03   5.7987978e-01   1.0971439e-02
   4.4480000e+03   5.7180624e-01  -5.7956241e-03
   4.4560000e+03   5.8807758e-01  -6.1866569e-03
   4.4640000e+03   5.6153924e-01  -7.4387221e-03
   4.4720000e+03   6.0314355e-01   2.1396975e-02
   4.4800000e+03   5.7455702e-01  -1.3701046e-02
   4.4880000e+03   5.8540889e-01  -1.3465784e-02
   4.4960000e+03   5.5860865e-01  -7.0743214e-03
   4.5040000e+03   5.6092702e-01  -1.7510245e-02
   4.5120000e+03   6.1014752e-01   2.1720004e-02
   4.5200000e+03   6.0915522e-01  -4.5251481e-03
   4.5280000e+03   6.0808710e-01   1.2288639e-02
   4.5360000e+03   5.7579419e-01   4.6484600e-03
   4.5440000e+03   5.6142209e-01  -3.8251318e-02
   4.5520000e+03   5.7720168e-01  -1.6217366e-02
   4.5600000e+03   5.7062810e-01   1.4421813e-02
   4.5680000e+03   5.6802162e-01  -1.2386829e-02
   4.5760000e+03   5.7761718e-01   1.3769615e-02
   4.5840000e+03   5.4516711e-01  -2.8653291e-02
   4.5920000e+03   5.7240795e-01  -1.1807487e-02
   4.6000000e+03   6.0115355e-01   3.4542572e-03
   4.6080000e+03   5.5973331e-01   5.9888046e-03
   4.6160000e+03   5.8425223e-01   1.1647108e-02
   4.6240000e+03   5.5419571e-01   9.5635917e-03
   4.6320000e+03   5.4384783e-01  -1.2259990e-02
   4.6400000e+03   5.7867918e-01   1.7047772e-02
   4.6480000e+03   5.7828114e-01   1.0815189e-02
   4.6560000e+03   5.6730130e-01   3.6675982e-03
   4.6640000e+03   5.6893902e-01   2.7633901e-02
   4.6720000e+03   5.9286472e-01   2.4496142e-02
   4.6800000e+03   5.4664744e-01  -4.1572994e-02
   4.6880000e+03   5.8717155e-01  -1.0846132e-02
   4.6960000e+03   5.7042782e-01   1.6014993e-02
   4.7040000e+03   5.7696011e-01  -4.7621700e-03
   4.7120000e+03   5.7208167e-01   1.6350400e-02
   4.7200000e+03   5.9345362e-01   2.5737343e-02
   4.7280000e+03   5.5741104e-01  -1.0264104e-02
   4.7360000e+03   5.7134064e-01   1.3847328e-02
   4.7440000e+03   5.4584410e-01  -2.4181486e-02
   4.7520000e+03   5.7677363e-01  -2.6572757e-03
   4.7600000e+03   6.0089348e-01   1.3226754e-02
   4.7680000e+03   5.5604172e-01  -5.5928295e-03
   4.7760000e+03   5.9274218e-01   2.5304543e-03
   4.7840000e+03   5.8552556e-01   2.1274394e-02
   4.7920000e+03   5.1351733e-01   1.3471672e-02
   4.8000000e+03   5.5428276e-01   9.9318305e-03
   4.8080000e+03   5.5616170e-01   2.4650216e-04
   4.8160000e+03   5.6708035e-01  -3.3625874e-03
   4.8240000e+03   6.0105877e-01  -3.1217805e-02
   4.8320000e+03   5.8606610e-01   3.4271711e-02
   4.8400000e+03   5.7285423e-01   2.0476700e-02
   4.8480000e+03   5.8911325e-01   1.1490217e-02
   4.8560000e+03   5.7450915e-01  -8.7140488e-03
   4.8640000e+03   6.1944516e-01   1.1070163e-02
   4.8720000e+03   5.6668615e-01   3.0266603e-02
   4.8800000e+03   5.4204121e-01  -1.6359800e-02
   4.8880000e+03   6.1906865e-01  -2.0520017e-02
   4.8960000e+03   5.5877353e-01  -2.1057036e-02
   4.9040000e+03   5.4529843e-01  -4.9341924e-02
   4.9120000e+03   5.7572434e-01  -5.0333610e-02
   4.9200000e+03   5.7909220e-01   1.7590545e-03
   4.9280000e+03   5.6692534e-01   7.9472691e-03
   4.9360000e+03   5.8286806e-01   6.1039340e-03
   4.9440000e+03   6.0013488e-01  -2.1509878e-02
   4.9520000e+03   5.6020370e-01   1.8681082e-02
   4.9600000e+03   5.9557984e-01  -2.8305764e-02
   4.9680000e+03   5.4548403e-01   3.5582230e-03
   4.9760000e+03   5.7956517e-01  -3.3287974e-02
   4.9840000e+03   5.7617985e-01  -3.2897403e-03
   4.9920000e+03   5.5359919e-01  -1.5136989e-02
   5.0000000e+03   5.7463079e-01   2.1153553e-03
   5.0080000e+03   5.6363870e-01  -2.1049839e-02
   5.0160000e+03   5.9602110e-01  -6.8868624e-03
   5.0240000e+03   5.9593990e-01   1.1296176e-02
   5.0320000e+03   5.5464839e-01   3.6015369e-02
   5.0400000e+03   5.7373521e-01  -3.2844605e-02
   5.0480000e+03   5.8811460e-01  -1.5771367e-03
   5.0560000e+03   5.8684134e-01   1.4608773e-02
   5.0640000e+03   5.3738030e-01   1.9106267e-02
   5.0720000e+03   5.8720966e-01   2.0669647e-02
   5.0800000e+03   5.7134352e-01   3.5935982e-02
   5.0880000e+03   5.4928427e-01   2.4396492e-02
   5.0960000e+03   5.6151949e-01  -2.5337827e-02
   5.1040000e+03   5.7093586e-01  -1.9935707e-02
   5.1120000e+03   5.7514466e-01   2.7247402e-02
   5.1200000e+03   5.3344730e-01  -2.3637678e-02
   5.1280000e+03   5.9030167e-01   2.3415936e-02
   5.1360000e+03   5.8437899e-01  -2.2615429e-02
   5.1440000e+03   5.6754744e-01   1.0450994e-02
   5.1520000e+03   5.5765268e-01  -2.3467850e-02
   5.1600000e+03   5.8342776e-01  -5.2563955e-03
   5.1680000e+03   5.8487322e-01   9.9071950e-03
   5.1760000e+03   5.4816732e-01   2.0154128e-02
   5.1840000e+03   5.8637548e-01  -1.5642472e-02
   5.1920000e+03   5.5144968e-01  -5.3778465e-03
   5.2000000e+03   5.6503683e-01  -6.1679951e-03
   5.2080000e+03   5.7955254e-01   6.0965390e-03
   5.2160000e+03   5.3445148e-01   3.2523707e-02
   5.2240000e+03   5.5095019e-01  -3.8499058e-02
   5.2320000e+03   5.8729979e-01  -5.6016397e-03
   5.2400000e+03   5.4266736e-01   4.4145843e-02
   5.2480000e+03   5.5528098e-01   2.9462349e-02
   5.2560000e+03   5.6191666e-01  -1.5971968e-02
   5.2640000e+03   5.7990386e-01   3.1055707e-02
   5.2720000e+03   5.6592279e-01   1.7626716e-02
   5.2800000e+03   5.8805891e-01  -2.1535026e-02
   5.2880000e+03   5.2760873e-01  -1.7033362e-02
   5.2960000e+03   5.8251569e-01  -3.4740899e-02
   5.3040000e+03   5.6673349e-01  -2.2069148e-02
   5.3120000e+03   5.3992946e-01   2.0040043e-02
   5.3200000e+03   5.5145619e-01  -7.7812918e-03
   5.3280000e+03   5.5407640e-01  -1.3000265e-02
   5.3360000e+03   5.8656414e-01   4.6256926e-02
   5.3440000e+03   5.5709167e-01   2.0042980e-02
   5.3520000e+03   5.5408966e-01   1.8262929e-03
   5.3600000e+03   5.5012114e-01   2.9225283e-02
   5.3680000e+03   5.7438696e-01   9.2123233e-03
   5.3760000e+03   5.6977523e-01  -2.2404691e-02
   5.3840000e+03   6.1277791e-01  -3.2376317e-02
   5.3920000e+03   5.9129424e-01   1.3590301e-02
   5.4000000e+03   5.5855972e-01   3.0452807e-03
   5.4080000e+03   5.4938489e-01  -1.4129032e-02
   5.4160000e+03   5.6032482e-01   1.9796026e-02
   5.4240000e+03   5.9030077e-01  -4.1906992e-02
   5.4320000e+03   5.7286439e-01  -2.9415916e-02
   5.4400000e+03   5.6074783e-01   6.0773993e-03
   5.4480000e+03   5.8096584e-01   3.4502254e-03
   5.4560000e+03   5.7564573e-01   4.4368522e-02
   5.4640000e+03   5.5173353e-01  -7.6230823e-03
   5.4720000e+03   5.5694965e-01   1.5386904e-02
   5.4800000e+03   5.5680436e-01   2.7199137e-02
   5.4880000e+03   5.3365135e-01   2.0813566e-03
   5.4960000e+03   5.3371651e-01  -2.2576057e-02
   5.5040000e+03   5.8711789e-01   6.2314836e-03
   5.5120000e+03   5.9291313e-01   1.2212735e-02
   5.5200000e+03   5.3497045e-01  -2.1699504e-02
   5.5280000e+03   5.4852849e-01  -3.6287881e-02
   5.5360000e+03   5.6236758e-01  -2.6063197e-02
   5.5440000e+03   5.8677297e-01  -2.7013758e-02
   5.5520000e+03   5.3782809e-01  -1.5532319e-02
   5.5600000e+03   5.7804556e-01  -2.3354183e-02
   5.5680000e+03   5.4121077e-01  -2.3016467e-02
   5.5760000e+03   5.8325211e-01   3.2824830e-03
   5.5840000e+03   5.7405532e-01   1.0407158e-02
   5.5920000e+03   5.5217798e-01  -4.3055843e-02
   5.6000000e+03   5.6087090e-01   1.3202199e-02
   5.6080000e+03   5.7874663e-01   7.7290908e-03
   5.6160000e+03   5.3302318e-01   1.3674595e-02
   5.6240000e+03   5.5990926e-01   1.6291220e-02
   5.6320000e+03   5.9040327e-01  -8.5013289e-03
   5.6400000e+03   6.0590440e-01  -9.7332764e-03
   5.6480000e+03   5.7794947e-01  -2.2114115e-02
   5.6560000e+03   5.8579318e-01   2.3808267e-03
   5.6640000e+03   5.6215928e-01  -3.1325142e-03
   5.6720000e+03   5.5757315e-01  -3.7560755e-02
   5.6800000e+03   5.6765135e-01   1.3018836e-02
   5.6880000e+03   5.5036158e-01  -3.3301944e-02
   5.6960000e+03   5.5177189e-01  -2.9321254e-02
   5.7040000e+03   5.7735342e-01   1.2132021e-02
   5.7120000e+03   5.2985172e-01  -5.9998488e-03
   5.7200000e+03   5.6184298e-01  -9.3063272e-03
   5.7280000e+03   5.2494848e-01   1.6705284e-02
   5.7360000e+03   4.8977916e-01   4.2196709e-03
   5.7440000e+03   5.6542497e-01  -1.7261619e-02
   5.7520000e+03   5.7475258e-01  -3.6909725e-03
   5.7600000e+03   5.6156477e-01  -3.3020128e-02
   5.7680000e+03   5.3927861e-01   1.3173848e-02
   5.7760000e+03   5.5594635e-01   3.8066313e-02
   5.7840000e+03   5.2724073e-01   1.5075685e-03
   5.7920000e+03   5.2903762e-01   2.5833290e-02
   5.8000000e+03   5.4681023e-01   1.6434540e-02
   5.8080000e+03   5.6275649e-01   1.0691975e-02
   5.8160000e+03   5.5366272e-01  -1.5384172e-02
   5.8240000e+03   5.7390076e-01   4.6087913e-02
   5.8320000e+03   5.5255095e-01  -1.5785097e-02
   5.8400000e+03   5.5002130e-01  -2.0869144e-02
   5.8480000e+03   5.6274877e-01  -5.1354569e-02
   5.8560000e+03   5.3842973e-01   2.4176725e-02
   5.8640000e+03   5.2530652e-01   5.2865718e-03
   5.8720000e+03   5.6194768e-01   6.7913126e-03
   5.8800000e+03   5.4466386e-01  -5.3280936e-03
   5.8880000e+03   5.5253832e-01  -3.7803303e-02
   5.8960000e+03   5.9052922e-01  -3.0594583e-03
   5.9040000e+03   5.7262101e-01   3.1018656e-02
   5.9120000e+03   5.6029942e-01   4.1988479e-02
   5.9200000e+03   5.5106853e-01  -1.6253670e-02
   5.9280000e+03   5.6831997e-01  -1.3697633e-02
   5.9360000e+03   5.4235205e-01   4.3358017e-02
   5.9440000e+03   5.4428276e-01   1.5090768e-02
   5.9520000e+03   5.4394967e-01   4.6493265e-03
   5.9600000e+03   6.0303724e-01   5.0323438e-03
   5.9680000e+03   5.6760995e-01  -2.6946287e-02
   5.9760000e+03   5.5096096e-01   8.6978205e-03
   5.9840000e+03   5.6556725e-01  -2.0193714e-02
   5.9920000e+03   5.4083507e-01  -3.1878022e-02
   6.0000000e+03   5.6278741e-01  -1.1682331e-02
   6.0080000e+03   5.2993888e-01  -1.8318497e-02
   6.0160000e+03   5.7729224e-01   3.8238624e-02
   6.0240000e+03   5.8312831e-01  -3.3917407e-02
   6.0320000e+03   5.9400086e-01   2.7942215e-02
   6.0400000e+03   5.2556068e-01  -3.0364670e-02
   6.0480000e+03   5.6310374e-01  -1.6660441e-02
   6.0560000e+03   5.5548413e-01  -3.5984842e-03
   6.0640000e+03   5.3183016e-01   1.5367990e-02
   6.0720000e+03   5.7370403e-01   1.5098382e-02
   6.0800000e+03   5.3997022e-01   2.5491637e-02
   6.0880000e+03   5.6211232e-01   1.8357281e-03
   6.0960000e+03   5.2808817e-01  -2.2016333e-03
   6.1040000e+03   5.5133356e-01  -2.8882983e-02
   6.1120000e+03   5.2198476e-01   1.2111893e-02
   6.1200000e+03   5.6010250e-01   1.6642214e-02
   6.1280000e+03   5.3480826e-01   5.4266470e-03
   6.1360000e+03   5.6194937e-01   1.2538713e-02
   6.1440000e+03   5.2819439e-01  -2.0814576e-02
   6.1520000e+03   5.4298658e-01  -2.4062179e-03
   6.1600000e+03   5.5343082e-01  -4.5585116e-03
   6.1680000e+03   5.2932518e-01  -1.0397738e-02
   6.1760000e+03   5.4524945e-01  -5.9720705e-03
   6.1840000e+03   5.6712761e-01  -1.0188704e-02
   6.1920000e+03   5.2639496e-01  -8.2771257e-03
   6.2000000e+03   5.3888215e-01   2.0447160e-02
   6.2080000e+03   5.6670108e-01   3.7531332e-02
   6.2160000e+03   5.3191048e-01   2.8363157e-02
   6.2240000e+03   5.6839681e-01  -3.7592736e-02
   6.2320000e+03   5.1315254e-01   3.6516874e-02
   6.2400000e+03   5.4403505e-01  -1.3172861e-02
   6.2480000e+03   5.5756228e-01   3.1437375e-02
   6.2560000e+03   5.4461395e-01   7.9703298e-03
   6.2640000e+03   5.1748897e-01  -8.8239616e-03
   6.2720000e+03   5.5674285e-01   5.5406107e-03
   6.2800000e+03   5.7792950e-01  -1.4437156e-02
   6.2880000e+03   5.3175276e-01  -3.1643349e-02
   6.2960000e+03   5.6512899e-01   6.4583986e-04
   6.3040000e+03   5.2317892e-01   3.1492279e-02
   6.3120000e+03   5.4002458e-01  -4.6187125e-02
   6.3200000e+03   5.1511417e-01   2.3599755e-02
   6.3280000e+03   5.1690884e-01  -2.6374044e-02
   6.3360000e+03   5.3389998e-01   1.8817853e-02
   6.3440000e+03   5.1469388e-01  -2.7466210e-02
   6.3520000e+03   5.5941960e-01  -1.0470573e-02
   6.3600000e+03   5.7095728e-01   1.4650219e-02
   6.3680000e+03   5.5742637e-01   2.8016677e-02
   6.3760000e+03   5.5114958e-01   5.5588541e-03
   6.3840000e+03   5.5314785e-01   2.9058031e-02
   6.3920000e+03   5.1602970e-01  -7.1569425e-03
   6.4000000e+03   5.5853168e-01   3.4686269e-02
   6.4080000e+03   5.2589810e-01  -1.9401994e-03
   6.4160000e+03   5.1136334e-01   3.0853849e-03
   6.4240000e+03   5.5554160e-01   2.1531431e-02
   6.4320000e+03   5.3547604e-01  -3.1658524e-02
   6.4400000e+03   5.5471592e-01   3.6229400e-02
   6.4480000e+03   5.3233606e-01   2.6933841e-02
   6.4560000e+03   5.6539082e-01  -1.7217161e-02
   6.4640000e+03   5.9035153e-01   1.0211738e-02
   6.4720000e+03   5.1192608e-01  -5.2483254e-03
   6.4800000e+03   5.4451907e-01   2.9185665e-02
