   0.0000000e+00   8.5859934e-01   4.4101683e-04
   8.0000000e+00   8.6411677e-01   1.5266677e-02
   1.6000000e+01   8.6879881e-01  -5.6201546e-03
   2.4000000e+01   8.6972965e-01  -7.0105155e-03
   3.2000000e+01   8.8671330e-01  -6.6740064e-03
   4.0000000e+01   9.0398929e-01   4.5340546e-03
   4.8000000e+01   9.0079425e-01  -7.3352094e-03
   5.6000000e+01   9.1176065e-01   1.0180448e-02
   6.4000000e+01   9.1812353e-01  -8.7758175e-03
   7.2000000e+01   9.3915357e-01  -2.0004436e-03
   8.0000000e+01   9.5822308e-01  -9.9941499e-03
   8.8000000e+01   9.6745602e-01  -8.9460778e-03
   9.6000000e+01   9.7984528e-01   9.2644630e-04
   1.0400000e+02   9.9639845e-01  -8.2464014e-03
   1.1200000e+02   9.9361702e-01  -1.1376591e-03
   1.2000000e+02   9.9697720e-01   1.6980095e-02
   1.2800000e+02   9.7477656e-01   1.3304510e-02
   1.3600000e+02   9.8405525e-01  -9.8075550e-04
   1.4400000e+02   9.5508162e-01  -3.0800562e-04
   1.5200000e+02   9.3956511e-01   7.3845187e-03
   1.6000000e+02   9.1910967e-01  -2.0231375e-04
   1.6800000e+02   9.1336610e-01   8.7117128e-03
   1.7600000e+02   8.9596483e-01   7.0879547e-03
   1.8400000e+02   8.9669447e-01   6.2918197e-04
   1.9200000e+02   8.9956034e-01   1.3210275e-02
   2.0000000e+02   8.7100433e-01   5.7534985e-03
   2.0800000e+02   8.5374945e-01   1.1689715e-02
   2.1600000e+02   8.6724013e-01  -7.8131520e-04
   2.2400000e+02   8.6221442e-01  -6.1786297e-03
   2.3200000e+02   8.4481924e-01  -1.4291150e-02
   2.4000000e+02   8.4651773e-01   8.7510877e-03
   2.4800000e+02   8.4756313e-01  -7.8186401e-03
   2.5600000e+02   8.3830225e-01   6.0598398e-04
   2.6400000e+02   8.3153007e-01  -4.4474263e-03
   2.7200000e+02   8.2908029e-01  -3.9152659e-03
   2.8000000e+02   8.3491266e-01  -4.8790261e-03
   2.8800000e+02   8.4264997e-01  -4.3601834e-03
   2.9600000e+02   8.3131688e-01  -6.0899104e-03
   3.0400000e+02   8.2709657e-01  -7.6174066e-04
   3.1200000e+02   8.1950867e-01  -5.4708671e-03
   3.2000000e+02   8.1048144e-01  -9.1188998e-03
   3.2800000e+02   8.0715532e-01  -1.2194957e-03
   3.3600000e+02   8.0887904e-01  -1.8558670e-03
   3.4400000e+02   8.1322344e-01   1.6179961e-02
   3.5200000e+02   8.0093909e-01  -1.1747994e-02
   3.6000000e+02   7.9868665e-01   2.9796575e-03
   3.6800000e+02   8.0010272e-01   6.3282274e-03
   3.7600000e+02   7.9567918e-01   5.1944775e-03
   3.8400000e+02   7.8923384e-01  -9.7544515e-04
   3.9200000e+02   7.8848397e-01   6.1168694e-03
   4.0000000e+02   7.9104429e-01  -2.7521378e-04
   4.0800000e+02   7.8605293e-01   5.6852675e-04
   4.1600000e+02   7.8004079e-01  -8.5626416e-03
   4.2400000e+02   7.9246295e-01   5.6136417e-03
   4.3200000e+02   7.6834367e-01   5.1141866e-03
   4.4000000e+02   7.7642278e-01  -1.2869182e-03
   4.4800000e+02   7.7481106e-01  -5.4004815e-03
   4.5600000e+02   7.5463340e-01   1.3518894e-02
   4.6400000e+02   7.7751079e-01   5.4755463e-04
   4.7200000e+02   7.5790736e-01  -5.1557395e-03
   4.8000000e+02   7.5557441e-01  -9.3475169e-03
   4.8800000e+02   7.4356751e-01  -5.9765962e-03
   4.9600000e+02   7.4823009e-01   9.8588981e-03
   5.0400000e+02   7.3984524e-01  -8.8780286e-03
   5.1200000e+02   7.4313972e-01  -3.9134414e-04
   5.2000000e+02   7.5067908e-01  -2.5595719e-03
   5.2800000e+02   7.3148610e-01  -2.8801175e-03
   5.3600000e+02   7.3393616e-01  -1.4846730e-03
   5.4400000e+02   7.3223424e-01  -6.4435250e-03
   5.5200000e+02   7.2726438e-01   9.1141983e-03
   5.6000000e+02   7.2527003e-01   8.3377159e-03
   5.6800000e+02   7.2343670e-01  -2.9855501e-03
   5.7600000e+02   7.2658826e-01   1.3621406e-03
   5.8400000e+02   7.1862591e-01   3.7662354e-03
   5.9200000e+02   7.2515581e-01   5.6346367e-03
   6.0000000e+02   6.9818224e-01   4.9762270e-03
   6.0800000e+02   7.1636444e-01   4.3216656e-04
   6.1600000e+02   7.1990942e-01  -4.1579574e-03
   6.2400000e+02   7.2247087e-01  -1.4297150e-02
   6.3200000e+02   7.0052592e-01   2.8925064e-03
   6.4000000e+02   6.8698407e-01  -8.5790734e-03
   6.4800000e+02   7.0330934e-01  -6.1877588e-03
   6.5600000e+02   7.0679739e-01  -1.9252954e-03
   6.6400000e+02   7.0662788e-01   1.0359314e-02
   6.7200000e+02   6.8986932e-01  -1.7583151e-03
   6.8000000e+02   7.0043907e-01  -4.1945578e-03
   6.8800000e+02   6.8687789e-01   2.5928555e-03
   6.9600000e+02   7.0019514e-01   5.3508894e-03
   7.0400000e+02   6.8983766e-01   5.4521935e-03
   7.1200000e+02   7.0825207e-01  -1.4144229e-02
   7.2000000e+02   6.7861023e-01   6.8392070e-03
   7.2800000e+02   6.8086070e-01   1.1663309e-02
   7.3600000e+02   6.9413408e-01  -2.2666807e-03
   7.4400000e+02   6.8108134e-01  -5.6221353e-03
   7.5200000e+02   6.7131440e-01   3.1257073e-03
   7.6000000e+02   6.6492905e-01  -1.0793682e-02
   7.6800000e+02   6.7417317e-01   3.9224914e-03
   7.7600000e+02   6.8243573e-01  -7.7286170e-04
   7.8400000e+02   6.6802997e-01  -1.0895553e-02
   7.9200000e+02   6.6385007e-01  -2.9909187e-04
   8.0000000e+02   6.7240897e-01   3.6817779e-03
   8.0800000e+02   6.6340600e-01  -1.4952233e-02
   8.1600000e+02   6.7808806e-01  -1.7009562e-02
   8.2400000e+02   6.6702267e-01   2.9296548e-03
   8.3200000e+02   6.5990288e-01   1.1756854e-02
   8.4000000e+02   6.5449512e-01  -4.4372554e-04
   8.4800000e+02   6.6210602e-01  -1.7256286e-03
   8.5600000e+02   6.4236566e-01  -5.5057260e-03
   8.6400000e+02   6.6363758e-01  -2.1859173e-03
   8.7200000e+02   6.5479487e-01  -3.4809545e-03
   8.8000000e+02   6.5367379e-01  -2.1426762e-02
   8.8800000e+02   6.5827744e-01  -2.5108692e-05
   8.9600000e+02   6.4754788e-01  -1.1385885e-02
   9.0400000e+02   6.4781567e-01   7.7027785e-03
   9.1200000e+02   6.5107386e-01  -4.1599160e-03
   9.2000000e+02   6.4703602e-01   7.3246275e-03
   9.2800000e+02   6.5212103e-01  -9.3267636e-03
   9.3600000e+02   6.3786790e-01  -2.9385700e-03
   9.4400000e+02   6.3868403e-01  -4.1476211e-03
   9.5200000e+02   6.3598145e-01  -1.7709606e-03
   9.6000000e+02   6.3222706e-01   7.0065114e-03
   9.6800000e+02   6.4615279e-01  -2.3303017e-03
   9.7600000e+02   6.2539512e-01   4.7757338e-03
   9.8400000e+02   6.4898074e-01   4.0545809e-04
   9.9200000e+02   6.4091803e-01  -2.4496220e-03
   1.0000000e+03   6.3059950e-01   6.0501736e-03
   1.0080000e+03   6.2134483e-01  -2.4053873e-03
   1.0160000e+03   6.2396928e-01  -9.2066440e-03
   1.0240000e+03   6.1937728e-01  -1.8240476e-02
   1.0320000e+03   6.3829252e-01   2.3759913e-03
   1.0400000e+03   6.2531106e-01  -1.3522219e-02
   1.0480000e+03   6.1821033e-01  -3.2894311e-03
   1.0560000e+03   6.2972141e-01   8.1223896e-05
   1.0640000e+03   6.1842127e-01   1.1069937e-03
   1.0720000e+03   6.2368741e-01  -9.7789012e-03
   1.0800000e+03   6.0719463e-01  -6.9527209e-03
   1.0880000e+03   6.2483511e-01  -2.5592607e-04
   1.0960000e+03   6.1570089e-01  -3.0976285e-03
   1.1040000e+03   6.2520516e-01  -2.1092122e-02
   1.1120000e+03   6.1775298e-01   5.0876028e-03
   1.1200000e+03   6.1838050e-01  -1.4890590e-02
   1.1280000e+03   6.1107350e-01   2.0350987e-02
   1.1360000e+03   5.9030976e-01   1.2946760e-02
   1.1440000e+03   6.0644588e-01   1.6130130e-03
   1.1520000e+03   6.0876702e-01   1.3189704e-02
   1.1600000e+03   6.0898698e-01  -4.4203062e-03
   1.1680000e+03   6.0826939e-01  -9.0751428e-03
   1.1760000e+03   5.9609658e-01  -1.2041903e-02
   1.1840000e+03   6.0815962e-01  -2.8990835e-03
   1.1920000e+03   6.0633221e-01  -4.2694595e-03
   1.2000000e+03   5.9810490e-01  -2.1946501e-03
   1.2080000e+03   6.0358532e-01  -7.8430620e-03
   1.2160000e+03   5.9933317e-01   6.0522930e-03
   1.2240000e+03   6.1532174e-01   8.0466250e-04
   1.2320000e+03   5.9721976e-01   2.3739136e-03
   1.2400000e+03   5.9464754e-01  -5.5823725e-03
   1.2480000e+03   6.1304166e-01  -1.1871093e-03
   1.2560000e+03   5.9726831e-01  -1.6255598e-03
   1.2640000e+03   5.9712278e-01  -6.2508867e-03
   1.2720000e+03   5.8982219e-01  -2.3005027e-03
   1.2800000e+03   6.0582781e-01  -7.9397479e-03
   1.2880000e+03   6.0589104e-01  -1.9953668e-03
   1.2960000e+03   5.9089737e-01  -4.6964658e-03
   1.3040000e+03   5.9309144e-01   3.3034646e-03
   1.3120000e+03   5.8971417e-01   4.7405434e-03
   1.3200000e+03   5.7736117e-01   4.1400649e-03
   1.3280000e+03   5.9200052e-01  -1.0742878e-02
   1.3360000e+03   5.7822396e-01  -8.7006277e-03
   1.3440000e+03   5.9317723e-01  -6.6640358e-03
   1.3520000e+03   5.8433266e-01   1.3951637e-03
   1.3600000e+03   5.9226396e-01  -9.3283343e-03
   1.3680000e+03   5.8288729e-01   3.0270910e-03
   1.3760000e+03   5.8804750e-01  -1.5919631e-02
   1.3840000e+03   5.7427043e-01  -1.9479069e-02
   1.3920000e+03   5.8884526e-01   1.0294113e-02
   1.4000000e+03   5.7756616e-01  -8.5955981e-03
   1.4080000e+03   5.6645595e-01  -1.6196345e-02
   1.4160000e+03   5.8827212e-01  -1.2737810e-02
   1.4240000e+03   5.7370992e-01  -2.3379743e-03
   1.4320000e+03   5.7027470e-01   9.2165652e-03
   1.4400000e+03   5.7790724e-01   9.5703396e-03
   1.4480000e+03   5.8238641e-01   2.4606064e-02
   1.4560000e+03   5.8773720e-01   8.8478902e-03
   1.4640000e+03   5.7739601e-01  -1.9497275e-02
   1.4720000e+03   5.9223948e-01   5.5729672e-03
   1.4800000e+03   5.7729609e-01   6.3683250e-04
   1.4880000e+03   5.7283196e-01   3.2950147e-03
   1.4960000e+03   5.7827462e-01   8.3892750e-03
   1.5040000e+03   5.6605324e-01  -4.7105324e-04
   1.5120000e+03   5.6522480e-01   4.2234015e-03
   1.5200000e+03   5.7018264e-01   5.7094885e-03
   1.5280000e+03   5.6675310e-01   2.5129134e-03
   1.5360000e+03   5.6878845e-01  -1.3201898e-02
   1.5440000e+03   5.6180429e-01   5.1456226e-03
   1.5520000e+03   5.6386312e-01  -6.4102865e-04
   1.5600000e+03   5.6170923e-01   1.0405665e-02
   1.5680000e+03   5.7088485e-01   6.2133541e-03
   1.5760000e+03   5.7927750e-01   5.9702346e-03
   1.5840000e+03   5.6354989e-01   1.2877664e-02
   1.5920000e+03   5.7294871e-01   2.6292077e-04
   1.6000000e+03   5.6837935e-01   2.4130297e-03
   1.6080000e+03   5.7847996e-01  -1.4551846e-03
   1.6160000e+03   5.6004144e-01   8.9987312e-03
   1.6240000e+03   5.5586874e-01  -7.5806400e-03
   1.6320000e+03   5.5010064e-01   5.8160256e-04
   1.6400000e+03   5.6228527e-01  -4.9400799e-03
   1.6480000e+03   5.5878459e-01  -6.4606975e-03
   1.6560000e+03   5.6462692e-01   1.4407228e-02
   1.6640000e+03   5.5844644e-01   2.2434944e-03
   1.6720000e+03   5.5461362e-01   6.2444919e-03
   1.6800000e+03   5.5460411e-01   1.6444802e-04
   1.6880000e+03   5.6393981e-01   3.8953434e-03
   1.6960000e+03   5.5775208e-01   6.7487296e-03
   1.7040000e+03   5.6020124e-01  -2.9634794e-03
   1.7120000e+03   5.6187789e-01   6.1009775e-03
   1.7200000e+03   5.5778422e-01  -7.5471391e-03
   1.7280000e+03   5.4844137e-01   1.9133415e-02
   1.7360000e+03   5.7241603e-01   1.4554823e-02
   1.7440000e+03   5.5739773e-01  -1.7759951e-03
   1.7520000e+03   5.5803117e-01  -1.2836619e-03
   1.7600000e+03   5.5545710e-01  -3.1782356e-03
   1.7680000e+03   5.6641012e-01  -1.4844422e-02
   1.7760000e+03   5.5127968e-01  -2.9646019e-03
   1.7840000e+03   5.5854553e-01   3.2036952e-03
   1.7920000e+03   5.6812818e-01   5.6177450e-03
   1.8000000e+03   5.4469470e-01   1.5653643e-03
   1.8080000e+03   5.5502327e-01   3.2165177e-03
   1.8160000e+03   5.5020266e-01   7.4115282e-03
   1.8240000e+03   5.5460101e-01   1.6010957e-02
   1.8320000e+03   5.5769578e-01   8.6120888e-03
   1.8400000e+03   5.3464879e-01  -1.8834235e-02
   1.8480000e+03   5.5574102e-01   4.0203232e-03
   1.8560000e+03   5.6363037e-01  -1.3116620e-02
   1.8640000e+03   5.5000021e-01  -3.6581436e-03
   1.8720000e+03   5.6039656e-01  -9.9796722e-03
   1.8800000e+03   5.5554075e-01  -3.1527711e-03
   1.8880000e+03   5.5919694e-01  -5.6348717e-04
   1.8960000e+03   5.3691718e-01   5.3891232e-03
   1.9040000e+03   5.4461409e-01   1.2025322e-02
   1.9120000e+03   5.4859331e-01   3.9320056e-03
   1.9200000e+03   5.4159291e-01   4.8221631e-03
   1.9280000e+03   5.3493559e-01  -8.9590887e-03
   1.9360000e+03   5.5014145e-01  -1.2653220e-02
   1.9440000e+03   5.5857885e-01  -5.4027463e-03
   1.9520000e+03   5.4606402e-01   3.0856140e-03
   1.9600000e+03   5.5175583e-01   9.8446206e-04
   1.9680000e+03   5.4810796e-01  -5.6711203e-03
   1.9760000e+03   5.3463267e-01   5.7529627e-04
   1.9840000e+03   5.4664601e-01  -1.3432119e-04
   1.9920000e+03   5.4901802e-01  -1.4768236e-02
   2.0000000e+03   5.6022509e-01  -5.6076474e-04
   2.0080000e+03   5.5178004e-01   4.9585671e-04
   2.0160000e+03   5.4518704e-01  -9.0495596e-03
   2.0240000e+03   5.4597618e-01   1.0507182e-03
   2.0320000e+03   5.4639990e-01  -4.4866796e-03
   2.0400000e+03   5.5616361e-01   1.1121278e-03
   2.0480000e+03   5.4523290e-01   7.6691062e-03
   2.0560000e+03   5.4674728e-01  -3.7477463e-03
   2.0640000e+03   5.4363670e-01  -1.0724675e-02
   2.0720000e+03   5.4535969e-01   5.7530071e-03
   2.0800000e+03   5.5836514e-01  -5.6112008e-03
   2.0880000e+03   5.4615222e-01   3.9543155e-03
   2.0960000e+03   5.3908308e-01  -9.1430216e-03
   2.1040000e+03   5.4873235e-01   3.6434199e-03
   2.1120000e+03   5.4044057e-01   1.3583412e-03
   2.1200000e+03   5.4365349e-01  -1.3927593e-03
   2.1280000e+03   5.3427953e-01  -1.5384557e-02
   2.1360000e+03   5.4561612e-01  -1.1377335e-02
   2.1440000e+03   5.4858062e-01   5.3155663e-03
   2.1520000e+03   5.3076764e-01  -4.0144130e-03
   2.1600000e+03   5.4237814e-01  -4.2495853e-03
   2.1680000e+03   5.4271464e-01  -3.0905035e-03
   2.1760000e+03   5.3692088e-01  -6.0253234e-04
   2.1840000e+03   5.4311742e-01  -1.0480386e-02
   2.1920000e+03   5.3856649e-01  -5.2777198e-03
   2.2000000e+03   5.4276417e-01  -1.9768050e-03
   2.2080000e+03   5.4173538e-01  -1.5009666e-03
   2.2160000e+03   5.2678163e-01  -1.5945713e-03
   2.2240000e+03   5.2011460e-01   3.7133105e-04
   2.2320000e+03   5.4550031e-01   4.4520913e-04
   2.2400000e+03   5.2895908e-01   2.8471723e-03
   2.2480000e+03   5.3798687e-01  -1.2675657e-02
   2.2560000e+03   5.4530786e-01   1.1748614e-02
   2.2640000e+03   5.3379307e-01  -3.2391578e-03
   2.2720000e+03   5.4457175e-01  -2.4904963e-03
   2.2800000e+03   5.3438608e-01   9.8751695e-04
   2.2880000e+03   5.4952891e-01   3.1250663e-03
   2.2960000e+03   5.4701442e-01  -1.2650948e-02
   2.3040000e+03   5.3766802e-01  -5.0016904e-03
   2.3120000e+03   5.3735729e-01   1.2675268e-02
   2.3200000e+03   5.2842095e-01   1.5504401e-02
   2.3280000e+03   5.4118369e-01   7.2196633e-03
   2.3360000e+03   5.2878953e-01  -2.0806806e-02
   2.3440000e+03   5.4232693e-01   1.6636130e-03
   2.3520000e+03   5.3231260e-01   6.0403360e-04
   2.3600000e+03   5.3638581e-01   5.2035090e-03
   2.3680000e+03   5.3827420e-01   8.9549417e-03
   2.3760000e+03   5.3645104e-01   1.0709589e-02
   2.3840000e+03   5.3362204e-01  -5.2457993e-03
   2.3920000e+03   5.2387777e-01   2.4189958e-04
   2.4000000e+03   5.1562523e-01   9.1484950e-03
   2.4080000e+03   5.4472554e-01  -2.7057227e-03
   2.4160000e+03   5.3818014e-01   1.0713147e-03
   2.4240000e+03   5.2707318e-01  -7.9808968e-03
   2.4320000e+03   5.3485845e-01   7.5641866e-03
   2.4400000e+03   5.2757318e-01  -6.8584175e-03
   2.4480000e+03   5.1914569e-01   1.1035623e-02
   2.4560000e+03   5.2185165e-01   1.2236949e-02
   2.4640000e+03   5.4034204e-01   6.1085388e-04
   2.4720000e+03   5.3955387e-01   6.9234621e-03
   2.4800000e+03   5.3218992e-01   1.2416478e-02
   2.4880000e+03   5.4775919e-01   1.1994586e-02
   2.4960000e+03   5.3340639e-01  -3.4715789e-03
   2.5040000e+03   5.2309271e-01   2.0042497e-03
   2.5120000e+03   5.2917284e-01   5.8864269e-03
   2.5200000e+03   5.3092422e-01  -1.9640806e-04
   2.5280000e+03   5.3382634e-01  -1.6967542e-02
   2.5360000e+03   5.3815399e-01  -8.5662846e-03
   2.5440000e+03   5.3765931e-01  -5.1407835e-03
   2.5520000e+03   5.3350990e-01   2.7674301e-03
   2.5600000e+03   5.2086120e-01   8.5259378e-03
   2.5680000e+03   5.3006774e-01   1.0932091e-02
   2.5760000e+03   5.4401047e-01  -3.0438735e-03
   2.5840000e+03   5.2685257e-01   6.6849380e-03
   2.5920000e+03   5.3035472e-01  -8.2489776e-03
   2.6000000e+03   5.2434206e-01  -5.0111945e-03
   2.6080000e+03   5.3214719e-01   1.0157772e-03
   2.6160000e+03   5.2817792e-01  -1.6450227e-02
   2.6240000e+03   5.2552955e-01   1.9488040e-03
   2.6320000e+03   5.2183600e-01   4.6722851e-03
   2.6400000e+03   5.2652346e-01   3.7132308e-03
   2.6480000e+03   5.2550930e-01  -4.3428084e-03
   2.6560000e+03   5.2549585e-01  -4.3365828e-04
   2.6640000e+03   5.1927812e-01  -1.4529613e-02
   2.6720000e+03   5.2843455e-01  -7.9836495e-03
   2.6800000e+03   5.2027939e-01   8.2170631e-03
   2.6880000e+03   5.2008181e-01  -1.9789957e-03
   2.6960000e+03   5.2330029e-01   8.3240690e-03
   2.7040000e+03   5.2388569e-01  -1.5507527e-03
   2.7120000e+03   5.3217390e-01  -7.0950625e-03
   2.7200000e+03   5.3353959e-01   1.1019533e-02
   2.7280000e+03   5.1624348e-01   6.8919695e-03
   2.7360000e+03   5.3108071e-01  -1.2598409e-03
   2.7440000e+03   5.2103699e-01  -4.4879412e-05
   2.7520000e+03   5.2002656e-01   7.9449561e-03
   2.7600000e+03   5.3046310e-01  -9.8445796e-03
   2.7680000e+03   5.2649463e-01   2.2146974e-03
   2.7760000e+03   5.1025577e-01   3.5178321e-03
   2.7840000e+03   5.3557692e-01  -1.1890004e-02
   2.7920000e+03   5.3414322e-01  -2.7955184e-03
   2.8000000e+03   5.0972733e-01  -8.1539209e-03
   2.8080000e+03   5.4195243e-01  -1.0969171e-02
   2.8160000e+03   5.3527994e-01  -5.8149862e-03
   2.8240000e+03   5.2387456e-01   1.6061031e-03
   2.8320000e+03   5.2280579e-01  -2.6711476e-03
   2.8400000e+03   5.2394288e-01  -1.7539659e-02
   2.8480000e+03   5.1997571e-01   1.3220686e-02
   2.8560000e+03   5.2837022e-01   5.0580785e-03
   2.8640000e+03   5.2531349e-01   1.9003980e-03
   2.8720000e+03   5.3392771e-01  -4.0892789e-03
   2.8800000e+03   5.2971589e-01   5.3677013e-03
   2.8880000e+03   5.1061280e-01  -1.1593814e-02
   2.8960000e+03   5.0232566e-01  -1.0200794e-03
   2.9040000e+03   5.2456367e-01  -8.4141316e-03
   2.9120000e+03   5.1389058e-01  -1.5708637e-02
   2.9200000e+03   5.1604908e-01  -1.5427644e-02
   2.9280000e+03   5.1819822e-01  -4.9791585e-03
   2.9360000e+03   5.2269959e-01   5.4329245e-04
   2.9440000e+03   5.2744531e-01  -8.6767926e-03
   2.9520000e+03   5.2184164e-01  -7.0318369e-03
   2.9600000e+03   5.2715294e-01  -2.3622485e-03
   2.9680000e+03   5.0900193e-01  -2.2284434e-03
   2.9760000e+03   5.0757782e-01   7.9773286e-03
   2.9840000e+03   5.1104068e-01  -1.0246506e-02
   2.9920000e+03   5.2015733e-01  -9.1689417e-03
   3.0000000e+03   5.1708150e-01  -3.3278595e-03
   3.0080000e+03   5.2712532e-01   1.5795071e-03
   3.0160000e+03   5.1742785e-01  -3.3791754e-03
   3.0240000e+03   5.2350828e-01   6.1491526e-03
   3.0320000e+03   5.2611501e-01   7.0455394e-03
   3.0400000e+03   5.2065205e-01  -1.3978192e-02
   3.0480000e+03   5.2569606e-01  -1.2638248e-02
   3.0560000e+03   5.0945244e-01  -4.9564283e-04
   3.0640000e+03   5.1464642e-01   3.5884202e-03
   3.0720000e+03   5.1125883e-01   2.0200347e-03
   3.0800000e+03   5.0904622e-01   1.9980181e-03
   3.0880000e+03   5.0657722e-01  -7.9082856e-03
   3.0960000e+03   5.1789976e-01   3.0265170e-04
   3.1040000e+03   5.2106148e-01   3.9856336e-03
   3.1120000e+03   5.0541353e-01  -1.1926391e-02
   3.1200000e+03   5.2696919e-01   6.8489941e-03
   3.1280000e+03   5.0135278e-01  -4.9115442e-04
   3.1360000e+03   5.1934759e-01   2.1300745e-02
   3.1440000e+03   5.1808313e-01   1.8360590e-03
   3.1520000e+03   5.1951529e-01   7.1506545e-03
   3.1600000e+03   5.0482233e-01  -5.4498725e-03
   3.1680000e+03   5.2760381e-01  -7.4104698e-04
   3.1760000e+03   5.2687147e-01   4.3912377e-03
   3.1840000e+03   5.1701132e-01   1.9180991e-02
   3.1920000e+03   5.2036900e-01  -8.6916902e-03
   3.2000000e+03   5.1858098e-01  -6.4692770e-03
   3.2080000e+03   5.1084294e-01   5.0325063e-03
   3.2160000e+03   5.1609477e-01   8.3552887e-03
   3.2240000e+03   5.1445817e-01  -1.1385000e-02
   3.2320000e+03   5.1022082e-01  -6.5049365e-03
   3.2400000e+03   5.0917264e-01   2.4915308e-03
   3.2480000e+03   5.0131899e-01  -3.0332346e-03
   3.2560000e+03   5.1638729e-01   5.4587558e-03
   3.2640000e+03   5.1421353e-01   3.3581358e-03
   3.2720000e+03   5.1377343e-01   3.8671615e-04
   3.2800000e+03   5.1056872e-01  -9.9981652e-03
   3.2880000e+03   5.0916966e-01  -4.4908451e-03
   3.2960000e+03   5.2993191e-01   5.4096801e-03
   3.3040000e+03   5.1467306e-01   3.2604939e-03
   3.3120000e+03   5.2530837e-01   2.1577590e-03
   3.3200000e+03   5.0952505e-01   2.7244403e-03
   3.3280000e+03   5.1290687e-01   1.7164536e-02
   3.3360000e+03   5.1179474e-01   1.1293811e-02
   3.3440000e+03   5.1607456e-01  -7.3632398e-03
   3.3520000e+03   5.1662727e-01   1.0370409e-02
   3.3600000e+03   5.0824211e-01  -8.5839401e-04
   3.3680000e+03   5.0195296e-01  -6.2259454e-03
   3.3760000e+03   5.1090238e-01   1.2976649e-02
   3.3840000e+03   5.0696223e-01   4.7563493e-03
   3.3920000e+03   5.0846559e-01   1.4460872e-02
   3.4000000e+03   5.0881489e-01   2.5087782e-03
   3.4080000e+03   5.0024690e-01  -1.0590840e-02
   3.4160000e+03   5.1166704e-01   3.8519863e-03
   3.4240000e+03   5.0243690e-01  -3.3025762e-03
   3.4320000e+03   5.1719056e-01  -9.6060032e-03
   3.4400000e+03   5.2407745e-01  -3.7913248e-03
   3.4480000e+03   5.0424892e-01   1.3350512e-02
   3.4560000e+03   5.0969371e-01  -1.5883916e-03
   3.4640000e+03   5.0608413e-01  -8.6462128e-03
   3.4720000e+03   5.0884355e-01   1.4244222e-02
   3.4800000e+03   5.0258872e-01   1.1958612e-02
   3.4880000e+03   5.0765852e-01  -1.6791398e-03
   3.4960000e+03   5.0804564e-01   2.6701855e-04
   3.5040000e+03   5.0129448e-01  -1.0470982e-02
   3.5120000e+03   5.0223794e-01   1.5237571e-03
   3.5200000e+03   5.0829580e-01  -4.6418911e-03
   3.5280000e+03   5.0312605e-01   4.9414754e-03
   3.5360000e+03   5.1781875e-01  -1.1085912e-03
   3.5440000e+03   5.0312499e-01  -7.2667270e-03
   3.5520000e+03   4.9410889e-01   9.7820653e-04
   3.5600000e+03   5.2231009e-01  -2.7404005e-03
   3.5680000e+03   4.9100176e-01   7.2788219e-03
   3.5760000e+03   4.8887021e-01  -1.8225648e-02
   3.5840000e+03   5.0719965e-01  -7.3206358e-03
   3.5920000e+03   5.1035686e-01  -3.6797063e-03
   3.6000000e+03   5.0196429e-01   4.6465404e-03
   3.6080000e+03   5.0519659e-01   1.3930283e-02
   3.6160000e+03   5.0805739e-01  -2.5509248e-03
   3.6240000e+03   4.9025725e-01  -3.0440218e-03
   3.6320000e+03   4.8901938e-01   1.2249824e-02
   3.6400000e+03   4.9553917e-01   6.0935025e-03
   3.6480000e+03   5.0930966e-01   1.1188403e-02
   3.6560000e+03   5.0448816e-01  -1.8798058e-02
   3.6640000e+03   4.9529129e-01   7.8738357e-03
   3.6720000e+03   4.9597578e-01  -2.9232574e-03
   3.6800000e+03   5.0261300e-01  -1.1616912e-02
   3.6880000e+03   5.0509324e-01   6.0937177e-03
   3.6960000e+03   5.1732245e-01   1.5446634e-03
   3.7040000e+03   5.1287923e-01   5.4639014e-03
   3.7120000e+03   5.0819000e-01   3.3986601e-03
   3.7200000e+03   4.9589162e-01   2.0015777e-02
   3.7280000e+03   5.0346515e-01  -1.1163383e-02
   3.7360000e+03   5.1758482e-01   4.0389995e-03
   3.7440000e+03   4.9577339e-01  -1.0870217e-02
   3.7520000e+03   5.0448991e-01   4.2219234e-03
   3.7600000e+03   5.0956330e-01  -2.7236130e-03
   3.7680000e+03   5.0620842e-01  -3.5911822e-03
   3.7760000e+03   4.9515577e-01   6.6355873e-03
   3.7840000e+03   4.9945525e-01   7.8179821e-03
   3.7920000e+03   4.9774314e-01   4.5261510e-03
   3.8000000e+03   5.0393095e-01   1.0437002e-02
   3.8080000e+03   5.0628218e-01   5.3939432e-03
   3.8160000e+03   5.0524457e-01   2.9638338e-04
   3.8240000e+03   5.0175521e-01   1.0411337e-02
   3.8320000e+03   4.9349907e-01   4.7404029e-03
   3.8400000e+03   4.9451268e-01  -9.5966035e-04
   3.8480000e+03   5.0521290e-01  -4.4594864e-03
   3.8560000e+03   5.0648095e-01  -4.8901336e-03
   3.8640000e+03   4.9922077e-01  -7.5634344e-03
   3.8720000e+03   4.8944535e-01  -1.5695357e-03
   3.8800000e+03   4.9476155e-01   1.5602768e-03
   3.8880000e+03   5.1125488e-01   5.5828105e-05
   3.8960000e+03   4.9879236e-01  -1.2514423e-02
   3.9040000e+03   4.7894312e-01   1.1260540e-02
   3.9120000e+03   5.0270756e-01   2.5873369e-03
   3.9200000e+03   5.0240991e-01  -6.1675254e-03
   3.9280000e+03   5.0282200e-01   2.2037546e-03
   3.9360000e+03   4.8637618e-01  -5.2148828e-03
   3.9440000e+03   4.9250039e-01  -8.3912260e-03
   3.9520000e+03   4.8522220e-01  -5.3247030e-03
   3.9600000e+03   4.8792423e-01  -1.6146029e-03
   3.9680000e+03   4.9040372e-01  -1.1901937e-02
   3.9760000e+03   4.9599412e-01  -1.1526788e-03
   3.9840000e+03   5.0665316e-01  -2.0800754e-02
   3.9920000e+03   4.9472707e-01   5.6695643e-04
   4.0000000e+03   5.0546228e-01  -5.5984765e-03
   4.0080000e+03   4.9738024e-01  -3.0198101e-03
   4.0160000e+03   5.0658460e-01   3.9988790e-04
   4.0240000e+03   4.8962948e-01   2.1402893e-02
   4.0320000e+03   4.9734157e-01  -7.4035686e-03
   4.0400000e+03   4.9940813e-01   3.0682043e-03
   4.0480000e+03   4.8499746e-01  -5.9753860e-03
   4.0560000e+03   4.9386729e-01  -6.9919030e-03
   4.0640000e+03   5.0371029e-01  -8.7996155e-03
   4.0720000e+03   4.9904465e-01   4.7806841e-04
   4.0800000e+03   4.9081125e-01  -5.3802147e-03
   4.0880000e+03   5.0104615e-01  -1.9027732e-02
   4.0960000e+03   4.8727591e-01  -1.7145692e-02
   4.1040000e+03   4.9158195e-01   1.3796796e-04
   4.1120000e+03   4.8947568e-01   8.8169488e-03
   4.1200000e+03   4.9082232e-01  -1.6786315e-03
   4.1280000e+03   4.9696712e-01  -3.4088051e-03
   4.1360000e+03   4.8390893e-01  -1.7469867e-02
   4.1440000e+03   5.0367126e-01  -3.5274180e-03
   4.1520000e+03   4.9470306e-01  -6.3575421e-03
   4.1600000e+03   4.9612109e-01   7.8934722e-03
   4.1680000e+03   5.0223768e-01  -1.4822205e-02
   4.1760000e+03   5.0074437e-01   4.5047814e-03
   4.1840000e+03   5.0361288e-01   4.5525791e-03
   4.1920000e+03   4.8504810e-01   3.8819482e-03
   4.2000000e+03   4.9456442e-01  -5.1231345e-03
   4.2080000e+03   4.8613751e-01  -1.0592852e-02
   4.2160000e+03   4.8762951e-01  -3.2645537e-03
   4.2240000e+03   4.9971041e-01  -9.6604981e-03
   4.2320000e+03   4.8486933e-01  -2.2507373e-03
   4.2400000e+03   4.9565357e-01   4.5854038e-04
   4.2480000e+03   4.8368620e-01  -5.4462920e-04
   4.2560000e+03   4.8529881e-01  -8.0496450e-03
   4.2640000e+03   4.9435932e-01   7.1720871e-05
   4.2720000e+03   4.8627671e-01  -5.2973159e-03
   4.2800000e+03   4.8212206e-01   1.2471419e-02
   4.2880000e+03   4.9222150e-01  -2.4924079e-03
   4.2960000e+03   4.7534849e-01  -1.0984687e-02
   4.3040000e+03   4.8132252e-01  -8.0994387e-03
   4.3120000e+03   4.8698128e-01  -6.4421909e-03
   4.3200000e+03   4.8754504e-01   9.4287612e-04
   4.3280000e+03   4.8401023e-01   1.1196349e-02
   4.3360000e+03   4.8878127e-01  -1.4407511e-03
   4.3440000e+03   4.8579067e-01  -7.9911580e-03
   4.3520000e+03   4.9495223e-01  -4.5236703e-03
   4.3600000e+03   4.8799508e-01  -8.4598177e-03
   4.3680000e+03   4.9278161e-01  -1.1562237e-02
   4.3760000e+03   4.8102925e-01  -3.2789619e-03
   4.3840000e+03   4.9079249e-01  -1.3115847e-03
   4.3920000e+03   4.7988026e-01   1.6132528e-02
   4.4000000e+03   4.8958068e-01  -9.8563516e-03
   4.4080000e+03   4.9216989e-01   1.0351452e-02
   4.4160000e+03   4.8090718e-01   1.2115906e-03
   4.4240000e+03   4.9500776e-01  -7.6782937e-03
   4.4320000e+03   4.7648760e-01  -1.5061237e-02
   4.4400000e+03   4.7499276e-01   5.7129783e-03
   4.4480000e+03   4.8101858e-01   1.8840897e-03
   4.4560000e+03   4.8794389e-01  -2.1881361e-03
   4.4640000e+03   4.7941823e-01   2.7668011e-03
   4.4720000e+03   4.7026169e-01   6.4871248e-03
   4.4800000e+03   4.8639313e-01   1.5664860e-03
   4.4880000e+03   4.7738914e-01  -6.3465620e-03
   4.4960000e+03   4.7110900e-01  -7.8951152e-03
   4.5040000e+03   4.9189321e-01   4.2199312e-03
   4.5120000e+03   4.7935743e-01   7.2646274e-03
   4.5200000e+03   4.9748272e-01  -1.0395948e-02
   4.5280000e+03   4.7956054e-01   1.0348824e-02
   4.5360000e+03   4.7042610e-01   4.7015190e-03
   4.5440000e+03   4.9024600e-01   8.5560211e-03
   4.5520000e+03   4.8983979e-01   4.8101971e-04
   4.5600000e+03   4.7987793e-01  -1.2817092e-02
   4.5680000e+03   4.7625821e-01   3.6253518e-04
   4.5760000e+03   4.7364438e-01  -1.2133883e-02
   4.5840000e+03   4.9417541e-01  -7.5081070e-03
   4.5920000e+03   4.7442637e-01   1.2017156e-02
   4.6000000e+03   4.8761995e-01   4.8034159e-03
   4.6080000e+03   4.6930412e-01   2.2998373e-02
   4.6160000e+03   4.8738691e-01  -5.9966006e-03
   4.6240000e+03   4.7378960e-01   7.3500854e-03
   4.6320000e+03   4.8035047e-01   4.6771766e-03
   4.6400000e+03   4.7899308e-01  -1.2565255e-02
   4.6480000e+03   4.7579285e-01   7.4990369e-03
   4.6560000e+03   4.8106642e-01  -1.1165892e-02
   4.6640000e+03   4.7495811e-01   1.7347908e-03
   4.6720000e+03   4.6802523e-01   1.6998663e-03
   4.6800000e+03   4.8090335e-01   4.5128508e-03
   4.6880000e+03   4.7397888e-01   3.7698211e-03
   4.6960000e+03   4.8571839e-01  -1.3397234e-03
   4.7040000e+03   4.8278482e-01  -1.0283545e-02
   4.7120000e+03   4.6440574e-01   1.1197874e-02
   4.7200000e+03   4.7494773e-01  -2.6206663e-03
   4.7280000e+03   4.8030603e-01   3.6613810e-03
   4.7360000e+03   4.8010175e-01  -1.1943171e-03
   4.7440000e+03   4.7264551e-01  -6.3087678e-03
   4.7520000e+03   4.7932548e-01  -3.0564908e-03
   4.7600000e+03   4.8091880e-01   8.8042700e-04
   4.7680000e+03   4.8104541e-01  -2.6503130e-03
   4.7760000e+03   4.7409033e-01  -3.3612195e-03
   4.7840000e+03   4.7322642e-01  -4.8389891e-03
   4.7920000e+03   4.6670361e-01   4.1019871e-03
   4.8000000e+03   4.8200950e-01  -4.0558294e-03
   4.8080000e+03   4.7765986e-01  -3.6691790e-03
   4.8160000e+03   4.7587206e-01  -7.1237551e-03
   4.8240000e+03   4.5799488e-01   3.7548952e-03
   4.8320000e+03   4.8547531e-01  -1.3687885e-02
   4.8400000e+03   4.7593297e-01   2.7034614e-03
   4.8480000e+03   4.6598946e-01  -3.0347649e-03
   4.8560000e+03   4.7098088e-01  -1.1629904e-02
   4.8640000e+03   4.8564282e-01   3.3220727e-03
   4.8720000e+03   4.6017361e-01   9.2071775e-03
   4.8800000e+03   4.6854233e-01   5.1103320e-03
   4.8880000e+03   4.6201064e-01   6.8389477e-04
   4.8960000e+03   4.7936327e-01  -7.8408991e-03
   4.9040000e+03   4.7478836e-01   3.6349968e-03
   4.9120000e+03   4.6552121e-01  -7.3424814e-03
   4.9200000e+03   4.8588561e-01  -7.7353402e-03
   4.9280000e+03   4.6281199e-01  -8.4290542e-03
   4.9360000e+03   4.6900068e-01   3.1867890e-03
   4.9440000e+03   4.6841611e-01   3.6622851e-03
   4.9520000e+03   4.7867225e-01   4.8783016e-04
   4.9600000e+03   4.7212642e-01  -8.2451023e-04
   4.9680000e+03   4.7726993e-01  -4.0681082e-03
   4.9760000e+03   4.7261832e-01   1.3506318e-02
   4.9840000e+03   4.7513556e-01  -2.7482391e-06
   4.9920000e+03   4.6940442e-01  -3.9474623e-03
   5.0000000e+03   4.6758054e-01  -5.1556585e-03
   5.0080000e+03   4.7559816e-01  -5.2728980e-03
   5.0160000e+03   4.6603543e-01   8.8850448e-03
   5.0240000e+03   4.6446964e-01   1.3011498e-02
   5.0320000e+03   4.6199811e-01  -5.1633495e-03
   5.0400000e+03   4.5967559e-01  -2.2551577e-02
   5.0480000e+03   4.7005343e-01  -1.0277219e-03
   5.0560000e+03   4.5815961e-01  -3.7473925e-03
   5.0640000e+03   4.6811324e-01  -7.7329450e-03
   5.0720000e+03   4.6077513e-01  -3.2065848e-03
   5.0800000e+03   4.6971708e-01  -5.1550426e-03
   5.0880000e+03   4.7287902e-01   5.2449005e-04
   5.0960000e+03   4.5685350e-01   7.0643984e-03
   5.1040000e+03   4.5281036e-01   9.7724493e-03
   5.1120000e+03   4.5820291e-01  -2.3777482e-03
   5.1200000e+03   4.5487242e-01  -1.2729483e-03
   5.1280000e+03   4.5489331e-01   3.5205365e-03
   5.1360000e+03   4.5248000e-01  -3.2087929e-03
   5.1440000e+03   4.7131471e-01   1.7360910e-04
   5.1520000e+03   4.6098758e-01   9.9734623e-04
   5.1600000e+03   4.6253314e-01  -6.9617283e-04
   5.1680000e+03   4.5639229e-01  -5.9332806e-03
   5.1760000e+03   4.6509995e-01  -7.3346512e-03
   5.1840000e+03   4.7590855e-01   8.0773257e-03
   5.1920000e+03   4.6255604e-01  -1.0793986e-02
   5.2000000e+03   4.6980901e-01   8.0469265e-03
   5.2080000e+03   4.6005098e-01  -1.7391357e-02
   5.2160000e+03   4.6173841e-01  -8.1336711e-03
   5.2240000e+03   4.4200197e-01   2.0645726e-03
   5.2320000e+03   4.6946646e-01  -4.7598520e-03
   5.2400000e+03   4.5609261e-01   8.0402527e-04
   5.2480000e+03   4.6229379e-01  -3.0955583e-03
   5.2560000e+03   4.5569347e-01  -1.4149667e-03
   5.2640000e+03   4.4917670e-01  -1.4868634e-03
   5.2720000e+03   4.5846437e-01  -2.6422530e-03
   5.2800000e+03   4.5515609e-01  -7.7627837e-03
   5.2880000e+03   4.4711165e-01   8.0572655e-03
   5.2960000e+03   4.5029848e-01   9.4165717e-03
   5.3040000e+03   4.5224234e-01  -7.7712985e-03
   5.3120000e+03   4.6145348e-01   1.3727499e-02
   5.3200000e+03   4.5964344e-01   8.5617999e-04
   5.3280000e+03   4.5353014e-01  -6.7280466e-03
   5.3360000e+03   4.6614035e-01  -1.2847487e-02
   5.3440000e+03   4.5963545e-01  -8.8400499e-04
   5.3520000e+03   4.6256665e-01  -5.0896039e-03
   5.3600000e+03   4.6760606e-01   6.4948740e-03
   5.3680000e+03   4.4850919e-01   2.2031161e-03
   5.3760000e+03   4.4695351e-01  -6.5067136e-04
   5.3840000e+03   4.5902875e-01   1.8711201e-03
   5.3920000e+03   4.5577898e-01   1.0507821e-02
   5.4000000e+03   4.6215097e-01  -6.0377035e-03
   5.4080000e+03   4.4931726e-01   2.8373990e-03
   5.4160000e+03   4.5974691e-01  -6.8207507e-03
   5.4240000e+03   4.5938875e-01  -8.6573660e-03
   5.4320000e+03   4.5400581e-01  -2.0400798e-03
   5.4400000e+03   4.5571862e-01  -1.4546105e-03
   5.4480000e+03   4.6356579e-01   8.6680229e-04
   5.4560000e+03   4.5754048e-01   1.8686765e-02
   5.4640000e+03   4.5172693e-01  -7.5494266e-04
   5.4720000e+03   4.5052238e-01   6.4845781e-03
   5.4800000e+03   4.5410216e-01  -1.8040755e-02
   5.4880000e+03   4.4567665e-01  -2.5504953e-03
   5.4960000e+03   4.4153020e-01  -7.2339865e-03
   5.5040000e+03   4.5193656e-01   1.6001177e-03
   5.5120000e+03   4.6413073e-01   3.8697514e-03
   5.5200000e+03   4.4847659e-01  -1.8054039e-02
   5.5280000e+03   4.5757979e-01  -1.2765837e-02
   5.5360000e+03   4.5620041e-01   3.2333209e-03
   5.5440000e+03   4.4128390e-01   7.5794364e-03
   5.5520000e+03   4.4572480e-01   4.5579029e-03
   5.5600000e+03   4.5551154e-01  -2.4942187e-03
   5.5680000e+03   4.4877204e-01   4.9864441e-03
   5.5760000e+03   4.5842626e-01   1.7850981e-03
   5.5840000e+03   4.6020209e-01   3.5299049e-03
   5.5920000e+03   4.5512847e-01   6.0153288e-03
   5.6000000e+03   4.5261339e-01   1.0531573e-02
   5.6080000e+03   4.3148401e-01  -1.3559923e-04
   5.6160000e+03   4.5163318e-01   1.6631612e-03
   5.6240000e+03   4.5717874e-01   3.7604016e-03
   5.6320000e+03   4.4436546e-01   4.5468475e-03
   5.6400000e+03   4.3326037e-01   2.8579820e-03
   5.6480000e+03   4.4738873e-01  -7.9414525e-03
   5.6560000e+03   4.4984595e-01  -8.8626863e-03
   5.6640000e+03   4.4474303e-01  -2.4938550e-03
   5.6720000e+03   4.3791515e-01   9.0759387e-03
   5.6800000e+03   4.4910887e-01   4.1305116e-03
   5.6880000e+03   4.5002818e-01   9.2257318e-04
   5.6960000e+03   4.4668509e-01   3.0023991e-03
   5.7040000e+03   4.3659817e-01  -6.7763128e-03
   5.7120000e+03   4.4468511e-01  -2.3243617e-03
   5.7200000e+03   4.3950229e-01   9.8447991e-03
   5.7280000e+03   4.4452803e-01  -2.3745780e-03
   5.7360000e+03   4.5520444e-01   2.7887534e-03
   5.7440000e+03   4.4539333e-01   1.1366175e-02
   5.7520000e+03   4.4697784e-01   1.0464748e-03
   5.7600000e+03   4.4787919e-01   4.1334233e-03
   5.7680000e+03   4.4737142e-01  -1.9666976e-03
   5.7760000e+03   4.5111746e-01  -3.6220068e-03
   5.7840000e+03   4.5188031e-01  -1.4296458e-02
   5.7920000e+03   4.4709254e-01   1.5785362e-04
   5.8000000e+03   4.4775566e-01   1.1733033e-03
   5.8080000e+03   4.4982065e-01   1.8617607e-03
   5.8160000e+03   4.5619687e-01   6.5714341e-03
   5.8240000e+03   4.4949405e-01   1.2209890e-02
   5.8320000e+03   4.5696247e-01   4.6120979e-03
   5.8400000e+03   4.2606217e-01   9.7185329e-04
   5.8480000e+03   4.3462046e-01   7.9785474e-03
   5.8560000e+03   4.4977561e-01   8.7641688e-03
   5.8640000e+03   4.4736724e-01   6.4002328e-03
   5.8720000e+03   4.2877722e-01  -8.3196764e-03
   5.8800000e+03   4.2962793e-01  -8.1928144e-03
   5.8880000e+03   4.2557106e-01  -7.1713704e-03
   5.8960000e+03   4.3740072e-01  -2.9605699e-03
   5.9040000e+03   4.4264811e-01   7.0428299e-03
   5.9120000e+03   4.4436146e-01  -2.9700138e-03
   5.9200000e+03   4.4175626e-01   2.2052727e-03
   5.9280000e+03   4.3794472e-01   8.5707747e-03
   5.9360000e+03   4.3516647e-01   6.9091585e-03
   5.9440000e+03   4.3957642e-01   1.3968275e-02
   5.9520000e+03   4.3865079e-01  -8.5390287e-03
   5.9600000e+03   4.4139781e-01  -4.5370822e-03
   5.9680000e+03   4.3508207e-01  -2.9942884e-04
   5.9760000e+03   4.3601241e-01  -1.6061853e-03
   5.9840000e+03   4.3824177e-01   4.2156103e-03
   5.9920000e+03   4.4232156e-01  -2.5464760e-03
   6.0000000e+03   4.4770499e-01  -1.4589482e-03
   6.0080000e+03   4.3306026e-01   1.9254318e-02
   6.0160000e+03   4.4093108e-01   4.9660589e-03
   6.0240000e+03   4.3630699e-01   9.7700459e-03
   6.0320000e+03   4.3510223e-01  -3.5931159e-03
   6.0400000e+03   4.3515413e-01  -7.6738242e-03
   6.0480000e+03   4.4987949e-01  -2.7226595e-03
   6.0560000e+03   4.3853070e-01   5.5021884e-03
   6.0640000e+03   4.1988163e-01   1.3337341e-03
   6.0720000e+03   4.4532599e-01   1.1558936e-02
   6.0800000e+03   4.3326213e-01  -6.9562197e-03
   6.0880000e+03   4.3981954e-01   1.1080415e-03
   6.0960000e+03   4.3776756e-01  -5.3501403e-03
   6.1040000e+03   4.3756766e-01  -6.1812995e-03
   6.1120000e+03   4.4436948e-01   3.4970983e-03
   6.1200000e+03   4.3442513e-01   5.1632824e-04
   6.1280000e+03   4.3271493e-01   1.2131518e-02
   6.1360000e+03   4.3156836e-01  -8.1388993e-03
   6.1440000e+03   4.2509458e-01   8.3942829e-05
   6.1520000e+03   4.5311201e-01  -1.8027200e-03
   6.1600000e+03   4.2701261e-01   1.0620744e-02
   6.1680000e+03   4.3884693e-01   7.3069858e-03
   6.1760000e+03   4.3114093e-01   8.7887737e-03
   6.1840000e+03   4.2394395e-01   4.7189640e-03
   6.1920000e+03   4.2165686e-01   1.6634545e-03
   6.2000000e+03   4.2500017e-01   1.7757123e-04
   6.2080000e+03   4.4889923e-01  -9.0267066e-03
   6.2160000e+03   4.3783318e-01   4.4161560e-03
   6.2240000e+03   4.2842587e-01   2.1556806e-03
   6.2320000e+03   4.3595559e-01   2.1519607e-03
   6.2400000e+03   4.4268129e-01  -7.4252852e-03
   6.2480000e+03   4.3305882e-01  -4.6406289e-03
   6.2560000e+03   4.2817287e-01  -6.6545321e-04
   6.2640000e+03   4.3851845e-01   1.1949666e-02
   6.2720000e+03   4.3675984e-01   4.2551827e-03
   6.2800000e+03   4.3613044e-01   2.5479616e-03
   6.2880000e+03   4.4519369e-01   3.4415794e-03
   6.2960000e+03   4.3124852e-01   3.0217117e-03
   6.3040000e+03   4.3686471e-01   2.4642456e-03
   6.3120000e+03   4.2603234e-01   7.2749976e-03
   6.3200000e+03   4.2321163e-01   3.7938789e-03
   6.3280000e+03   4.1987652e-01  -6.8181151e-03
   6.3360000e+03   4.3803233e-01  -1.7977978e-03
   6.3440000e+03   4.2936562e-01   3.5775110e-03
   6.3520000e+03   4.2050087e-01  -3.7137906e-03
   6.3600000e+03   4.2295987e-01   9.5501711e-03
   6.3680000e+03   4.1188597e-01   3.4792886e-03
   6.3760000e+03   4.1951694e-01   4.2108187e-04
   6.3840000e+03   4.4098171e-01  -7.0438661e-03
   6.3920000e+03   4.1897644e-01  -1.7601547e-02
   6.4000000e+03   4.2853962e-01  -8.8965036e-04
   6.4080000e+03   4.2405851e-01   8.9266735e-03
   6.4160000e+03   4.2082123e-01   1.6108531e-03
   6.4240000e+03   4.2205604e-01  -1.4466243e-02
   6.4320000e+03   4.2822684e-01  -1.2288373e-05
   6.4400000e+03   4.1203356e-01   2.3463249e-03
   6.4480000e+03   4.3197795e-01   2.0053598e-03
   6.4560000e+03   4.2173532e-01   4.2011372e-03
   6.4640000e+03   4.2516387e-01   9.1864887e-03
   6.4720000e+03   4.2474731e-01   2.5689872e-03
   6.4800000e+03   4.1729940e-01  -3.3189391e-03
   6.4880000e+03   4.2246400e-01  -8.2600863e-03
   6.4960000e+03   4.1331175e-01   1.3455128e-03
   6.5040000e+03   4.1261585e-01  -3.6520565e-03
   6.5120000e+03   4.2134749e-01   2.1436621e-03
   6.5200000e+03   4.3393794e-01   9.0839136e-04
   6.5280000e+03   4.1734867e-01  -9.1706758e-03
   6.5360000e+03   4.3327635e-01   1.4747769e-02
   6.5440000e+03   4.2261140e-01  -8.3038172e-04
   6.5520000e+03   4.2554239e-01   4.0722284e-03
   6.5600000e+03   4.2388322e-01   9.0973912e-03
   6.5680000e+03   4.2936339e-01  -1.2043662e-02
   6.5760000e+03   4.2018436e-01  -9.1444843e-03
   6.5840000e+03   4.3167943e-01  -1.3232415e-02
   6.5920000e+03   4.2743412e-01  -8.3007389e-03
   6.6000000e+03   4.2225778e-01   8.7428428e-03
   6.6080000e+03   4.3560070e-01  -3.7585292e-03
   6.6160000e+03   4.1728948e-01   2.9738916e-03
   6.6240000e+03   4.1805813e-01  -4.2342250e-03
   6.6320000e+03   4.1921900e-01   2.7389546e-03
   6.6400000e+03   4.1708837e-01  -6.9928730e-03
   6.6480000e+03   4.3045620e-01   9.3467726e-03
   6.6560000e+03   4.1514374e-01  -1.6662514e-02
   6.6640000e+03   4.2164293e-01  -9.0383533e-03
   6.6720000e+03   4.1216372e-01   4.1687815e-03
   6.6800000e+03   4.1976015e-01  -1.5111985e-02
   6.6880000e+03   4.3227393e-01   8.5301762e-03
   6.6960000e+03   4.0598344e-01  -1.2700559e-02
   6.7040000e+03   4.3098427e-01   5.6315305e-03
   6.7120000e+03   4.2961921e-01  -2.6866459e-03
   6.7200000e+03   4.1342547e-01  -8.5461031e-03
   6.7280000e+03   4.1091214e-01  -9.2493943e-04
   6.7360000e+03   4.1869390e-01   1.0751629e-02
   6.7440000e+03   4.2231083e-01  -4.4159148e-03
   6.7520000e+03   4.2519253e-01   2.8585261e-03
   6.7600000e+03   4.1723125e-01  -4.4408420e-03
   6.7680000e+03   4.1991650e-01   3.2645753e-03
   6.7760000e+03   4.1507756e-01  -1.6310096e-02
   6.7840000e+03   4.1476152e-01   4.8807979e-03
   6.7920000e+03   4.3018674e-01   9.1787922e-03
   6.8000000e+03   4.0607536e-01   2.4548617e-03
   6.8080000e+03   4.2007792e-01  -7.9075749e-03
   6.8160000e+03   4.1672318e-01  -4.0732644e-04
   6.8240000e+03   4.2331601e-01   9.5896092e-03
   6.8320000e+03   4.2468158e-01  -9.5256146e-03
   6.8400000e+03   4.2863679e-01  -1.5387207e-03
   6.8480000e+03   4.1000261e-01   7.9116649e-03
   6.8560000e+03   4.1119662e-01   8.4666760e-03
   6.8640000e+03   4.1490848e-01  -2.4858627e-03
   6.8720000e+03   4.0692718e-01   5.0896498e-03
   6.8800000e+03   4.0675052e-01   6.4106723e-03
   6.8880000e+03   4.0844118e-01   1.2936692e-02
   6.8960000e+03   4.1495628e-01  -6.6779282e-03
   6.9040000e+03   4.2328560e-01   5.0435660e-03
   6.9120000e+03   4.1171334e-01   9.4647182e-03
   6.9200000e+03   4.0477518e-01   2.0450642e-04
   6.9280000e+03   4.1241165e-01  -6.3786650e-03
   6.9360000e+03   4.1900243e-01   1.0636158e-03
   6.9440000e+03   4.0878858e-01  -9.6691896e-03
   6.9520000e+03   4.1674070e-01  -4.8910989e-04
   6.9600000e+03   4.1014631e-01   3.1661042e-03
   6.9680000e+03   4.1990540e-01  -1.0875420e-02
   6.9760000e+03   4.1289288e-01   5.6115344e-03
   6.9840000e+03   4.1419290e-01  -1.2748837e-02
   6.9920000e+03   4.1321071e-01  -1.1381092e-03
   7.0000000e+03   4.0668501e-01   6.7591212e-03
   7.0080000e+03   4.2048231e-01  -5.8693348e-03
   7.0160000e+03   3.9101892e-01   1.3833805e-02
   7.0240000e+03   4.1119452e-01  -6.7035409e-04
   7.0320000e+03   4.1485660e-01  -9.5784561e-04
   7.0400000e+03   4.1149387e-01   6.3850836e-03
   7.0480000e+03   4.0307837e-01   3.8298017e-04
   7.0560000e+03   3.9858133e-01  -4.3623203e-03
   7.0640000e+03   4.0310394e-01   4.3829839e-03
   7.0720000e+03   4.1440666e-01   1.5358874e-03
   7.0800000e+03   3.9805028e-01  -4.7637552e-03
   7.0880000e+03   4.0684189e-01   2.6437320e-03
   7.0960000e+03   4.2141815e-01   1.0949236e-02
   7.1040000e+03   4.1667621e-01   8.5944922e-03
   7.1120000e+03   4.0926064e-01  -2.0103362e-03
   7.1200000e+03   3.9686734e-01   8.0903439e-03
   7.1280000e+03   4.1536255e-01   8.3340581e-03
   7.1360000e+03   4.1659312e-01  -4.4999758e-03
   7.1440000e+03   4.0682281e-01   3.3581184e-03
   7.1520000e+03   4.0470107e-01  -3.8183071e-03
   7.1600000e+03   4.0501228e-01  -2.7613418e-03
   7.1680000e+03   4.0882908e-01  -6.0909877e-03
   7.1760000e+03   4.2004277e-01  -1.0592660e-02
   7.1840000e+03   4.0626431e-01  -2.2456692e-03
   7.1920000e+03   4.0961958e-01  -1.1220539e-02
   7.2000000e+03   4.0516507e-01  -1.6150264e-04
   7.2080000e+03   3.9946216e-01  -2.2535276e-03
   7.2160000e+03   4.0841179e-01  -5.9843666e-03
   7.2240000e+03   4.1447324e-01  -3.6279024e-03
   7.2320000e+03   4.0727060e-01  -1.0303746e-02
   7.2400000e+03   4.1537635e-01  -5.4691336e-03
   7.2480000e+03   3.9150776e-01   5.5011158e-03
   7.2560000e+03   4.0607291e-01  -7.8245027e-03
   7.2640000e+03   4.0522552e-01  -3.4724606e-03
   7.2720000e+03   4.0365433e-01  -9.7028668e-03
   7.2800000e+03   4.0527369e-01  -3.6377193e-03
   7.2880000e+03   4.0418690e-01  -1.5876346e-02
   7.2960000e+03   3.9412666e-01  -8.3400227e-03
   7.3040000e+03   4.1126911e-01   3.5216427e-03
   7.3120000e+03   4.1141915e-01   8.9297241e-03
   7.3200000e+03   3.9043884e-01   2.3484351e-03
   7.3280000e+03   4.0518612e-01   6.4267970e-03
   7.3360000e+03   4.1000661e-01  -5.1912759e-03
   7.3440000e+03   3.9633900e-01   3.7301455e-05
   7.3520000e+03   3.9155963e-01   5.0670940e-03
   7.3600000e+03   4.0503300e-01   6.3856830e-03
   7.3680000e+03   3.9070988e-01  -1.8123881e-03
   7.3760000e+03   4.0689245e-01  -7.2898411e-03
   7.3840000e+03   3.9965606e-01  -1.3190725e-02
   7.3920000e+03   4.0052020e-01   7.9407352e-03
   7.4000000e+03   3.9475012e-01   6.6065111e-04
   7.4080000e+03   4.0355807e-01  -3.6514636e-03
   7.4160000e+03   3.7834316e-01   2.7651635e-04
   7.4240000e+03   3.8814730e-01  -1.3706634e-03
   7.4320000e+03   3.9578578e-01  -4.3341435e-03
   7.4400000e+03   4.0113472e-01  -7.3613074e-04
   7.4480000e+03   4.0334993e-01   7.2283142e-03
   7.4560000e+03   4.0216684e-01  -6.9555352e-03
   7.4640000e+03   3.9418138e-01  -2.8623366e-03
   7.4720000e+03   4.1272263e-01  -1.0032560e-02
   7.4800000e+03   3.9332817e-01   4.3539665e-03
   7.4880000e+03   3.9108162e-01   1.9191281e-03
   7.4960000e+03   4.0882617e-01   3.8336941e-03
   7.5040000e+03   4.0112738e-01   4.9850299e-04
   7.5120000e+03   3.8615293e-01  -5.9628909e-03
   7.5200000e+03   3.9788039e-01  -5.4756642e-03
   7.5280000e+03   3.8951074e-01  -1.8764238e-03
   7.5360000e+03   3.9401890e-01  -4.5628572e-03
   7.5440000e+03   3.9132015e-01   1.0731531e-02
   7.5520000e+03   3.8689845e-01   9.9861083e-03
   7.5600000e+03   3.9241032e-01  -3.5681606e-03
   7.5680000e+03   3.8584020e-01   1.4616018e-03
   7.5760000e+03   3.9127798e-01  -1.2788221e-02
   7.5840000e+03   3.9248879e-01   6.0519394e-03
   7.5920000e+03   3.9299382e-01   7.0356591e-03
   7.6000000e+03   3.9174003e-01  -2.4397442e-04
   7.6080000e+03   3.9957876e-01  -3.2396541e-03
   7.6160000e+03   4.0039901e-01   1.9864017e-03
   7.6240000e+03   3.9658358e-01  -2.9611249e-03
   7.6320000e+03   4.0265589e-01   6.8961189e-03
   7.6400000e+03   3.8228694e-01   9.7105285e-03
   7.6480000e+03   3.8743963e-01   2.6198011e-02
   7.6560000e+03   3.8721431e-01  -1.8423044e-02
   7.6640000e+03   3.9421031e-01   3.9718887e-03
   7.6720000e+03   3.9444663e-01   9.9547532e-03
   7.6800000e+03   3.8813460e-01   9.0547648e-03
   7.6880000e+03   3.9951697e-01   5.2887551e-03
   7.6960000e+03   3.9239674e-01  -9.7881829e-03
   7.7040000e+03   3.9519244e-01  -5.3744933e-05
   7.7120000e+03   3.8651053e-01   7.7251712e-03
   7.7200000e+03   3.8557458e-01   1.4139639e-03
   7.7280000e+03   3.8825602e-01   2.3462105e-03
   7.7360000e+03   3.8733760e-01   4.7086173e-04
   7.7440000e+03   3.9533079e-01   2.9084210e-03
   7.7520000e+03   3.9903856e-01   1.1867037e-02
   7.7600000e+03   3.8590388e-01   4.1401206e-03
   7.7680000e+03   3.8646014e-01   1.6689095e-02
   7.7760000e+03   3.9124561e-01   5.2861077e-04
   7.7840000e+03   3.9111280e-01  -5.3405459e-03
   7.7920000e+03   3.9418665e-01  -6.5151586e-03
   7.8000000e+03   3.8286741e-01   3.8632164e-03
   7.8080000e+03   3.8078602e-01   2.1549729e-03
   7.8160000e+03   3.8528816e-01  -8.1270645e-04
   7.8240000e+03   4.0226254e-01  -5.2578439e-04
   7.8320000e+03   3.9981344e-01   7.4423634e-03
   7.8400000e+03   3.8396918e-01   1.5356953e-03
   7.8480000e+03   3.9347556e-01  -4.2361714e-03
   7.8560000e+03   3.8409816e-01   2.4528337e-03
   7.8640000e+03   3.8539321e-01   2.5194529e-03
   7.8720000e+03   3.8477205e-01   8.2829179e-03
   7.8800000e+03   3.9242958e-01  -2.6487522e-04
   7.8880000e+03   3.8982100e-01  -1.4441106e-02
   7.8960000e+03   3.8745282e-01   4.9795615e-03
   7.9040000e+03   3.8972501e-01  -4.5856945e-03
   7.9120000e+03   3.9759806e-01   8.0014056e-03
   7.9200000e+03   3.8230595e-01   8.4839144e-03
   7.9280000e+03   3.8390520e-01  -1.7083708e-03
   7.9360000e+03   3.9421740e-01  -1.7442763e-03
   7.9440000e+03   3.9307718e-01   4.5076756e-03
   7.9520000e+03   3.8428513e-01   1.1385740e-03
   7.9600000e+03   3.7244580e-01  -2.1565070e-03
   7.9680000e+03   3.9815792e-01  -9.3397387e-03
   7.9760000e+03   3.7389719e-01  -1.4930536e-02
   7.9840000e+03   3.8432187e-01   1.0106035e-04
   7.9920000e+03   3.8368746e-01   2.9814987e-03
   8.0000000e+03   3.8949677e-01  -7.8158409e-03
