   0.0000000e+00   1.0269346e+00   9.2384117e-02
   8.0000000e+00   7.1712539e-01   1.4466882e-01
   1.6000000e+01   7.2599633e-01   1.4748061e-02
   2.4000000e+01   6.4344185e-01   1.3540208e-01
   3.2000000e+01   8.8933553e-01   1.6223489e-01
   4.0000000e+01   7.9040987e-01  -2.6422102e-02
   4.8000000e+01   7.5384160e-01   2.2611976e-02
   5.6000000e+01   7.3888467e-01   8.7769650e-02
   6.4000000e+01   8.1152182e-01   3.3746733e-02
   7.2000000e+01   9.9566366e-01  -1.4833595e-02
   8.0000000e+01   8.6005891e-01  -5.4623985e-02
   8.8000000e+01   9.6985887e-01  -1.3907190e-01
   9.6000000e+01   1.0554441e+00  -2.5868275e-02
   1.0400000e+02   9.9538109e-01   6.6401552e-02
   1.1200000e+02   9.5729836e-01  -2.0448195e-02
   1.2000000e+02   1.0014326e+00  -3.5906362e-02
   1.2800000e+02   9.5976246e-01   8.6377214e-02
   1.3600000e+02   8.7771565e-01  -5.3187873e-02
   1.4400000e+02   9.8362164e-01   1.3055669e-01
   1.5200000e+02   9.0343297e-01   2.1700320e-01
   1.6000000e+02   8.2268789e-01  -8.7362712e-02
   1.6800000e+02   7.8341271e-01  -1.9966992e-02
   1.7600000e+02   7.3786616e-01  -9.9662715e-03
   1.8400000e+02   6.7266664e-01  -8.1433894e-02
   1.9200000e+02   6.6885028e-01  -8.2919962e-02
   2.0000000e+02   9.4600370e-01  -4.3757924e-02
   2.0800000e+02   8.6627952e-01  -9.7232763e-02
   2.1600000e+02   6.2834798e-01  -8.2700964e-02
   2.2400000e+02   7.4832220e-01  -2.9120187e-03
   2.3200000e+02   6.8171957e-01  -6.5949265e-03
   2.4000000e+02   7.3953590e-01  -1.4602312e-01
   2.4800000e+02   6.7344950e-01   8.0501990e-02
   2.5600000e+02   6.3227104e-01   7.3022177e-02
   2.6400000e+02   7.7520076e-01  -1.3564452e-01
   2.7200000e+02   6.6826247e-01  -2.3100560e-01
   2.8000000e+02   6.0337699e-01  -7.6617204e-02
   2.8800000e+02   7.0400794e-01  -3.6205157e-02
   2.9600000e+02   6.8143374e-01  -1.2516250e-01
   3.0400000e+02   8.6030193e-01   4.8903898e-02
   3.1200000e+02   7.1280294e-01   8.2982169e-02
   3.2000000e+02   7.1301083e-01   7.2826008e-02
   3.2800000e+02   7.3499907e-01   3.1161733e-02
   3.3600000e+02   6.7095779e-01   7.1429078e-02
   3.4400000e+02   6.4492317e-01  -5.7263536e-02
   3.5200000e+02   6.8803758e-01  -1.2304078e-01
   3.6000000e+02   5.7986268e-01   1.2993574e-01
   3.6800000e+02   7.4321095e-01   5.4212685e-02
   3.7600000e+02   6.2781516e-01   2.5702694e-02
   3.8400000e+02   6.4632234e-01   2.5239623e-02
   3.9200000e+02   7.3464992e-01  -9.5869056e-02
   4.0000000e+02   7.1088136e-01  -5.1761963e-02
   4.0800000e+02   5.9450386e-01  -4.5835728e-02
   4.1600000e+02   6.7653125e-01  -8.7438450e-02
   4.2400000e+02   7.5372905e-01  -2.9797794e-02
   4.3200000e+02   6.7380248e-01  -6.8830994e-03
   4.4000000e+02   7.2830721e-01  -1.1440037e-01
   4.4800000e+02   4.5447064e-01  -1.5382898e-02
   4.5600000e+02   5.9800274e-01  -8.0130828e-02
   4.6400000e+02   6.8021438e-01   1.0691956e-01
   4.7200000e+02   6.4560980e-01   1.1764334e-02
   4.8000000e+02   6.3734686e-01  -4.0457850e-02
   4.8800000e+02   6.1949477e-01   7.0420055e-02
   4.9600000e+02   6.9682503e-01   8.9527590e-03
   5.0400000e+02   6.2353630e-01   9.7213576e-02
   5.1200000e+02   6.8829607e-01   5.6408353e-02
   5.2000000e+02   7.1101287e-01   4.0383491e-02
   5.2800000e+02   5.9181138e-01  -6.9954301e-02
   5.3600000e+02   7.0456352e-01   9.3783720e-03
   5.4400000e+02   6.8318405e-01  -4.8083183e-02
   5.5200000e+02   4.8737778e-01   7.4493018e-02
   5.6000000e+02   6.3106274e-01   1.3333864e-02
   5.6800000e+02   6.6504499e-01  -5.2587073e-02
   5.7600000e+02   6.0524998e-01  -1.2530026e-02
   5.8400000e+02   6.0502371e-01   3.4699181e-02
   5.9200000e+02   8.1347846e-01  -1.0984816e-02
   6.0000000e+02   6.4003022e-01   4.3510961e-02
   6.0800000e+02   6.5844788e-01   8.8797801e-02
   6.1600000e+02   5.0288451e-01   3.9661027e-02
   6.2400000e+02   6.5944813e-01  -1.3880093e-01
   6.3200000e+02   7.3685456e-01  -2.6756333e-02
   6.4000000e+02   6.8608863e-01  -7.5702152e-02
   6.4800000e+02   6.7865516e-01   1.1203905e-01
   6.5600000e+02   5.1660144e-01   9.5333595e-02
   6.6400000e+02   4.6412228e-01  -8.7589139e-03
   6.7200000e+02   6.4559504e-01  -1.2249219e-01
   6.8000000e+02   6.4896856e-01   5.2707414e-02
   6.8800000e+02   7.2322647e-01  -4.5962416e-02
   6.9600000e+02   6.6546690e-01  -1.2057797e-01
   7.0400000e+02   5.4850045e-01  -8.8894741e-02
   7.1200000e+02   4.7679718e-01   6.0417191e-02
   7.2000000e+02   6.0067306e-01  -6.0554516e-02
   7.2800000e+02   4.9042293e-01  -1.6741534e-02
   7.3600000e+02   5.9611720e-01  -1.2146886e-01
   7.4400000e+02   5.2478577e-01  -3.3213877e-02
   7.5200000e+02   5.7033176e-01  -1.3647942e-01
   7.6000000e+02   4.8380235e-01  -9.7238400e-02
   7.6800000e+02   6.9709338e-01   1.0456048e-02
   7.7600000e+02   6.9279851e-01   1.0730518e-01
   7.8400000e+02   7.4306938e-01   4.4157545e-03
   7.9200000e+02   7.6680465e-01  -9.0809551e-02
   8.0000000e+02   7.1037597e-01   8.7706151e-03
   8.0800000e+02   6.1499318e-01  -4.2344722e-02
   8.1600000e+02   5.8285283e-01  -2.8824537e-02
   8.2400000e+02   7.8561655e-01   6.9981961e-02
   8.3200000e+02   5.1100976e-01  -7.4127415e-02
   8.4000000e+02   5.4346619e-01   2.9396696e-02
   8.4800000e+02   7.3165694e-01   1.8859358e-01
   8.5600000e+02   6.2337845e-01  -9.5545193e-02
   8.6400000e+02   4.7435505e-01  -8.4604247e-02
   8.7200000e+02   4.6774826e-01  -1.3630214e-02
   8.8000000e+02   6.9718580e-01   1.1367714e-01
   8.8800000e+02   6.2216857e-01   9.2942417e-02
   8.9600000e+02   5.3869681e-01   1.4714986e-01
   9.0400000e+02   6.9658684e-01   1.1959159e-01
   9.1200000e+02   6.9762944e-01   2.3032508e-01
   9.2000000e+02   6.1150445e-01   6.1454371e-02
   9.2800000e+02   7.3706372e-01   5.5038817e-02
   9.3600000e+02   6.4469009e-01  -2.7269678e-02
   9.4400000e+02   6.7662626e-01   7.5359521e-02
   9.5200000e+02   6.6232528e-01  -5.8328940e-02
   9.6000000e+02   7.3638659e-01  -1.1681089e-01
   9.6800000e+02   6.4877859e-01  -4.5226617e-03
   9.7600000e+02   6.4526379e-01  -6.6964114e-02
   9.8400000e+02   6.3267209e-01  -6.6084380e-02
   9.9200000e+02   5.3714614e-01  -6.8544252e-02
   1.0000000e+03   6.4191509e-01  -1.6194867e-01
   1.0080000e+03   6.5525410e-01  -1.7484169e-01
   1.0160000e+03   6.5876331e-01  -1.5661685e-01
   1.0240000e+03   4.7205161e-01   1.1377390e-01
   1.0320000e+03   4.5636457e-01  -1.1101579e-03
   1.0400000e+03   5.7589963e-01   1.3828396e-01
   1.0480000e+03   5.1024022e-01   1.1996208e-01
   1.0560000e+03   5.4484631e-01  -8.1789473e-02
   1.0640000e+03   5.2583232e-01  -7.9924872e-02
   1.0720000e+03   7.2943598e-01  -6.3645214e-02
   1.0800000e+03   5.4704963e-01  -8.2584844e-02
   1.0880000e+03   5.8419995e-01  -1.4120523e-01
   1.0960000e+03   6.1610386e-01   3.4798760e-02
   1.1040000e+03   5.9869411e-01  -9.2596256e-02
   1.1120000e+03   8.0292430e-01   8.9206734e-02
   1.1200000e+03   4.9015745e-01   8.2164520e-03
   1.1280000e+03   5.7287299e-01   8.6212208e-02
   1.1360000e+03   6.7262324e-01   1.4334086e-02
   1.1440000e+03   7.1561214e-01   1.1970671e-01
   1.1520000e+03   6.6998217e-01  -7.1268629e-02
   1.1600000e+03   6.7525030e-01   7.6603295e-02
   1.1680000e+03   7.3193463e-01   1.5244689e-02
   1.1760000e+03   4.9132910e-01  -2.2075896e-03
   1.1840000e+03   4.9046338e-01   1.4923842e-02
   1.1920000e+03   7.2191498e-01  -8.4669817e-02
   1.2000000e+03   6.0718554e-01   2.8289610e-02
   1.2080000e+03   5.1902569e-01  -1.8232897e-02
   1.2160000e+03   5.3516590e-01   6.9491194e-02
   1.2240000e+03   6.3504202e-01  -1.2609618e-01
   1.2320000e+03   5.7698550e-01  -6.0592780e-03
   1.2400000e+03   6.1037500e-01  -3.3573116e-02
   1.2480000e+03   6.0444782e-01   5.5543580e-02
   1.2560000e+03   7.5487188e-01  -1.0149213e-02
   1.2640000e+03   6.8871705e-01  -2.2896122e-02
   1.2720000e+03   6.3574104e-01   1.6128312e-03
   1.2800000e+03   6.2846372e-01   3.9936525e-04
   1.2880000e+03   5.9960712e-01  -3.2017349e-02
   1.2960000e+03   5.7641088e-01   1.2943460e-02
   1.3040000e+03   6.2413292e-01   1.2509675e-01
   1.3120000e+03   5.0250517e-01  -2.9683733e-02
   1.3200000e+03   5.1676963e-01   1.2353533e-01
   1.3280000e+03   6.5381950e-01  -9.2976879e-03
   1.3360000e+03   6.6615368e-01  -2.6110815e-02
   1.3440000e+03   6.5104138e-01  -9.0894639e-02
   1.3520000e+03   5.8716437e-01  -5.7329705e-02
   1.3600000e+03   5.8783528e-01  -1.0294776e-01
   1.3680000e+03   4.7274670e-01   7.9996601e-02
   1.3760000e+03   6.2364150e-01   2.2495758e-02
   1.3840000e+03   4.1412402e-01  -8.1856919e-02
   1.3920000e+03   5.6397822e-01  -1.7629618e-01
   1.4000000e+03   5.1655957e-01  -2.9168776e-02
   1.4080000e+03   5.7076071e-01   2.3461538e-02
   1.4160000e+03   6.0377039e-01  -8.1679950e-02
   1.4240000e+03   5.8650312e-01   3.5873277e-02
   1.4320000e+03   6.4593172e-01   7.9875167e-02
   1.4400000e+03   4.9494040e-01  -5.5614781e-02
   1.4480000e+03   6.2673230e-01   6.4856158e-02
   1.4560000e+03   4.8851017e-01   1.7563260e-02
   1.4640000e+03   6.5664507e-01   9.6198665e-02
   1.4720000e+03   6.4406867e-01  -1.1845826e-01
   1.4800000e+03   7.3071224e-01  -7.7162131e-02
   1.4880000e+03   6.4691799e-01   3.9779248e-02
   1.4960000e+03   6.4730502e-01  -1.3582486e-01
   1.5040000e+03   6.2008634e-01   1.5431779e-01
   1.5120000e+03   6.0820808e-01   9.3861007e-03
   1.5200000e+03   6.0555286e-01   2.9982811e-02
   1.5280000e+03   6.5910271e-01   1.6044530e-01
   1.5360000e+03   6.9929172e-01   2.3011737e-01
   1.5440000e+03   6.8416213e-01   2.1273592e-02
   1.5520000e+03   5.3892889e-01   4.0537234e-02
   1.5600000e+03   6.3082343e-01   1.0169452e-01
   1.5680000e+03   6.4744224e-01  -3.6705686e-02
   1.5760000e+03   6.6328515e-01   8.0057147e-02
   1.5840000e+03   6.1060428e-01   6.3971236e-02
   1.5920000e+03   7.4938218e-01  -1.1379064e-02
   1.6000000e+03   4.7033805e-01  -4.3949486e-02
   1.6080000e+03   6.4864249e-01   7.8329063e-02
   1.6160000e+03   7.4006035e-01   1.1104960e-01
   1.6240000e+03   5.0497338e-01   9.2743125e-02
   1.6320000e+03   4.8757030e-01  -2.0002558e-01
   1.6400000e+03   6.3162092e-01   1.4637413e-01
   1.6480000e+03   6.0601685e-01   1.5617914e-02
   1.6560000e+03   7.6386847e-01  -2.4103899e-02
   1.6640000e+03   6.5233353e-01  -7.5479771e-02
   1.6720000e+03   5.9736704e-01  -7.5125882e-02
   1.6800000e+03   6.1988006e-01  -9.0162465e-02
   1.6880000e+03   6.0589444e-01   2.6946891e-02
   1.6960000e+03   5.5323088e-01  -6.4419054e-02
   1.7040000e+03   4.8423677e-01   9.9296710e-02
   1.7120000e+03   4.0093894e-01  -3.1537022e-02
   1.7200000e+03   5.6724217e-01   1.6427174e-01
   1.7280000e+03   5.3637717e-01   1.1140461e-01
   1.7360000e+03   6.8226752e-01  -8.0556473e-02
   1.7440000e+03   6.2928691e-01  -9.9482694e-02
   1.7520000e+03   5.3201064e-01  -6.7760609e-02
   1.7600000e+03   4.6422491e-01   8.9852927e-02
   1.7680000e+03   5.1020428e-01  -3.6131144e-02
   1.7760000e+03   6.1517540e-01   7.7356304e-02
   1.7840000e+03   4.9369607e-01  -6.7880185e-03
   1.7920000e+03   6.6157433e-01  -1.3333663e-01
   1.8000000e+03   6.6959570e-01   2.9621432e-02
   1.8080000e+03   7.3255145e-01   6.7762456e-02
   1.8160000e+03   6.3730042e-01   6.9893070e-02
   1.8240000e+03   5.5898804e-01   1.3143244e-01
   1.8320000e+03   4.7315320e-01   1.0732781e-02
   1.8400000e+03   6.6090840e-01  -3.6594951e-02
   1.8480000e+03   7.8564018e-01  -2.9152015e-02
   1.8560000e+03   6.0041944e-01  -3.4796103e-03
   1.8640000e+03   6.4257967e-01   2.3236292e-03
   1.8720000e+03   5.7317367e-01  -5.5479593e-02
   1.8800000e+03   5.0272799e-01   5.8594109e-02
   1.8880000e+03   6.2761679e-01  -1.4843870e-01
   1.8960000e+03   6.5328927e-01   1.1768917e-01
   1.9040000e+03   7.4460037e-01   7.8233938e-02
   1.9120000e+03   8.2033921e-01   2.7296830e-02
   1.9200000e+03   6.3898879e-01  -3.2202163e-02
   1.9280000e+03   6.0710545e-01   9.9366848e-02
   1.9360000e+03   4.3462909e-01  -1.0532977e-02
   1.9440000e+03   5.4290034e-01  -1.4557779e-02
   1.9520000e+03   5.7612387e-01  -8.5855729e-02
   1.9600000e+03   4.4959502e-01  -6.4706452e-02
   1.9680000e+03   7.5969176e-01  -9.6931038e-02
   1.9760000e+03   7.3561895e-01  -4.5988006e-02
   1.9840000e+03   6.5532434e-01   3.0862004e-02
   1.9920000e+03   5.4350354e-01  -1.8717864e-02
   2.0000000e+03   6.3936701e-01  -6.1764599e-02
   2.0080000e+03   5.6016805e-01  -8.3267773e-02
   2.0160000e+03   7.1872826e-01   1.5298576e-01
   2.0240000e+03   6.5638865e-01   1.8297109e-01
   2.0320000e+03   5.1004684e-01   5.3451394e-03
   2.0400000e+03   6.9149625e-01  -6.1084162e-02
   2.0480000e+03   5.6098211e-01  -1.1309599e-01
   2.0560000e+03   7.2174111e-01  -4.6763756e-02
   2.0640000e+03   6.9046553e-01  -8.6116324e-02
   2.0720000e+03   5.6614143e-01   2.6092405e-02
   2.0800000e+03   4.5930514e-01  -4.7585765e-02
   2.0880000e+03   4.9528351e-01  -1.6833698e-01
   2.0960000e+03   4.6773385e-01   3.0106636e-02
   2.1040000e+03   6.2157311e-01   1.1179225e-01
   2.1120000e+03   5.1973101e-01   1.4905234e-01
   2.1200000e+03   6.3650500e-01  -4.2756914e-02
   2.1280000e+03   5.6745310e-01  -2.8555217e-02
   2.1360000e+03   5.7106550e-01  -8.4601565e-03
   2.1440000e+03   5.3309069e-01  -1.8144047e-01
   2.1520000e+03   5.9625374e-01  -4.4573789e-02
   2.1600000e+03   5.3303830e-01  -1.5064467e-01
   2.1680000e+03   5.9704187e-01  -9.6355327e-02
   2.1760000e+03   5.7767116e-01  -7.9997470e-03
   2.1840000e+03   5.5492178e-01  -1.5329557e-01
   2.1920000e+03   5.9972237e-01   1.1952651e-01
   2.2000000e+03   5.9353407e-01  -2.8329082e-02
   2.2080000e+03   6.1544055e-01   9.0814495e-02
   2.2160000e+03   6.6275285e-01  -1.4930891e-01
   2.2240000e+03   6.3809190e-01   2.7431246e-02
   2.2320000e+03   5.0045390e-01  -4.0183140e-03
   2.2400000e+03   5.8539595e-01   2.5316901e-02
   2.2480000e+03   7.6793553e-01   3.1648711e-03
   2.2560000e+03   6.3717441e-01  -6.3572141e-03
   2.2640000e+03   6.7414704e-01   1.7076197e-01
   2.2720000e+03   5.2907542e-01   1.2775585e-01
   2.2800000e+03   5.1385135e-01   4.2064325e-02
   2.2880000e+03   5.4036882e-01  -3.1238241e-02
   2.2960000e+03   5.4306605e-01   5.8288448e-03
   2.3040000e+03   6.4823624e-01  -1.3312861e-02
   2.3120000e+03   5.2037430e-01   2.2266748e-02
   2.3200000e+03   6.5170595e-01  -1.4358556e-02
   2.3280000e+03   5.5539041e-01   1.5856528e-02
   2.3360000e+03   5.6931508e-01  -2.3436459e-02
   2.3440000e+03   6.1104695e-01  -1.0260865e-01
   2.3520000e+03   5.0496875e-01  -2.4438070e-03
   2.3600000e+03   6.3580883e-01  -9.8426390e-02
   2.3680000e+03   6.2952859e-01  -1.0376448e-01
   2.3760000e+03   4.7720702e-01   1.0572208e-01
   2.3840000e+03   6.0403433e-01  -3.2625820e-02
   2.3920000e+03   6.0390241e-01   6.1237231e-03
   2.4000000e+03   6.6004577e-01  -2.0693720e-01
   2.4080000e+03   7.4117787e-01   2.5592307e-03
   2.4160000e+03   5.3340802e-01  -1.3077215e-01
   2.4240000e+03   5.3299397e-01   5.3409040e-02
   2.4320000e+03   6.0309715e-01  -6.5924721e-02
   2.4400000e+03   6.2024245e-01   3.4116272e-02
   2.4480000e+03   5.2150873e-01   1.1897289e-01
   2.4560000e+03   6.6272661e-01  -1.0456216e-01
   2.4640000e+03   5.3937568e-01   7.5995308e-02
   2.4720000e+03   6.5726347e-01  -2.9319165e-02
   2.4800000e+03   7.5894556e-01   8.6292559e-02
   2.4880000e+03   5.2660852e-01  -2.1624761e-02
   2.4960000e+03   5.8529282e-01  -5.1846488e-02
   2.5040000e+03   6.2840652e-01  -1.4603313e-01
   2.5120000e+03   5.8578492e-01   1.2308645e-01
   2.5200000e+03   5.3788497e-01  -1.0888595e-01
   2.5280000e+03   7.6451805e-01  -1.8653471e-01
   2.5360000e+03   6.5460300e-01  -1.5672335e-03
   2.5440000e+03   6.1573859e-01   2.0994604e-01
   2.5520000e+03   6.1594830e-01  -1.8316400e-01
   2.5600000e+03   5.6980959e-01  -2.5578141e-02
   2.5680000e+03   4.2870042e-01  -7.0733177e-02
   2.5760000e+03   6.0292933e-01   1.6015597e-02
   2.5840000e+03   4.9787660e-01   2.4233686e-02
   2.5920000e+03   5.7962584e-01  -3.4600278e-02
   2.6000000e+03   4.6150724e-01  -1.0102226e-01
   2.6080000e+03   5.6254143e-01  -9.3695632e-02
   2.6160000e+03   6.1052284e-01  -1.2620620e-01
   2.6240000e+03   5.2285508e-01   9.2786391e-02
   2.6320000e+03   5.9824426e-01   1.1264926e-01
   2.6400000e+03   6.0721798e-01  -1.1435274e-02
   2.6480000e+03   5.3339980e-01   9.6496861e-03
   2.6560000e+03   6.0858480e-01  -3.0555923e-02
   2.6640000e+03   5.0771598e-01  -1.6634984e-01
   2.6720000e+03   6.5294763e-01  -1.8958995e-01
   2.6800000e+03   5.3861949e-01  -3.9243061e-02
   2.6880000e+03   5.2512400e-01   1.4567997e-02
   2.6960000e+03   6.8392431e-01  -1.2994763e-01
   2.7040000e+03   5.2594650e-01  -1.2737239e-02
   2.7120000e+03   5.9295303e-01  -2.2930238e-03
   2.7200000e+03   5.7965825e-01   6.4237332e-02
   2.7280000e+03   5.5072088e-01   1.3197074e-01
   2.7360000e+03   6.0752604e-01  -4.2613082e-02
   2.7440000e+03   4.9073054e-01   1.4640112e-01
   2.7520000e+03   5.2876385e-01   1.1090726e-01
   2.7600000e+03   5.6022114e-01  -4.4149259e-02
   2.7680000e+03   5.5669063e-01   1.2336751e-01
   2.7760000e+03   7.1104773e-01  -3.0972506e-02
   2.7840000e+03   6.6346578e-01  -4.5365706e-02
   2.7920000e+03   5.1841663e-01   1.2179420e-01
   2.8000000e+03   5.7305754e-01   2.0987867e-01
   2.8080000e+03   6.0020056e-01  -5.8066500e-02
   2.8160000e+03   5.0006904e-01   7.1887315e-02
   2.8240000e+03   6.3296595e-01  -1.2959267e-02
   2.8320000e+03   5.8081999e-01   7.6357787e-02
   2.8400000e+03   6.3126649e-01   1.1055283e-01
   2.8480000e+03   3.9607137e-01   7.8758485e-02
   2.8560000e+03   5.4800061e-01  -1.5782050e-03
   2.8640000e+03   6.7070577e-01  -7.6194796e-03
   2.8720000e+03   5.4710128e-01  -1.3020418e-01
   2.8800000e+03   4.5508612e-01   1.0449838e-02
   2.8880000e+03   6.0219695e-01  -2.4556470e-02
   2.8960000e+03   7.1842009e-01  -3.0380033e-02
   2.9040000e+03   6.2093577e-01   1.0984190e-01
   2.9120000e+03   5.6656969e-01   5.2771090e-02
   2.9200000e+03   6.1441831e-01  -3.7938923e-02
   2.9280000e+03   4.7242658e-01  -3.0005041e-02
   2.9360000e+03   6.1097319e-01   6.2151148e-03
   2.9440000e+03   6.6514229e-01  -1.6941013e-02
   2.9520000e+03   6.3269846e-01  -5.2099806e-02
   2.9600000e+03   5.8498276e-01  -8.2355328e-02
   2.9680000e+03   6.5723896e-01  -1.6881623e-01
   2.9760000e+03   5.5590130e-01  -1.0737208e-01
   2.9840000e+03   4.8901690e-01  -3.6650456e-02
   2.9920000e+03   5.8975942e-01  -9.0684640e-02
   3.0000000e+03   6.3368278e-01   7.6656461e-02
   3.0080000e+03   6.5304319e-01   6.5156493e-03
   3.0160000e+03   6.2653773e-01   1.2118204e-01
   3.0240000e+03   7.2292257e-01  -4.8094964e-02
   3.0320000e+03   5.1145141e-01   1.4311446e-04
   3.0400000e+03   4.7757050e-01   1.2544071e-01
   3.0480000e+03   4.6781253e-01  -3.9350253e-02
   3.0560000e+03   4.5663832e-01  -2.1523431e-01
   3.0640000e+03   5.8422808e-01  -5.2127299e-02
   3.0720000e+03   5.2780675e-01   4.7518072e-02
   3.0800000e+03   7.6900933e-01  -2.8499849e-03
   3.0880000e+03   4.0639933e-01   5.6104808e-02
   3.0960000e+03   5.8736350e-01  -6.5408676e-03
   3.1040000e+03   3.6820280e-01   4.8731227e-02
   3.1120000e+03   6.7805058e-01  -7.5142772e-02
   3.1200000e+03   5.8612111e-01   1.2588661e-01
   3.1280000e+03   5.1266532e-01   3.4915991e-02
   3.1360000e+03   5.2088289e-01   1.6413733e-01
   3.1440000e+03   6.4225022e-01   8.3189819e-02
   3.1520000e+03   6.6294140e-01  -7.9303446e-02
   3.1600000e+03   6.4553018e-01   7.2653596e-03
   3.1680000e+03   5.1220622e-01   1.8512645e-01
   3.1760000e+03   5.1640821e-01   1.2177003e-01
   3.1840000e+03   5.0319632e-01  -9.0534382e-02
   3.1920000e+03   5.5681184e-01   1.0071573e-01
   3.2000000e+03   6.2330414e-01  -1.9373130e-01
   3.2080000e+03   5.9913344e-01  -4.0797409e-03
   3.2160000e+03   7.0222375e-01  -5.9778711e-02
   3.2240000e+03   5.6904500e-01  -6.6977213e-02
   3.2320000e+03   6.2035734e-01  -9.4442462e-02
   3.2400000e+03   5.9232054e-01  -7.3417672e-02
   3.2480000e+03   5.8016220e-01  -4.1556755e-02
   3.2560000e+03   6.4669289e-01  -8.4730281e-02
   3.2640000e+03   6.3403500e-01   1.4591902e-01
   3.2720000e+03   5.4215235e-01   3.2806956e-02
   3.2800000e+03   5.1241951e-01  -1.0916839e-01
   3.2880000e+03   6.0924680e-01   2.8021994e-02
   3.2960000e+03   5.9138613e-01  -1.9038156e-02
   3.3040000e+03   5.4859677e-01  -7.0703479e-02
   3.3120000e+03   7.0872019e-01  -8.4220467e-02
   3.3200000e+03   5.1391556e-01  -9.7220926e-02
   3.3280000e+03   4.9061419e-01   4.7614853e-02
   3.3360000e+03   5.7599545e-01   2.3210639e-02
   3.3440000e+03   5.0869356e-01  -2.6126086e-01
   3.3520000e+03   6.3454707e-01  -7.6497422e-02
   3.3600000e+03   6.5120332e-01   6.2562706e-02
   3.3680000e+03   6.2669210e-01   9.7663724e-02
   3.3760000e+03   5.3359133e-01   4.4797091e-02
   3.3840000e+03   4.9296149e-01  -3.6103644e-03
   3.3920000e+03   6.1773780e-01   1.1348230e-01
   3.4000000e+03   5.6834542e-01   5.5695197e-02
   3.4080000e+03   6.3845843e-01   1.2291108e-02
   3.4160000e+03   6.1973511e-01   9.6129160e-02
   3.4240000e+03   5.7028299e-01   1.1499474e-02
   3.4320000e+03   4.7664479e-01   1.1445579e-01
   3.4400000e+03   6.9003350e-01   2.3877143e-02
   3.4480000e+03   6.2075693e-01   8.6768906e-02
   3.4560000e+03   4.9326384e-01  -4.6570348e-02
   3.4640000e+03   5.3920001e-01  -1.3942476e-01
   3.4720000e+03   3.8243533e-01  -3.0812976e-02
   3.4800000e+03   5.4776764e-01   8.7834800e-02
   3.4880000e+03   5.3104092e-01  -1.1275393e-01
   3.4960000e+03   4.9866889e-01  -5.9533310e-02
   3.5040000e+03   5.9185706e-01  -7.3310952e-02
   3.5120000e+03   4.8897541e-01   6.0744864e-02
   3.5200000e+03   5.8942955e-01  -1.1317598e-03
   3.5280000e+03   5.1386250e-01  -1.2330490e-01
   3.5360000e+03   3.9088735e-01  -2.6645519e-02
   3.5440000e+03   5.8553133e-01  -9.9554289e-02
   3.5520000e+03   7.0234337e-01  -1.4761807e-01
   3.5600000e+03   5.6763441e-01   9.4662361e-02
   3.5680000e+03   5.0706755e-01   1.3949335e-01
   3.5760000e+03   4.8982317e-01  -1.0805931e-01
   3.5840000e+03   5.8880960e-01  -9.6419408e-02
   3.5920000e+03   6.3279468e-01  -2.8223269e-03
   3.6000000e+03   7.7737076e-01  -3.6044447e-02
   3.6080000e+03   6.6966065e-01   3.8262814e-02
   3.6160000e+03   5.9933659e-01  -6.8172761e-02
   3.6240000e+03   5.6280118e-01  -5.4755183e-03
   3.6320000e+03   7.4902889e-01   1.8765812e-02
   3.6400000e+03   5.9316414e-01  -2.1813823e-01
   3.6480000e+03   4.8285927e-01  -4.4645560e-02
   3.6560000e+03   5.4546691e-01  -5.0497388e-02
   3.6640000e+03   5.4244124e-01  -6.6801443e-02
   3.6720000e+03   5.8572499e-01  -1.4588867e-01
   3.6800000e+03   6.1302994e-01   1.0984820e-01
   3.6880000e+03   3.9680855e-01  -7.0397880e-02
   3.6960000e+03   6.6414893e-01   6.0778635e-02
   3.7040000e+03   4.7823295e-01  -6.0005464e-02
   3.7120000e+03   5.1252796e-01  -5.4624610e-02
   3.7200000e+03   6.1154752e-01  -8.8910605e-03
   3.7280000e+03   5.7493516e-01  -1.2121140e-01
   3.7360000e+03   6.2031052e-01  -1.6913580e-01
   3.7440000e+03   5.6665473e-01  -3.5160205e-02
   3.7520000e+03   7.0752727e-01   6.6233821e-02
   3.7600000e+03   7.5330460e-01  -1.4134366e-01
   3.7680000e+03   5.1469917e-01  -5.4563042e-02
   3.7760000e+03   6.7585047e-01  -1.1171742e-01
   3.7840000e+03   5.8675349e-01  -5.8445010e-03
   3.7920000e+03   5.7391654e-01   2.4316210e-02
   3.8000000e+03   6.2950328e-01  -8.8209667e-02
   3.8080000e+03   5.2526720e-01   1.7869860e-02
   3.8160000e+03   4.8272526e-01   1.2851677e-01
   3.8240000e+03   5.9223216e-01   9.0605591e-02
   3.8320000e+03   4.6245003e-01  -6.9678909e-02
   3.8400000e+03   6.3852781e-01  -9.9854902e-02
   3.8480000e+03   6.6396742e-01   2.9930658e-02
   3.8560000e+03   6.1875765e-01  -4.3136619e-02
   3.8640000e+03   5.2496021e-01  -6.6579232e-02
   3.8720000e+03   5.2467935e-01   3.7237635e-02
   3.8800000e+03   5.3251443e-01   4.1659898e-02
   3.8880000e+03   4.3608561e-01   4.0986963e-02
   3.8960000e+03   5.9081890e-01   7.7283328e-03
   3.9040000e+03   5.4222600e-01   2.3045456e-01
   3.9120000e+03   5.6814286e-01   4.5436179e-02
   3.9200000e+03   5.6514420e-01   1.1304982e-01
   3.9280000e+03   4.7682348e-01   8.0815997e-03
   3.9360000e+03   5.9400380e-01   8.8029459e-02
   3.9440000e+03   5.9729357e-01  -3.5983335e-03
   3.9520000e+03   4.9503426e-01   4.4668620e-02
   3.9600000e+03   5.5985961e-01  -8.8850724e-02
   3.9680000e+03   5.6507078e-01   2.4057212e-02
   3.9760000e+03   5.1364389e-01   2.7767522e-02
   3.9840000e+03   4.1750611e-01   2.9595123e-02
   3.9920000e+03   6.0852762e-01   2.3318585e-02
   4.0000000e+03   3.9677634e-01  -2.5913823e-01
   4.0080000e+03   5.6404243e-01   2.6977305e-02
   4.0160000e+03   4.8138236e-01  -5.5705020e-02
   4.0240000e+03   5.0770563e-01  -3.4007045e-02
   4.0320000e+03   4.2282588e-01   1.0459961e-01
   4.0400000e+03   5.3079746e-01   1.3871246e-01
   4.0480000e+03   4.7206296e-01  -8.8423971e-02
   4.0560000e+03   6.0504477e-01  -5.2927134e-02
   4.0640000e+03   6.3752260e-01  -6.0376392e-02
   4.0720000e+03   7.1166031e-01   1.6376807e-02
   4.0800000e+03   4.3830405e-01  -6.3539027e-02
   4.0880000e+03   6.6640673e-01  -2.5232519e-02
   4.0960000e+03   5.8388044e-01   2.8034261e-02
   4.1040000e+03   3.9131572e-01  -1.7863211e-01
   4.1120000e+03   5.0246951e-01  -4.8327502e-02
   4.1200000e+03   4.1384458e-01   5.9893516e-02
   4.1280000e+03   3.6714772e-01  -9.8807866e-02
   4.1360000e+03   5.4946675e-01  -2.8870687e-01
   4.1440000e+03   5.0807622e-01  -1.1115664e-01
   4.1520000e+03   5.1844423e-01  -1.1217611e-01
   4.1600000e+03   4.2278078e-01   1.2209464e-02
   4.1680000e+03   4.5945610e-01   7.2188670e-02
   4.1760000e+03   5.1483488e-01   2.7027660e-02
   4.1840000e+03   5.0116955e-01  -5.9574035e-02
   4.1920000e+03   5.0556448e-01  -1.0063914e-01
   4.2000000e+03   4.9724814e-01   9.0983776e-02
   4.2080000e+03   5.7736703e-01   1.8422320e-03
   4.2160000e+03   3.5224115e-01  -6.5429662e-02
   4.2240000e+03   7.0003565e-01   2.1595583e-04
   4.2320000e+03   4.7935871e-01   2.9501077e-02
   4.2400000e+03   5.1834170e-01  -1.2178175e-01
   4.2480000e+03   5.5917672e-01   2.4948307e-03
   4.2560000e+03   5.5024890e-01  -1.3270833e-01
   4.2640000e+03   5.8324688e-01   6.4419179e-02
   4.2720000e+03   4.8336546e-01  -3.7944342e-02
   4.2800000e+03   5.7287658e-01  -1.4496926e-01
   4.2880000e+03   5.7693527e-01  -4.1870860e-02
   4.2960000e+03   5.7809603e-01  -9.6887363e-02
   4.3040000e+03   4.7975574e-01   4.0996221e-02
   4.3120000e+03   5.1459435e-01   5.8228777e-02
   4.3200000e+03   4.5656147e-01  -4.8544296e-02
   4.3280000e+03   5.5686328e-01  -3.1841016e-02
   4.3360000e+03   5.8161950e-01  -3.6820479e-02
   4.3440000e+03   4.2842269e-01   7.7159020e-02
   4.3520000e+03   5.5752890e-01  -6.5369228e-02
   4.3600000e+03   4.8109469e-01   6.6166098e-02
   4.3680000e+03   5.7554188e-01  -8.4269608e-02
   4.3760000e+03   4.6277367e-01  -1.7527567e-02
   4.3840000e+03   7.2275790e-01   1.0228960e-01
   4.3920000e+03   5.7126541e-01   1.6782794e-02
   4.4000000e+03   4.3944918e-01   3.3323398e-02
   4.4080000e+03   5.9204117e-01   2.3144142e-02
   4.4160000e+03   5.1114559e-01  -7.3461342e-02
   4.4240000e+03   6.0118686e-01  -7.5785524e-02
   4.4320000e+03   6.0660275e-01  -2.4150123e-02
   4.4400000e+03   4.8541511e-01   3.4111396e-02
   4.4480000e+03   4.6670517e-01  -3.2930578e-02
   4.4560000e+03   3.8354860e-01  -6.6938463e-02
   4.4640000e+03   6.6524981e-01  -1.4812716e-02
   4.4720000e+03   5.5505179e-01   8.8580736e-02
   4.4800000e+03   5.4403456e-01   1.5508828e-02
   4.4880000e+03   5.7509335e-01  -8.4228270e-02
   4.4960000e+03   6.2177335e-01   1.8202068e-01
   4.5040000e+03   6.1702907e-01   3.8007579e-02
   4.5120000e+03   5.0042779e-01  -1.0023791e-01
   4.5200000e+03   5.5304909e-01  -6.1582041e-02
   4.5280000e+03   4.0980322e-01   2.6878003e-01
   4.5360000e+03   5.1189724e-01  -1.2873054e-01
   4.5440000e+03   4.5180710e-01   2.8015786e-02
   4.5520000e+03   5.6482200e-01  -4.3805138e-02
   4.5600000e+03   5.8907612e-01   1.5682303e-01
   4.5680000e+03   3.9201807e-01   1.5028012e-01
   4.5760000e+03   5.3533484e-01   8.5153471e-03
   4.5840000e+03   5.6969358e-01   1.0370161e-01
   4.5920000e+03   5.5543662e-01  -6.0147665e-02
   4.6000000e+03   4.3118399e-01  -5.5677170e-03
   4.6080000e+03   5.7220281e-01  -1.8231730e-02
   4.6160000e+03   3.8924662e-01  -5.0023460e-02
   4.6240000e+03   6.4657414e-01   6.4874687e-02
   4.6320000e+03   4.8573997e-01   5.7009357e-03
   4.6400000e+03   5.6401972e-01  -2.3406299e-02
   4.6480000e+03   5.8132324e-01   1.5118299e-01
   4.6560000e+03   4.7365625e-01  -1.8648646e-02
   4.6640000e+03   6.6408186e-01   8.8308467e-02
   4.6720000e+03   4.6842526e-01   1.2706902e-01
   4.6800000e+03   5.9151809e-01  -3.3955200e-02
   4.6880000e+03   4.1263942e-01   7.8555391e-02
   4.6960000e+03   3.1004977e-01   2.6105784e-02
   4.7040000e+03   5.0152791e-01  -3.8839364e-02
   4.7120000e+03   5.1942339e-01  -4.5237230e-02
   4.7200000e+03   6.1334572e-01   3.7028212e-02
   4.7280000e+03   4.6225260e-01   1.4039419e-01
   4.7360000e+03   5.7194360e-01   2.0794410e-02
   4.7440000e+03   4.5924753e-01  -1.1718234e-01
   4.7520000e+03   5.4072509e-01   1.1548348e-01
   4.7600000e+03   6.9080230e-01   2.8172747e-02
   4.7680000e+03   5.8174201e-01   1.3535848e-02
   4.7760000e+03   5.1811342e-01  -8.6033012e-02
   4.7840000e+03   6.3651377e-01   9.9912161e-02
   4.7920000e+03   3.7368406e-01   9.1801998e-02
   4.8000000e+03   5.9177271e-01   1.6218330e-02
   4.8080000e+03   4.9593395e-01  -3.3695273e-02
   4.8160000e+03   4.4124721e-01  -1.1898443e-02
   4.8240000e+03   4.8326456e-01   8.1939543e-02
   4.8320000e+03   4.2780853e-01   9.0430442e-02
   4.8400000e+03   2.9651264e-01  -6.0956538e-02
   4.8480000e+03   4.8045552e-01  -1.7308719e-02
   4.8560000e+03   5.2023904e-01   5.2318017e-02
   4.8640000e+03   7.3265847e-01   7.3818577e-02
   4.8720000e+03   5.6629977e-01  -1.6011147e-01
   4.8800000e+03   5.5515498e-01   1.8254156e-02
   4.8880000e+03   4.7069683e-01   3.0036850e-02
   4.8960000e+03   5.0402364e-01  -1.1078440e-01
   4.9040000e+03   6.0144404e-01  -1.2109096e-01
   4.9120000e+03   4.0549442e-01  -1.2286450e-01
   4.9200000e+03   4.3508089e-01   8.8303930e-02
   4.9280000e+03   4.8266844e-01   2.7296269e-02
   4.9360000e+03   4.4875052e-01  -1.3719281e-01
   4.9440000e+03   4.5866142e-01  -1.0656234e-02
   4.9520000e+03   5.6468974e-01  -7.9948689e-02
   4.9600000e+03   4.1758364e-01  -1.7978451e-01
   4.9680000e+03   4.8946359e-01   6.0312725e-03
   4.9760000e+03   6.2139599e-01  -8.2018500e-02
   4.9840000e+03   3.9785002e-01   4.2951340e-02
   4.9920000e+03   6.1941158e-01  -1.2810750e-01
   5.0000000e+03   5.6734630e-01  -5.9765305e-02
   5.0080000e+03   4.7008500e-01  -6.1278934e-02
   5.0160000e+03   5.9062565e-01   1.2497863e-01
   5.0240000e+03   4.9668100e-01   1.1338304e-01
   5.0320000e+03   6.0046455e-01  -3.4138011e-03
   5.0400000e+03   5.3945583e-01   1.0363998e-01
   5.0480000e+03   4.8602781e-01  -1.7219824e-02
   5.0560000e+03   5.5056624e-01  -2.3984857e-02
   5.0640000e+03   5.5513222e-01   3.3346175e-02
   5.0720000e+03   4.5099982e-01  -7.3987174e-03
   5.0800000e+03   6.5275419e-01   2.8288062e-02
