   0.0000000e+00   8.4221048e-01   1.0067885e-03
   8.0000000e+00   8.5254155e-01  -4.0867883e-03
   1.6000000e+01   8.5893092e-01   2.0140244e-03
   2.4000000e+01   8.7071145e-01  -9.9558384e-04
   3.2000000e+01   8.7128114e-01   3.1305999e-03
   4.0000000e+01   8.8421925e-01   2.0686586e-04
   4.8000000e+01   8.9030109e-01  -4.7445660e-03
   5.6000000e+01   9.0309874e-01   9.1447640e-04
   6.4000000e+01   9.1297985e-01  -2.6814753e-03
   7.2000000e+01   9.2984127e-01   2.0792268e-03
   8.0000000e+01   9.3767323e-01  -5.3862736e-03
   8.8000000e+01   9.5143876e-01   2.0427742e-03
   9.6000000e+01   9.6491384e-01   2.5787566e-03
   1.0400000e+02   9.7569808e-01   1.5157526e-03
   1.1200000e+02   9.8518998e-01  -2.0178645e-03
   1.2000000e+02   9.9709702e-01  -1.4149451e-03
   1.2800000e+02   1.0008039e+00   9.9290495e-04
   1.3600000e+02   9.9886758e-01  -1.6422932e-03
   1.4400000e+02   9.8798590e-01   9.2617022e-04
   1.5200000e+02   9.7573454e-01  -1.1895208e-03
   1.6000000e+02   9.6512618e-01  -2.0419774e-03
   1.6800000e+02   9.5014289e-01   8.3577437e-04
   1.7600000e+02   9.3541083e-01  -1.0558300e-03
   1.8400000e+02   9.3103989e-01  -1.3745548e-03
   1.9200000e+02   9.1135830e-01   2.9671457e-03
   2.0000000e+02   9.0443074e-01  -1.9697457e-03
   2.0800000e+02   8.9169267e-01  -2.3953023e-04
   2.1600000e+02   8.8223328e-01  -4.4337368e-04
   2.2400000e+02   8.7213298e-01   2.6879348e-03
   2.3200000e+02   8.7032298e-01   2.8355026e-03
   2.4000000e+02   8.5953361e-01  -3.6637202e-04
   2.4800000e+02   8.5430087e-01  -4.5165012e-03
   2.5600000e+02   8.4304227e-01   2.7985839e-03
   2.6400000e+02   8.3484089e-01  -2.2011575e-03
   2.7200000e+02   8.3876320e-01  -2.7186965e-03
   2.8000000e+02   8.2519682e-01  -7.3877505e-04
   2.8800000e+02   8.2116398e-01   1.1377539e-03
   2.9600000e+02   8.1453062e-01   4.4615206e-04
   3.0400000e+02   8.0916237e-01  -4.5551209e-04
   3.1200000e+02   8.0578965e-01   1.7228820e-03
   3.2000000e+02   7.9782556e-01   4.1397622e-03
   3.2800000e+02   7.9515647e-01   2.4983325e-04
   3.3600000e+02   7.8911053e-01   1.2264348e-03
   3.4400000e+02   7.8507565e-01  -1.4223166e-03
   3.5200000e+02   7.8218260e-01  -4.2734009e-03
   3.6000000e+02   7.8212249e-01  -2.1497048e-03
   3.6800000e+02   7.7429267e-01   8.9920642e-04
   3.7600000e+02   7.7604656e-01   8.8741262e-04
   3.8400000e+02   7.6222307e-01  -1.3160081e-03
   3.9200000e+02   7.6059695e-01   1.4461297e-04
   4.0000000e+02   7.5962244e-01   4.6138953e-04
   4.0800000e+02   7.5761766e-01   3.4429638e-03
   4.1600000e+02   7.5713796e-01   1.9566500e-03
   4.2400000e+02   7.5019944e-01  -1.3639026e-03
   4.3200000e+02   7.4912993e-01   2.9634403e-03
   4.4000000e+02   7.5046453e-01  -5.3611577e-04
   4.4800000e+02   7.4379318e-01  -1.0774826e-03
   4.5600000e+02   7.4133122e-01  -6.1342790e-03
   4.6400000e+02   7.4349642e-01   8.8001451e-04
   4.7200000e+02   7.3548515e-01  -4.1610926e-03
   4.8000000e+02   7.3567005e-01   5.3329413e-04
   4.8800000e+02   7.3269063e-01   4.8687536e-04
   4.9600000e+02   7.3490086e-01  -4.4081544e-04
   5.0400000e+02   7.3165467e-01   9.1692906e-04
   5.1200000e+02   7.2771762e-01  -1.9390448e-03
   5.2000000e+02   7.3129578e-01  -1.2405470e-03
   5.2800000e+02   7.2504971e-01  -1.0575553e-03
   5.3600000e+02   7.2318242e-01   8.0819581e-04
   5.4400000e+02   7.2682621e-01   1.6999928e-03
   5.5200000e+02   7.2247215e-01  -3.2033294e-04
   5.6000000e+02   7.2458388e-01  -6.8995719e-04
   5.6800000e+02   7.1820427e-01  -1.8411112e-03
   5.7600000e+02   7.1796510e-01   3.0639965e-03
   5.8400000e+02   7.1666662e-01   1.5340290e-03
   5.9200000e+02   7.1250147e-01  -2.0344037e-03
   6.0000000e+02   7.1587535e-01  -2.0533722e-03
   6.0800000e+02   7.1204571e-01  -4.1220510e-03
   6.1600000e+02   7.0790500e-01   1.5783169e-03
   6.2400000e+02   7.1046226e-01  -3.7547703e-03
   6.3200000e+02   7.1043823e-01  -4.3817886e-03
   6.4000000e+02   7.0796210e-01  -1.5228626e-03
   6.4800000e+02   7.0818724e-01   5.8759262e-03
   6.5600000e+02   7.0905327e-01  -2.6166360e-03
   6.6400000e+02   7.0449623e-01   3.9497592e-03
   6.7200000e+02   7.0895132e-01  -1.7044835e-03
   6.8000000e+02   7.1002795e-01  -6.8079410e-04
   6.8800000e+02   7.0456785e-01  -4.2588376e-03
   6.9600000e+02   6.9796801e-01   1.5498208e-03
   7.0400000e+02   7.0259273e-01  -6.3497267e-03
   7.1200000e+02   7.0582739e-01   2.9634591e-03
   7.2000000e+02   7.0300622e-01   5.9913182e-03
   7.2800000e+02   7.0137094e-01   2.4142669e-03
   7.3600000e+02   6.9912317e-01  -2.8181110e-03
   7.4400000e+02   7.0215956e-01  -1.3764222e-04
   7.5200000e+02   7.0202437e-01  -3.0116669e-04
   7.6000000e+02   7.0511338e-01   1.8828108e-03
   7.6800000e+02   7.0635292e-01   3.0690454e-03
   7.7600000e+02   7.0522953e-01   2.6815329e-03
   7.8400000e+02   7.0315894e-01   8.4882700e-04
   7.9200000e+02   7.0433495e-01  -6.9448976e-05
   8.0000000e+02   7.0162653e-01  -2.3709756e-03
   8.0800000e+02   6.9533910e-01   4.8283755e-03
   8.1600000e+02   7.0020941e-01   4.7733220e-03
   8.2400000e+02   6.9825425e-01  -2.9980245e-03
   8.3200000e+02   6.9813189e-01  -1.9596394e-03
   8.4000000e+02   7.0090528e-01  -5.4813440e-04
   8.4800000e+02   6.9622815e-01  -1.8832915e-03
   8.5600000e+02   6.9481302e-01  -1.9202620e-03
   8.6400000e+02   6.9862790e-01  -7.4997843e-06
   8.7200000e+02   6.9896292e-01  -2.7614462e-03
   8.8000000e+02   6.9522570e-01  -2.5693726e-03
   8.8800000e+02   6.9821910e-01   1.2765426e-03
   8.9600000e+02   6.9829857e-01   3.2107880e-04
   9.0400000e+02   6.9999026e-01   3.1001415e-03
   9.1200000e+02   6.9126330e-01   2.1951551e-03
   9.2000000e+02   6.9341294e-01   5.1293063e-04
   9.2800000e+02   6.9785168e-01   4.6200752e-03
   9.3600000e+02   6.9085415e-01  -2.5764325e-03
   9.4400000e+02   6.9873252e-01  -6.4760436e-03
   9.5200000e+02   6.9521313e-01   4.6907243e-03
   9.6000000e+02   6.9557869e-01  -2.2468912e-04
   9.6800000e+02   6.9649849e-01  -4.1530732e-04
   9.7600000e+02   6.9602796e-01  -7.1344846e-04
   9.8400000e+02   6.9258308e-01   8.5205342e-06
   9.9200000e+02   6.8903787e-01   3.0451482e-04
   1.0000000e+03   6.9142934e-01   7.9455998e-03
   1.0080000e+03   6.9270411e-01  -9.0300836e-05
   1.0160000e+03   6.9830572e-01   1.8353977e-03
   1.0240000e+03   6.9521940e-01  -3.0356831e-03
   1.0320000e+03   6.9580250e-01  -2.3132431e-03
   1.0400000e+03   6.9734498e-01   2.5619215e-03
   1.0480000e+03   6.9361046e-01   2.3894432e-04
   1.0560000e+03   6.9376235e-01  -3.9893439e-03
   1.0640000e+03   6.9325283e-01   7.4488705e-04
   1.0720000e+03   6.9780892e-01   2.4749658e-03
   1.0800000e+03   6.8969822e-01  -5.2045753e-03
   1.0880000e+03   6.9912591e-01  -4.2836775e-04
   1.0960000e+03   6.9218308e-01   3.2550127e-04
   1.1040000e+03   6.9438125e-01   2.0351586e-04
   1.1120000e+03   6.9890117e-01   3.0123110e-04
   1.1200000e+03   6.9069992e-01  -3.4630975e-03
   1.1280000e+03   6.8831888e-01   1.8183216e-03
   1.1360000e+03   6.9505682e-01   3.3608911e-03
   1.1440000e+03   6.9068748e-01  -4.9139829e-04
   1.1520000e+03   6.9333551e-01   3.8336955e-03
   1.1600000e+03   6.9715615e-01   1.8330632e-03
   1.1680000e+03   6.9483347e-01  -1.4497463e-03
   1.1760000e+03   6.9226518e-01  -2.2692292e-03
   1.1840000e+03   6.9192252e-01   8.7373670e-04
   1.1920000e+03   6.9541762e-01   2.8089899e-03
   1.2000000e+03   6.8998539e-01  -5.0362033e-03
   1.2080000e+03   6.9833821e-01  -2.1190327e-03
   1.2160000e+03   6.9599029e-01   3.3164697e-04
   1.2240000e+03   6.9705509e-01  -1.6783273e-03
   1.2320000e+03   6.9065935e-01  -2.7795365e-03
   1.2400000e+03   6.9196510e-01   3.7975914e-04
   1.2480000e+03   6.9662500e-01  -2.1799476e-03
   1.2560000e+03   6.9408181e-01   4.9813910e-03
   1.2640000e+03   6.9498966e-01  -6.4516426e-03
   1.2720000e+03   6.9361869e-01   7.1546461e-04
   1.2800000e+03   6.9278574e-01   4.1101874e-04
   1.2880000e+03   6.9251620e-01  -4.3778369e-03
   1.2960000e+03   6.9619630e-01   1.5663035e-03
   1.3040000e+03   7.0208700e-01   7.8850319e-04
   1.3120000e+03   6.9465299e-01   1.2912448e-03
   1.3200000e+03   6.9625145e-01  -3.0434316e-03
   1.3280000e+03   6.9335032e-01   8.4036298e-04
   1.3360000e+03   7.0042637e-01  -6.0527910e-03
   1.3440000e+03   6.9227191e-01  -2.2728291e-03
   1.3520000e+03   6.9186753e-01   2.8402912e-03
   1.3600000e+03   6.9869235e-01  -6.7662013e-04
   1.3680000e+03   6.9417924e-01   4.9310034e-03
   1.3760000e+03   6.9402904e-01   1.5802487e-03
   1.3840000e+03   6.9289883e-01  -9.7175669e-04
   1.3920000e+03   6.8968449e-01  -1.3607107e-03
   1.4000000e+03   6.9582749e-01  -2.3273527e-03
   1.4080000e+03   6.9212582e-01  -3.3120214e-04
   1.4160000e+03   6.9387571e-01  -1.2645359e-03
   1.4240000e+03   6.9088476e-01   5.4513345e-04
   1.4320000e+03   6.9430768e-01  -4.1827014e-03
   1.4400000e+03   6.9137062e-01   8.4016567e-04
   1.4480000e+03   6.9385423e-01   7.3917657e-03
   1.4560000e+03   6.8860781e-01   1.5595748e-03
   1.4640000e+03   6.9987606e-01   4.5201899e-03
   1.4720000e+03   6.9354035e-01  -2.5769580e-03
   1.4800000e+03   6.9185499e-01   4.1916175e-04
   1.4880000e+03   6.9536369e-01  -1.3679424e-04
   1.4960000e+03   6.8725637e-01   2.4587596e-03
   1.5040000e+03   6.9155675e-01  -3.3176976e-03
   1.5120000e+03   6.9326337e-01   2.0261347e-03
   1.5200000e+03   6.8639128e-01  -1.9185949e-03
   1.5280000e+03   6.8769943e-01  -1.5516115e-03
   1.5360000e+03   6.9865889e-01   4.7804448e-03
   1.5440000e+03   6.9386205e-01  -6.6716869e-04
   1.5520000e+03   6.9668394e-01  -4.1269812e-03
   1.5600000e+03   6.9486658e-01   1.3682801e-03
   1.5680000e+03   6.8738241e-01  -4.3739786e-03
   1.5760000e+03   6.8647586e-01   8.4403992e-04
   1.5840000e+03   6.9167439e-01   1.5468160e-03
   1.5920000e+03   6.9459061e-01   6.4730438e-03
   1.6000000e+03   6.9000413e-01   4.1426204e-03
   1.6080000e+03   6.9300337e-01  -2.4842098e-03
   1.6160000e+03   6.9282522e-01   2.6437063e-03
   1.6240000e+03   6.9488458e-01   3.6883961e-03
   1.6320000e+03   6.9176869e-01  -1.6570605e-03
   1.6400000e+03   6.9478365e-01   3.4680223e-03
   1.6480000e+03   6.8904554e-01  -1.0454220e-03
   1.6560000e+03   6.9258744e-01   4.1500267e-03
   1.6640000e+03   6.9605408e-01   4.4326524e-04
   1.6720000e+03   6.8882069e-01  -2.8957266e-03
   1.6800000e+03   6.9063529e-01  -2.6733109e-03
   1.6880000e+03   6.9484680e-01  -3.1143663e-03
   1.6960000e+03   6.9267652e-01   3.8926869e-04
   1.7040000e+03   6.8894161e-01   3.6293509e-04
   1.7120000e+03   6.8965050e-01  -3.1437323e-04
   1.7200000e+03   6.9230861e-01  -3.1339457e-03
   1.7280000e+03   6.9242016e-01  -1.8152988e-03
   1.7360000e+03   6.9293718e-01   5.0777664e-03
   1.7440000e+03   6.9452491e-01  -1.3037729e-03
   1.7520000e+03   6.8792197e-01   1.4260067e-03
   1.7600000e+03   6.8979473e-01   7.1398300e-03
   1.7680000e+03   6.9104807e-01   1.8444774e-05
   1.7760000e+03   6.8820676e-01  -2.9514111e-03
   1.7840000e+03   6.8507149e-01   2.3836091e-03
   1.7920000e+03   6.9622186e-01  -3.9779185e-05
   1.8000000e+03   6.9075005e-01  -1.6734668e-03
   1.8080000e+03   6.9053303e-01   1.2687714e-03
   1.8160000e+03   6.8702024e-01  -3.5460791e-04
   1.8240000e+03   6.8981050e-01  -3.2518693e-03
   1.8320000e+03   6.9260455e-01  -5.8827727e-03
   1.8400000e+03   6.8700115e-01   2.1284206e-03
   1.8480000e+03   6.8755138e-01  -1.2133166e-04
   1.8560000e+03   6.9038707e-01   1.3952853e-03
   1.8640000e+03   6.9227535e-01  -7.2158948e-04
   1.8720000e+03   6.8691548e-01   3.0754132e-03
   1.8800000e+03   6.8972807e-01   1.7916873e-03
   1.8880000e+03   6.8781605e-01  -6.1956610e-03
   1.8960000e+03   6.8917107e-01  -6.8908445e-04
   1.9040000e+03   6.8723285e-01  -1.2491480e-03
   1.9120000e+03   6.8609413e-01  -9.2049006e-04
   1.9200000e+03   6.8366762e-01  -5.6381754e-03
   1.9280000e+03   6.8799838e-01   1.8832708e-03
   1.9360000e+03   6.9101718e-01   7.3340964e-04
   1.9440000e+03   6.8445536e-01   1.1915647e-03
   1.9520000e+03   6.8791191e-01  -5.3918478e-03
   1.9600000e+03   6.8548478e-01  -3.9303972e-03
   1.9680000e+03   6.8829814e-01  -4.6473172e-03
   1.9760000e+03   6.8784538e-01  -5.2538853e-03
   1.9840000e+03   6.7823163e-01  -8.1791115e-05
   1.9920000e+03   6.8567318e-01   2.7789735e-03
   2.0000000e+03   6.8358169e-01   3.9198158e-03
   2.0080000e+03   6.9108212e-01  -4.5538201e-03
   2.0160000e+03   6.8825581e-01  -4.6527064e-03
   2.0240000e+03   6.8967854e-01  -9.7322642e-04
   2.0320000e+03   6.8661399e-01   3.5049534e-03
   2.0400000e+03   6.8022799e-01   5.7644066e-04
   2.0480000e+03   6.8330110e-01   4.5265809e-03
   2.0560000e+03   6.8535340e-01  -4.0128048e-03
   2.0640000e+03   6.8535928e-01   1.3894672e-03
   2.0720000e+03   6.8265757e-01   1.1215431e-03
   2.0800000e+03   6.8503610e-01   2.9382628e-03
   2.0880000e+03   6.8079323e-01  -4.1231467e-03
   2.0960000e+03   6.8845613e-01   1.2772139e-05
   2.1040000e+03   6.8924520e-01  -5.7628573e-04
   2.1120000e+03   6.7853625e-01   8.7112759e-04
   2.1200000e+03   6.8609660e-01   1.8525611e-03
   2.1280000e+03   6.8230383e-01   2.0877024e-03
   2.1360000e+03   6.7991741e-01  -1.4079753e-03
   2.1440000e+03   6.8450617e-01   3.3565480e-03
   2.1520000e+03   6.8478432e-01   2.8250851e-03
   2.1600000e+03   6.8415892e-01   4.2854292e-04
   2.1680000e+03   6.8322736e-01  -2.7761864e-03
   2.1760000e+03   6.7971050e-01   1.4395793e-03
   2.1840000e+03   6.8230767e-01  -2.9142433e-03
   2.1920000e+03   6.8040989e-01  -2.0470017e-03
   2.2000000e+03   6.7912539e-01  -9.4548185e-04
   2.2080000e+03   6.8045983e-01   9.8470334e-04
   2.2160000e+03   6.8277726e-01   9.6751014e-04
   2.2240000e+03   6.7496976e-01   2.7277582e-03
   2.2320000e+03   6.7921924e-01  -3.5463289e-04
   2.2400000e+03   6.8157643e-01   3.8577569e-03
   2.2480000e+03   6.8490148e-01   9.9148847e-04
   2.2560000e+03   6.8485563e-01   2.0920628e-04
   2.2640000e+03   6.8184190e-01   2.9613342e-04
   2.2720000e+03   6.7345735e-01   1.3883215e-04
   2.2800000e+03   6.7617664e-01  -1.3110107e-03
   2.2880000e+03   6.7933453e-01  -6.9269522e-03
   2.2960000e+03   6.8054980e-01  -1.2763921e-04
   2.3040000e+03   6.8215385e-01  -1.1671125e-04
   2.3120000e+03   6.8036681e-01  -4.6441491e-03
   2.3200000e+03   6.7471963e-01  -5.8689501e-04
   2.3280000e+03   6.7561264e-01  -3.5207382e-03
   2.3360000e+03   6.8127979e-01  -2.8375049e-03
   2.3440000e+03   6.7314801e-01   3.4285603e-03
   2.3520000e+03   6.7779365e-01   1.7348557e-03
   2.3600000e+03   6.7859543e-01  -4.5913524e-04
   2.3680000e+03   6.8152667e-01   5.2915138e-04
   2.3760000e+03   6.7723000e-01   1.4074903e-03
   2.3840000e+03   6.7772367e-01   1.6661386e-03
   2.3920000e+03   6.8021060e-01   1.4288498e-03
   2.4000000e+03   6.7994814e-01   6.6208005e-03
   2.4080000e+03   6.7832476e-01  -9.5045787e-04
   2.4160000e+03   6.7973905e-01   2.4338470e-03
   2.4240000e+03   6.8257621e-01   1.8965144e-03
   2.4320000e+03   6.8027272e-01  -2.4488273e-03
   2.4400000e+03   6.8132565e-01   5.6660387e-03
   2.4480000e+03   6.8023712e-01   1.0683791e-03
   2.4560000e+03   6.7718658e-01  -2.4444049e-03
   2.4640000e+03   6.7504282e-01  -5.0892139e-03
   2.4720000e+03   6.8023173e-01   4.0042918e-03
   2.4800000e+03   6.8103112e-01   2.8930258e-03
   2.4880000e+03   6.7269607e-01   7.3861462e-03
   2.4960000e+03   6.7705933e-01  -1.8940130e-03
   2.5040000e+03   6.7473501e-01   2.2545881e-03
   2.5120000e+03   6.7753845e-01  -1.2122626e-03
   2.5200000e+03   6.7700210e-01   3.0159961e-03
   2.5280000e+03   6.7797893e-01   1.5567375e-03
   2.5360000e+03   6.7789563e-01   1.3221464e-03
   2.5440000e+03   6.7505069e-01   1.5603919e-03
   2.5520000e+03   6.7330434e-01   1.8123083e-03
   2.5600000e+03   6.7510862e-01   4.6502120e-04
   2.5680000e+03   6.7913721e-01   6.2228541e-03
   2.5760000e+03   6.7571425e-01  -2.5266481e-03
   2.5840000e+03   6.7666990e-01   1.7451165e-03
   2.5920000e+03   6.7713002e-01   2.5746461e-04
   2.6000000e+03   6.7809159e-01  -3.3002473e-03
   2.6080000e+03   6.7993130e-01  -1.1842526e-03
   2.6160000e+03   6.7299616e-01   4.6993191e-03
   2.6240000e+03   6.7650738e-01  -2.4592776e-04
   2.6320000e+03   6.7720984e-01   1.5667555e-04
   2.6400000e+03   6.7267576e-01   3.5515177e-03
   2.6480000e+03   6.7547026e-01  -5.8171494e-05
   2.6560000e+03   6.7817246e-01  -2.7652017e-03
   2.6640000e+03   6.7464132e-01   2.6772257e-03
   2.6720000e+03   6.7774430e-01  -1.6355322e-03
   2.6800000e+03   6.7574168e-01  -1.8946894e-03
   2.6880000e+03   6.7301088e-01  -5.0491365e-03
   2.6960000e+03   6.7520058e-01  -2.4111445e-03
   2.7040000e+03   6.7609808e-01  -3.3638917e-03
   2.7120000e+03   6.7394490e-01  -2.2597521e-03
   2.7200000e+03   6.7587318e-01   2.8923059e-03
   2.7280000e+03   6.7476689e-01   3.7004603e-03
   2.7360000e+03   6.7540071e-01  -5.7606963e-03
   2.7440000e+03   6.7871534e-01  -2.6204998e-03
   2.7520000e+03   6.7599259e-01  -7.8887210e-04
   2.7600000e+03   6.6788557e-01   5.3310736e-03
   2.7680000e+03   6.7167555e-01  -2.6040551e-03
   2.7760000e+03   6.7415218e-01   1.1528926e-04
   2.7840000e+03   6.7530535e-01  -5.0424983e-04
   2.7920000e+03   6.7286128e-01  -2.4036413e-03
   2.8000000e+03   6.7057183e-01   4.9625428e-03
   2.8080000e+03   6.7504250e-01   2.3888230e-03
   2.8160000e+03   6.6912715e-01   3.7145920e-03
   2.8240000e+03   6.7331992e-01  -4.6338085e-04
   2.8320000e+03   6.6729492e-01  -5.7987613e-03
   2.8400000e+03   6.6809576e-01   7.0003380e-04
   2.8480000e+03   6.7689861e-01   3.7548904e-03
   2.8560000e+03   6.6848968e-01  -2.1293540e-04
   2.8640000e+03   6.7403660e-01  -4.9477858e-04
   2.8720000e+03   6.7065623e-01   2.2207252e-03
   2.8800000e+03   6.7445423e-01  -6.4369346e-03
   2.8880000e+03   6.6710870e-01   1.4314735e-03
   2.8960000e+03   6.7086334e-01  -4.7012792e-03
   2.9040000e+03   6.7156417e-01   4.2926687e-03
   2.9120000e+03   6.7749283e-01  -2.9982020e-03
   2.9200000e+03   6.7526281e-01  -1.8954232e-03
   2.9280000e+03   6.6986623e-01   2.2370252e-03
   2.9360000e+03   6.6908633e-01  -3.4843385e-03
   2.9440000e+03   6.6779185e-01   1.1461623e-03
   2.9520000e+03   6.7075921e-01   4.7870815e-03
   2.9600000e+03   6.7269683e-01  -1.7723782e-03
   2.9680000e+03   6.7366806e-01   1.1386901e-03
   2.9760000e+03   6.7187103e-01   6.9297031e-04
   2.9840000e+03   6.7330661e-01  -1.8663344e-03
   2.9920000e+03   6.7255097e-01   4.3966336e-03
   3.0000000e+03   6.7015437e-01   2.6936802e-03
   3.0080000e+03   6.6599490e-01  -4.1276119e-03
   3.0160000e+03   6.6556133e-01   1.4324167e-03
   3.0240000e+03   6.6649770e-01  -4.4945800e-03
   3.0320000e+03   6.7134752e-01   4.3567658e-03
   3.0400000e+03   6.6861536e-01  -4.7867251e-04
   3.0480000e+03   6.6980005e-01   1.4705408e-03
   3.0560000e+03   6.6731267e-01   8.3646060e-04
   3.0640000e+03   6.7077096e-01  -5.3280717e-04
   3.0720000e+03   6.7088031e-01   9.1692087e-03
   3.0800000e+03   6.7103158e-01   9.0844665e-04
   3.0880000e+03   6.7420963e-01   4.1410297e-03
   3.0960000e+03   6.6623587e-01  -1.0549764e-04
   3.1040000e+03   6.6910021e-01   1.0341786e-03
   3.1120000e+03   6.6697816e-01   9.7859126e-04
   3.1200000e+03   6.6378665e-01  -5.0696255e-04
   3.1280000e+03   6.6613336e-01  -2.2167243e-03
   3.1360000e+03   6.6829820e-01   1.4387223e-04
   3.1440000e+03   6.6615629e-01  -2.3241912e-03
   3.1520000e+03   6.6697398e-01  -1.7587803e-03
   3.1600000e+03   6.7005855e-01   1.4283961e-03
   3.1680000e+03   6.6664371e-01   1.3338519e-03
   3.1760000e+03   6.7018664e-01   3.9898167e-03
   3.1840000e+03   6.6104543e-01  -3.3467578e-03
   3.1920000e+03   6.6716931e-01   3.0027236e-03
   3.2000000e+03   6.6673571e-01  -5.2495597e-03
   3.2080000e+03   6.6881180e-01   1.7019733e-04
   3.2160000e+03   6.6988491e-01   4.4861504e-04
   3.2240000e+03   6.6421552e-01   4.9578763e-03
   3.2320000e+03   6.6773721e-01  -1.4765868e-04
   3.2400000e+03   6.6561587e-01   2.9050581e-03
   3.2480000e+03   6.6438243e-01  -9.3103445e-04
   3.2560000e+03   6.6611700e-01   4.3220778e-04
   3.2640000e+03   6.6886317e-01   1.0597247e-03
   3.2720000e+03   6.6381800e-01   1.5692945e-03
   3.2800000e+03   6.6422837e-01   7.6326740e-04
   3.2880000e+03   6.6494275e-01   3.5158903e-03
   3.2960000e+03   6.6575131e-01  -1.6856989e-03
   3.3040000e+03   6.6162992e-01   7.7487673e-04
   3.3120000e+03   6.6280669e-01   1.2120356e-03
   3.3200000e+03   6.6252170e-01   8.8929240e-03
   3.3280000e+03   6.5708613e-01   3.3289661e-03
   3.3360000e+03   6.5799098e-01   1.6757827e-03
   3.3440000e+03   6.6228874e-01   3.5255493e-04
   3.3520000e+03   6.6703522e-01   1.5922110e-03
   3.3600000e+03   6.5928230e-01  -6.2097055e-03
   3.3680000e+03   6.6318065e-01   3.9919953e-03
   3.3760000e+03   6.6128273e-01   2.8458790e-04
   3.3840000e+03   6.6429307e-01   4.6270890e-03
   3.3920000e+03   6.6123255e-01  -2.2770249e-03
   3.4000000e+03   6.6405685e-01  -2.2574080e-03
   3.4080000e+03   6.6052151e-01  -3.3266282e-03
   3.4160000e+03   6.6688338e-01  -3.5398362e-03
   3.4240000e+03   6.6077091e-01  -1.7708885e-03
   3.4320000e+03   6.6257035e-01  -2.7254054e-03
   3.4400000e+03   6.5975350e-01   1.7595996e-03
   3.4480000e+03   6.6249472e-01   3.6529481e-04
   3.4560000e+03   6.6404358e-01  -2.3586828e-03
   3.4640000e+03   6.6016735e-01   1.6915587e-03
   3.4720000e+03   6.6598096e-01   1.4243260e-04
   3.4800000e+03   6.6305517e-01   2.7430308e-03
   3.4880000e+03   6.6201932e-01   7.7228901e-04
   3.4960000e+03   6.5820035e-01  -3.3779457e-03
   3.5040000e+03   6.5877421e-01   4.3706974e-04
   3.5120000e+03   6.5409776e-01   2.8581840e-03
   3.5200000e+03   6.6161027e-01   1.4477016e-04
   3.5280000e+03   6.6013129e-01   4.1946841e-04
   3.5360000e+03   6.5619209e-01  -1.4588992e-03
   3.5440000e+03   6.6427690e-01  -3.3672650e-03
   3.5520000e+03   6.6057932e-01  -7.5591970e-04
   3.5600000e+03   6.5757461e-01   5.7581816e-03
   3.5680000e+03   6.5844576e-01   1.5625006e-03
   3.5760000e+03   6.6029564e-01   4.9709688e-04
   3.5840000e+03   6.5266264e-01  -2.2127202e-03
   3.5920000e+03   6.6137092e-01  -6.6813039e-04
   3.6000000e+03   6.6214859e-01  -3.8541011e-03
   3.6080000e+03   6.6117277e-01   6.4703705e-04
   3.6160000e+03   6.5583188e-01   6.2944383e-03
   3.6240000e+03   6.6250500e-01   6.1244556e-04
   3.6320000e+03   6.5990979e-01  -2.5428171e-03
   3.6400000e+03   6.5942578e-01  -3.0483041e-03
   3.6480000e+03   6.5823181e-01  -1.6747928e-03
   3.6560000e+03   6.5351838e-01   1.0220435e-03
   3.6640000e+03   6.5827941e-01   6.2727311e-04
   3.6720000e+03   6.5855188e-01  -2.6509739e-03
   3.6800000e+03   6.5429485e-01  -3.9039464e-03
   3.6880000e+03   6.6240348e-01  -3.5401210e-03
   3.6960000e+03   6.5358315e-01  -1.2590685e-03
   3.7040000e+03   6.5767195e-01   1.4548758e-03
   3.7120000e+03   6.5525875e-01  -3.2750686e-03
   3.7200000e+03   6.5876695e-01  -8.8165104e-04
   3.7280000e+03   6.5818575e-01   3.0856148e-03
   3.7360000e+03   6.5314986e-01   1.3152594e-03
   3.7440000e+03   6.5924533e-01   3.0184051e-05
   3.7520000e+03   6.5638739e-01   5.8495097e-03
   3.7600000e+03   6.5402111e-01  -1.5001766e-03
   3.7680000e+03   6.5718090e-01  -2.1742108e-03
   3.7760000e+03   6.5361310e-01   2.7714784e-03
   3.7840000e+03   6.5847068e-01   1.9988760e-04
   3.7920000e+03   6.5090331e-01  -3.5416446e-03
   3.8000000e+03   6.5911380e-01   1.8162306e-03
   3.8080000e+03   6.5396382e-01   2.6062603e-04
   3.8160000e+03   6.5666178e-01   2.0432100e-04
   3.8240000e+03   6.5403168e-01   3.2151423e-03
   3.8320000e+03   6.4630156e-01   1.6807423e-03
   3.8400000e+03   6.4833330e-01  -3.1682222e-04
   3.8480000e+03   6.5152500e-01  -3.1331805e-03
   3.8560000e+03   6.5365082e-01  -9.8197015e-04
   3.8640000e+03   6.5526127e-01   1.4589851e-03
   3.8720000e+03   6.5344015e-01  -5.8506838e-04
   3.8800000e+03   6.5458452e-01   3.5667828e-03
   3.8880000e+03   6.5200449e-01   6.5175874e-04
   3.8960000e+03   6.5202621e-01   1.3176866e-03
   3.9040000e+03   6.5290419e-01  -3.1456992e-03
   3.9120000e+03   6.5504383e-01   1.2665192e-03
   3.9200000e+03   6.4800088e-01   9.5968994e-05
   3.9280000e+03   6.4781184e-01  -1.7816893e-03
   3.9360000e+03   6.5909808e-01  -1.2120237e-03
   3.9440000e+03   6.5101910e-01  -3.7662458e-04
   3.9520000e+03   6.5407223e-01   1.5190096e-03
   3.9600000e+03   6.5332172e-01  -1.9007557e-03
   3.9680000e+03   6.5366332e-01  -8.2292053e-04
   3.9760000e+03   6.5745146e-01  -7.4462008e-04
   3.9840000e+03   6.4501298e-01  -6.1220580e-04
   3.9920000e+03   6.4853318e-01  -2.2702151e-03
   4.0000000e+03   6.5163624e-01   1.4331487e-03
   4.0080000e+03   6.5151375e-01   4.6816940e-03
   4.0160000e+03   6.4960582e-01  -1.2084381e-03
   4.0240000e+03   6.4530959e-01  -4.6684741e-04
   4.0320000e+03   6.5186607e-01   1.1464458e-03
   4.0400000e+03   6.5090805e-01   5.3668695e-03
   4.0480000e+03   6.5466628e-01   1.9947097e-03
   4.0560000e+03   6.4941651e-01  -3.4119727e-03
   4.0640000e+03   6.5218241e-01   2.7536464e-03
   4.0720000e+03   6.4809441e-01  -6.5662854e-03
   4.0800000e+03   6.4844631e-01  -4.3533603e-03
   4.0880000e+03   6.5062939e-01   1.9900000e-03
   4.0960000e+03   6.4232407e-01  -1.3081492e-03
   4.1040000e+03   6.4863282e-01  -1.7491537e-03
   4.1120000e+03   6.4966107e-01  -3.2718877e-03
   4.1200000e+03   6.4662876e-01  -1.8316452e-04
   4.1280000e+03   6.4743525e-01  -5.6246681e-03
   4.1360000e+03   6.4795062e-01  -2.6317249e-04
   4.1440000e+03   6.4994983e-01  -3.1959469e-03
   4.1520000e+03   6.4909553e-01  -6.5789402e-03
   4.1600000e+03   6.4624762e-01   5.4029881e-03
   4.1680000e+03   6.4547463e-01  -3.3154777e-03
   4.1760000e+03   6.4513316e-01  -2.1526271e-03
   4.1840000e+03   6.4871638e-01  -1.6192992e-03
   4.1920000e+03   6.4994598e-01   2.0690440e-03
   4.2000000e+03   6.4803693e-01   1.3557727e-03
   4.2080000e+03   6.4495395e-01  -6.2779741e-04
   4.2160000e+03   6.4818241e-01  -4.3020302e-03
   4.2240000e+03   6.5090988e-01   8.8930437e-04
   4.2320000e+03   6.4713113e-01   1.5662869e-03
   4.2400000e+03   6.5195165e-01   2.3806309e-03
   4.2480000e+03   6.4925842e-01  -1.7697393e-03
   4.2560000e+03   6.4433002e-01  -9.1875796e-04
   4.2640000e+03   6.4458132e-01   3.0427513e-04
   4.2720000e+03   6.5030979e-01   2.2158313e-03
   4.2800000e+03   6.4554645e-01  -3.4149016e-03
   4.2880000e+03   6.4819740e-01  -1.9917697e-04
   4.2960000e+03   6.4347875e-01   1.1964710e-03
   4.3040000e+03   6.4655411e-01   2.2758553e-03
   4.3120000e+03   6.4925978e-01  -1.0156787e-03
   4.3200000e+03   6.4827146e-01  -2.4101328e-03
   4.3280000e+03   6.4632400e-01  -2.5111833e-04
   4.3360000e+03   6.3944056e-01   4.3129247e-03
   4.3440000e+03   6.5062408e-01  -1.8341026e-03
   4.3520000e+03   6.4739006e-01   2.6509242e-03
   4.3600000e+03   6.4806984e-01  -4.5785024e-03
   4.3680000e+03   6.4367906e-01   3.4507531e-03
   4.3760000e+03   6.3846537e-01   2.6634232e-03
   4.3840000e+03   6.4867026e-01   3.7372588e-03
   4.3920000e+03   6.4928945e-01   4.1880042e-03
   4.4000000e+03   6.4305229e-01   1.9963101e-04
   4.4080000e+03   6.5318268e-01  -3.3492165e-03
   4.4160000e+03   6.4055156e-01  -9.3079943e-04
   4.4240000e+03   6.4644838e-01  -7.4010059e-04
   4.4320000e+03   6.4254732e-01  -1.6629250e-03
   4.4400000e+03   6.4587579e-01   2.3013968e-03
   4.4480000e+03   6.4155622e-01   1.5874989e-03
   4.4560000e+03   6.4522211e-01  -1.6713167e-03
   4.4640000e+03   6.4442756e-01   2.4404655e-03
   4.4720000e+03   6.3726651e-01  -9.3508240e-04
   4.4800000e+03   6.4526758e-01   2.7443744e-03
   4.4880000e+03   6.4597932e-01   1.5405821e-03
   4.4960000e+03   6.4267778e-01   2.6828790e-05
   4.5040000e+03   6.4093770e-01  -5.2855577e-03
   4.5120000e+03   6.4335838e-01   1.4525816e-03
   4.5200000e+03   6.4270568e-01   5.1571105e-03
   4.5280000e+03   6.4273046e-01  -2.5410553e-03
   4.5360000e+03   6.4802557e-01  -2.4443599e-03
   4.5440000e+03   6.4304359e-01   3.6374485e-04
   4.5520000e+03   6.4391235e-01   2.8048574e-03
   4.5600000e+03   6.4641337e-01  -1.3515977e-03
   4.5680000e+03   6.3594136e-01  -3.0151157e-03
   4.5760000e+03   6.4533317e-01   3.8057448e-03
   4.5840000e+03   6.4520979e-01  -1.0791733e-03
   4.5920000e+03   6.3790700e-01  -1.3037212e-03
   4.6000000e+03   6.4282244e-01   3.4967877e-04
   4.6080000e+03   6.4114862e-01   6.8098623e-03
   4.6160000e+03   6.4637524e-01   4.6270930e-03
   4.6240000e+03   6.4371492e-01   1.8287775e-03
   4.6320000e+03   6.4380062e-01   2.4446134e-03
   4.6400000e+03   6.4578820e-01   7.3390765e-03
   4.6480000e+03   6.4114637e-01   5.2566690e-04
   4.6560000e+03   6.4024072e-01  -2.4024358e-03
   4.6640000e+03   6.3901523e-01  -1.1077630e-04
   4.6720000e+03   6.4145401e-01  -2.2945686e-03
   4.6800000e+03   6.4368767e-01   4.1315522e-03
   4.6880000e+03   6.4486792e-01   1.0239240e-03
   4.6960000e+03   6.4109965e-01   3.9216696e-04
   4.7040000e+03   6.3738734e-01  -1.4212360e-03
   4.7120000e+03   6.3600102e-01   2.6305581e-03
   4.7200000e+03   6.3870399e-01   1.2591926e-03
   4.7280000e+03   6.4069726e-01   3.6280046e-03
   4.7360000e+03   6.4311336e-01   9.4129903e-04
   4.7440000e+03   6.4067273e-01  -2.0814369e-03
   4.7520000e+03   6.3828360e-01  -4.6889866e-03
   4.7600000e+03   6.4119865e-01   2.1199782e-03
   4.7680000e+03   6.4308033e-01   3.6512740e-04
   4.7760000e+03   6.3888990e-01   7.3212181e-04
   4.7840000e+03   6.4016605e-01  -6.3191709e-03
   4.7920000e+03   6.3355690e-01  -2.9591516e-05
   4.8000000e+03   6.3777921e-01  -2.3274046e-03
   4.8080000e+03   6.4628197e-01  -1.7961265e-03
   4.8160000e+03   6.3330187e-01   6.6689400e-04
   4.8240000e+03   6.3026851e-01   1.2956441e-03
   4.8320000e+03   6.3542584e-01   5.1225062e-03
   4.8400000e+03   6.3846744e-01   1.1234162e-03
   4.8480000e+03   6.3471883e-01  -3.4273513e-03
   4.8560000e+03   6.3804893e-01   1.2756000e-03
   4.8640000e+03   6.3471651e-01  -1.4634896e-03
   4.8720000e+03   6.3391584e-01  -1.1646416e-03
   4.8800000e+03   6.3819165e-01   1.5482568e-03
   4.8880000e+03   6.4164743e-01   1.5182736e-03
   4.8960000e+03   6.3698168e-01   5.8121900e-04
   4.9040000e+03   6.3559029e-01   2.4680466e-03
   4.9120000e+03   6.3269711e-01  -2.7255134e-03
   4.9200000e+03   6.4236110e-01   4.0791640e-03
   4.9280000e+03   6.4051995e-01   4.6744031e-03
   4.9360000e+03   6.3274122e-01  -1.5593363e-03
   4.9440000e+03   6.3500644e-01  -7.6748044e-03
   4.9520000e+03   6.3501050e-01   2.8910407e-03
   4.9600000e+03   6.3414661e-01  -6.4028939e-05
   4.9680000e+03   6.3873610e-01  -3.3139031e-03
   4.9760000e+03   6.3542780e-01   3.4204059e-04
   4.9840000e+03   6.3750543e-01  -3.6051235e-03
   4.9920000e+03   6.3517941e-01  -3.9979671e-03
   5.0000000e+03   6.3575952e-01   4.4967061e-03
   5.0080000e+03   6.3772596e-01  -2.5089761e-03
   5.0160000e+03   6.3808278e-01  -4.9775762e-04
   5.0240000e+03   6.3781847e-01  -4.4699210e-03
   5.0320000e+03   6.4195286e-01  -1.1545402e-03
   5.0400000e+03   6.3743412e-01   5.7750366e-03
   5.0480000e+03   6.3580821e-01   2.0126340e-04
   5.0560000e+03   6.4112331e-01  -3.1452914e-03
   5.0640000e+03   6.3028492e-01   1.1650976e-03
   5.0720000e+03   6.3716815e-01  -2.9548142e-03
   5.0800000e+03   6.3474087e-01  -5.3538022e-03
   5.0880000e+03   6.3872772e-01  -1.5187394e-03
   5.0960000e+03   6.3776977e-01  -2.6121165e-03
   5.1040000e+03   6.3482852e-01  -2.4753385e-04
   5.1120000e+03   6.3333184e-01   1.9570334e-03
   5.1200000e+03   6.3588702e-01   2.4622547e-03
   5.1280000e+03   6.3123192e-01  -1.6781246e-03
   5.1360000e+03   6.2854455e-01   4.0165141e-03
   5.1440000e+03   6.2957969e-01   4.0010286e-03
   5.1520000e+03   6.3123386e-01   1.6374174e-03
   5.1600000e+03   6.3305381e-01  -4.9004429e-04
   5.1680000e+03   6.3383334e-01  -4.6722255e-03
   5.1760000e+03   6.3142230e-01  -1.3451838e-03
   5.1840000e+03   6.3190821e-01   7.3771956e-04
   5.1920000e+03   6.3536679e-01  -3.7722271e-04
   5.2000000e+03   6.3819063e-01   2.4389552e-03
   5.2080000e+03   6.2662767e-01   6.7756958e-03
   5.2160000e+03   6.3239755e-01  -1.6081285e-03
   5.2240000e+03   6.3471721e-01   1.3554741e-03
   5.2320000e+03   6.3365913e-01  -1.9689338e-03
   5.2400000e+03   6.3539475e-01   2.8570602e-03
   5.2480000e+03   6.2707541e-01  -2.1377515e-03
   5.2560000e+03   6.2635586e-01  -2.7213746e-03
   5.2640000e+03   6.3370708e-01  -9.4067972e-04
   5.2720000e+03   6.3335007e-01   2.2137791e-03
   5.2800000e+03   6.3532047e-01   7.0693346e-04
   5.2880000e+03   6.2636613e-01   1.1133255e-03
   5.2960000e+03   6.2889115e-01  -1.3510802e-03
   5.3040000e+03   6.2807524e-01   4.9703069e-03
   5.3120000e+03   6.2954532e-01  -3.4438382e-03
   5.3200000e+03   6.2852670e-01   3.0685096e-03
   5.3280000e+03   6.3273901e-01   3.2115212e-03
   5.3360000e+03   6.3189461e-01   4.1671902e-03
   5.3440000e+03   6.3454626e-01   3.3700779e-03
   5.3520000e+03   6.3390834e-01   6.4373233e-04
   5.3600000e+03   6.2425011e-01  -3.9868063e-03
   5.3680000e+03   6.2926762e-01   4.3307781e-03
   5.3760000e+03   6.2781265e-01   1.7968229e-03
   5.3840000e+03   6.2947765e-01   1.2524411e-03
   5.3920000e+03   6.3202853e-01   7.2383906e-05
   5.4000000e+03   6.3146854e-01   2.7818931e-03
   5.4080000e+03   6.2454825e-01   2.9966886e-03
   5.4160000e+03   6.2845639e-01  -1.5430560e-03
   5.4240000e+03   6.3322722e-01   3.0924395e-03
   5.4320000e+03   6.2886585e-01  -2.1293295e-03
   5.4400000e+03   6.2932676e-01  -1.3269660e-03
   5.4480000e+03   6.2996080e-01   1.5139290e-03
   5.4560000e+03   6.3221088e-01  -2.5652693e-03
   5.4640000e+03   6.3120605e-01  -1.1959599e-03
   5.4720000e+03   6.2690390e-01   3.1054435e-03
   5.4800000e+03   6.3198734e-01   7.3018183e-04
   5.4880000e+03   6.2722494e-01   6.4683985e-03
   5.4960000e+03   6.2708726e-01   1.3567710e-04
   5.5040000e+03   6.3099742e-01   4.6674606e-03
   5.5120000e+03   6.2588755e-01  -3.4670889e-04
   5.5200000e+03   6.2443933e-01   1.0722590e-03
   5.5280000e+03   6.2652551e-01  -3.3615939e-03
   5.5360000e+03   6.2489944e-01   3.1150758e-03
   5.5440000e+03   6.2413015e-01   1.2564238e-03
   5.5520000e+03   6.2988693e-01   1.0706186e-03
   5.5600000e+03   6.3004071e-01   3.9417589e-03
   5.5680000e+03   6.2245222e-01  -5.1434652e-03
   5.5760000e+03   6.2581110e-01  -2.7213252e-03
   5.5840000e+03   6.2888952e-01   1.2833125e-03
   5.5920000e+03   6.2036549e-01  -1.9185469e-03
   5.6000000e+03   6.2773396e-01   1.7216311e-04
   5.6080000e+03   6.2485514e-01  -3.2978999e-03
   5.6160000e+03   6.2862036e-01  -6.6795399e-03
   5.6240000e+03   6.2277771e-01   7.1365280e-04
   5.6320000e+03   6.2135095e-01  -1.2339715e-03
   5.6400000e+03   6.2579485e-01  -8.3469633e-04
   5.6480000e+03   6.3153060e-01   1.4131534e-03
   5.6560000e+03   6.2217412e-01   9.0895120e-04
   5.6640000e+03   6.2641116e-01  -1.9328208e-03
   5.6720000e+03   6.3105068e-01   3.3136027e-03
   5.6800000e+03   6.2332199e-01   7.7789985e-04
   5.6880000e+03   6.2498881e-01  -1.2376406e-03
   5.6960000e+03   6.2832166e-01   9.9259562e-04
   5.7040000e+03   6.2530125e-01  -1.9351686e-04
   5.7120000e+03   6.2266036e-01  -1.3431094e-03
   5.7200000e+03   6.2197474e-01  -6.3694928e-04
   5.7280000e+03   6.2578194e-01   7.1931033e-04
   5.7360000e+03   6.1993946e-01   5.6714982e-04
   5.7440000e+03   6.2304624e-01  -5.3097515e-03
   5.7520000e+03   6.2287708e-01   1.7527128e-04
   5.7600000e+03   6.2082286e-01  -4.2204296e-03
   5.7680000e+03   6.2018592e-01   1.2687419e-04
   5.7760000e+03   6.2525302e-01  -4.5002736e-03
   5.7840000e+03   6.2318887e-01   2.6679811e-03
   5.7920000e+03   6.2284241e-01  -1.1818398e-03
   5.8000000e+03   6.1990336e-01   6.2519091e-03
   5.8080000e+03   6.2625862e-01  -9.4437100e-04
   5.8160000e+03   6.1860905e-01   3.4618751e-03
   5.8240000e+03   6.2414117e-01  -3.5393786e-03
   5.8320000e+03   6.2320802e-01  -1.7450314e-03
   5.8400000e+03   6.2484054e-01   1.1018626e-03
   5.8480000e+03   6.2020725e-01   5.7266634e-03
   5.8560000e+03   6.2244351e-01  -3.0238889e-03
   5.8640000e+03   6.1984820e-01   7.2230958e-03
   5.8720000e+03   6.2340044e-01  -1.0936069e-04
   5.8800000e+03   6.1849830e-01  -4.2235765e-03
   5.8880000e+03   6.1821143e-01  -2.0621179e-03
   5.8960000e+03   6.2187225e-01  -9.7146972e-04
   5.9040000e+03   6.2524078e-01  -2.5689871e-03
   5.9120000e+03   6.2031414e-01  -3.8774759e-03
   5.9200000e+03   6.1883972e-01  -1.4408332e-03
   5.9280000e+03   6.2092181e-01  -4.4412779e-03
   5.9360000e+03   6.2706112e-01   9.6819273e-05
   5.9440000e+03   6.1869517e-01  -4.2339862e-03
   5.9520000e+03   6.1948405e-01  -2.8536025e-03
   5.9600000e+03   6.1910547e-01  -2.5077100e-03
   5.9680000e+03   6.1963927e-01  -1.9688405e-03
   5.9760000e+03   6.2000154e-01   1.3619017e-03
   5.9840000e+03   6.2149580e-01  -4.7149081e-04
   5.9920000e+03   6.2154422e-01   1.7793028e-03
   6.0000000e+03   6.1703296e-01   2.0280362e-03
   6.0080000e+03   6.2003026e-01   1.4001598e-03
   6.0160000e+03   6.1750978e-01   6.0429828e-04
   6.0240000e+03   6.1873871e-01  -1.1543750e-03
   6.0320000e+03   6.1836666e-01  -3.7728597e-03
   6.0400000e+03   6.1405796e-01   3.4167780e-04
   6.0480000e+03   6.1960830e-01  -2.5022912e-04
   6.0560000e+03   6.2071395e-01  -1.9327465e-04
   6.0640000e+03   6.1353932e-01  -6.2810452e-03
   6.0720000e+03   6.1600551e-01   3.5745416e-03
   6.0800000e+03   6.1640283e-01   4.0477186e-04
   6.0880000e+03   6.1537357e-01   9.3462500e-04
   6.0960000e+03   6.2284335e-01   1.8037350e-03
   6.1040000e+03   6.2119362e-01   6.4078246e-04
   6.1120000e+03   6.1833074e-01  -4.9113663e-04
   6.1200000e+03   6.2107584e-01   8.0601225e-04
   6.1280000e+03   6.1969201e-01   2.0685731e-03
   6.1360000e+03   6.2202800e-01  -7.4603021e-04
   6.1440000e+03   6.1714848e-01  -5.5603593e-03
   6.1520000e+03   6.1470654e-01   3.5477114e-03
   6.1600000e+03   6.1495859e-01   2.6406979e-03
   6.1680000e+03   6.1853236e-01  -2.6968073e-03
   6.1760000e+03   6.1690709e-01  -3.9364426e-04
   6.1840000e+03   6.1908567e-01  -4.0328331e-04
   6.1920000e+03   6.2036718e-01   3.4121458e-03
   6.2000000e+03   6.1602127e-01  -5.0090052e-04
   6.2080000e+03   6.1566603e-01   3.8096930e-03
   6.2160000e+03   6.1339862e-01   4.6793746e-03
   6.2240000e+03   6.1784030e-01   1.4426185e-03
   6.2320000e+03   6.1011756e-01   3.5887837e-03
   6.2400000e+03   6.1156179e-01   1.8829491e-03
   6.2480000e+03   6.1114050e-01  -3.5956782e-03
   6.2560000e+03   6.1232001e-01   1.5250610e-03
   6.2640000e+03   6.1336526e-01   1.3843684e-04
   6.2720000e+03   6.1273880e-01  -4.1917537e-03
   6.2800000e+03   6.1392418e-01   4.5350396e-04
   6.2880000e+03   6.1243905e-01  -5.4958293e-04
   6.2960000e+03   6.2040736e-01   3.6409063e-03
   6.3040000e+03   6.1536046e-01   4.8313987e-03
   6.3120000e+03   6.1044901e-01   1.7478662e-03
   6.3200000e+03   6.1354736e-01   6.9676824e-03
   6.3280000e+03   6.1722277e-01   1.2751080e-03
   6.3360000e+03   6.0881533e-01  -7.3649820e-03
   6.3440000e+03   6.1903350e-01   4.9326590e-03
   6.3520000e+03   6.1567054e-01  -1.7967550e-04
   6.3600000e+03   6.1443618e-01   6.7585027e-03
   6.3680000e+03   6.1189285e-01   1.3672149e-03
   6.3760000e+03   6.0979600e-01   3.4314813e-03
   6.3840000e+03   6.1130370e-01  -3.9427917e-04
   6.3920000e+03   6.0939363e-01  -3.7830268e-03
   6.4000000e+03   6.1367618e-01  -6.4646431e-04
   6.4080000e+03   6.1542339e-01   3.1049012e-03
   6.4160000e+03   6.1214665e-01  -2.7317473e-03
   6.4240000e+03   6.1014162e-01   2.1321296e-03
   6.4320000e+03   6.1195539e-01   1.7577420e-03
   6.4400000e+03   6.1076313e-01  -2.3194394e-03
   6.4480000e+03   6.1180611e-01  -4.0594852e-04
   6.4560000e+03   6.1282381e-01  -9.8537295e-04
   6.4640000e+03   6.1205408e-01  -3.2514091e-04
   6.4720000e+03   6.1239027e-01   2.5179142e-03
   6.4800000e+03   6.1431271e-01   3.6386250e-03
   6.4880000e+03   6.1731042e-01   2.1893211e-03
   6.4960000e+03   6.1278531e-01  -2.1392581e-03
   6.5040000e+03   6.1236877e-01   4.5513051e-04
   6.5120000e+03   6.1402929e-01  -4.1068888e-03
   6.5200000e+03   6.0808533e-01  -2.5755257e-03
   6.5280000e+03   6.1174715e-01   1.0754053e-03
   6.5360000e+03   6.0909126e-01   5.5375125e-03
   6.5440000e+03   6.0690308e-01  -2.3319725e-03
   6.5520000e+03   6.1281515e-01  -7.6875756e-04
   6.5600000e+03   6.1152489e-01   5.3841663e-03
   6.5680000e+03   6.1068022e-01   4.1274257e-03
   6.5760000e+03   6.1192345e-01   5.7261635e-04
   6.5840000e+03   6.0625054e-01  -1.5452816e-03
   6.5920000e+03   6.0728263e-01   2.7450368e-03
   6.6000000e+03   6.0883958e-01  -1.4181244e-03
   6.6080000e+03   6.1112391e-01   1.0255426e-03
   6.6160000e+03   6.1031444e-01   3.2358139e-03
   6.6240000e+03   6.0347175e-01   2.2987520e-03
   6.6320000e+03   6.0712601e-01   2.6886531e-03
   6.6400000e+03   6.1247381e-01  -2.3488053e-03
   6.6480000e+03   6.0341389e-01  -2.9836816e-03
   6.6560000e+03   6.0852215e-01  -1.7792291e-03
   6.6640000e+03   6.0543281e-01   2.9752982e-03
   6.6720000e+03   6.1128266e-01   2.3281786e-03
   6.6800000e+03   6.0859443e-01  -9.0552331e-04
   6.6880000e+03   6.0611086e-01   1.5616597e-03
   6.6960000e+03   6.0726877e-01   8.0806914e-04
   6.7040000e+03   6.0069248e-01  -3.3117455e-03
   6.7120000e+03   6.0593097e-01   4.6777706e-03
   6.7200000e+03   6.1304127e-01  -2.2459698e-03
   6.7280000e+03   6.0824210e-01   2.7346520e-03
   6.7360000e+03   6.0038007e-01   1.3069016e-03
   6.7440000e+03   6.0906641e-01  -6.1701387e-05
   6.7520000e+03   6.0216623e-01   8.3429139e-03
   6.7600000e+03   6.0558291e-01   2.1606947e-03
   6.7680000e+03   6.0823541e-01  -4.6691291e-03
   6.7760000e+03   6.1184210e-01  -3.1574751e-03
   6.7840000e+03   6.0674345e-01  -3.0914374e-03
   6.7920000e+03   6.0556213e-01   2.9361447e-03
   6.8000000e+03   6.0580360e-01   2.4857602e-03
   6.8080000e+03   6.0924797e-01  -1.6382996e-03
   6.8160000e+03   6.0614999e-01  -1.3282102e-03
   6.8240000e+03   6.0761504e-01  -3.4162185e-03
   6.8320000e+03   6.0092107e-01  -3.0016810e-04
   6.8400000e+03   6.0828380e-01   7.2505271e-04
   6.8480000e+03   6.0493876e-01   2.1329654e-03
   6.8560000e+03   6.0926362e-01   9.4956881e-04
   6.8640000e+03   6.0645825e-01  -1.7125213e-03
   6.8720000e+03   6.0157239e-01   1.8491871e-03
   6.8800000e+03   6.0745256e-01  -3.2582416e-04
